START
48.877358,-92.859438,0
38.877358,-91.859438,173
37.877358,-89.859438,179
36.877358,-89.859438,185
36.877358,-88.859438,192
35.877358,-88.859438,200
33.877358,-86.859438,208
33.877358,-85.859438,216
31.877358,-84.859438,232
30.877358,-81.859438,240
29.877358,-80.859438,256
28.877358,-78.859438,272
28.877358,-77.859438,280
28.877358,-76.859438,296
27.877358,-74.859438,304
26.877358,-73.859438,320
26.877358,-72.859438,328
25.877358,-70.859438,336
24.877358,-70.859438,352
24.877358,-68.859438,368
24.877358,-67.859438,384
23.877358,-66.859438,392
23.877358,-65.859438,408
23.877358,-64.859438,416
23.877358,-63.859438,424
23.877358,-62.859438,432
23.877358,-60.859438,440
23.877358,-59.859438,464
23.877358,-58.859438,472
23.877358,-57.859438,480
23.877358,-56.859438,504
23.877358,-55.859438,520
23.877358,-54.859438,552
23.877358,-53.859438,568
23.877358,-52.859438,584
23.877358,-51.859438,600
23.877358,-50.859438,624
23.877358,-49.859438,632
23.877358,-48.859438,648
24.877358,-47.859438,656
24.877358,-46.859438,672
25.877358,-44.859438,680
25.877358,-43.859438,696
25.877358,-42.859438,704
26.877358,-40.859438,712
26.877358,-39.859438,744
27.877358,-37.859438,768
28.877358,-36.859438,800
29.877358,-35.859438,824
30.877358,-34.859438,840
31.877358,-33.859438,856
32.877358,-32.859438,880
33.877358,-32.859438,936
35.877358,-29.859438,944
37.877358,-28.859438,968
38.877358,-27.859438,985
38.877358,-26.859438,1048
39.877358,-26.859438,1056
40.877358,-24.859438,1072
42.877358,-24.859438,1080
43.877358,-24.859438,1088
43.877358,-23.859438,1096
44.877358,-23.859438,1120
46.877358,-23.859438,1136
47.877358,-22.859438,1144
48.877358,-22.859438,1160
50.877358,-22.859438,1168
51.877358,-22.859438,1176
52.877358,-22.859438,1184
54.877358,-22.859438,1192
57.877358,-22.859438,1208
59.877358,-22.859438,1216
61.877358,-22.859438,1232
62.877358,-22.859438,1280
63.877358,-23.859438,1304
65.877358,-25.859438,1312
66.877358,-25.859438,1320
68.877358,-28.859438,1328
70.877358,-30.859438,1352
71.877358,-32.859438,1360
72.877358,-34.859438,1368
73.877358,-35.859438,1376
73.877358,-36.859438,1392
73.877358,-39.859438,1400
74.877358,-42.859438,1408
75.877358,-43.859438,1416
75.877358,-46.859438,1424
75.877358,-50.859438,1440
75.877358,-52.859438,1448
75.877358,-54.859438,1456
76.877358,-58.859438,1464
77.877358,-59.859438,1480
77.877358,-60.859438,1488
77.877358,-65.859438,1496
77.877358,-66.859438,1512
77.877358,-68.859438,1528
77.877358,-70.859438,1536
77.877358,-71.859438,1552
77.877358,-73.859438,1560
76.877358,-74.859438,1576
76.877358,-75.859438,1584
76.877358,-76.859438,1592
76.877358,-77.859438,1608
76.877358,-78.859438,1632
75.877358,-78.859438,1640
75.877358,-79.859438,1656
74.877358,-79.859438,1672
73.877358,-80.859438,1688
72.877358,-81.859438,1720
72.877358,-82.859438,1728
70.877358,-82.859438,1736
70.877358,-83.859438,1752
69.877358,-83.859438,1768
69.877358,-84.859438,1784
69.877358,-85.859438,1800
68.877358,-85.859438,1824
67.877358,-85.859438,1848
66.877358,-86.859438,1856
65.877358,-86.859438,1880
64.877358,-86.859438,1888
63.877358,-87.859438,1896
62.877358,-87.859438,1976
60.877358,-88.859438,1984
58.877358,-88.859438,1992
56.877358,-90.859438,2000
55.877358,-91.859438,2016
54.877358,-91.859438,2024
52.877358,-92.859438,2040
51.877358,-92.859438,2048
50.877358,-93.859438,2072
49.877358,-93.859438,2080
48.877358,-93.859438,2160
46.877358,-94.859438,2176
44.877358,-94.859438,2184
43.877358,-94.859438,2208
44.877358,-94.859438,2328
44.877358,-93.859438,2352
46.877358,-92.859438,2360
49.877358,-90.859438,2368
49.877358,-89.859438,2384
BREAK
66.877358,-86.859438,3167
67.877358,-86.859438,3319
68.877358,-85.859438,3335
69.877358,-84.859438,3343
71.877358,-84.859438,3351
72.877358,-82.859438,3359
73.877358,-82.859438,3367
74.877358,-81.859438,3463
76.877358,-81.859438,3487
77.877358,-81.859438,3495
79.877358,-81.859438,3583
79.877358,-82.859438,3599
80.877358,-82.859438,3615
81.877358,-82.859438,3631
82.877358,-82.859438,3663
83.877358,-83.859438,3711
83.877358,-84.859438,3727
83.877358,-85.859438,3743
83.877358,-86.859438,3767
83.877358,-87.859438,3783
83.877358,-88.859438,3807
83.877358,-89.859438,3823
83.877358,-90.859438,3847
83.877358,-91.859438,3863
83.877358,-92.859438,3927
83.877358,-93.859438,3959
84.877358,-94.859438,3967
84.877358,-95.859438,3991
85.877358,-95.859438,4015
85.877358,-94.859438,4279
85.877358,-93.859438,4287
86.877358,-92.859438,4295
87.877358,-92.859438,4303
BREAK
