START
42.898716,-29.213528,0
43.888106,-27.234748,132
43.888106,-25.255968,199
44.877496,-25.255968,303
45.866886,-25.255968,322
46.856276,-25.255968,341
47.845666,-25.255968,360
48.835056,-25.255968,369
49.824446,-25.255968,398
50.813836,-25.255968,417
51.803226,-26.245358,427
52.792615,-27.234748,445
53.782005,-27.234748,455
54.771395,-27.234748,474
55.760785,-28.224138,521
56.750175,-29.213528,560
56.750175,-30.202918,578
56.750175,-31.192308,588
56.750175,-32.181698,616
56.750175,-34.160477,635
55.760785,-35.149867,645
55.760785,-35.149867,664
54.771395,-36.139257,673
54.771395,-38.118037,684
53.782005,-38.118037,692
52.792615,-39.107427,702
52.792615,-40.096817,721
51.803226,-41.086207,730
51.803226,-42.075597,740
50.813836,-43.064987,749
49.824446,-44.054377,759
49.824446,-45.043767,778
48.835056,-46.033156,787
47.845666,-47.022546,797
46.856276,-47.022546,816
45.866886,-47.022546,835
44.877496,-47.022546,863
43.888106,-47.022546,873
42.898716,-47.022546,911
41.909326,-47.022546,930
40.919936,-47.022546,949
39.930547,-47.022546,1006
38.941157,-48.011936,1034
37.951767,-49.990716,1053
37.951767,-50.980106,1063
37.951767,-51.969496,1081
37.951767,-52.958886,1100
37.951767,-53.948276,1110
38.941157,-54.937666,1119
39.930547,-55.927056,1129
40.919936,-56.916446,1157
41.909326,-56.916446,1167
41.909326,-57.905836,1176
43.888106,-59.884615,1186
45.866886,-61.863395,1205
46.856276,-61.863395,1214
46.856276,-62.852785,1243
47.845666,-62.852785,1328
BREAK
