START
39.930547,-20.309019,0
40.919936,-20.309019,170
41.909326,-19.319629,199
43.888106,-18.330239,212
44.877496,-18.330239,223
46.856276,-16.351459,237
47.845666,-15.362069,261
49.824446,-15.362069,273
49.824446,-14.372679,286
51.803226,-13.383289,298
52.792615,-13.383289,311
54.771395,-13.383289,333
54.771395,-12.393899,348
55.760785,-12.393899,359
56.750175,-12.393899,370
57.739565,-12.393899,381
58.728955,-12.393899,393
59.718345,-12.393899,420
60.707735,-12.393899,443
61.697125,-12.393899,458
61.697125,-13.383289,505
61.697125,-14.372679,543
61.697125,-16.351459,584
61.697125,-17.340849,609
61.697125,-19.319629,631
61.697125,-20.309019,657
61.697125,-21.298408,680
61.697125,-22.287798,717
61.697125,-23.277188,729
61.697125,-24.266578,740
61.697125,-25.255968,767
61.697125,-26.245358,801
61.697125,-27.234748,827
61.697125,-28.224138,2052
61.697125,-29.213528,2190
61.697125,-30.202918,2336
61.697125,-31.192308,2399
61.697125,-32.181698,2447
61.697125,-33.171088,2499
60.707735,-34.160477,2523
59.718345,-34.160477,2536
58.728955,-34.160477,2573
57.739565,-34.160477,2596
56.750175,-34.160477,2621
55.760785,-34.160477,2632
54.771395,-34.160477,2659
52.792615,-34.160477,2685
51.803226,-34.160477,2712
50.813836,-35.149867,2722
49.824446,-35.149867,2733
48.835056,-35.149867,2746
47.845666,-36.139257,2760
46.856276,-36.139257,2772
44.877496,-37.128647,2795
43.888106,-38.118037,2821
42.898716,-38.118037,2834
41.909326,-38.118037,2846
40.919936,-38.118037,2860
40.919936,-39.107427,2871
39.930547,-39.107427,2884
38.941157,-39.107427,2894
37.951767,-40.096817,2906
35.972987,-41.086207,2933
35.972987,-42.075597,2945
34.983597,-42.075597,2957
34.983597,-43.064987,2970
33.994207,-43.064987,2981
33.994207,-44.054377,2993
33.004817,-44.054377,3004
32.015427,-45.043767,3017
32.015427,-46.033156,3031
31.026037,-46.033156,3044
31.026037,-47.022546,3057
30.036647,-47.022546,3070
29.047257,-48.011936,3082
29.047257,-49.001326,3391
29.047257,-49.990716,3402
29.047257,-50.980106,3413
29.047257,-51.969496,3425
29.047257,-52.958886,3438
29.047257,-54.937666,3449
29.047257,-55.927056,3463
29.047257,-56.916446,3475
29.047257,-57.905836,3488
29.047257,-59.884615,3502
29.047257,-60.874005,3513
29.047257,-61.863395,3525
30.036647,-62.852785,3538
31.026037,-64.831565,3563
32.015427,-65.820955,3587
33.004817,-66.810345,3599
33.004817,-67.799735,3612
33.994207,-68.789125,3624
34.983597,-69.778515,3648
35.972987,-70.767905,3661
36.962377,-70.767905,3675
37.951767,-71.757294,3687
38.941157,-71.757294,3698
38.941157,-72.746684,3713
39.930547,-72.746684,3723
40.919936,-72.746684,3752
41.909326,-72.746684,3774
42.898716,-72.746684,3786
44.877496,-72.746684,3798
45.866886,-72.746684,3823
46.856276,-72.746684,3835
BREAK
