START
23.110918,-35.149867,0
23.110918,-36.139257,80
23.110918,-37.128647,104
23.110918,-38.118037,120
22.121528,-38.118037,133
22.121528,-39.107427,136
22.121528,-40.096817,144
21.132138,-40.096817,152
21.132138,-41.086207,160
21.132138,-43.064987,177
21.132138,-44.054377,192
21.132138,-45.043767,200
21.132138,-46.033156,208
20.142748,-46.033156,218
20.142748,-47.022546,224
20.142748,-48.011936,240
20.142748,-49.001326,248
20.142748,-49.990716,264
20.142748,-50.980106,293
20.142748,-51.969496,304
20.142748,-52.958886,320
20.142748,-53.948276,338
20.142748,-54.937666,360
20.142748,-55.927056,376
20.142748,-56.916446,400
21.132138,-56.916446,408
21.132138,-57.905836,418
22.121528,-57.905836,424
22.121528,-58.895225,432
22.121528,-59.884615,448
23.110918,-59.884615,458
23.110918,-60.874005,472
24.100308,-60.874005,497
24.100308,-61.863395,504
25.089698,-61.863395,512
25.089698,-62.852785,520
25.089698,-63.842175,544
26.079088,-63.842175,552
26.079088,-64.831565,568
27.068478,-64.831565,577
27.068478,-65.820955,592
28.057867,-65.820955,600
29.047257,-65.820955,608
29.047257,-66.810345,617
30.036647,-66.810345,632
31.026037,-67.799735,653
32.015427,-67.799735,656
33.004817,-67.799735,688
33.994207,-67.799735,712
34.983597,-67.799735,734
35.972987,-67.799735,736
36.962377,-67.799735,752
37.951767,-67.799735,760
38.941157,-67.799735,768
39.930547,-67.799735,780
39.930547,-66.810345,784
41.909326,-65.820955,792
42.898716,-64.831565,818
43.888106,-63.842175,832
44.877496,-62.852785,840
45.866886,-61.863395,864
46.856276,-60.874005,880
46.856276,-59.884615,893
47.845666,-59.884615,896
47.845666,-58.895225,912
48.835056,-57.905836,935
48.835056,-56.916446,944
48.835056,-55.927056,960
48.835056,-54.937666,968
49.824446,-54.937666,984
49.824446,-52.958886,992
49.824446,-51.969496,1014
49.824446,-50.980106,1024
49.824446,-49.990716,1032
49.824446,-49.001326,1040
49.824446,-47.022546,1056
49.824446,-46.033156,1064
49.824446,-45.043767,1072
49.824446,-44.054377,1080
49.824446,-43.064987,1097
49.824446,-42.075597,1104
49.824446,-41.086207,1120
49.824446,-40.096817,1142
49.824446,-39.107427,1152
49.824446,-38.118037,1160
49.824446,-39.107427,1338
49.824446,-40.096817,1352
49.824446,-41.086207,1360
50.813836,-42.075597,1368
50.813836,-43.064987,1378
50.813836,-44.054377,1384
50.813836,-45.043767,1392
50.813836,-46.033156,1408
50.813836,-47.022546,1418
50.813836,-48.011936,1424
50.813836,-49.001326,1440
50.813836,-49.990716,1448
50.813836,-50.980106,1459
50.813836,-51.969496,1472
50.813836,-52.958886,1608
50.813836,-53.948276,1624
51.803226,-53.948276,1632
52.792615,-53.948276,1792
53.782005,-53.948276,1817
54.771395,-53.948276,1824
55.760785,-53.948276,1840
56.750175,-53.948276,1858
57.739565,-53.948276,1872
58.728955,-53.948276,1880
59.718345,-53.948276,1895
60.707735,-53.948276,1904
61.697125,-53.948276,1912
62.686515,-53.948276,1928
63.675905,-53.948276,1944
64.665295,-53.948276,2144
64.665295,-52.958886,2168
65.654684,-52.958886,2178
65.654684,-51.969496,2184
65.654684,-50.980106,2192
65.654684,-49.990716,2200
66.644074,-49.990716,2214
66.644074,-49.001326,2216
66.644074,-48.011936,2224
66.644074,-47.022546,2232
66.644074,-46.033156,2255
66.644074,-45.043767,2280
66.644074,-46.033156,2424
66.644074,-47.022546,2440
66.644074,-48.011936,2448
66.644074,-49.001326,2464
66.644074,-49.990716,2480
66.644074,-50.980106,2496
66.644074,-51.969496,2504
66.644074,-52.958886,2534
66.644074,-53.948276,2560
67.633464,-53.948276,2616
68.622854,-53.948276,2654
69.612244,-53.948276,2680
70.601634,-53.948276,2697
71.591024,-53.948276,2712
72.580414,-53.948276,2728
73.569804,-53.948276,2778
73.569804,-52.958886,2792
73.569804,-51.969496,2824
73.569804,-50.980106,2832
73.569804,-49.990716,2848
73.569804,-48.011936,2864
73.569804,-47.022546,2880
73.569804,-46.033156,2968
73.569804,-45.043767,3192
73.569804,-44.054377,3200
73.569804,-43.064987,3248
BREAK
59.718345,-19.319629,4256
BREAK
67.633464,-25.255968,4817
BREAK
56.750175,-31.192308,5259
BREAK
