START
25.528302,-13.686747,0
25.528302,-13.686747,108
25.528302,-14.686747,135
25.528302,-15.686747,141
25.528302,-15.686747,146
25.528302,-16.686747,151
25.528302,-17.686747,155
25.528302,-18.686747,161
25.528302,-19.686747,164
25.528302,-20.686747,170
25.528302,-21.686747,172
25.528302,-22.686747,180
25.528302,-23.686747,182
25.528302,-24.686747,185
25.528302,-24.686747,190
25.528302,-25.686747,193
25.528302,-26.686747,201
25.528302,-27.686747,204
25.528302,-28.686747,209
25.528302,-29.686747,211
25.528302,-30.686747,216
25.528302,-31.686747,219
25.528302,-32.686747,222
25.528302,-33.686747,225
25.528302,-33.686747,227
25.528302,-34.686747,234
25.528302,-35.686747,236
25.528302,-36.686747,239
25.528302,-37.686747,241
25.528302,-38.686747,248
25.528302,-39.686747,252
25.528302,-40.686747,254
25.528302,-41.686747,256
25.528302,-42.686747,263
25.528302,-42.686747,270
25.528302,-43.686747,273
25.528302,-44.686747,277
25.528302,-45.686747,285
25.528302,-46.686747,296
25.528302,-47.686747,301
25.528302,-48.686747,308
25.528302,-49.686747,316
25.528302,-50.686747,323
25.528302,-51.686747,326
25.528302,-51.686747,332
25.528302,-52.686747,340
25.528302,-53.686747,342
25.528302,-54.686747,355
25.528302,-55.686747,357
25.528302,-56.686747,363
25.528302,-57.686747,365
25.528302,-58.686747,375
25.528302,-59.686747,379
25.528302,-60.686747,387
25.528302,-60.686747,391
25.528302,-61.686747,393
25.528302,-62.686747,403
25.528302,-63.686747,412
25.528302,-64.686747,419
25.528302,-65.686747,430
25.528302,-66.686747,440
25.528302,-67.686747,446
24.528302,-67.686747,448
24.528302,-68.686747,450
24.528302,-69.686747,455
24.528302,-69.686747,466
24.528302,-70.686747,470
24.528302,-71.686747,476
24.528302,-72.686747,481
24.528302,-73.686747,486
24.528302,-74.686747,498
24.528302,-75.686747,501
24.528302,-76.686747,522
24.528302,-77.686747,524
24.528302,-78.686747,541
24.528302,-78.686747,543
24.528302,-79.686747,554
24.528302,-80.686747,556
24.528302,-81.686747,572
24.528302,-82.686747,585
24.528302,-83.686747,609
24.528302,-84.686747,625
24.528302,-85.686747,682
24.528302,-86.686747,695
24.528302,-87.686747,720
24.528302,-87.686747,725
24.528302,-88.686747,730
24.528302,-89.686747,779
24.528302,-90.686747,794
24.528302,-91.686747,806
24.528302,-92.686747,835
24.528302,-93.686747,853
24.528302,-94.686747,872
24.528302,-95.686747,882
24.528302,-96.686747,897
24.528302,-96.686747,933
BREAK
69.528302,-21.686747,2190
68.528302,-20.686747,2830
BREAK
69.528302,-12.686747,3646
69.528302,-13.686747,3796
69.528302,-14.686747,3807
69.528302,-15.686747,3811
70.528302,-15.686747,3818
70.528302,-15.686747,3821
70.528302,-16.686747,3823
70.528302,-17.686747,3836
70.528302,-18.686747,3839
70.528302,-19.686747,3842
70.528302,-20.686747,3849
70.528302,-21.686747,3858
70.528302,-22.686747,3860
70.528302,-23.686747,3869
70.528302,-24.686747,3873
70.528302,-24.686747,3892
70.528302,-25.686747,3895
70.528302,-26.686747,3905
69.528302,-26.686747,3907
69.528302,-27.686747,3910
69.528302,-28.686747,3913
69.528302,-29.686747,3926
69.528302,-30.686747,3937
69.528302,-31.686747,3940
69.528302,-32.686747,3942
69.528302,-33.686747,3951
69.528302,-33.686747,3956
69.528302,-34.686747,3966
69.528302,-35.686747,3972
69.528302,-36.686747,3982
69.528302,-37.686747,3990
69.528302,-38.686747,3996
69.528302,-39.686747,3999
69.528302,-40.686747,4009
69.528302,-41.686747,4016
69.528302,-42.686747,4024
69.528302,-42.686747,4028
69.528302,-43.686747,4039
69.528302,-44.686747,4041
69.528302,-45.686747,4056
68.528302,-45.686747,4058
68.528302,-46.686747,4061
68.528302,-47.686747,4074
68.528302,-48.686747,4077
68.528302,-49.686747,4086
68.528302,-50.686747,4088
68.528302,-51.686747,4091
68.528302,-51.686747,4100
68.528302,-52.686747,4115
67.528302,-53.686747,4117
67.528302,-54.686747,4119
67.528302,-55.686747,4124
67.528302,-56.686747,4127
67.528302,-57.686747,4140
67.528302,-58.686747,4144
67.528302,-59.686747,4153
67.528302,-60.686747,4157
67.528302,-60.686747,4172
67.528302,-61.686747,4175
67.528302,-62.686747,4187
67.528302,-63.686747,4192
67.528302,-64.686747,4202
67.528302,-65.686747,4214
67.528302,-66.686747,4224
67.528302,-67.686747,4228
67.528302,-68.686747,4242
67.528302,-69.686747,4255
67.528302,-69.686747,4264
67.528302,-70.686747,4270
67.528302,-71.686747,4285
67.528302,-72.686747,4294
67.528302,-73.686747,4316
67.528302,-74.686747,4325
67.528302,-75.686747,4345
67.528302,-76.686747,4350
67.528302,-77.686747,4369
67.528302,-78.686747,4378
67.528302,-78.686747,4389
67.528302,-79.686747,4409
67.528302,-80.686747,4433
67.528302,-81.686747,4435
67.528302,-82.686747,4437
67.528302,-83.686747,4467
67.528302,-84.686747,4473
67.528302,-85.686747,4490
67.528302,-86.686747,4499
67.528302,-87.686747,4538
67.528302,-87.686747,4560
67.528302,-88.686747,4584
67.528302,-89.686747,4601
67.528302,-90.686747,4606
67.528302,-91.686747,4626
66.528302,-91.686747,4641
66.528302,-92.686747,4676
66.528302,-93.686747,4703
65.528302,-93.686747,4720
64.528302,-93.686747,4955
BREAK
26.528302,-40.686747,6384
28.528302,-40.686747,6551
29.528302,-40.686747,6570
30.528302,-40.686747,6586
31.528302,-41.686747,6598
32.528302,-41.686747,6603
33.528302,-41.686747,6614
33.528302,-42.686747,6617
34.528302,-42.686747,6634
34.528302,-42.686747,6640
35.528302,-42.686747,6646
35.528302,-42.686747,6655
36.528302,-42.686747,6658
37.528302,-43.686747,6660
38.528302,-43.686747,6662
39.528302,-43.686747,6671
40.528302,-43.686747,6682
41.528302,-43.686747,6686
41.528302,-44.686747,6692
43.528302,-42.686747,6696
44.528302,-42.686747,6703
44.528302,-41.686747,6705
46.528302,-41.686747,6707
47.528302,-41.686747,6717
48.528302,-41.686747,6729
48.528302,-42.686747,6731
49.528302,-42.686747,6737
50.528302,-42.686747,6744
51.528302,-42.686747,6747
52.528302,-42.686747,6768
52.528302,-42.686747,6771
52.528302,-42.686747,6785
52.528302,-43.686747,6793
53.528302,-43.686747,6800
54.528302,-43.686747,6807
55.528302,-43.686747,6815
55.528302,-44.686747,6842
55.528302,-45.686747,6847
56.528302,-45.686747,6849
57.528302,-45.686747,6865
58.528302,-45.686747,6879
59.528302,-45.686747,6886
59.528302,-46.686747,6908
60.528302,-46.686747,6921
61.528302,-46.686747,6925
61.528302,-47.686747,6927
61.528302,-48.686747,6939
61.528302,-48.686747,6949
62.528302,-48.686747,6965
63.528302,-48.686747,6971
63.528302,-49.686747,6974
63.528302,-50.686747,6994
64.528302,-50.686747,7004
65.528302,-50.686747,7011
66.528302,-50.686747,7033
67.528302,-50.686747,7047
BREAK
25.528302,-60.686747,8280
26.528302,-60.686747,8378
27.528302,-60.686747,8388
28.528302,-60.686747,8409
29.528302,-61.686747,8415
30.528302,-61.686747,8424
31.528302,-61.686747,8428
32.528302,-61.686747,8438
33.528302,-62.686747,8440
33.528302,-63.686747,8451
34.528302,-63.686747,8453
34.528302,-63.686747,8458
35.528302,-63.686747,8468
36.528302,-63.686747,8476
37.528302,-63.686747,8481
38.528302,-63.686747,8497
39.528302,-63.686747,8499
40.528302,-63.686747,8512
41.528302,-63.686747,8520
41.528302,-64.686747,8522
42.528302,-64.686747,8526
43.528302,-64.686747,8530
43.528302,-64.686747,8533
43.528302,-65.686747,8550
44.528302,-65.686747,8552
45.528302,-65.686747,8554
45.528302,-66.686747,8562
44.528302,-64.686747,8569
45.528302,-64.686747,8584
46.528302,-64.686747,8589
47.528302,-64.686747,8609
48.528302,-65.686747,8622
49.528302,-65.686747,8624
50.528302,-65.686747,8636
51.528302,-65.686747,8661
52.528302,-65.686747,8673
52.528302,-65.686747,8691
52.528302,-66.686747,8693
53.528302,-66.686747,8702
54.528302,-66.686747,8710
54.528302,-67.686747,8715
54.528302,-68.686747,8731
55.528302,-68.686747,8735
56.528302,-68.686747,8740
57.528302,-68.686747,8749
58.528302,-68.686747,8754
61.528302,-69.686747,8778
62.528302,-70.686747,8780
63.528302,-70.686747,8782
64.528302,-70.686747,8789
65.528302,-70.686747,8792
66.528302,-70.686747,8805
67.528302,-70.686747,8818
68.528302,-70.686747,8840
69.528302,-70.686747,8845
69.528302,-71.686747,8848
70.528302,-71.686747,8870
70.528302,-71.686747,8878
71.528302,-71.686747,8888
72.528302,-71.686747,8915
73.528302,-71.686747,8924
BREAK
