START
31.528302,-86.686747,0
31.528302,-85.686747,53
32.528302,-85.686747,77
32.528302,-83.686747,87
32.528302,-81.686747,97
32.528302,-77.686747,107
32.528302,-73.686747,118
32.528302,-72.686747,129
32.528302,-68.686747,137
32.528302,-65.686747,148
32.528302,-60.686747,158
32.528302,-56.686747,169
32.528302,-53.686747,180
32.528302,-50.686747,192
32.528302,-47.686747,201
32.528302,-44.686747,210
32.528302,-41.686747,219
32.528302,-39.686747,230
32.528302,-37.686747,239
32.528302,-35.686747,249
32.528302,-33.686747,258
32.528302,-32.686747,277
32.528302,-31.686747,287
32.528302,-30.686747,306
32.528302,-29.686747,315
32.528302,-28.686747,326
32.528302,-27.686747,335
32.528302,-25.686747,344
32.528302,-24.686747,365
32.528302,-22.686747,373
32.528302,-21.686747,393
32.528302,-20.686747,409
BREAK
68.528302,-84.686747,1323
68.528302,-83.686747,1383
68.528302,-82.686747,1393
68.528302,-81.686747,1403
68.528302,-78.686747,1412
68.528302,-76.686747,1423
68.528302,-73.686747,1432
68.528302,-70.686747,1441
68.528302,-67.686747,1450
68.528302,-65.686747,1460
68.528302,-63.686747,1471
68.528302,-60.686747,1480
68.528302,-59.686747,1489
68.528302,-57.686747,1499
68.528302,-54.686747,1509
68.528302,-53.686747,1518
68.528302,-51.686747,1527
68.528302,-50.686747,1537
68.528302,-48.686747,1547
68.528302,-46.686747,1556
68.528302,-43.686747,1576
68.528302,-42.686747,1585
68.528302,-41.686747,1596
68.528302,-39.686747,1604
68.528302,-38.686747,1614
68.528302,-36.686747,1624
68.528302,-35.686747,1644
68.528302,-33.686747,1653
68.528302,-31.686747,1672
68.528302,-30.686747,1682
68.528302,-29.686747,1701
68.528302,-28.686747,1711
68.528302,-27.686747,1730
68.528302,-26.686747,1739
68.528302,-25.686747,1756
68.528302,-24.686747,1797
68.528302,-23.686747,1807
68.528302,-22.686747,1826
68.528302,-21.686747,1843
BREAK
34.528302,-42.686747,3009
35.528302,-42.686747,3108
36.528302,-42.686747,3132
38.528302,-42.686747,3152
39.528302,-42.686747,3162
41.528302,-42.686747,3171
43.528302,-42.686747,3180
43.528302,-43.686747,3190
44.528302,-43.686747,3199
45.528302,-43.686747,3216
46.528302,-43.686747,3226
47.528302,-44.686747,3236
49.528302,-44.686747,3246
51.528302,-45.686747,3255
52.528302,-45.686747,3264
53.528302,-45.686747,3275
54.528302,-45.686747,3284
55.528302,-45.686747,3294
56.528302,-45.686747,3303
57.528302,-46.686747,3323
58.528302,-46.686747,3333
59.528302,-46.686747,3341
60.528302,-47.686747,3361
61.528302,-47.686747,3377
61.528302,-48.686747,3402
62.528302,-48.686747,3436
64.528302,-48.686747,3445
65.528302,-48.686747,3464
66.528302,-48.686747,3474
67.528302,-48.686747,3520
BREAK
36.528302,-58.686747,4105
37.528302,-58.686747,4187
39.528302,-58.686747,4197
40.528302,-58.686747,4207
43.528302,-58.686747,4216
45.528302,-58.686747,4226
47.528302,-59.686747,4235
49.528302,-59.686747,4245
53.528302,-59.686747,4256
56.528302,-60.686747,4268
59.528302,-61.686747,4279
61.528302,-61.686747,4286
62.528302,-61.686747,4312
62.528302,-62.686747,4322
63.528302,-62.686747,4332
64.528302,-62.686747,4342
64.528302,-63.686747,4352
65.528302,-63.686747,4361
66.528302,-63.686747,4371
67.528302,-64.686747,4380
68.528302,-64.686747,4389
69.528302,-64.686747,4400
70.528302,-65.686747,4408
71.528302,-65.686747,4478
72.528302,-65.686747,4495
BREAK
