START
25.528302,-18.686747,0
25.528302,-19.686747,74
25.528302,-20.686747,83
25.528302,-22.686747,91
25.528302,-23.686747,99
25.528302,-24.686747,108
25.528302,-26.686747,116
25.528302,-28.686747,125
25.528302,-30.686747,133
25.528302,-32.686747,141
25.528302,-35.686747,149
25.528302,-37.686747,157
25.528302,-39.686747,165
25.528302,-41.686747,173
25.528302,-43.686747,189
25.528302,-44.686747,197
25.528302,-45.686747,214
25.528302,-46.686747,223
25.528302,-47.686747,231
25.528302,-48.686747,239
25.528302,-49.686747,248
25.528302,-50.686747,256
25.528302,-51.686747,273
25.528302,-59.686747,340
25.528302,-60.686747,349
25.528302,-61.686747,364
25.528302,-62.686747,380
25.528302,-63.686747,388
25.528302,-64.686747,413
25.528302,-65.686747,429
25.528302,-66.686747,445
25.528302,-67.686747,463
25.528302,-68.686747,472
25.528302,-69.686747,496
25.528302,-70.686747,513
25.528302,-71.686747,537
25.528302,-72.686747,553
25.528302,-73.686747,569
25.528302,-74.686747,635
25.528302,-75.686747,659
25.528302,-76.686747,683
25.528302,-77.686747,708
25.528302,-78.686747,740
25.528302,-79.686747,852
25.528302,-80.686747,877
25.528302,-81.686747,885
25.528302,-82.686747,902
25.528302,-83.686747,935
25.528302,-84.686747,960
25.528302,-85.686747,984
25.528302,-86.686747,1009
25.528302,-87.686747,1049
25.528302,-88.686747,1072
25.528302,-89.686747,1089
BREAK
65.528302,-17.686747,1995
65.528302,-18.686747,2087
65.528302,-21.686747,2095
65.528302,-23.686747,2103
65.528302,-25.686747,2112
64.528302,-27.686747,2120
64.528302,-29.686747,2129
64.528302,-31.686747,2136
64.528302,-33.686747,2144
64.528302,-35.686747,2153
64.528302,-37.686747,2161
64.528302,-39.686747,2169
64.528302,-40.686747,2178
64.528302,-41.686747,2186
64.528302,-42.686747,2193
64.528302,-43.686747,2202
64.528302,-44.686747,2211
64.528302,-45.686747,2219
64.528302,-47.686747,2235
64.528302,-49.686747,2251
64.528302,-50.686747,2259
64.528302,-51.686747,2275
64.528302,-52.686747,2292
64.528302,-53.686747,2307
64.528302,-54.686747,2315
64.528302,-55.686747,2334
64.528302,-56.686747,2341
64.528302,-57.686747,2349
64.528302,-59.686747,2357
64.528302,-60.686747,2373
64.528302,-61.686747,2390
64.528302,-62.686747,2398
64.528302,-63.686747,2406
64.528302,-64.686747,2414
64.528302,-65.686747,2423
64.528302,-66.686747,2439
64.528302,-67.686747,2456
64.528302,-68.686747,2472
64.528302,-69.686747,2490
64.528302,-70.686747,2506
64.528302,-71.686747,2513
64.528302,-72.686747,2531
64.528302,-73.686747,2539
64.528302,-74.686747,2547
64.528302,-75.686747,2555
64.528302,-76.686747,2564
64.528302,-77.686747,2571
64.528302,-78.686747,2588
64.528302,-79.686747,2597
64.528302,-80.686747,2604
64.528302,-81.686747,2612
64.528302,-82.686747,2629
64.528302,-83.686747,2655
64.528302,-84.686747,2696
64.528302,-85.686747,2728
64.528302,-86.686747,2769
64.528302,-87.686747,2785
64.528302,-88.686747,2793
64.528302,-89.686747,2819
BREAK
29.528302,-29.686747,3723
30.528302,-29.686747,3797
31.528302,-30.686747,3805
32.528302,-31.686747,3813
33.528302,-31.686747,3821
34.528302,-32.686747,3837
35.528302,-33.686747,3845
36.528302,-34.686747,3854
38.528302,-34.686747,3863
38.528302,-35.686747,3873
40.528302,-36.686747,3887
41.528302,-36.686747,3895
42.528302,-37.686747,3903
43.528302,-37.686747,3920
44.528302,-38.686747,3936
45.528302,-38.686747,3959
45.528302,-39.686747,3968
46.528302,-40.686747,3985
47.528302,-40.686747,3993
47.528302,-41.686747,4009
48.528302,-41.686747,4017
48.528302,-42.686747,4033
49.528302,-43.686747,4042
50.528302,-44.686747,4049
51.528302,-45.686747,4058
52.528302,-46.686747,4066
54.528302,-47.686747,4074
55.528302,-49.686747,4082
56.528302,-49.686747,4089
56.528302,-50.686747,4097
57.528302,-51.686747,4105
58.528302,-51.686747,4114
58.528302,-52.686747,4123
59.528302,-53.686747,4265
60.528302,-54.686747,4289
BREAK
26.528302,-48.686747,5087
27.528302,-48.686747,5159
28.528302,-48.686747,5167
29.528302,-48.686747,5183
30.528302,-49.686747,5192
31.528302,-49.686747,5209
32.528302,-50.686747,5216
33.528302,-50.686747,5225
34.528302,-51.686747,5232
35.528302,-51.686747,5241
36.528302,-51.686747,5258
36.528302,-52.686747,5266
37.528302,-52.686747,5273
38.528302,-52.686747,5282
39.528302,-53.686747,5289
39.528302,-54.686747,5299
40.528302,-54.686747,5307
41.528302,-54.686747,5324
42.528302,-54.686747,5332
42.528302,-55.686747,5340
43.528302,-55.686747,5356
44.528302,-56.686747,5364
45.528302,-56.686747,5380
46.528302,-57.686747,5388
47.528302,-57.686747,5412
47.528302,-58.686747,5420
48.528302,-58.686747,5429
49.528302,-59.686747,5453
50.528302,-59.686747,5460
50.528302,-60.686747,5468
51.528302,-60.686747,5476
51.528302,-61.686747,5494
52.528302,-61.686747,5502
53.528302,-62.686747,5510
54.528302,-62.686747,5518
54.528302,-63.686747,5542
55.528302,-63.686747,5550
56.528302,-63.686747,5581
57.528302,-64.686747,5590
58.528302,-65.686747,5598
59.528302,-66.686747,5614
60.528302,-66.686747,5623
61.528302,-66.686747,5630
61.528302,-67.686747,5638
62.528302,-67.686747,5654
63.528302,-68.686747,5703
BREAK
