START
36.75,-22.859438,0
36.75,-23.859438,135
36.75,-25.859438,143
37.75,-28.859438,151
37.75,-30.859438,159
37.75,-33.859438,167
37.75,-35.859438,175
37.75,-37.859438,183
37.75,-40.859438,191
37.75,-42.859438,199
37.75,-45.859438,207
37.75,-46.859438,215
37.75,-48.859438,223
37.75,-49.859438,231
37.75,-50.859438,239
37.75,-51.859438,247
37.75,-52.859438,255
37.75,-54.859438,263
37.75,-55.859438,271
37.75,-56.859438,279
37.75,-58.859438,287
37.75,-59.859438,295
37.75,-60.859438,303
37.75,-62.859438,311
37.75,-64.859438,319
37.75,-65.859438,327
37.75,-66.859438,335
37.75,-67.859438,343
37.75,-68.859438,351
37.75,-69.859438,359
37.75,-70.859438,367
37.75,-71.859438,383
37.75,-72.859438,391
37.75,-73.859438,423
37.75,-74.859438,439
37.75,-76.859438,455
37.75,-77.859438,471
38.75,-78.859438,487
38.75,-79.859438,495
38.75,-80.859438,503
38.75,-81.859438,519
38.75,-82.859438,535
BREAK
66.75,-26.859438,1650
64.75,-27.859438,1769
63.75,-29.859438,1785
62.75,-29.859438,1793
61.75,-30.859438,1801
60.75,-31.859438,1809
60.75,-32.859438,1817
59.75,-33.859438,1825
59.75,-34.859438,1833
58.75,-35.859438,1841
57.75,-35.859438,1849
57.75,-36.859438,1857
56.75,-36.859438,1865
55.75,-37.859438,1873
54.75,-38.859438,1889
54.75,-39.859438,1897
53.75,-39.859438,1905
52.75,-40.859438,1921
51.75,-40.859438,1937
50.75,-41.859438,1945
49.75,-42.859438,1961
49.75,-43.859438,1977
48.75,-44.859438,1985
47.75,-44.859438,1993
47.75,-45.859438,2001
46.75,-45.859438,2009
46.75,-46.859438,2113
45.75,-46.859438,2121
44.75,-47.859438,2129
44.75,-48.859438,2137
43.75,-49.859438,2145
42.75,-50.859438,2161
41.75,-51.859438,2169
41.75,-52.859438,2177
40.75,-53.859438,2185
40.75,-54.859438,2201
39.75,-55.859438,2209
40.75,-55.859438,2457
41.75,-55.859438,2489
42.75,-55.859438,2529
43.75,-55.859438,2561
44.75,-55.859438,2585
45.75,-55.859438,2617
47.75,-56.859438,2625
48.75,-56.859438,2633
49.75,-56.859438,2641
50.75,-57.859438,2649
51.75,-57.859438,2657
52.75,-57.859438,2665
53.75,-57.859438,2673
54.75,-57.859438,2681
55.75,-57.859438,2689
56.75,-57.859438,2761
57.75,-57.859438,2801
57.75,-58.859438,2809
58.75,-59.859438,2825
58.75,-60.859438,2841
59.75,-60.859438,2849
59.75,-62.859438,2857
59.75,-63.859438,2865
59.75,-64.859438,2873
60.75,-65.859438,2881
61.75,-66.859438,2889
62.75,-68.859438,2897
62.75,-69.859438,2905
63.75,-70.859438,2913
64.75,-70.859438,2921
64.75,-71.859438,2929
65.75,-72.859438,2937
65.75,-73.859438,2945
65.75,-74.859438,2953
66.75,-75.859438,2969
66.75,-76.859438,2985
66.75,-77.859438,2993
66.75,-78.859438,3009
66.75,-79.859438,3049
66.75,-80.859438,3065
66.75,-81.859438,3081
66.75,-82.859438,3097
66.75,-83.859438,3121
66.75,-84.859438,3449
66.75,-83.859438,3697
66.75,-82.859438,3705
66.75,-81.859438,3713
BREAK
