START
21.023585,-87.702811,0
22.023585,-87.702811,198
23.023585,-87.702811,217
25.023585,-87.702811,227
26.023585,-87.702811,237
28.023585,-87.702811,248
29.023585,-87.702811,257
30.023585,-87.702811,278
30.023585,-86.702811,298
30.023585,-85.702811,308
31.023585,-85.702811,318
33.023585,-84.702811,329
34.023585,-83.702811,338
35.023585,-83.702811,348
37.023585,-82.702811,358
40.023585,-82.702811,378
41.023585,-81.702811,388
42.023585,-81.702811,398
42.023585,-80.702811,409
44.023585,-79.702811,418
45.023585,-78.702811,438
46.023585,-78.702811,448
47.023585,-77.702811,458
50.023585,-76.702811,468
52.023585,-75.702811,478
53.023585,-74.702811,498
54.023585,-73.702811,508
55.023585,-73.702811,518
57.023585,-72.702811,528
57.023585,-71.702811,539
58.023585,-71.702811,548
58.023585,-70.702811,558
59.023585,-70.702811,568
60.023585,-69.702811,579
60.023585,-68.702811,600
60.023585,-67.702811,623
61.023585,-66.702811,642
61.023585,-65.702811,653
62.023585,-64.702811,672
63.023585,-63.702811,692
64.023585,-62.702811,712
65.023585,-60.702811,722
66.023585,-60.702811,732
67.023585,-58.702811,743
68.023585,-56.702811,762
68.023585,-55.702811,782
68.023585,-54.702811,792
68.023585,-53.702811,812
68.023585,-52.702811,827
68.023585,-51.702811,916
69.023585,-50.702811,943
70.023585,-49.702811,963
70.023585,-48.702811,973
70.023585,-47.702811,983
71.023585,-46.702811,993
71.023585,-45.702811,1003
71.023585,-44.702811,1035
71.023585,-43.702811,1067
71.023585,-42.702811,1104
71.023585,-41.702811,1114
71.023585,-40.702811,1134
71.023585,-39.702811,1154
71.023585,-38.702811,1174
71.023585,-37.702811,1193
71.023585,-36.702811,1216
71.023585,-35.702811,1260
71.023585,-34.702811,1299
71.023585,-33.702811,1337
72.023585,-33.702811,1347
72.023585,-32.702811,1358
72.023585,-31.702811,1388
72.023585,-30.702811,1398
72.023585,-29.702811,1412
72.023585,-28.702811,1681
72.023585,-27.702811,1692
72.023585,-26.702811,1724
72.023585,-25.702811,1741
BREAK
48.023585,-73.702811,2907
48.023585,-72.702811,2953
48.023585,-71.702811,3030
47.023585,-70.702811,3050
46.023585,-68.702811,3071
45.023585,-68.702811,3081
45.023585,-67.702811,3090
44.023585,-67.702811,3101
44.023585,-65.702811,3111
43.023585,-65.702811,3121
43.023585,-64.702811,3130
42.023585,-63.702811,3141
41.023585,-62.702811,3151
41.023585,-61.702811,3161
40.023585,-60.702811,3170
40.023585,-59.702811,3191
39.023585,-59.702811,3210
39.023585,-58.702811,3224
39.023585,-57.702811,3252
39.023585,-56.702811,3272
39.023585,-55.702811,3291
39.023585,-54.702811,3312
39.023585,-53.702811,3322
39.023585,-52.702811,3341
39.023585,-51.702811,3362
39.023585,-50.702811,3409
39.023585,-49.702811,3420
39.023585,-48.702811,3449
39.023585,-47.702811,3468
39.023585,-46.702811,3489
39.023585,-45.702811,3498
39.023585,-44.702811,3533
39.023585,-43.702811,3655
39.023585,-42.702811,3677
39.023585,-41.702811,3689
39.023585,-40.702811,3714
39.023585,-39.702811,3809
39.023585,-38.702811,3829
39.023585,-37.702811,3838
39.023585,-36.702811,3859
38.023585,-36.702811,5184
38.023585,-37.702811,5226
37.023585,-37.702811,5243
37.023585,-36.702811,5998
37.023585,-35.702811,6012
37.023585,-34.702811,6054
37.023585,-33.702811,6074
37.023585,-32.702811,6224
37.023585,-31.702811,6245
36.023585,-30.702811,6254
36.023585,-29.702811,6264
36.023585,-27.702811,6274
36.023585,-26.702811,6285
36.023585,-27.702811,6422
35.023585,-27.702811,6433
35.023585,-28.702811,6453
35.023585,-29.702811,6482
35.023585,-30.702811,6531
35.023585,-29.702811,6769
35.023585,-28.702811,6792
35.023585,-27.702811,6829
35.023585,-26.702811,6851
35.023585,-24.702811,6872
36.023585,-22.702811,6891
36.023585,-21.702811,6912
36.023585,-22.702811,7117
37.023585,-22.702811,7126
37.023585,-23.702811,7136
39.023585,-24.702811,7146
39.023585,-25.702811,7157
40.023585,-25.702811,7166
40.023585,-26.702811,7207
40.023585,-27.702811,7244
40.023585,-28.702811,7280
40.023585,-29.702811,7350
40.023585,-30.702811,7371
40.023585,-31.702811,7398
40.023585,-32.702811,7426
39.023585,-32.702811,7436
39.023585,-33.702811,7446
39.023585,-34.702811,7456
39.023585,-35.702811,7485
BREAK
70.023585,-29.702811,8817
70.023585,-28.702811,8925
70.023585,-27.702811,8937
70.023585,-26.702811,8958
70.023585,-25.702811,8983
70.023585,-24.702811,9013
70.023585,-23.702811,9031
70.023585,-22.702811,9053
70.023585,-21.702811,9085
70.023585,-20.702811,9144
70.023585,-19.702811,9158
70.023585,-18.702811,9244
70.023585,-19.702811,9437
70.023585,-20.702811,9456
70.023585,-21.702811,9477
70.023585,-22.702811,9497
70.023585,-23.702811,9507
70.023585,-24.702811,9527
70.023585,-25.702811,9557
70.023585,-26.702811,9568
70.023585,-27.702811,9621
70.023585,-28.702811,9654
70.023585,-27.702811,9812
70.023585,-26.702811,9822
70.023585,-25.702811,9842
70.023585,-24.702811,9867
71.023585,-24.702811,9887
71.023585,-23.702811,9900
71.023585,-22.702811,9915
71.023585,-21.702811,10017
71.023585,-20.702811,10028
71.023585,-19.702811,10047
72.023585,-18.702811,10068
73.023585,-18.702811,10157
73.023585,-19.702811,10361
73.023585,-20.702811,10382
73.023585,-21.702811,10403
73.023585,-22.702811,10426
73.023585,-23.702811,10442
73.023585,-24.702811,10559
73.023585,-25.702811,10598
73.023585,-26.702811,10632
73.023585,-27.702811,10660
73.023585,-28.702811,10692
73.023585,-29.702811,10721
73.023585,-30.702811,10750
72.023585,-30.702811,10761
BREAK
