START
26.683962,-9.8594378,0
25.683962,-14.859438,72
25.683962,-15.859438,80
25.683962,-18.859438,88
25.683962,-19.859438,96
25.683962,-21.859438,104
25.683962,-22.859438,112
25.683962,-25.859438,120
25.683962,-26.859438,128
25.683962,-28.859438,136
25.683962,-30.859438,144
25.683962,-32.859438,152
25.683962,-34.859438,160
25.683962,-36.859438,168
25.683962,-37.859438,176
25.683962,-39.859438,184
25.683962,-41.859438,192
25.683962,-42.859438,200
25.683962,-43.859438,208
25.683962,-44.859438,216
25.683962,-46.859438,224
25.683962,-47.859438,232
25.683962,-48.859438,248
25.683962,-49.859438,256
25.683962,-50.859438,264
25.683962,-52.859438,274
25.683962,-53.859438,280
25.683962,-55.859438,288
25.683962,-56.859438,296
25.683962,-57.859438,304
25.683962,-58.859438,312
25.683962,-59.859438,320
25.683962,-60.859438,328
25.683962,-61.859438,336
25.683962,-62.859438,344
25.683962,-63.859438,360
25.683962,-65.859438,368
25.683962,-66.859438,376
25.683962,-67.859438,392
25.683962,-68.859438,400
25.683962,-69.859438,416
25.683962,-70.859438,432
25.683962,-71.859438,448
25.683962,-72.859438,456
25.683962,-73.859438,480
25.683962,-74.859438,488
25.683962,-75.859438,504
25.683962,-76.859438,528
25.683962,-77.859438,544
25.683962,-78.859438,560
25.683962,-79.859438,664
25.683962,-80.859438,728
25.683962,-81.859438,752
25.683962,-82.859438,784
25.683962,-83.859438,904
25.683962,-84.859438,1648
25.683962,-85.859438,1664
25.683962,-86.859438,1680
25.683962,-87.859438,1768
25.683962,-88.859438,1944
25.683962,-89.859438,2018
25.683962,-90.859438,2072
26.683962,-90.859438,2608
27.683962,-90.859438,2624
28.683962,-90.859438,2632
29.683962,-90.859438,2648
30.683962,-90.859438,2656
31.683962,-90.859438,2672
32.683962,-90.859438,2688
33.683962,-90.859438,2696
34.683962,-90.859438,2712
35.683962,-90.859438,2728
36.683962,-90.859438,2736
37.683962,-90.859438,2744
38.683962,-90.859438,2760
40.683962,-90.859438,2776
41.683962,-90.859438,2792
43.683962,-90.859438,2816
44.683962,-90.859438,2848
46.683962,-90.859438,2864
47.683962,-90.859438,2888
48.683962,-91.859438,2912
49.683962,-91.859438,2920
50.683962,-91.859438,2944
52.683962,-91.859438,2992
53.683962,-91.859438,3024
55.683962,-91.859438,3056
56.683962,-91.859438,3080
57.683962,-91.859438,3112
58.683962,-91.859438,3128
59.683962,-91.859438,3144
60.683962,-91.859438,3160
61.683962,-91.859438,3176
62.683962,-91.859438,3192
63.683962,-91.859438,3224
64.683962,-91.859438,3240
65.683962,-91.859438,3256
66.683962,-91.859438,3288
67.683962,-91.859438,3312
68.683962,-91.859438,3336
69.683962,-91.859438,3632
70.683962,-91.859438,3648
71.683962,-91.859438,3656
72.683962,-91.859438,3688
73.683962,-91.859438,3704
74.683962,-91.859438,3728
BREAK
26.683962,-9.8594378,4832
31.683962,-9.8594378,4968
33.683962,-9.8594378,4984
34.683962,-9.8594378,4992
35.683962,-9.8594378,5000
37.683962,-9.8594378,5020
38.683962,-9.8594378,5024
42.683962,-10.859438,5032
44.683962,-10.859438,5048
45.683962,-10.859438,5056
47.683962,-10.859438,5072
48.683962,-10.859438,5080
50.683962,-10.859438,5096
51.683962,-10.859438,5104
52.683962,-10.859438,5112
54.683962,-10.859438,5120
55.683962,-10.859438,5136
57.683962,-10.859438,5160
58.683962,-10.859438,5176
60.683962,-10.859438,5192
61.683962,-10.859438,5216
63.683962,-10.859438,5240
64.683962,-10.859438,5272
66.683962,-10.859438,5304
67.683962,-10.859438,5336
69.683962,-10.859438,5408
70.683962,-10.859438,5472
BREAK
28.683962,-49.859438,7121
33.683962,-49.859438,7280
34.683962,-49.859438,7288
35.683962,-49.859438,7304
36.683962,-49.859438,7312
37.683962,-49.859438,7320
38.683962,-49.859438,7328
39.683962,-49.859438,7344
40.683962,-49.859438,7352
41.683962,-49.859438,7360
42.683962,-49.859438,7376
43.683962,-49.859438,7384
44.683962,-49.859438,7392
45.683962,-49.859438,7408
46.683962,-49.859438,7416
47.683962,-49.859438,7424
48.683962,-49.859438,7448
49.683962,-49.859438,7456
50.683962,-49.859438,7472
51.683962,-49.859438,7496
52.683962,-49.859438,7512
53.683962,-49.859438,7536
54.683962,-49.859438,7576
55.683962,-49.859438,7624
56.683962,-49.859438,7640
57.683962,-49.859438,7696
58.683962,-49.859438,7712
59.683962,-49.859438,7728
BREAK
44.683962,-37.859438,8728
43.683962,-42.859438,8896
43.683962,-43.859438,8904
43.683962,-44.859438,8920
43.683962,-45.859438,8928
43.683962,-46.859438,8944
43.683962,-47.859438,8952
43.683962,-48.859438,8960
43.683962,-49.859438,8968
43.683962,-50.859438,8976
43.683962,-51.859438,8984
43.683962,-52.859438,8992
43.683962,-53.859438,9020
43.683962,-54.859438,9024
43.683962,-55.859438,9032
43.683962,-56.859438,9064
43.683962,-57.859438,9072
43.683962,-58.859438,9096
43.683962,-59.859438,9152
43.683962,-60.859438,9200
43.683962,-61.859438,9248
43.683962,-62.859438,9320
43.683962,-63.859438,9352
43.683962,-64.859438,9376
43.683962,-65.859438,9632
43.683962,-66.859438,9800
BREAK
