START
26.254717,-22.827309,0
BREAK
23.254717,-24.827309,680
BREAK
25.254717,-28.827309,1181
BREAK
25.254717,-28.827309,1446
BREAK
26.254717,-25.827309,1694
BREAK
26.254717,-25.827309,1959
BREAK
28.254717,-26.827309,2302
BREAK
27.254717,-24.827309,3086
27.254717,-25.827309,3573
27.254717,-26.827309,3615
27.254717,-27.827309,3652
28.254717,-28.827309,3683
29.254717,-28.827309,3777
29.254717,-29.827309,3809
30.254717,-29.827309,3874
30.254717,-30.827309,3916
31.254717,-30.827309,3962
31.254717,-31.827309,4003
32.254717,-31.827309,4015
33.254717,-32.827309,4058
33.254717,-33.827309,4102
34.254717,-33.827309,4153
34.254717,-34.827309,4187
35.254717,-34.827309,4207
35.254717,-35.827309,4282
36.254717,-35.827309,4314
36.254717,-36.827309,4347
37.254717,-36.827309,4372
37.254717,-37.827309,4394
38.254717,-37.827309,4405
38.254717,-38.827309,4431
39.254717,-39.827309,4459
40.254717,-39.827309,4470
40.254717,-40.827309,4489
41.254717,-40.827309,4522
41.254717,-41.827309,4546
42.254717,-41.827309,4566
42.254717,-42.827309,4578
43.254717,-43.827309,4596
44.254717,-43.827309,4620
45.254717,-43.827309,4649
45.254717,-44.827309,4669
46.254717,-44.827309,4680
46.254717,-45.827309,4695
47.254717,-45.827309,4715
48.254717,-46.827309,4726
49.254717,-47.827309,4766
49.254717,-48.827309,4777
50.254717,-48.827309,4790
50.254717,-49.827309,4811
51.254717,-49.827309,4847
52.254717,-50.827309,4871
53.254717,-51.827309,4907
53.254717,-52.827309,4934
54.254717,-52.827309,4946
54.254717,-53.827309,4965
55.254717,-53.827309,4993
56.254717,-54.827309,5018
57.254717,-55.827309,5054
57.254717,-56.827309,5073
58.254717,-56.827309,5089
58.254717,-57.827309,5101
59.254717,-57.827309,5113
60.254717,-58.827309,5129
61.254717,-59.827309,5151
61.254717,-60.827309,5164
62.254717,-60.827309,5175
62.254717,-61.827309,5186
63.254717,-61.827309,5197
64.254717,-62.827309,5208
65.254717,-64.827309,5231
66.254717,-64.827309,5242
67.254717,-64.827309,5254
67.254717,-65.827309,5265
68.254717,-65.827309,5276
68.254717,-66.827309,5298
69.254717,-66.827309,5310
69.254717,-67.827309,5321
70.254717,-67.827309,5333
71.254717,-67.827309,5358
71.254717,-68.827309,5372
72.254717,-68.827309,5383
73.254717,-69.827309,5403
74.254717,-70.827309,5441
75.254717,-71.827309,5483
75.254717,-72.827309,5494
76.254717,-72.827309,5526
76.254717,-73.827309,5607
77.254717,-73.827309,5632
78.254717,-73.827309,5709
78.254717,-74.827309,5855
79.254717,-74.827309,5902
80.254717,-74.827309,6236
BREAK
21.254717,-70.827309,9327
BREAK
21.254717,-70.827309,9578
BREAK
21.254717,-70.827309,10101
21.254717,-69.827309,10351
21.254717,-68.827309,10362
22.254717,-67.827309,10403
23.254717,-67.827309,10581
23.254717,-66.827309,10626
24.254717,-66.827309,10667
25.254717,-66.827309,10707
26.254717,-66.827309,10760
27.254717,-66.827309,10807
28.254717,-66.827309,10899
29.254717,-66.827309,10972
29.254717,-65.827309,11009
31.254717,-64.827309,11096
32.254717,-64.827309,11107
33.254717,-64.827309,11126
34.254717,-63.827309,11179
35.254717,-62.827309,11242
36.254717,-62.827309,11253
37.254717,-61.827309,11286
38.254717,-60.827309,11349
39.254717,-60.827309,11374
39.254717,-59.827309,11409
40.254717,-59.827309,11419
41.254717,-58.827309,11460
42.254717,-57.827309,11498
43.254717,-57.827309,11509
44.254717,-57.827309,11525
45.254717,-57.827309,11547
46.254717,-56.827309,11571
46.254717,-55.827309,11583
47.254717,-55.827309,11600
48.254717,-55.827309,11622
49.254717,-54.827309,11653
50.254717,-54.827309,11681
50.254717,-53.827309,11704
51.254717,-52.827309,11715
52.254717,-52.827309,11744
53.254717,-51.827309,11782
54.254717,-51.827309,11793
54.254717,-50.827309,11817
56.254717,-49.827309,11828
57.254717,-49.827309,11850
58.254717,-49.827309,11873
59.254717,-48.827309,11884
60.254717,-48.827309,11896
61.254717,-47.827309,11934
62.254717,-46.827309,11945
63.254717,-46.827309,11956
64.254717,-46.827309,11979
65.254717,-44.827309,11990
66.254717,-44.827309,12004
66.254717,-43.827309,12027
68.254717,-43.827309,12040
68.254717,-42.827309,12051
69.254717,-41.827309,12065
70.254717,-40.827309,12100
71.254717,-40.827309,12111
72.254717,-39.827309,12135
73.254717,-38.827309,12146
74.254717,-38.827309,12162
74.254717,-37.827309,12190
74.254717,-36.827309,12209
75.254717,-36.827309,12220
76.254717,-36.827309,12231
76.254717,-35.827309,12243
76.254717,-34.827309,12282
77.254717,-34.827309,12297
78.254717,-34.827309,12309
78.254717,-33.827309,12323
78.254717,-32.827309,12365
79.254717,-32.827309,12382
79.254717,-31.827309,12413
79.254717,-30.827309,12480
80.254717,-30.827309,12512
81.254717,-29.827309,12606
82.254717,-28.827309,12754
83.254717,-28.827309,12786
BREAK
