START
21.378173,-24.787933,0
20.474619,-23.88438,55
20.474619,-24.787933,71
20.474619,-25.691487,87
20.474619,-26.59504,95
20.474619,-27.498593,103
20.474619,-28.402147,120
20.474619,-29.3057,127
20.474619,-30.209253,151
20.474619,-31.112807,159
20.474619,-32.01636,175
20.474619,-32.919913,191
20.474619,-33.823466,207
20.474619,-34.72702,215
20.474619,-35.630573,231
20.474619,-36.534126,247
20.474619,-38.341233,263
20.474619,-39.244786,279
20.474619,-40.14834,287
20.474619,-41.051893,304
20.474619,-41.955446,322
20.474619,-42.858999,343
20.474619,-44.666106,359
21.378173,-45.569659,383
21.378173,-46.473213,391
21.378173,-47.376766,407
21.378173,-48.280319,439
21.378173,-49.183873,471
21.378173,-50.087426,487
21.378173,-50.990979,504
22.281726,-50.990979,511
22.281726,-51.894532,528
23.185279,-51.894532,575
24.088832,-52.798086,608
24.992386,-52.798086,631
24.992386,-53.701639,640
24.992386,-54.605192,647
25.895939,-54.605192,656
26.799492,-55.508746,672
27.703046,-55.508746,679
28.606599,-57.315852,688
29.510152,-58.219406,719
30.413706,-58.219406,737
31.317259,-58.219406,767
31.317259,-59.122959,775
32.220812,-59.122959,799
32.220812,-60.026512,815
33.124365,-60.026512,824
33.124365,-60.930065,832
34.027919,-60.930065,848
34.931472,-60.930065,856
35.835025,-60.930065,872
37.642132,-60.930065,888
38.545685,-60.930065,904
39.449239,-60.930065,928
40.352792,-60.930065,944
41.256345,-60.930065,953
41.256345,-60.026512,960
42.159898,-60.026512,976
43.063452,-60.026512,1008
43.967005,-60.026512,1040
44.870558,-60.026512,1056
45.774112,-60.026512,1087
46.677665,-60.026512,1096
47.581218,-59.122959,1161
48.484772,-59.122959,1170
49.388325,-59.122959,1184
50.291878,-60.026512,1208
51.195431,-60.026512,1248
52.098985,-60.026512,1264
52.098985,-60.930065,1344
52.098985,-61.833619,1368
53.002538,-61.833619,1376
53.002538,-62.737172,1424
53.002538,-63.640725,1432
53.002538,-64.544279,1456
53.002538,-66.351385,1488
53.002538,-67.254939,1512
53.002538,-68.158492,1560
53.002538,-69.062045,1608
53.002538,-69.965598,1632
52.098985,-70.869152,1656
52.098985,-71.772705,1696
51.195431,-71.772705,1712
50.291878,-71.772705,1752
49.388325,-71.772705,1776
48.484772,-71.772705,1792
47.581218,-71.772705,1800
46.677665,-71.772705,1816
45.774112,-71.772705,1848
44.870558,-71.772705,1864
43.967005,-71.772705,1872
43.063452,-71.772705,1896
42.159898,-71.772705,1920
41.256345,-71.772705,1937
40.352792,-71.772705,1944
39.449239,-71.772705,1960
38.545685,-71.772705,1976
37.642132,-71.772705,1992
37.642132,-69.965598,2152
BREAK
33.124365,-22.980827,3024
33.124365,-22.077274,3183
34.027919,-22.077274,3191
34.027919,-21.17372,3199
35.835025,-21.17372,3207
35.835025,-20.270167,3215
36.738579,-20.270167,3223
38.545685,-19.366614,3231
40.352792,-19.366614,3239
41.256345,-19.366614,3247
42.159898,-19.366614,3255
43.063452,-19.366614,3263
43.967005,-19.366614,3287
44.870558,-19.366614,3295
45.774112,-20.270167,3327
46.677665,-21.17372,3337
47.581218,-22.077274,3343
49.388325,-23.88438,3353
50.291878,-23.88438,3369
51.195431,-24.787933,3383
52.098985,-24.787933,3399
52.098985,-25.691487,3439
53.002538,-26.59504,3471
53.002538,-27.498593,3479
53.002538,-28.402147,3495
53.002538,-29.3057,3512
53.002538,-30.209253,3527
53.002538,-31.112807,3537
52.098985,-31.112807,3543
52.098985,-32.01636,3553
52.098985,-32.919913,3569
52.098985,-33.823466,3575
52.098985,-34.72702,3592
51.195431,-34.72702,3607
51.195431,-35.630573,3615
51.195431,-36.534126,3631
51.195431,-37.43768,3655
50.291878,-38.341233,3680
49.388325,-39.244786,3695
48.484772,-40.14834,3704
48.484772,-41.051893,3711
47.581218,-41.955446,3727
46.677665,-42.858999,3737
45.774112,-42.858999,3753
45.774112,-43.762553,3769
44.870558,-43.762553,3800
43.967005,-42.858999,3879
43.063452,-41.955446,3888
42.159898,-41.955446,3896
41.256345,-41.955446,3904
39.449239,-41.051893,3920
39.449239,-40.14834,3927
37.642132,-40.14834,3937
BREAK
67.459391,-17.559507,5400
67.459391,-18.46306,5471
67.459391,-19.366614,5495
67.459391,-20.270167,5503
67.459391,-21.17372,5511
67.459391,-22.077274,5527
67.459391,-23.88438,5543
67.459391,-24.787933,5567
67.459391,-25.691487,5583
67.459391,-26.59504,5615
67.459391,-27.498593,5623
67.459391,-28.402147,5647
67.459391,-29.3057,5671
67.459391,-30.209253,5703
66.555838,-31.112807,5720
66.555838,-32.01636,5736
66.555838,-32.919913,5759
66.555838,-33.823466,5775
66.555838,-34.72702,5783
66.555838,-35.630573,5799
66.555838,-36.534126,5823
66.555838,-37.43768,5831
66.555838,-38.341233,5839
66.555838,-39.244786,5855
67.459391,-39.244786,5863
67.459391,-41.051893,5872
67.459391,-41.955446,5879
67.459391,-42.858999,5903
67.459391,-43.762553,5911
68.362944,-44.666106,5928
68.362944,-45.569659,5959
69.266497,-46.473213,5975
69.266497,-47.376766,5983
69.266497,-48.280319,5999
70.170051,-49.183873,6023
70.170051,-50.087426,6031
70.170051,-50.990979,6079
70.170051,-51.894532,6088
70.170051,-52.798086,6095
70.170051,-53.701639,6119
70.170051,-55.508746,6152
70.170051,-56.412299,6184
70.170051,-57.315852,6215
71.073604,-57.315852,6247
71.073604,-58.219406,6264
71.073604,-59.122959,6287
71.073604,-60.026512,6304
71.977157,-60.026512,6311
71.977157,-60.930065,6328
72.880711,-60.930065,6359
72.880711,-61.833619,6376
73.784264,-62.737172,6400
73.784264,-63.640725,6407
74.687817,-64.544279,6424
75.591371,-65.447832,6464
76.494924,-65.447832,6503
77.398477,-65.447832,6512
78.30203,-64.544279,6615
79.205584,-63.640725,6631
81.01269,-63.640725,6640
81.916244,-63.640725,6656
82.819797,-63.640725,6664
83.72335,-63.640725,6672
83.72335,-62.737172,6680
84.626904,-62.737172,6688
85.530457,-62.737172,6696
86.43401,-62.737172,6704
86.43401,-61.833619,6712
87.337563,-60.930065,6728
88.241117,-60.026512,6744
89.14467,-60.026512,6753
89.14467,-59.122959,6760
90.048223,-58.219406,6776
90.048223,-57.315852,6784
90.951777,-56.412299,6800
BREAK
