START
26.799492,-18.46306,0
26.799492,-19.366614,32
26.799492,-20.270167,56
26.799492,-21.17372,72
26.799492,-22.077274,96
25.895939,-22.980827,104
25.895939,-23.88438,128
25.895939,-24.787933,144
25.895939,-25.691487,160
25.895939,-26.59504,168
25.895939,-27.498593,184
25.895939,-28.402147,192
25.895939,-29.3057,200
25.895939,-30.209253,224
25.895939,-31.112807,248
25.895939,-32.01636,256
25.895939,-32.919913,272
25.895939,-33.823466,288
25.895939,-34.72702,304
25.895939,-35.630573,329
25.895939,-36.534126,336
26.799492,-37.43768,361
26.799492,-38.341233,377
26.799492,-39.244786,385
27.703046,-39.244786,393
27.703046,-40.14834,401
28.606599,-41.051893,425
29.510152,-41.955446,441
29.510152,-42.858999,457
30.413706,-43.762553,465
30.413706,-44.666106,489
31.317259,-44.666106,497
31.317259,-45.569659,528
32.220812,-46.473213,530
33.124365,-46.473213,537
33.124365,-47.376766,545
34.027919,-47.376766,561
34.027919,-48.280319,569
34.931472,-49.183873,593
35.835025,-50.087426,617
36.738579,-50.087426,633
36.738579,-50.990979,641
37.642132,-50.990979,657
37.642132,-51.894532,673
38.545685,-51.894532,681
39.449239,-51.894532,705
40.352792,-51.894532,721
40.352792,-52.798086,729
41.256345,-52.798086,737
42.159898,-52.798086,753
43.063452,-52.798086,761
43.967005,-53.701639,769
44.870558,-54.605192,785
45.774112,-54.605192,793
46.677665,-54.605192,801
47.581218,-55.508746,825
48.484772,-55.508746,849
49.388325,-55.508746,865
50.291878,-56.412299,873
51.195431,-56.412299,889
52.098985,-56.412299,905
52.098985,-57.315852,913
53.002538,-57.315852,929
53.002538,-58.219406,945
53.906091,-58.219406,953
54.809645,-58.219406,961
54.809645,-59.122959,977
55.713198,-59.122959,985
56.616751,-60.026512,1009
57.520305,-60.930065,1049
58.423858,-60.930065,1057
58.423858,-61.833619,1065
59.327411,-61.833619,1091
59.327411,-62.737172,1097
60.230964,-62.737172,1141
60.230964,-63.640725,1143
60.230964,-64.544279,1177
61.134518,-64.544279,1185
61.134518,-65.447832,1193
62.038071,-66.351385,1225
62.038071,-67.254939,1265
62.038071,-68.158492,1297
62.038071,-69.062045,1313
62.038071,-69.965598,1345
62.038071,-70.869152,1401
62.038071,-71.772705,1465
61.134518,-72.676258,1505
61.134518,-73.579812,1521
60.230964,-73.579812,1529
60.230964,-74.483365,1585
59.327411,-74.483365,1593
59.327411,-75.386918,1633
58.423858,-75.386918,1657
57.520305,-75.386918,1697
56.616751,-75.386918,1705
56.616751,-76.290472,1721
55.713198,-76.290472,1737
54.809645,-76.290472,1761
53.906091,-76.290472,1777
53.002538,-76.290472,1809
52.098985,-76.290472,1849
51.195431,-76.290472,1873
50.291878,-76.290472,1897
49.388325,-76.290472,1913
49.388325,-75.386918,2073
BREAK
44.870558,-14.848847,3465
45.774112,-14.848847,3560
46.677665,-14.848847,3576
47.581218,-14.848847,3584
48.484772,-14.848847,3592
49.388325,-14.848847,3600
50.291878,-14.848847,3608
52.098985,-14.848847,3616
53.002538,-14.848847,3632
53.002538,-13.945294,3640
53.906091,-13.945294,3671
54.809645,-13.945294,3696
55.713198,-13.945294,3704
55.713198,-14.848847,3712
56.616751,-14.848847,3720
57.520305,-14.848847,3736
58.423858,-15.7524,3744
59.327411,-16.655954,3760
59.327411,-17.559507,3768
60.230964,-17.559507,3776
61.134518,-18.46306,3792
62.038071,-18.46306,3800
62.038071,-19.366614,3816
62.038071,-20.270167,3832
62.941624,-21.17372,3840
63.845178,-22.077274,3864
63.845178,-22.980827,3881
63.845178,-24.787933,3904
64.748731,-25.691487,3920
64.748731,-26.59504,3936
64.748731,-27.498593,3952
64.748731,-28.402147,3968
64.748731,-29.3057,3984
64.748731,-30.209253,4000
64.748731,-31.112807,4008
63.845178,-31.112807,4024
63.845178,-32.01636,4032
62.941624,-32.919913,4049
62.941624,-33.823466,4064
62.038071,-33.823466,4073
62.038071,-34.72702,4081
61.134518,-35.630573,4105
60.230964,-35.630573,4129
60.230964,-36.534126,4137
59.327411,-36.534126,4145
58.423858,-37.43768,4168
57.520305,-37.43768,4199
57.520305,-38.341233,4200
56.616751,-38.341233,4209
55.713198,-38.341233,4217
55.713198,-39.244786,4225
54.809645,-39.244786,4241
53.906091,-39.244786,4264
53.002538,-39.244786,4281
52.098985,-39.244786,4297
51.195431,-39.244786,4313
49.388325,-39.244786,4329
48.484772,-39.244786,4345
47.581218,-39.244786,4353
46.677665,-38.341233,4369
45.774112,-38.341233,4377
BREAK
71.073604,-12.138187,5161
71.073604,-13.041741,5360
71.073604,-13.945294,5376
71.073604,-15.7524,5392
71.073604,-16.655954,5408
71.073604,-17.559507,5416
71.073604,-18.46306,5432
71.073604,-19.366614,5440
71.073604,-20.270167,5448
71.073604,-21.17372,5464
71.073604,-22.077274,5472
71.977157,-22.980827,5481
71.977157,-23.88438,5496
71.977157,-24.787933,5512
71.977157,-25.691487,5520
72.880711,-25.691487,5528
72.880711,-26.59504,5544
72.880711,-27.498593,5552
72.880711,-28.402147,5560
72.880711,-29.3057,5576
72.880711,-30.209253,5592
72.880711,-31.112807,5608
72.880711,-32.01636,5616
72.880711,-32.919913,5632
72.880711,-33.823466,5648
72.880711,-34.72702,5672
73.784264,-35.630573,5696
73.784264,-36.534126,5704
73.784264,-37.43768,5720
73.784264,-38.341233,5744
73.784264,-39.244786,5776
73.784264,-40.14834,5777
73.784264,-41.051893,5792
73.784264,-41.955446,5816
73.784264,-42.858999,5832
73.784264,-43.762553,5840
74.687817,-43.762553,5848
74.687817,-44.666106,5857
74.687817,-45.569659,5873
74.687817,-46.473213,5889
74.687817,-47.376766,5896
74.687817,-48.280319,5912
74.687817,-49.183873,5928
75.591371,-50.087426,5937
75.591371,-50.990979,5953
75.591371,-51.894532,5969
76.494924,-52.798086,5993
76.494924,-53.701639,6032
76.494924,-54.605192,6041
77.398477,-54.605192,6049
77.398477,-55.508746,6081
78.30203,-55.508746,6113
78.30203,-56.412299,6129
79.205584,-56.412299,6153
80.109137,-56.412299,6177
81.01269,-56.412299,6209
81.916244,-56.412299,6241
82.819797,-56.412299,6298
83.72335,-56.412299,6301
83.72335,-55.508746,6329
84.626904,-55.508746,6337
84.626904,-54.605192,6353
85.530457,-54.605192,6385
85.530457,-53.701639,6401
86.43401,-53.701639,6433
86.43401,-52.798086,6473
87.337563,-52.798086,6497
87.337563,-51.894532,6539
87.337563,-50.990979,6561
88.241117,-50.990979,6601
88.241117,-50.087426,6609
BREAK
