START
37.623123,-40.736339,0
37.623123,-39.943769,40
37.623123,-40.340054,112
37.226839,-40.736339,120
37.226839,-41.528908,128
36.830554,-42.321478,144
36.830554,-43.114048,152
36.037984,-44.302902,160
36.037984,-45.095472,168
35.641699,-45.888041,186
35.641699,-47.076896,192
34.84913,-48.662035,200
34.452845,-50.643459,216
34.452845,-51.436029,224
33.660275,-53.417453,232
33.660275,-54.210023,240
33.660275,-54.606308,256
33.26399,-55.398877,264
33.26399,-55.795162,272
33.26399,-56.191447,280
33.26399,-56.587732,304
33.26399,-56.984017,312
33.26399,-57.380301,320
33.26399,-57.776586,344
32.867705,-57.776586,353
32.867705,-58.172871,369
32.867705,-58.569156,376
32.471421,-59.361726,417
32.867705,-59.361726,536
33.26399,-58.965441,560
33.660275,-58.965441,576
34.05656,-58.965441,584
34.84913,-58.965441,608
35.641699,-58.965441,616
36.434269,-58.965441,632
37.623123,-58.965441,640
38.811978,-58.965441,648
40.000832,-58.965441,656
40.793402,-58.965441,672
41.982257,-58.965441,681
44.359966,-58.965441,688
46.737675,-58.965441,697
49.511668,-58.965441,713
51.889377,-58.965441,720
54.267086,-58.965441,729
55.455941,-58.965441,736
56.24851,-58.965441,752
57.04108,-58.965441,761
57.83365,-58.965441,768
59.022504,-58.965441,784
59.815074,-58.965441,792
60.607644,-58.965441,800
61.400213,-58.965441,809
62.192783,-58.965441,825
62.985353,-58.569156,832
63.381637,-58.569156,841
63.777922,-58.569156,848
64.570492,-58.569156,864
64.966777,-58.569156,872
65.363062,-58.569156,889
66.155631,-58.965441,912
66.551916,-58.965441,928
66.948201,-58.965441,944
67.344486,-58.569156,960
67.74077,-58.569156,984
68.137055,-58.569156,992
BREAK
55.852226,-58.965441,1496
55.852226,-59.361726,1512
56.24851,-59.361726,1568
56.24851,-59.75801,1608
56.24851,-60.154295,1632
56.644795,-60.55058,1648
57.04108,-60.946865,1664
57.04108,-61.34315,1672
57.04108,-61.739435,1680
57.437365,-62.135719,1696
57.83365,-62.532004,1713
57.83365,-62.928289,1720
57.83365,-63.324574,1744
57.83365,-63.720859,1760
58.229935,-63.720859,1776
58.229935,-64.117143,1784
58.229935,-64.513428,1816
58.229935,-64.909713,1832
BREAK
