START
22.960585,-41.132623,0
22.960585,-41.528908,167
22.960585,-41.925193,206
22.960585,-42.321478,236
22.960585,-42.717763,256
22.960585,-43.114048,275
22.960585,-43.510332,295
22.960585,-43.906617,305
22.960585,-44.302902,326
22.960585,-44.699187,334
22.960585,-45.095472,344
22.960585,-45.491756,364
22.960585,-45.888041,413
22.960585,-46.284326,443
22.960585,-46.680611,462
22.960585,-47.076896,482
22.960585,-47.473181,492
22.960585,-47.869465,531
22.960585,-48.26575,580
22.960585,-48.662035,610
22.960585,-49.05832,640
22.960585,-49.454605,649
22.960585,-49.85089,679
22.960585,-50.247174,708
22.960585,-50.643459,738
22.960585,-51.039744,768
22.960585,-51.436029,797
22.960585,-51.832314,827
22.960585,-52.228599,856
22.960585,-52.624883,866
22.960585,-53.021168,895
22.960585,-53.417453,915
22.960585,-53.813738,945
22.960585,-54.210023,955
22.960585,-54.606308,994
22.960585,-55.002592,1023
22.960585,-55.398877,1053
22.960585,-55.795162,1083
22.960585,-56.191447,1092
22.960585,-56.587732,1112
22.960585,-57.380301,1132
22.960585,-57.776586,1152
22.960585,-58.172871,1171
22.960585,-58.569156,1201
22.960585,-58.965441,1211
22.960585,-59.361726,1280
22.960585,-59.75801,1339
BREAK
22.960585,-59.75801,2609
23.35687,-59.75801,2845
23.753154,-59.75801,2884
24.149439,-59.75801,2923
24.942009,-59.75801,2963
25.338294,-59.75801,3002
25.734579,-59.75801,3032
26.130863,-59.75801,3042
26.527148,-59.75801,3120
26.923433,-59.75801,3140
27.319718,-59.75801,3170
27.716003,-59.75801,3179
28.112288,-59.75801,3209
28.508572,-59.75801,3268
28.904857,-59.75801,3288
29.301142,-59.75801,3307
29.697427,-59.75801,3337
30.093712,-59.75801,3347
30.489996,-59.75801,3366
30.886281,-59.75801,3396
31.282566,-59.75801,3406
31.678851,-59.75801,3416
32.075136,-59.75801,3445
32.471421,-59.75801,3455
32.867705,-59.75801,3465
33.26399,-59.75801,3485
34.05656,-59.75801,3504
34.452845,-59.75801,3534
34.84913,-59.75801,3553
35.245414,-59.75801,3574
35.641699,-59.75801,3583
36.037984,-59.75801,3593
36.830554,-59.75801,3612
37.226839,-59.75801,3622
37.623123,-59.75801,3632
38.415693,-59.75801,3642
39.208263,-59.75801,3652
39.604548,-59.75801,3672
40.000832,-59.75801,3681
40.397117,-59.75801,3691
40.793402,-59.75801,3711
41.189687,-59.75801,3721
41.982257,-59.75801,3740
42.378541,-59.75801,3760
43.171111,-59.75801,3770
43.567396,-59.75801,3780
43.963681,-59.75801,3790
44.359966,-59.75801,3800
44.75625,-59.75801,3819
45.152535,-59.75801,3839
45.54882,-59.75801,3849
45.945105,-59.75801,3868
46.737675,-59.75801,3888
47.133959,-59.75801,3908
47.530244,-59.75801,3918
47.926529,-59.75801,3928
48.322814,-59.75801,3937
48.719099,-59.75801,3957
49.115383,-59.75801,3967
49.511668,-59.75801,3977
49.907953,-59.75801,3987
50.304238,-59.75801,3996
50.700523,-59.75801,4006
51.096808,-59.75801,4016
51.493092,-59.75801,4026
51.889377,-59.75801,4036
52.681947,-59.75801,4055
53.078232,-59.75801,4075
53.870801,-59.75801,4085
54.267086,-59.75801,4095
54.663371,-59.75801,4105
55.059656,-59.75801,4115
55.455941,-59.75801,4134
55.852226,-59.75801,4144
56.24851,-59.75801,4154
57.04108,-59.75801,4164
57.437365,-59.75801,4174
58.229935,-59.75801,4193
58.626219,-59.75801,4203
59.022504,-59.75801,4223
59.418789,-59.75801,4233
59.815074,-59.75801,4243
60.211359,-59.75801,4262
60.607644,-59.75801,4282
61.003928,-59.75801,4292
61.400213,-59.75801,4302
61.796498,-59.75801,4321
62.192783,-59.75801,4331
62.985353,-59.75801,4341
63.381637,-59.75801,4351
64.174207,-59.75801,4361
64.966777,-59.75801,4380
65.363062,-59.75801,4390
65.759346,-59.75801,4400
66.155631,-59.75801,4410
66.948201,-59.75801,4420
67.344486,-59.75801,4430
68.137055,-59.75801,4449
68.53334,-59.75801,4469
68.929625,-59.75801,4498
69.32591,-59.75801,4508
BREAK
51.889377,-60.55058,5454
52.285662,-60.55058,5493
52.285662,-60.946865,5502
52.285662,-61.34315,5522
52.285662,-61.739435,5552
52.285662,-62.135719,5571
52.285662,-62.532004,5581
52.285662,-62.928289,5591
52.285662,-63.324574,5611
52.285662,-63.720859,5621
52.285662,-64.117143,5641
BREAK
