START
64.570357,-12.912598,0
64.570357,-13.786282,129
64.570357,-14.659966,149
64.570357,-15.53365,192
64.570357,-16.407335,244
64.570357,-17.281019,265
64.570357,-18.154703,286
64.570357,-19.028387,307
64.570357,-19.902071,317
64.570357,-20.775756,344
64.570357,-21.64944,379
64.570357,-22.523124,403
64.570357,-23.396808,420
64.570357,-24.270492,450
63.696673,-24.270492,833
62.822989,-24.270492,844
61.949305,-24.270492,864
61.949305,-23.396808,875
61.075621,-23.396808,886
60.201936,-23.396808,938
59.328252,-23.396808,949
58.454568,-23.396808,969
57.580884,-23.396808,980
56.7072,-23.396808,990
55.833515,-23.396808,1025
54.959831,-23.396808,1046
54.086147,-23.396808,1066
53.212463,-23.396808,1077
52.338779,-23.396808,1087
51.465094,-23.396808,1107
50.59141,-23.396808,1130
49.717726,-23.396808,1140
48.844042,-23.396808,1162
47.970357,-23.396808,1182
47.096673,-23.396808,1204
46.222989,-23.396808,1214
45.349305,-23.396808,1279
44.475621,-23.396808,1290
43.601936,-23.396808,1328
41.854568,-24.270492,1339
40.980884,-25.144177,1371
40.1072,-26.017861,1427
39.233515,-26.017861,1437
39.233515,-26.891545,1455
38.359831,-26.891545,1466
37.486147,-26.891545,1478
37.486147,-27.765229,1490
37.486147,-28.638914,1515
36.612463,-30.386282,1536
36.612463,-31.259966,1556
35.738779,-32.13365,1567
34.865094,-33.007335,1577
34.865094,-33.881019,1597
34.865094,-34.754703,1614
34.865094,-35.628387,1645
34.865094,-36.502071,1656
34.865094,-37.375756,1679
35.738779,-37.375756,1711
35.738779,-38.24944,1723
36.612463,-38.24944,1734
36.612463,-39.123124,1756
37.486147,-39.123124,1782
38.359831,-39.996808,1802
40.1072,-39.996808,1823
40.980884,-40.870492,1844
41.854568,-40.870492,1854
42.728252,-40.870492,1865
43.601936,-40.870492,1886
44.475621,-41.744177,1906
45.349305,-41.744177,1922
46.222989,-41.744177,1931
47.096673,-41.744177,1958
48.844042,-41.744177,1978
49.717726,-41.744177,1999
50.59141,-41.744177,2025
51.465094,-41.744177,2055
52.338779,-41.744177,2071
53.212463,-41.744177,2092
54.086147,-41.744177,2112
54.959831,-41.744177,2135
55.833515,-41.744177,2152
56.7072,-41.744177,2163
58.454568,-41.744177,2183
59.328252,-41.744177,2204
60.201936,-41.744177,2224
61.949305,-41.744177,2245
62.822989,-41.744177,2268
63.696673,-41.744177,2304
64.570357,-41.744177,2317
65.444042,-42.617861,2352
66.317726,-42.617861,2362
66.317726,-43.491545,2395
66.317726,-44.365229,2425
66.317726,-45.238914,2445
67.19141,-46.112598,2456
67.19141,-46.986282,2477
67.19141,-47.859966,2560
67.19141,-48.73365,2581
68.065094,-48.73365,2592
68.065094,-50.481019,2601
68.065094,-51.354703,2627
68.938779,-51.354703,2637
68.938779,-52.228387,2654
68.938779,-53.102071,2665
68.938779,-53.975756,2705
68.938779,-54.84944,2726
68.938779,-55.723124,2761
68.938779,-56.596808,2771
68.938779,-57.470492,2870
BREAK
48.844042,-44.365229,3680
47.970357,-44.365229,3886
47.970357,-45.238914,3916
47.096673,-46.112598,3946
47.096673,-46.986282,3957
47.096673,-47.859966,3973
47.096673,-48.73365,3999
46.222989,-48.73365,4010
46.222989,-49.607335,4019
46.222989,-50.481019,4041
45.349305,-51.354703,4054
45.349305,-52.228387,4075
45.349305,-53.102071,4099
44.475621,-53.102071,4110
44.475621,-53.975756,4124
44.475621,-54.84944,4135
44.475621,-55.723124,4156
43.601936,-56.596808,4177
43.601936,-57.470492,4219
43.601936,-58.344177,4236
43.601936,-59.217861,4257
43.601936,-60.091545,4281
43.601936,-60.965229,4311
43.601936,-61.838914,4337
43.601936,-62.712598,4347
44.475621,-62.712598,4369
44.475621,-64.459966,4389
45.349305,-64.459966,4399
45.349305,-65.33365,4410
45.349305,-66.207335,4420
46.222989,-67.081019,4430
47.096673,-68.828387,4451
47.970357,-69.702071,4462
48.844042,-69.702071,4484
48.844042,-70.575756,4503
49.717726,-70.575756,4525
49.717726,-71.44944,4543
50.59141,-71.44944,4559
51.465094,-71.44944,4569
52.338779,-71.44944,4580
53.212463,-71.44944,4601
54.086147,-72.323124,4612
54.959831,-72.323124,4623
55.833515,-72.323124,4633
56.7072,-73.196808,4643
58.454568,-73.196808,4653
59.328252,-73.196808,4675
59.328252,-74.070492,4684
60.201936,-74.070492,4695
61.075621,-74.070492,4706
61.949305,-74.070492,4716
62.822989,-74.070492,4726
64.570357,-74.070492,4747
65.444042,-74.070492,4758
66.317726,-74.070492,4778
67.19141,-74.070492,4788
68.065094,-74.070492,4810
69.812463,-74.070492,4830
70.686147,-73.196808,4913
70.686147,-72.323124,4923
BREAK
30.496673,-10.291545,6064
31.370357,-10.291545,6178
31.370357,-11.165229,6191
32.244042,-11.165229,6221
33.99141,-12.038914,6233
34.865094,-12.038914,6243
35.738779,-12.038914,6253
38.359831,-12.038914,6263
40.1072,-12.912598,6273
42.728252,-12.912598,6284
45.349305,-12.912598,6295
48.844042,-12.912598,6304
50.59141,-12.912598,6315
53.212463,-12.912598,6325
56.7072,-12.912598,6336
59.328252,-12.912598,6346
61.949305,-12.912598,6356
63.696673,-12.912598,6367
66.317726,-12.912598,6377
68.938779,-12.912598,6387
71.559831,-12.912598,6397
74.180884,-12.912598,6408
75.928252,-12.912598,6419
78.549305,-12.912598,6428
81.170357,-12.912598,6439
83.79141,-12.912598,6449
85.538779,-12.912598,6460
88.159831,-12.912598,6470
89.9072,-12.912598,6480
91.654568,-12.912598,6491
92.528252,-12.912598,6511
93.401936,-12.912598,6522
94.275621,-12.912598,6532
95.149305,-12.912598,6565
BREAK
