START
28.057867,-22.287798,0
28.057867,-23.277188,86
28.057867,-24.266578,118
28.057867,-25.255968,127
28.057867,-26.245358,134
28.057867,-27.234748,142
28.057867,-28.224138,151
28.057867,-29.213528,158
28.057867,-31.192308,166
28.057867,-32.181698,182
28.057867,-33.171088,206
28.057867,-34.160477,294
28.057867,-35.149867,310
28.057867,-36.139257,343
29.047257,-37.128647,358
29.047257,-38.118037,366
29.047257,-39.107427,375
29.047257,-40.096817,382
30.036647,-41.086207,390
30.036647,-43.064987,398
30.036647,-44.054377,414
30.036647,-45.043767,446
30.036647,-46.033156,471
30.036647,-47.022546,494
30.036647,-49.001326,511
30.036647,-49.990716,526
30.036647,-50.980106,566
30.036647,-51.969496,584
30.036647,-52.958886,614
30.036647,-53.948276,638
30.036647,-54.937666,662
30.036647,-55.927056,671
30.036647,-56.916446,703
30.036647,-57.905836,720
30.036647,-58.895225,734
30.036647,-59.884615,751
30.036647,-60.874005,767
30.036647,-61.863395,799
29.047257,-61.863395,806
29.047257,-62.852785,839
29.047257,-63.842175,886
28.057867,-63.842175,910
28.057867,-64.831565,926
27.068478,-64.831565,934
27.068478,-65.820955,951
26.079088,-65.820955,958
26.079088,-66.810345,974
26.079088,-67.799735,999
25.089698,-67.799735,1031
25.089698,-68.789125,1063
25.089698,-69.778515,1247
BREAK
20.142748,-73.736074,1791
21.132138,-72.746684,1798
22.121528,-71.757294,1831
22.121528,-70.767905,1839
23.110918,-70.767905,1847
24.100308,-69.778515,1862
25.089698,-69.778515,1870
26.079088,-68.789125,1878
27.068478,-67.799735,1902
28.057867,-66.810345,1910
28.057867,-65.820955,1926
29.047257,-64.831565,1934
30.036647,-63.842175,1950
32.015427,-62.852785,1958
33.994207,-62.852785,1966
35.972987,-62.852785,1974
36.962377,-62.852785,1982
38.941157,-62.852785,1990
39.930547,-61.863395,1999
40.919936,-60.874005,2007
42.898716,-60.874005,2015
43.888106,-60.874005,2031
44.877496,-60.874005,2039
44.877496,-59.884615,2047
45.866886,-59.884615,2063
46.856276,-59.884615,2078
47.845666,-59.884615,2087
48.835056,-59.884615,2095
49.824446,-59.884615,2102
50.813836,-59.884615,2111
51.803226,-59.884615,2118
52.792615,-59.884615,2127
53.782005,-59.884615,2151
54.771395,-59.884615,2166
55.760785,-59.884615,2191
56.750175,-59.884615,2238
56.750175,-60.874005,2262
57.739565,-61.863395,2278
58.728955,-61.863395,2286
60.707735,-61.863395,2302
61.697125,-61.863395,2310
62.686515,-61.863395,2319
64.665295,-61.863395,2326
65.654684,-61.863395,2334
66.644074,-61.863395,2358
67.633464,-61.863395,2399
68.622854,-61.863395,2422
69.612244,-61.863395,2430
70.601634,-62.852785,2439
72.580414,-62.852785,2447
73.569804,-62.852785,2471
73.569804,-63.842175,2478
73.569804,-64.831565,2559
74.559194,-64.831565,2609
74.559194,-65.820955,2648
75.548584,-65.820955,2672
75.548584,-66.810345,2679
76.537974,-67.799735,2711
76.537974,-68.789125,2734
77.527363,-68.789125,2742
77.527363,-69.778515,2774
77.527363,-70.767905,2799
78.516753,-70.767905,2806
78.516753,-71.757294,2814
79.506143,-71.757294,2879
79.506143,-72.746684,2903
79.506143,-71.757294,3127
80.495533,-71.757294,3135
BREAK
7.2806791,-80.661804,3911
8.2700691,-80.661804,3974
11.238239,-81.651194,3982
14.206409,-82.640584,3991
17.174578,-82.640584,4000
18.163968,-82.640584,4006
20.142748,-82.640584,4014
22.121528,-82.640584,4022
24.100308,-82.640584,4030
26.079088,-82.640584,4039
27.068478,-82.640584,4046
28.057867,-82.640584,4055
30.036647,-82.640584,4063
31.026037,-82.640584,4078
33.004817,-82.640584,4086
33.994207,-82.640584,4102
35.972987,-82.640584,4111
37.951767,-82.640584,4119
39.930547,-82.640584,4136
40.919936,-82.640584,4143
41.909326,-82.640584,4151
42.898716,-82.640584,4159
43.888106,-82.640584,4166
44.877496,-82.640584,4175
45.866886,-82.640584,4182
46.856276,-82.640584,4231
47.845666,-82.640584,4255
48.835056,-82.640584,4271
49.824446,-82.640584,4278
50.813836,-82.640584,4286
51.803226,-82.640584,4295
52.792615,-82.640584,4310
53.782005,-82.640584,4326
54.771395,-82.640584,4342
55.760785,-82.640584,4351
56.750175,-82.640584,4358
58.728955,-82.640584,4382
59.718345,-82.640584,4398
60.707735,-82.640584,4455
62.686515,-82.640584,4471
63.675905,-82.640584,4486
65.654684,-82.640584,4494
67.633464,-82.640584,4511
68.622854,-82.640584,4526
69.612244,-82.640584,4543
70.601634,-82.640584,4558
71.591024,-82.640584,4566
72.580414,-82.640584,4664
73.569804,-82.640584,4703
74.559194,-82.640584,4718
75.548584,-82.640584,4726
76.537974,-82.640584,4751
77.527363,-82.640584,4791
79.506143,-82.640584,4815
79.506143,-81.651194,4838
79.506143,-80.661804,5446
79.506143,-79.672414,5462
80.495533,-79.672414,5486
80.495533,-78.683024,5495
80.495533,-77.693634,5519
80.495533,-76.704244,5566
80.495533,-75.714854,5591
80.495533,-74.725464,5623
79.506143,-74.725464,5783
78.516753,-74.725464,5815
78.516753,-73.736074,5887
77.527363,-73.736074,5924
77.527363,-72.746684,5983
77.527363,-71.757294,6007
76.537974,-71.757294,6022
76.537974,-70.767905,6055
BREAK
26.079088,-70.767905,6799
25.089698,-70.767905,6814
25.089698,-71.757294,6830
25.089698,-72.746684,6847
25.089698,-73.736074,6871
24.100308,-73.736074,6895
23.110918,-73.736074,6924
22.121528,-73.736074,6959
21.132138,-74.725464,7014
20.142748,-74.725464,7031
19.153358,-74.725464,7078
19.153358,-75.714854,7110
18.163968,-75.714854,7118
17.174578,-75.714854,7134
16.185188,-76.704244,7166
15.195799,-76.704244,7182
15.195799,-77.693634,7191
14.206409,-77.693634,7214
BREAK
50.813836,-40.096817,8390
BREAK
