START
26.641509,-11.859438,0
26.641509,-11.859438,56
27.641509,-11.859438,64
29.641509,-11.859438,80
30.641509,-11.859438,96
33.641509,-11.859438,104
34.641509,-12.859438,112
35.641509,-12.859438,120
37.641509,-12.859438,128
39.641509,-12.859438,136
41.641509,-12.859438,144
43.641509,-12.859438,152
44.641509,-12.859438,160
44.641509,-12.859438,168
47.641509,-12.859438,176
48.641509,-13.859438,184
50.641509,-13.859438,192
51.641509,-13.859438,200
53.641509,-13.859438,208
54.641509,-13.859438,216
57.641509,-13.859438,224
58.641509,-13.859438,232
59.641509,-13.859438,240
60.641509,-13.859438,248
61.641509,-13.859438,256
62.641509,-13.859438,272
63.641509,-13.859438,288
64.641509,-12.859438,304
65.641509,-12.859438,320
66.641509,-12.859438,328
67.641509,-12.859438,336
68.641509,-12.859438,344
69.641509,-12.859438,352
71.641509,-12.859438,376
71.641509,-11.859438,424
71.641509,-11.859438,432
72.641509,-11.859438,440
73.641509,-11.859438,456
74.641509,-11.859438,472
75.641509,-11.859438,552
76.641509,-11.859438,568
77.641509,-11.859438,592
78.641509,-11.859438,609
80.641509,-11.859438,625
80.641509,-11.859438,640
81.641509,-12.859438,657
81.641509,-13.859438,865
80.641509,-14.859438,881
80.641509,-15.859438,889
80.641509,-16.859438,897
80.641509,-18.859438,913
80.641509,-19.859438,921
80.641509,-21.859438,929
80.641509,-22.859438,937
79.641509,-23.859438,945
79.641509,-24.859438,953
79.641509,-25.859438,961
79.641509,-26.859438,969
79.641509,-27.859438,977
79.641509,-28.859438,985
79.641509,-29.859438,993
79.641509,-31.859438,1000
79.641509,-32.859438,1008
79.641509,-32.859438,1016
79.641509,-34.859438,1024
79.641509,-35.859438,1033
79.641509,-37.859438,1048
79.641509,-38.859438,1064
79.641509,-39.859438,1072
79.641509,-40.859438,1080
79.641509,-41.859438,1096
79.641509,-41.859438,1104
79.641509,-42.859438,1112
79.641509,-43.859438,1120
79.641509,-44.859438,1128
79.641509,-45.859438,1136
79.641509,-46.859438,1144
79.641509,-47.859438,1152
79.641509,-48.859438,1160
79.641509,-50.859438,1168
79.641509,-50.859438,1184
79.641509,-51.859438,1192
79.641509,-52.859438,1200
79.641509,-53.859438,1217
79.641509,-54.859438,1224
79.641509,-55.859438,1232
79.641509,-56.859438,1248
79.641509,-57.859438,1256
79.641509,-58.859438,1272
78.641509,-59.859438,1280
78.641509,-60.859438,1304
78.641509,-61.859438,1328
78.641509,-62.859438,1344
78.641509,-63.859438,1376
78.641509,-64.859438,1529
BREAK
