START
54.683962,-12.859438,0
53.683962,-12.859438,41
53.683962,-13.859438,65
53.683962,-14.859438,81
53.683962,-15.859438,89
53.683962,-16.859438,97
53.683962,-18.859438,115
53.683962,-19.859438,129
53.683962,-20.859438,137
53.683962,-21.859438,145
53.683962,-22.859438,159
53.683962,-23.859438,161
53.683962,-24.859438,169
53.683962,-26.859438,185
53.683962,-27.859438,201
53.683962,-29.859438,217
53.683962,-30.859438,240
53.683962,-31.859438,241
53.683962,-32.859438,249
53.683962,-33.859438,257
53.683962,-35.859438,265
53.683962,-36.859438,276
53.683962,-38.859438,281
53.683962,-40.859438,289
53.683962,-41.859438,297
53.683962,-42.859438,305
53.683962,-44.859438,315
53.683962,-45.859438,321
53.683962,-46.859438,329
53.683962,-47.859438,337
53.683962,-48.859438,345
53.683962,-49.859438,356
53.683962,-50.859438,369
53.683962,-51.859438,385
53.683962,-52.859438,403
53.683962,-53.859438,409
53.683962,-54.859438,441
53.683962,-55.859438,457
53.683962,-56.859438,476
53.683962,-57.859438,489
53.683962,-58.859438,505
53.683962,-59.859438,515
53.683962,-60.859438,521
53.683962,-61.859438,537
53.683962,-62.859438,560
53.683962,-63.859438,562
53.683962,-64.859438,577
53.683962,-65.859438,595
53.683962,-66.859438,601
54.683962,-66.859438,745
BREAK
55.683962,-85.859438,1275
BREAK
