START
44.139175,-16.555687,0
43.231959,-16.555687,55
42.324742,-16.555687,152
42.324742,-18.37012,184
42.324742,-19.277336,239
40.510309,-19.277336,255
39.603093,-19.277336,319
39.603093,-20.184553,327
39.603093,-21.091769,359
38.695876,-21.091769,391
38.695876,-22.906202,399
38.695876,-23.813419,447
38.695876,-24.720635,471
37.78866,-24.720635,495
37.78866,-25.627852,559
37.78866,-27.442285,583
35.974227,-27.442285,599
35.974227,-28.349501,623
35.974227,-29.256718,639
35.974227,-30.163934,671
35.974227,-31.978367,687
35.974227,-32.885584,719
35.06701,-32.885584,735
35.06701,-33.7928,743
35.06701,-34.700017,783
34.159794,-36.51445,839
34.159794,-37.421666,847
34.159794,-38.328883,872
33.252577,-38.328883,879
33.252577,-39.236099,903
33.252577,-41.050532,943
31.438144,-41.050532,959
31.438144,-41.957749,967
31.438144,-42.864965,975
31.438144,-43.772182,991
31.438144,-45.586614,1023
31.438144,-46.493831,1039
31.438144,-47.401047,1072
31.438144,-48.308264,1095
31.438144,-50.122697,1111
30.530928,-50.122697,1152
30.530928,-51.029913,1160
30.530928,-51.93713,1184
30.530928,-52.844346,1207
30.530928,-54.658779,1239
30.530928,-55.565996,1279
30.530928,-56.473212,1295
30.530928,-57.380429,1311
30.530928,-59.194862,1336
30.530928,-60.102078,1344
30.530928,-61.009295,1399
30.530928,-61.916511,1416
30.530928,-63.730944,1439
30.530928,-64.638161,1464
31.438144,-64.638161,1487
31.438144,-65.545377,1504
31.438144,-66.452594,1528
33.252577,-66.452594,1544
33.252577,-68.267027,1560
33.252577,-69.174243,1567
34.159794,-69.174243,1576
34.159794,-70.08146,1592
35.06701,-70.08146,1607
35.06701,-70.988676,1640
35.974227,-72.803109,1672
35.974227,-73.710326,1704
37.78866,-74.617542,1720
38.695876,-75.524759,1760
38.695876,-77.339192,1800
39.603093,-77.339192,1808
39.603093,-78.246408,1840
40.510309,-79.153625,1864
40.510309,-80.060841,1912
42.324742,-80.060841,1928
42.324742,-81.875274,1936
43.231959,-82.782491,1968
43.231959,-83.689707,2008
44.139175,-83.689707,2048
44.139175,-84.596924,2112
45.046392,-84.596924,2200
BREAK
44.139175,-12.019604,3440
44.139175,-13.834037,3471
44.139175,-14.741254,3543
44.139175,-15.64847,3599
45.046392,-15.64847,3623
46.860825,-15.64847,3655
46.860825,-16.555687,3663
46.860825,-18.37012,3695
47.768041,-18.37012,3703
47.768041,-19.277336,3711
47.768041,-20.184553,3735
48.675258,-21.091769,3759
49.582474,-21.091769,3791
49.582474,-22.906202,3807
51.396907,-23.813419,3839
52.304124,-24.720635,3847
52.304124,-25.627852,3863
52.304124,-27.442285,3919
52.304124,-28.349501,3935
53.21134,-29.256718,3959
53.21134,-30.163934,3967
53.21134,-31.978367,3983
54.118557,-32.885584,4015
54.118557,-33.7928,4031
54.118557,-34.700017,4047
54.118557,-36.51445,4055
54.118557,-37.421666,4087
55.93299,-38.328883,4111
55.93299,-39.236099,4144
55.93299,-41.050532,4167
55.93299,-41.957749,4199
55.93299,-42.864965,4223
55.93299,-43.772182,4247
55.93299,-45.586614,4279
55.93299,-46.493831,4311
56.840206,-46.493831,4327
56.840206,-47.401047,4343
56.840206,-48.308264,4367
56.840206,-50.122697,4391
56.840206,-51.029913,4407
56.840206,-51.93713,4455
56.840206,-52.844346,4479
56.840206,-54.658779,4487
56.840206,-55.565996,4511
56.840206,-56.473212,4535
56.840206,-57.380429,4592
56.840206,-59.194862,4615
56.840206,-60.102078,4631
56.840206,-61.009295,4655
56.840206,-61.916511,4711
56.840206,-63.730944,4735
56.840206,-64.638161,4751
56.840206,-65.545377,4775
56.840206,-66.452594,4791
56.840206,-68.267027,4847
56.840206,-69.174243,4879
56.840206,-70.08146,4927
55.93299,-70.08146,4959
55.93299,-70.988676,4967
55.93299,-72.803109,4999
54.118557,-72.803109,5015
54.118557,-73.710326,5023
54.118557,-74.617542,5039
53.21134,-75.524759,5071
53.21134,-77.339192,5127
53.21134,-78.246408,5160
53.21134,-79.153625,5176
52.304124,-79.153625,5191
52.304124,-80.060841,5207
52.304124,-81.875274,5231
51.396907,-81.875274,5247
51.396907,-82.782491,5303
49.582474,-82.782491,5319
49.582474,-83.689707,5351
49.582474,-84.596924,5375
48.675258,-84.596924,5399
48.675258,-86.411357,5431
47.768041,-86.411357,5608
BREAK
43.231959,-51.029913,10320
BREAK
