START
44.654616,-18.487308,0
45.494311,-18.487308,76
45.494311,-19.327003,115
44.654616,-20.166697,125
44.654616,-21.006392,135
43.814922,-22.685781,146
43.814922,-23.525476,156
43.814922,-25.204865,177
42.975227,-26.04456,188
42.135532,-27.723949,198
42.135532,-28.563644,208
40.456143,-28.563644,219
40.456143,-29.403339,240
40.456143,-30.243033,250
40.456143,-31.082728,279
40.456143,-31.922423,289
41.295838,-32.762117,300
42.135532,-34.441506,321
42.135532,-35.281201,342
42.975227,-35.281201,352
43.814922,-36.120896,363
45.494311,-37.800285,373
46.334005,-38.63998,394
47.1737,-38.63998,404
48.013395,-38.63998,415
48.853089,-39.479674,436
49.692784,-39.479674,446
50.532479,-39.479674,456
51.372173,-39.479674,477
53.051563,-39.479674,488
53.891257,-39.479674,509
55.570647,-39.479674,519
56.410341,-39.479674,529
58.089731,-37.800285,540
58.929425,-36.96059,564
58.929425,-36.120896,576
59.76912,-36.120896,594
60.608815,-35.281201,615
61.448509,-34.441506,625
62.288204,-33.601812,636
63.127899,-32.762117,646
63.967593,-31.922423,656
64.807288,-31.082728,667
65.646983,-31.082728,677
65.646983,-29.403339,688
67.326372,-28.563644,698
67.326372,-27.723949,719
66.486677,-27.723949,929
66.486677,-28.563644,962
65.646983,-28.563644,973
65.646983,-29.403339,983
63.967593,-29.403339,993
63.967593,-30.243033,1004
63.967593,-31.082728,1014
62.288204,-32.762117,1025
61.448509,-33.601812,1035
60.608815,-35.281201,1045
58.929425,-37.800285,1056
58.089731,-38.63998,1066
57.250036,-39.479674,1077
57.250036,-41.159064,1088
55.570647,-41.998758,1098
54.730952,-42.838453,1108
54.730952,-43.678148,1119
53.891257,-44.517842,1129
53.051563,-46.197232,1140
53.051563,-47.876621,1150
52.211868,-48.716316,1160
52.211868,-50.395705,1171
50.532479,-51.2354,1182
49.692784,-52.914789,1192
49.692784,-53.754484,1202
49.692784,-56.273568,1213
48.013395,-57.113262,1223
47.1737,-58.792652,1234
47.1737,-59.632346,1244
45.494311,-60.472041,1254
44.654616,-62.15143,1265
44.654616,-63.830819,1275
42.975227,-65.510209,1286
42.135532,-66.349903,1296
41.295838,-68.868987,1307
40.456143,-70.548377,1317
38.776754,-72.227766,1339
38.776754,-73.067461,1359
37.097364,-73.067461,1370
37.097364,-73.907155,1380
36.25767,-73.907155,1390
36.25767,-74.74685,1401
34.57828,-75.586545,1411
34.57828,-76.426239,1422
BREAK
