START
34.683962,-85.859438,0
34.683962,-84.859438,96
35.683962,-83.859438,104
35.683962,-81.859438,112
36.683962,-79.859438,120
37.683962,-78.859438,128
38.683962,-75.859438,136
38.683962,-73.859438,144
38.683962,-71.859438,152
40.683962,-69.859438,160
41.683962,-67.859438,168
42.683962,-65.859438,184
44.683962,-64.859438,200
46.683962,-63.859438,216
47.683962,-63.859438,224
48.683962,-63.859438,232
49.683962,-63.859438,240
51.683962,-63.859438,256
52.683962,-63.859438,272
53.683962,-63.859438,280
54.683962,-63.859438,288
55.683962,-63.859438,296
56.683962,-63.859438,304
57.683962,-63.859438,313
58.683962,-63.859438,328
59.683962,-63.859438,344
60.683962,-63.859438,360
61.683962,-63.859438,368
62.683962,-63.859438,376
64.683962,-63.859438,392
64.683962,-64.859438,400
66.683962,-64.859438,408
67.683962,-64.859438,416
68.683962,-65.859438,425
69.683962,-66.859438,432
70.683962,-67.859438,440
71.683962,-68.859438,448
72.683962,-70.859438,456
73.683962,-71.859438,464
75.683962,-74.859438,472
76.683962,-75.859438,480
77.683962,-76.859438,488
77.683962,-77.859438,496
78.683962,-78.859438,504
79.683962,-78.859438,513
79.683962,-79.859438,520
79.683962,-80.859438,592
79.683962,-81.859438,625
79.683962,-82.859438,712
BREAK
34.683962,-20.859438,1504
34.683962,-21.859438,1616
34.683962,-22.859438,1624
34.683962,-23.859438,1640
35.683962,-25.859438,1648
36.683962,-26.859438,1664
36.683962,-27.859438,1672
36.683962,-28.859438,1680
37.683962,-30.859438,1696
37.683962,-31.859438,1712
38.683962,-32.859438,1728
38.683962,-33.859438,1736
38.683962,-34.859438,1744
39.683962,-34.859438,1752
40.683962,-36.859438,1760
41.683962,-37.859438,1776
41.683962,-38.859438,1792
42.683962,-38.859438,1800
42.683962,-39.859438,1808
43.683962,-39.859438,1816
44.683962,-39.859438,1832
44.683962,-40.859438,1840
45.683962,-40.859438,1848
46.683962,-40.859438,1856
47.683962,-41.859438,1864
48.683962,-41.859438,1872
49.683962,-41.859438,1880
50.683962,-41.859438,1888
51.683962,-42.859438,1904
52.683962,-42.859438,1912
53.683962,-43.859438,1928
54.683962,-43.859438,1944
55.683962,-43.859438,1953
56.683962,-43.859438,1968
58.683962,-43.859438,1984
59.683962,-43.859438,1992
61.683962,-43.859438,2008
62.683962,-43.859438,2024
63.683962,-43.859438,2040
64.683962,-43.859438,2048
65.683962,-43.859438,2064
67.683962,-42.859438,2080
68.683962,-42.859438,2088
69.683962,-41.859438,2096
70.683962,-41.859438,2104
71.683962,-40.859438,2120
72.683962,-40.859438,2128
72.683962,-39.859438,2136
72.683962,-38.859438,2153
73.683962,-38.859438,2161
73.683962,-37.859438,2169
73.683962,-36.859438,2176
73.683962,-35.859438,2192
73.683962,-33.859438,2208
73.683962,-32.859438,2225
73.683962,-31.859438,2232
73.683962,-30.859438,2241
73.683962,-29.859438,2248
73.683962,-28.859438,2265
75.683962,-25.859438,2354
BREAK
58.683962,-20.859438,3040
58.683962,-21.859438,3120
58.683962,-22.859438,3128
58.683962,-24.859438,3136
58.683962,-26.859438,3144
58.683962,-27.859438,3152
58.683962,-28.859438,3160
58.683962,-30.859438,3168
58.683962,-31.859438,3176
58.683962,-32.859438,3184
58.683962,-33.859438,3192
58.683962,-34.859438,3208
58.683962,-35.859438,3216
58.683962,-36.859438,3224
58.683962,-37.859438,3232
58.683962,-38.859438,3240
58.683962,-39.859438,3248
58.683962,-40.859438,3256
58.683962,-42.859438,3264
58.683962,-43.859438,3272
58.683962,-45.859438,3288
58.683962,-46.859438,3296
58.683962,-47.859438,3304
58.683962,-48.859438,3312
58.683962,-49.859438,3328
58.683962,-50.859438,3336
58.683962,-51.859438,3352
58.683962,-52.859438,3360
58.683962,-53.859438,3368
58.683962,-54.859438,3376
58.683962,-55.859438,3392
58.683962,-56.859438,3400
58.683962,-57.859438,3416
58.683962,-58.859438,3424
58.683962,-59.859438,3432
58.683962,-60.859438,3440
58.683962,-61.859438,3448
58.683962,-62.859438,3456
58.683962,-63.859438,3464
58.683962,-64.859438,3472
58.683962,-65.859438,3481
58.683962,-66.859438,3488
57.683962,-67.859438,3496
57.683962,-68.859438,3504
57.683962,-70.859438,3520
57.683962,-71.859438,3536
57.683962,-72.859438,3552
57.683962,-73.859438,3560
57.683962,-74.859438,3608
57.683962,-75.859438,3632
57.683962,-76.859438,3640
BREAK
