START
18.737113,-26.535068,0
18.737113,-27.442285,87
18.737113,-28.349501,95
17.829897,-29.256718,103
16.92268,-30.163934,111
16.015464,-31.978367,119
15.108247,-32.885584,127
14.201031,-33.7928,135
13.293814,-35.607233,143
12.386598,-37.421666,151
12.386598,-39.236099,159
10.572165,-41.050532,167
10.572165,-41.957749,175
9.6649485,-43.772182,183
8.757732,-45.586614,191
7.8505155,-47.401047,199
7.8505155,-48.308264,207
7.8505155,-50.122697,215
7.8505155,-51.93713,223
7.8505155,-52.844346,231
7.8505155,-53.751563,239
7.8505155,-54.658779,247
7.8505155,-56.473212,255
7.8505155,-57.380429,263
7.8505155,-59.194862,271
7.8505155,-60.102078,279
7.8505155,-61.009295,287
7.8505155,-62.823728,295
7.8505155,-63.730944,303
7.8505155,-65.545377,311
7.8505155,-66.452594,319
7.8505155,-68.267027,327
8.757732,-69.174243,335
9.6649485,-70.08146,343
9.6649485,-70.988676,351
10.572165,-71.895893,359
11.479381,-72.803109,367
12.386598,-73.710326,375
13.293814,-74.617542,384
14.201031,-75.524759,399
15.108247,-76.431975,415
16.015464,-77.339192,423
16.92268,-77.339192,439
17.829897,-77.339192,455
17.829897,-78.246408,463
18.737113,-78.246408,479
19.64433,-78.246408,487
20.551546,-78.246408,503
20.551546,-79.153625,511
21.458763,-79.153625,519
21.458763,-80.060841,527
22.365979,-80.060841,535
23.273196,-80.968058,543
24.180412,-81.875274,551
25.994845,-81.875274,567
26.902062,-81.875274,575
27.809278,-82.782491,583
BREAK
67.726804,-17.462903,1496
68.634021,-17.462903,1543
68.634021,-18.37012,1550
69.541237,-19.277336,1559
70.448454,-20.184553,1567
71.35567,-21.998986,1575
71.35567,-22.906202,1583
72.262887,-25.627852,1591
73.170103,-27.442285,1599
73.170103,-30.163934,1607
74.07732,-31.978367,1615
74.07732,-34.700017,1623
74.07732,-37.421666,1631
74.07732,-40.143316,1639
74.07732,-41.957749,1647
74.07732,-44.679398,1655
74.984536,-47.401047,1663
74.984536,-50.122697,1671
74.984536,-51.93713,1679
74.984536,-53.751563,1687
74.984536,-55.565996,1695
74.984536,-56.473212,1703
74.984536,-58.287645,1711
74.984536,-59.194862,1719
74.984536,-60.102078,1727
74.984536,-61.916511,1735
74.984536,-62.823728,1743
74.984536,-64.638161,1751
74.984536,-65.545377,1759
74.07732,-66.452594,1767
74.07732,-67.35981,1775
73.170103,-68.267027,1783
73.170103,-70.08146,1791
73.170103,-70.988676,1799
73.170103,-71.895893,1807
72.262887,-72.803109,1815
72.262887,-73.710326,1823
71.35567,-74.617542,1839
71.35567,-75.524759,1855
70.448454,-76.431975,1863
69.541237,-77.339192,1871
68.634021,-77.339192,1879
68.634021,-79.153625,1887
67.726804,-79.153625,1895
66.819588,-80.060841,1903
65.912371,-80.968058,1911
65.005155,-81.875274,1927
64.097938,-82.782491,1943
63.190722,-82.782491,1951
BREAK
25.994845,-64.638161,2535
BREAK
41.417526,-36.51445,2831
BREAK
