START
24.149439,-53.417453,0
24.149439,-53.417453,76
24.545724,-53.417453,154
24.942009,-53.417453,175
24.942009,-53.813738,185
25.734579,-53.813738,199
25.734579,-54.210023,206
26.130863,-54.210023,216
26.130863,-54.606308,227
26.923433,-55.002592,237
26.923433,-55.398877,247
27.319718,-55.795162,257
27.716003,-55.795162,268
28.112288,-56.191447,277
28.904857,-56.587732,299
28.904857,-56.984017,309
29.301142,-56.984017,319
29.697427,-57.380301,350
29.697427,-57.776586,370
30.093712,-57.776586,381
30.093712,-58.172871,391
30.093712,-58.569156,412
30.093712,-58.965441,442
30.093712,-59.361726,453
29.697427,-59.75801,474
29.301142,-59.75801,484
28.904857,-59.75801,494
28.508572,-59.75801,505
28.112288,-59.75801,515
26.527148,-59.75801,525
25.338294,-59.75801,535
24.149439,-59.75801,546
22.960585,-59.361726,556
21.375445,-58.965441,566
20.186591,-58.172871,577
18.205167,-57.776586,587
17.808882,-57.776586,598
17.016312,-57.776586,607
16.620027,-57.380301,618
16.620027,-56.984017,669
16.223743,-56.587732,690
16.223743,-56.587732,705
15.827458,-56.587732,711
15.827458,-55.795162,721
15.827458,-55.398877,731
15.827458,-55.002592,741
16.223743,-54.210023,752
17.016312,-53.417453,763
17.808882,-52.624883,773
18.997736,-51.832314,783
19.394021,-51.832314,793
20.186591,-51.039744,804
20.979161,-50.643459,814
21.375445,-49.85089,824
22.168015,-49.454605,834
22.5643,-49.454605,865
22.960585,-49.454605,876
22.960585,-49.05832,888
23.35687,-49.05832,897
23.753154,-49.05832,906
23.753154,-48.662035,928
24.149439,-48.662035,989
24.545724,-48.662035,1010
24.942009,-48.662035,1020
25.338294,-48.662035,1030
25.734579,-48.662035,1051
26.130863,-48.662035,1071
26.130863,-48.662035,1076
26.923433,-48.662035,1082
27.319718,-48.662035,1092
27.716003,-48.662035,1103
28.904857,-48.662035,1112
29.301142,-48.662035,1133
30.093712,-48.662035,1144
30.489996,-48.662035,1153
31.282566,-48.662035,1175
31.678851,-48.662035,1195
32.075136,-48.662035,1205
32.471421,-48.662035,1218
33.26399,-48.662035,1226
34.05656,-48.662035,1236
34.452845,-48.662035,1246
34.84913,-48.662035,1259
35.641699,-48.662035,1268
36.037984,-48.662035,1277
36.830554,-48.662035,1288
37.623123,-48.662035,1298
38.415693,-48.662035,1309
39.208263,-48.662035,1318
40.397117,-49.05832,1329
40.793402,-49.454605,1339
41.585972,-49.454605,1350
41.982257,-49.454605,1359
41.982257,-49.85089,1370
42.378541,-49.85089,1381
42.774826,-50.247174,1401
42.774826,-50.643459,1411
43.171111,-50.643459,1422
43.567396,-51.436029,1432
43.963681,-51.832314,1442
44.359966,-52.624883,1452
44.359966,-53.021168,1463
44.359966,-53.813738,1474
44.359966,-54.606308,1483
44.359966,-55.398877,1494
44.359966,-55.795162,1504
44.359966,-56.587732,1515
44.359966,-57.380301,1524
43.963681,-57.776586,1535
43.567396,-58.172871,1545
43.567396,-58.569156,1556
43.171111,-58.569156,1565
42.774826,-58.965441,1576
42.378541,-59.361726,1587
41.982257,-59.361726,1617
41.982257,-59.361726,1719
42.378541,-58.965441,1782
43.567396,-58.965441,1793
46.34139,-58.569156,1803
48.322814,-58.172871,1814
49.907953,-58.172871,1823
53.078232,-58.172871,1834
55.455941,-58.172871,1845
58.229935,-58.172871,1855
59.815074,-58.172871,1865
61.796498,-58.172871,1875
62.192783,-58.172871,1886
63.777922,-58.172871,1896
64.570492,-58.172871,1906
65.759346,-58.172871,1916
66.551916,-58.172871,1927
67.74077,-58.172871,1937
68.137055,-58.172871,1947
68.929625,-58.172871,1957
69.32591,-58.172871,1981
69.722195,-58.172871,2029
70.118479,-58.172871,2040
70.911049,-58.172871,2050
71.307334,-58.172871,2061
72.496188,-58.172871,2071
72.496188,-58.172871,2076
72.892473,-58.172871,2081
72.892473,-57.776586,2112
72.892473,-57.380301,2153
72.892473,-56.984017,2163
72.892473,-56.191447,2174
72.892473,-55.002592,2185
72.496188,-53.417453,2194
72.099904,-51.436029,2205
71.703619,-49.454605,2215
71.307334,-47.869465,2226
71.307334,-47.076896,2235
70.911049,-45.888041,2246
70.911049,-45.095472,2256
70.514764,-44.302902,2267
70.118479,-43.906617,2287
BREAK
24.942009,-53.417453,3060
24.942009,-53.417453,3075
24.545724,-53.417453,3080
24.149439,-53.417453,3090
23.753154,-53.417453,3101
22.960585,-53.021168,3121
22.168015,-53.021168,3142
21.375445,-53.021168,3162
20.582876,-53.021168,3173
19.394021,-53.021168,3186
18.601452,-53.021168,3193
17.016312,-53.021168,3204
15.827458,-53.021168,3214
14.242318,-53.021168,3225
13.846034,-53.021168,3234
13.449749,-53.021168,3245
12.657179,-53.021168,3255
BREAK
