START
31.678851,-53.417453,0
30.489996,-53.417453,61
30.489996,-53.813738,64
30.093712,-54.210023,80
30.093712,-54.606308,87
30.093712,-55.002592,96
30.093712,-55.795162,104
30.093712,-56.191447,111
30.093712,-56.587732,119
30.093712,-56.984017,127
30.093712,-57.380301,151
30.093712,-57.776586,159
30.093712,-58.172871,175
30.093712,-58.569156,183
30.489996,-58.965441,191
30.886281,-58.965441,199
30.886281,-59.361726,207
31.282566,-59.361726,215
31.678851,-59.75801,223
32.075136,-59.75801,232
32.867705,-60.154295,248
33.26399,-60.154295,255
33.660275,-60.154295,264
34.05656,-60.154295,272
34.452845,-60.154295,280
34.84913,-60.154295,288
35.641699,-60.154295,295
36.037984,-60.154295,304
36.434269,-60.154295,319
36.434269,-59.75801,327
36.830554,-59.75801,336
37.226839,-59.361726,343
37.226839,-58.965441,352
37.226839,-58.569156,360
37.623123,-58.172871,376
37.623123,-57.380301,384
37.623123,-56.984017,391
37.623123,-56.587732,400
37.623123,-56.191447,407
37.623123,-55.398877,416
37.623123,-54.606308,432
37.623123,-54.210023,440
37.226839,-53.813738,448
36.830554,-53.417453,456
36.434269,-53.417453,464
36.037984,-53.021168,472
35.641699,-53.021168,479
35.245414,-53.021168,488
34.84913,-52.624883,495
34.05656,-52.624883,512
33.660275,-52.624883,528
33.26399,-52.624883,536
32.471421,-52.624883,544
32.075136,-52.624883,552
31.678851,-52.624883,568
31.282566,-52.624883,576
30.886281,-52.624883,584
30.489996,-52.624883,624
30.489996,-53.021168,744
BREAK
30.489996,-53.021168,1352
30.489996,-52.624883,1367
30.489996,-52.228599,1383
30.489996,-51.436029,1391
30.489996,-51.039744,1399
30.489996,-50.643459,1407
30.489996,-49.85089,1416
30.489996,-49.454605,1424
30.489996,-49.05832,1432
30.489996,-48.26575,1439
30.489996,-47.869465,1447
30.489996,-47.473181,1455
30.489996,-46.680611,1463
30.489996,-46.284326,1479
30.489996,-45.888041,1487
30.489996,-45.095472,1495
30.489996,-44.699187,1511
30.886281,-44.302902,1520
30.886281,-43.906617,1527
31.282566,-43.906617,1536
31.282566,-43.510332,1551
31.678851,-43.114048,1559
31.678851,-42.717763,1568
32.075136,-42.717763,1575
32.075136,-42.321478,1584
32.471421,-42.321478,1592
32.867705,-41.925193,1608
33.26399,-41.528908,1616
33.660275,-41.528908,1624
34.05656,-41.132623,1632
34.452845,-40.736339,1640
34.84913,-40.736339,1647
35.245414,-40.736339,1664
35.641699,-40.736339,1672
35.641699,-40.340054,1679
36.037984,-40.340054,1688
36.434269,-40.340054,1695
37.226839,-40.340054,1704
37.623123,-40.340054,1720
38.019408,-40.340054,1736
38.415693,-40.340054,1744
38.811978,-40.340054,1752
39.208263,-40.340054,1768
39.604548,-40.340054,1776
40.397117,-40.340054,1784
40.793402,-40.736339,1793
41.189687,-40.736339,1800
41.585972,-40.736339,1808
41.982257,-40.736339,1816
43.171111,-41.132623,1824
43.567396,-41.528908,1831
44.359966,-41.528908,1840
45.152535,-41.925193,1848
45.945105,-41.925193,1864
46.34139,-42.321478,1872
46.737675,-42.321478,1880
46.737675,-42.717763,1888
47.133959,-42.717763,1896
47.530244,-43.510332,1904
47.926529,-43.906617,1928
47.926529,-44.302902,1936
48.322814,-44.302902,1944
48.719099,-44.699187,1952
49.115383,-45.095472,1960
49.511668,-45.888041,1968
49.511668,-46.284326,1976
49.907953,-46.680611,1984
50.304238,-46.680611,1992
50.304238,-47.076896,2000
50.700523,-47.869465,2008
51.096808,-47.869465,2016
51.096808,-48.662035,2024
51.096808,-49.05832,2040
51.096808,-49.454605,2048
51.096808,-49.85089,2056
51.096808,-50.247174,2064
51.096808,-51.039744,2072
51.096808,-51.436029,2080
51.096808,-51.832314,2088
51.096808,-52.624883,2096
51.096808,-53.021168,2104
51.096808,-53.417453,2112
51.096808,-54.210023,2120
51.096808,-54.606308,2128
51.096808,-55.002592,2136
51.096808,-55.398877,2144
51.096808,-55.795162,2152
51.096808,-56.191447,2160
51.096808,-56.587732,2168
51.096808,-56.984017,2176
51.096808,-57.380301,2184
51.096808,-57.776586,2192
51.096808,-58.172871,2200
50.700523,-58.569156,2208
50.304238,-59.361726,2224
50.304238,-59.75801,2232
49.907953,-60.154295,2248
49.907953,-60.55058,2272
49.511668,-60.946865,2280
49.511668,-61.34315,2288
49.115383,-61.739435,2304
49.115383,-62.135719,2312
48.719099,-62.532004,2320
48.719099,-62.928289,2336
48.322814,-63.324574,2352
47.926529,-63.324574,2368
47.926529,-63.720859,2376
47.530244,-64.117143,2400
47.133959,-64.117143,2416
46.737675,-64.513428,2448
46.34139,-64.513428,2464
47.530244,-64.513428,2624
47.926529,-64.513428,2632
49.115383,-64.513428,2640
49.511668,-64.513428,2648
50.700523,-64.513428,2656
51.493092,-64.909713,2664
52.681947,-64.909713,2672
53.870801,-64.909713,2680
55.059656,-64.909713,2688
55.852226,-64.909713,2696
57.04108,-64.909713,2704
57.83365,-64.909713,2712
59.022504,-64.909713,2720
60.211359,-64.909713,2728
61.003928,-64.909713,2736
61.796498,-64.909713,2744
62.589068,-64.909713,2752
63.381637,-64.909713,2760
63.777922,-64.909713,2768
64.174207,-64.909713,2776
64.966777,-64.909713,2784
65.363062,-64.909713,2792
66.551916,-64.909713,2808
66.948201,-64.909713,2816
67.344486,-64.909713,2824
67.74077,-64.909713,2832
68.53334,-64.909713,2840
68.929625,-64.909713,2848
70.118479,-64.909713,2856
70.514764,-64.909713,2864
71.703619,-64.909713,2872
72.099904,-64.909713,2880
72.892473,-64.909713,2888
73.685043,-64.909713,2896
74.081328,-64.909713,2904
74.873897,-64.909713,2912
75.270182,-64.909713,2920
75.666467,-64.909713,2928
76.459037,-64.909713,2936
77.251606,-64.909713,2952
78.044176,-64.909713,2960
78.836746,-64.909713,2976
79.233031,-64.909713,2984
79.629315,-64.909713,2992
80.0256,-64.909713,3000
80.421885,-64.909713,3008
80.81817,-64.909713,3024
81.214455,-64.909713,3064
81.61074,-64.909713,3072
82.007024,-64.909713,3088
82.403309,-64.909713,3104
83.195879,-64.909713,3120
83.195879,-64.513428,3128
83.592164,-64.513428,3136
83.988449,-64.513428,3144
84.384733,-64.513428,3160
84.384733,-63.324574,3304
84.384733,-62.532004,3312
84.384733,-61.739435,3320
84.384733,-60.55058,3328
84.384733,-59.361726,3344
84.384733,-58.569156,3352
84.384733,-57.380301,3360
84.384733,-55.398877,3368
84.384733,-53.813738,3376
84.384733,-52.228599,3384
84.384733,-51.039744,3392
84.384733,-49.85089,3400
84.384733,-48.662035,3408
84.384733,-47.473181,3416
84.384733,-46.680611,3424
84.384733,-45.491756,3432
84.384733,-44.699187,3440
84.384733,-43.906617,3448
84.384733,-43.510332,3456
84.384733,-43.114048,3464
84.384733,-42.717763,3472
BREAK
