START
30.093712,-52.624883,0
30.489996,-52.624883,19
30.886281,-52.624883,29
31.282566,-52.624883,69
31.678851,-52.624883,78
32.075136,-52.624883,98
32.471421,-53.021168,118
32.867705,-53.417453,138
33.26399,-53.813738,147
33.26399,-54.210023,157
33.660275,-54.606308,177
34.05656,-55.398877,197
34.05656,-55.795162,216
34.05656,-56.587732,236
34.05656,-56.984017,256
34.05656,-57.380301,266
34.05656,-57.776586,275
33.660275,-57.776586,285
33.26399,-58.172871,295
33.26399,-58.569156,305
32.867705,-58.965441,315
32.471421,-58.965441,334
32.075136,-58.965441,344
31.678851,-58.965441,364
31.282566,-58.965441,394
30.489996,-58.965441,423
29.697427,-58.569156,433
28.904857,-58.569156,443
28.508572,-58.569156,453
28.112288,-58.172871,462
27.319718,-57.776586,472
26.923433,-57.380301,492
26.527148,-56.984017,502
26.130863,-56.587732,512
25.338294,-55.795162,531
25.338294,-55.398877,541
24.942009,-55.002592,551
24.545724,-55.002592,561
24.545724,-54.606308,571
24.545724,-54.210023,581
24.545724,-53.813738,590
24.545724,-53.417453,600
24.149439,-52.624883,620
24.149439,-52.228599,630
24.149439,-51.832314,640
24.149439,-51.436029,650
24.149439,-50.643459,659
24.149439,-50.247174,669
24.149439,-49.85089,679
24.545724,-49.454605,689
24.545724,-49.05832,699
24.942009,-48.26575,709
25.338294,-47.869465,718
25.734579,-47.473181,728
26.130863,-47.076896,738
26.527148,-46.680611,748
26.923433,-45.888041,758
27.319718,-45.888041,768
28.112288,-45.095472,778
28.508572,-45.095472,787
29.301142,-44.699187,797
30.093712,-44.302902,807
30.489996,-43.906617,817
30.886281,-43.906617,827
31.678851,-43.510332,837
32.075136,-43.510332,847
32.867705,-43.114048,856
33.26399,-42.717763,866
33.660275,-42.717763,876
34.05656,-42.321478,886
34.84913,-42.321478,896
35.641699,-42.321478,906
36.037984,-42.321478,916
36.830554,-42.321478,925
37.226839,-42.321478,935
38.019408,-42.321478,945
38.415693,-42.321478,955
38.811978,-42.321478,966
39.604548,-42.321478,975
40.397117,-42.717763,984
40.793402,-43.114048,994
41.585972,-43.510332,1004
42.378541,-43.906617,1014
42.774826,-43.906617,1024
43.171111,-43.906617,1034
43.171111,-44.302902,1044
43.567396,-44.699187,1063
43.963681,-45.095472,1073
43.963681,-45.491756,1083
44.359966,-45.888041,1093
45.152535,-46.284326,1103
45.152535,-47.076896,1113
45.152535,-47.869465,1122
45.152535,-48.662035,1132
45.54882,-49.05832,1142
45.54882,-49.454605,1152
45.54882,-49.85089,1172
45.54882,-50.247174,1181
45.54882,-50.643459,1191
45.54882,-51.039744,1211
45.54882,-51.832314,1221
45.54882,-52.228599,1231
45.54882,-52.624883,1241
45.54882,-53.021168,1250
45.54882,-53.813738,1270
45.54882,-54.210023,1280
45.54882,-54.606308,1290
45.152535,-55.002592,1300
44.75625,-55.398877,1309
44.75625,-55.795162,1319
44.75625,-56.191447,1329
44.359966,-56.191447,1339
44.359966,-56.587732,1457
44.359966,-56.984017,1733
BREAK
44.359966,-56.587732,2107
44.75625,-56.587732,2205
45.54882,-56.587732,2215
46.34139,-56.587732,2225
47.133959,-56.587732,2234
47.926529,-56.587732,2244
49.511668,-56.587732,2254
50.700523,-56.984017,2265
52.681947,-57.380301,2274
53.474517,-57.380301,2284
54.267086,-57.380301,2294
55.059656,-57.380301,2303
55.852226,-57.380301,2313
56.24851,-57.380301,2323
57.04108,-57.380301,2333
57.83365,-57.380301,2353
58.626219,-57.380301,2362
59.022504,-57.380301,2372
60.211359,-57.380301,2382
60.607644,-57.380301,2392
61.400213,-57.380301,2402
62.192783,-57.380301,2412
62.589068,-57.380301,2422
62.985353,-57.380301,2431
64.174207,-57.380301,2441
64.570492,-57.380301,2451
65.363062,-57.380301,2461
66.155631,-57.380301,2471
66.551916,-57.380301,2481
66.948201,-57.380301,2490
BREAK
67.74077,-41.925193,3170
67.74077,-42.321478,3219
67.74077,-42.717763,3229
67.74077,-43.114048,3239
67.74077,-43.510332,3249
67.74077,-44.302902,3258
67.74077,-45.095472,3278
67.74077,-45.491756,3288
67.74077,-46.284326,3308
67.74077,-46.680611,3327
67.74077,-47.473181,3337
67.74077,-47.869465,3357
67.74077,-48.26575,3367
67.74077,-48.662035,3376
67.74077,-49.454605,3386
67.74077,-50.247174,3406
67.74077,-50.643459,3416
67.74077,-51.832314,3426
67.74077,-52.228599,3445
68.137055,-52.624883,3455
68.137055,-53.021168,3465
68.137055,-53.417453,3485
68.137055,-54.210023,3495
68.137055,-54.606308,3514
68.137055,-55.002592,3534
68.137055,-55.398877,3544
68.137055,-55.795162,3573
68.137055,-56.191447,3593
68.137055,-56.587732,3623
67.344486,-56.587732,3820
66.551916,-56.587732,3829
66.155631,-56.587732,3839
65.759346,-56.587732,3849
65.363062,-56.587732,3859
64.966777,-56.587732,3888
BREAK
