START
32.641509,-41.859438,0
33.641509,-41.859438,192
34.641509,-41.859438,203
36.641509,-40.859438,217
38.641509,-40.859438,229
41.641509,-39.859438,240
44.641509,-38.859438,253
48.641509,-37.859438,265
51.641509,-36.859438,278
55.641509,-35.859438,289
59.641509,-34.859438,300
62.641509,-32.859438,313
64.641509,-31.859438,325
66.641509,-31.859438,337
69.641509,-29.859438,349
71.641509,-29.859438,362
73.641509,-28.859438,374
74.641509,-28.859438,386
75.641509,-28.859438,399
76.641509,-27.859438,410
77.641509,-27.859438,423
BREAK
50.641509,-40.859438,1500
50.641509,-41.859438,1621
50.641509,-43.859438,1633
50.641509,-45.859438,1646
50.641509,-47.859438,1657
50.641509,-48.859438,1670
49.641509,-50.859438,1683
49.641509,-51.859438,1695
49.641509,-52.859438,1706
49.641509,-53.859438,1718
49.641509,-54.859438,1730
49.641509,-55.859438,1743
49.641509,-56.859438,1767
48.641509,-56.859438,1792
48.641509,-57.859438,1804
48.641509,-58.859438,1817
47.641509,-58.859438,1840
47.641509,-59.859438,1851
46.641509,-60.859438,1875
BREAK
74.641509,-6.8594378,3366
74.641509,-7.8594378,3426
74.641509,-9.8594378,3438
74.641509,-11.859438,3451
74.641509,-14.859438,3462
74.641509,-18.859438,3474
74.641509,-23.859438,3486
74.641509,-26.859438,3498
74.641509,-29.859438,3510
74.641509,-34.859438,3522
74.641509,-37.859438,3535
74.641509,-41.859438,3546
74.641509,-43.859438,3560
74.641509,-46.859438,3570
74.641509,-48.859438,3582
74.641509,-49.859438,3595
74.641509,-51.859438,3608
74.641509,-53.859438,3620
74.641509,-54.859438,3644
74.641509,-55.859438,3680
74.641509,-56.859438,3691
74.641509,-57.859438,3704
74.641509,-58.859438,3717
74.641509,-59.859438,3729
74.641509,-61.859438,3740
74.641509,-63.859438,3753
74.641509,-64.859438,3764
74.641509,-66.859438,3779
74.641509,-67.859438,3791
74.641509,-68.859438,3801
74.641509,-70.859438,3813
74.641509,-72.859438,3825
74.641509,-73.859438,3837
74.641509,-75.859438,3849
74.641509,-78.859438,3861
74.641509,-79.859438,3875
74.641509,-80.859438,3885
74.641509,-81.859438,3898
74.641509,-82.859438,3910
74.641509,-83.859438,3922
BREAK
