START
56.254717,-24.827309,0
56.254717,-25.827309,200
56.254717,-26.827309,223
56.254717,-28.827309,303
56.254717,-29.827309,319
56.254717,-30.827309,335
56.254717,-31.827309,359
56.254717,-32.827309,375
56.254717,-33.827309,415
56.254717,-34.827309,439
56.254717,-35.827309,463
56.254717,-36.827309,471
57.254717,-36.827309,488
57.254717,-37.827309,504
57.254717,-38.827309,528
57.254717,-39.827309,551
57.254717,-40.827309,623
57.254717,-41.827309,704
57.254717,-42.827309,719
56.254717,-42.827309,1232
55.254717,-42.827309,1255
54.254717,-42.827309,1303
53.254717,-42.827309,1311
52.254717,-42.827309,1319
51.254717,-42.827309,1328
50.254717,-42.827309,1399
49.254717,-42.827309,1408
48.254717,-42.827309,1423
47.254717,-42.827309,1488
46.254717,-42.827309,1504
45.254717,-42.827309,1511
44.254717,-42.827309,1583
43.254717,-42.827309,1600
43.254717,-41.827309,1608
42.254717,-41.827309,1671
41.254717,-41.827309,1679
40.254717,-41.827309,1688
39.254717,-41.827309,1696
38.254717,-41.827309,1759
37.254717,-41.827309,1784
36.254717,-41.827309,1816
35.254717,-41.827309,1871
34.254717,-41.827309,1935
33.254717,-41.827309,1943
32.254717,-41.827309,2040
31.254717,-41.827309,2055
30.254717,-41.827309,2128
29.254717,-41.827309,2551
28.254717,-41.827309,2583
27.254717,-41.827309,2608
26.254717,-41.827309,2623
25.254717,-41.827309,2664
25.254717,-40.827309,2679
26.254717,-40.827309,3112
26.254717,-41.827309,3119
27.254717,-41.827309,3128
27.254717,-42.827309,3143
28.254717,-42.827309,3169
29.254717,-43.827309,3184
29.254717,-44.827309,3192
30.254717,-44.827309,3224
30.254717,-45.827309,3240
31.254717,-46.827309,3296
31.254717,-47.827309,3320
32.254717,-48.827309,3336
33.254717,-48.827309,3344
33.254717,-49.827309,3376
34.254717,-50.827309,3416
35.254717,-51.827309,3496
35.254717,-52.827309,3504
36.254717,-52.827309,3512
37.254717,-53.827309,3536
37.254717,-54.827309,3576
38.254717,-54.827309,3592
38.254717,-55.827309,3616
39.254717,-55.827309,3633
39.254717,-56.827309,3640
39.254717,-57.827309,3656
40.254717,-57.827309,3672
41.254717,-57.827309,3680
41.254717,-58.827309,3688
41.254717,-59.827309,3720
42.254717,-59.827309,3728
42.254717,-60.827309,3752
42.254717,-61.827309,3768
43.254717,-61.827309,3776
43.254717,-62.827309,3784
43.254717,-63.827309,3808
44.254717,-63.827309,3816
45.254717,-63.827309,3832
45.254717,-64.827309,3840
45.254717,-65.827309,3856
45.254717,-66.827309,3912
46.254717,-66.827309,3928
47.254717,-66.827309,3976
47.254717,-67.827309,4008
48.254717,-67.827309,4024
48.254717,-68.827309,4032
49.254717,-69.827309,4040
49.254717,-70.827309,4096
50.254717,-70.827309,4112
50.254717,-71.827309,4120
50.254717,-72.827309,4128
51.254717,-73.827309,4137
51.254717,-74.827309,4232
52.254717,-74.827309,4248
52.254717,-75.827309,4256
52.254717,-76.827309,4264
53.254717,-77.827309,4288
53.254717,-78.827309,4416
54.254717,-78.827309,4424
54.254717,-79.827309,4440
54.254717,-80.827309,4464
54.254717,-81.827309,4472
55.254717,-81.827309,4512
55.254717,-82.827309,4552
55.254717,-83.827309,4592
56.254717,-83.827309,4600
57.254717,-84.827309,4752
57.254717,-85.827309,4769
58.254717,-86.827309,5392
58.254717,-87.827309,5480
58.254717,-86.827309,5896
58.254717,-85.827309,5904
59.254717,-85.827309,5912
59.254717,-84.827309,5928
60.254717,-83.827309,5944
61.254717,-82.827309,5960
61.254717,-81.827309,6000
62.254717,-81.827309,6032
62.254717,-80.827309,6040
62.254717,-79.827309,6064
62.254717,-78.827309,6073
63.254717,-78.827309,6080
63.254717,-77.827309,6152
64.254717,-77.827309,6169
64.254717,-76.827309,6176
65.254717,-76.827309,6185
65.254717,-75.827309,6192
65.254717,-74.827309,6224
66.254717,-74.827309,6248
66.254717,-73.827309,6256
67.254717,-72.827309,6296
67.254717,-71.827309,6312
68.254717,-71.827309,6336
68.254717,-70.827309,6344
69.254717,-70.827309,6360
69.254717,-69.827309,6392
70.254717,-69.827309,6408
70.254717,-68.827309,6424
70.254717,-67.827309,6456
71.254717,-67.827309,6480
71.254717,-66.827309,6488
72.254717,-65.827309,6512
73.254717,-65.827309,6552
73.254717,-64.827309,6576
74.254717,-64.827309,6600
74.254717,-63.827309,6608
74.254717,-62.827309,6624
75.254717,-62.827309,6640
75.254717,-61.827309,6664
76.254717,-60.827309,6688
77.254717,-60.827309,6704
77.254717,-59.827309,6720
77.254717,-58.827309,6744
78.254717,-58.827309,6760
77.254717,-58.827309,7640
76.254717,-58.827309,7664
75.254717,-58.827309,7672
74.254717,-58.827309,7680
73.254717,-58.827309,7688
72.254717,-58.827309,7696
71.254717,-58.827309,7712
70.254717,-58.827309,7728
69.254717,-58.827309,7768
68.254717,-58.827309,7784
67.254717,-58.827309,7792
66.254717,-58.827309,7816
65.254717,-58.827309,7840
65.254717,-57.827309,7864
64.254717,-57.827309,7880
63.254717,-57.827309,7888
62.254717,-57.827309,7912
61.254717,-57.827309,7984
60.254717,-57.827309,7992
59.254717,-57.827309,8000
58.254717,-57.827309,8008
57.254717,-57.827309,8096
56.254717,-57.827309,8104
55.254717,-57.827309,8112
53.254717,-57.827309,8120
52.254717,-57.827309,8136
51.254717,-57.827309,8192
49.254717,-57.827309,8200
48.254717,-57.827309,8216
47.254717,-57.827309,8272
46.254717,-57.827309,8320
45.254717,-57.827309,8328
44.254717,-57.827309,8336
43.254717,-57.827309,8400
42.254717,-57.827309,8416
41.254717,-57.827309,8480
40.254717,-57.827309,8496
39.254717,-57.827309,8512
38.254717,-57.827309,8600
38.254717,-58.827309,8616
37.254717,-58.827309,9064
37.254717,-59.827309,9072
36.254717,-59.827309,9096
36.254717,-60.827309,9440
36.254717,-61.827309,9448
36.254717,-62.827309,9456
36.254717,-63.827309,9464
36.254717,-64.827309,9472
36.254717,-65.827309,9488
36.254717,-66.827309,9504
36.254717,-67.827309,9536
36.254717,-68.827309,9552
36.254717,-69.827309,9569
36.254717,-70.827309,9584
36.254717,-71.827309,9600
36.254717,-72.827309,9608
36.254717,-73.827309,9624
36.254717,-74.827309,9640
36.254717,-75.827309,9688
36.254717,-76.827309,9720
36.254717,-77.827309,9728
36.254717,-78.827309,9744
37.254717,-79.827309,9768
37.254717,-80.827309,9800
37.254717,-81.827309,9816
37.254717,-82.827309,9848
37.254717,-83.827309,9880
37.254717,-84.827309,9912
37.254717,-85.827309,10056
37.254717,-86.827309,10064
37.254717,-88.827309,10080
37.254717,-89.827309,10120
37.254717,-90.827309,10224
36.254717,-90.827309,10624
35.254717,-90.827309,10760
35.254717,-91.827309,10976
35.254717,-92.827309,10992
35.254717,-93.827309,11024
36.254717,-93.827309,11088
36.254717,-94.827309,11120
37.254717,-94.827309,11129
38.254717,-94.827309,11168
39.254717,-94.827309,11224
39.254717,-95.827309,11240
40.254717,-95.827309,11256
41.254717,-95.827309,11384
41.254717,-93.827309,11392
41.254717,-92.827309,11432
42.254717,-91.827309,11552
42.254717,-90.827309,11560
41.254717,-89.827309,11624
40.254717,-89.827309,11648
39.254717,-89.827309,11720
39.254717,-88.827309,11728
38.254717,-88.827309,11760
37.254717,-88.827309,11792
36.254717,-88.827309,11800
35.254717,-88.827309,11881
34.254717,-88.827309,11913
33.254717,-88.827309,11920
32.254717,-88.827309,12008
32.254717,-89.827309,12056
32.254717,-90.827309,12120
32.254717,-91.827309,12176
33.254717,-91.827309,12200
34.254717,-91.827309,12240
34.254717,-92.827309,12264
35.254717,-92.827309,12272
35.254717,-93.827309,12281
36.254717,-93.827309,12313
36.254717,-94.827309,12320
37.254717,-94.827309,12345
38.254717,-94.827309,12441
38.254717,-95.827309,12456
39.254717,-95.827309,12640
38.254717,-95.827309,12832
BREAK
