START
23.16065,-14.622744,0
24.063177,-14.622744,176
24.965704,-14.622744,192
25.868231,-14.622744,200
26.770758,-14.622744,216
27.673285,-14.622744,240
28.575812,-14.622744,248
28.575812,-13.720217,256
29.478339,-13.720217,272
31.283394,-13.720217,288
32.185921,-13.720217,312
33.088448,-13.720217,328
33.990975,-13.720217,336
34.893502,-13.720217,352
35.796029,-13.720217,376
36.698556,-12.81769,400
37.601083,-12.81769,408
38.50361,-12.81769,416
39.406137,-12.81769,432
40.308664,-12.81769,440
41.211191,-12.81769,464
42.113718,-12.81769,488
43.918773,-12.81769,512
44.8213,-12.81769,528
46.626354,-12.81769,544
47.528881,-12.81769,576
48.431408,-12.81769,592
49.333935,-12.81769,600
50.236462,-12.81769,608
51.138989,-12.81769,624
52.041516,-12.81769,632
52.944043,-12.81769,648
53.84657,-12.81769,696
54.749097,-12.81769,704
55.651625,-12.81769,720
56.554152,-12.81769,736
57.456679,-12.81769,752
58.359206,-12.81769,768
59.261733,-12.81769,776
61.066787,-12.81769,792
61.969314,-12.81769,800
62.871841,-12.81769,816
63.774368,-12.81769,888
64.676895,-12.81769,904
65.579422,-12.81769,912
66.481949,-12.81769,928
67.384477,-12.81769,944
68.287004,-12.81769,952
69.189531,-13.720217,960
70.092058,-13.720217,976
70.994585,-13.720217,984
71.897112,-13.720217,992
72.799639,-13.720217,1008
73.702166,-13.720217,1024
74.604693,-13.720217,1040
75.50722,-13.720217,1080
76.409747,-13.720217,1096
77.312274,-13.720217,1104
78.214801,-13.720217,1120
79.117329,-13.720217,1136
80.019856,-13.720217,1152
80.922383,-13.720217,1200
BREAK
47.528881,-15.525271,2528
47.528881,-16.427798,2776
47.528881,-17.330325,2800
47.528881,-18.232852,2816
47.528881,-19.135379,2832
47.528881,-20.037906,2856
47.528881,-20.940433,2880
47.528881,-21.84296,2896
47.528881,-22.745487,2944
47.528881,-23.648014,2960
47.528881,-24.550542,3008
47.528881,-25.453069,3016
47.528881,-26.355596,3040
47.528881,-27.258123,3056
47.528881,-28.16065,3064
47.528881,-29.063177,3080
47.528881,-29.965704,3096
47.528881,-30.868231,3104
47.528881,-31.770758,3120
47.528881,-32.673285,3176
45.723827,-32.673285,3440
44.8213,-32.673285,3448
44.8213,-31.770758,3456
43.918773,-30.868231,3472
43.016245,-30.868231,3496
42.113718,-30.868231,3504
41.211191,-30.868231,3552
40.308664,-30.868231,3568
39.406137,-30.868231,3576
38.50361,-30.868231,3600
37.601083,-30.868231,3624
36.698556,-30.868231,3656
35.796029,-30.868231,3672
34.893502,-31.770758,3680
33.990975,-31.770758,3696
33.088448,-31.770758,3704
33.088448,-32.673285,3712
32.185921,-32.673285,3736
32.185921,-33.575812,3744
31.283394,-33.575812,3784
31.283394,-34.478339,3792
30.380866,-35.380866,3824
29.478339,-36.283394,3856
29.478339,-37.185921,3880
29.478339,-38.088448,3896
28.575812,-38.088448,3920
28.575812,-38.990975,3928
28.575812,-39.893502,3960
28.575812,-40.796029,3984
28.575812,-41.698556,3992
28.575812,-42.601083,4016
28.575812,-43.50361,4032
29.478339,-44.406137,4040
29.478339,-45.308664,4064
30.380866,-45.308664,4072
31.283394,-45.308664,4088
31.283394,-46.211191,4096
32.185921,-46.211191,4104
33.088448,-46.211191,4120
33.990975,-46.211191,4137
34.893502,-46.211191,4160
35.796029,-46.211191,4176
36.698556,-46.211191,4192
37.601083,-46.211191,4200
38.50361,-46.211191,4208
39.406137,-46.211191,4224
40.308664,-46.211191,4232
41.211191,-46.211191,4257
42.113718,-46.211191,4272
43.016245,-46.211191,4280
43.918773,-46.211191,4296
44.8213,-46.211191,4304
45.723827,-46.211191,4321
46.626354,-46.211191,4328
48.431408,-47.113718,4352
49.333935,-47.113718,4368
50.236462,-47.113718,4385
51.138989,-47.113718,4392
52.041516,-47.113718,4409
52.944043,-47.113718,4416
53.84657,-47.113718,4424
54.749097,-47.113718,4432
55.651625,-47.113718,4448
56.554152,-47.113718,4456
57.456679,-47.113718,4464
58.359206,-47.113718,4472
59.261733,-47.113718,4481
60.16426,-47.113718,4489
61.066787,-47.113718,4512
61.969314,-47.113718,4521
62.871841,-47.113718,4536
64.676895,-47.113718,4553
65.579422,-47.113718,4561
66.481949,-47.113718,4569
66.481949,-46.211191,4585
67.384477,-46.211191,4593
68.287004,-45.308664,4609
69.189531,-44.406137,4625
70.092058,-44.406137,4632
70.994585,-44.406137,4657
70.994585,-43.50361,4688
70.994585,-41.698556,4713
70.994585,-40.796029,4737
70.994585,-39.893502,4761
70.994585,-38.990975,4777
70.994585,-38.088448,4785
70.092058,-37.185921,4809
69.189531,-37.185921,4817
69.189531,-36.283394,4825
69.189531,-35.380866,4833
68.287004,-35.380866,4841
68.287004,-34.478339,4857
67.384477,-34.478339,4865
67.384477,-33.575812,4897
66.481949,-33.575812,4961
65.579422,-33.575812,4969
64.676895,-33.575812,4985
63.774368,-33.575812,5001
62.871841,-33.575812,5017
61.969314,-33.575812,5033
61.066787,-33.575812,5049
60.16426,-33.575812,5065
59.261733,-33.575812,5073
58.359206,-33.575812,5081
57.456679,-33.575812,5089
56.554152,-33.575812,5097
55.651625,-33.575812,5105
54.749097,-33.575812,5113
53.84657,-33.575812,5161
52.944043,-33.575812,5177
52.041516,-33.575812,5185
51.138989,-32.673285,5193
50.236462,-32.673285,5209
49.333935,-32.673285,5265
48.431408,-32.673285,5289
47.528881,-32.673285,5305
46.626354,-32.673285,5321
45.723827,-32.673285,5329
44.8213,-32.673285,5385
43.918773,-32.673285,5402
43.016245,-32.673285,5409
42.113718,-32.673285,5417
41.211191,-32.673285,5473
39.406137,-32.673285,5497
38.50361,-32.673285,5521
37.601083,-32.673285,5561
36.698556,-32.673285,5577
35.796029,-32.673285,5594
35.796029,-33.575812,5601
34.893502,-33.575812,5617
33.990975,-33.575812,5625
BREAK
49.333935,-42.601083,6841
49.333935,-43.50361,6969
49.333935,-44.406137,6985
49.333935,-45.308664,7001
49.333935,-46.211191,7009
49.333935,-47.113718,7025
49.333935,-48.016245,7032
50.236462,-48.918773,7041
50.236462,-49.8213,7049
50.236462,-50.723827,7057
50.236462,-52.528881,7065
50.236462,-53.431408,7073
50.236462,-54.333935,7081
50.236462,-56.138989,7089
50.236462,-57.041516,7105
50.236462,-57.944043,7113
50.236462,-58.84657,7121
50.236462,-59.749097,7129
50.236462,-60.651625,7136
50.236462,-61.554152,7145
50.236462,-62.456679,7153
50.236462,-63.359206,7161
50.236462,-64.261733,7169
51.138989,-66.066787,7177
52.041516,-66.969314,7185
52.041516,-67.871841,7193
52.041516,-68.774368,7209
52.041516,-69.676895,7217
52.041516,-70.579422,7233
52.041516,-71.481949,7241
52.041516,-72.384477,7249
52.041516,-73.287004,7257
52.041516,-74.189531,7265
52.041516,-75.092058,7273
52.041516,-75.994585,7289
52.944043,-76.897112,7297
52.944043,-77.799639,7305
52.944043,-78.702166,7313
52.944043,-79.604693,7329
55.651625,-80.50722,7345
55.651625,-81.409747,7361
55.651625,-82.312274,7369
55.651625,-83.214801,7393
55.651625,-84.117329,7401
55.651625,-85.019856,7425
55.651625,-85.922383,7449
55.651625,-86.82491,7465
55.651625,-87.727437,7481
55.651625,-88.629964,7513
55.651625,-89.532491,7537
55.651625,-90.435018,7545
55.651625,-91.337545,7561
55.651625,-92.240072,7577
55.651625,-93.142599,7641
55.651625,-94.045126,7649
55.651625,-94.947653,7657
55.651625,-95.850181,7665
55.651625,-96.752708,7673
55.651625,-97.655235,7681
BREAK
