START
26.799492,-19.366614,0
27.703046,-19.366614,480
28.606599,-19.366614,510
29.510152,-19.366614,530
30.413706,-19.366614,560
31.317259,-19.366614,590
32.220812,-19.366614,610
33.124365,-19.366614,620
34.027919,-19.366614,640
34.931472,-19.366614,680
34.931472,-20.270167,690
35.835025,-20.270167,700
36.738579,-20.270167,740
37.642132,-21.17372,780
38.545685,-22.077274,830
39.449239,-22.980827,850
39.449239,-23.88438,860
40.352792,-23.88438,880
40.352792,-24.787933,890
40.352792,-25.691487,920
40.352792,-26.59504,940
41.256345,-26.59504,950
41.256345,-27.498593,990
41.256345,-28.402147,1052
41.256345,-29.3057,1092
41.256345,-30.209253,1123
41.256345,-31.112807,1154
41.256345,-32.01636,1184
41.256345,-32.919913,1204
41.256345,-33.823466,1244
41.256345,-34.72702,1254
41.256345,-35.630573,1264
41.256345,-36.534126,1284
40.352792,-36.534126,1314
40.352792,-37.43768,1324
40.352792,-38.341233,1365
39.449239,-38.341233,1385
38.545685,-39.244786,1395
38.545685,-40.14834,1405
37.642132,-40.14834,1415
37.642132,-41.051893,1425
36.738579,-41.955446,1435
35.835025,-41.955446,1465
35.835025,-42.858999,1475
34.931472,-42.858999,1515
34.027919,-42.858999,1535
34.027919,-43.762553,1545
33.124365,-43.762553,1565
32.220812,-43.762553,1585
31.317259,-43.762553,1640
30.413706,-43.762553,1674
29.510152,-43.762553,1697
28.606599,-43.762553,1739
27.703046,-43.762553,1769
26.799492,-43.762553,1788
25.895939,-43.762553,1808
24.992386,-43.762553,1848
24.992386,-42.858999,1858
24.088832,-42.858999,1908
24.992386,-42.858999,2188
24.992386,-43.762553,2218
25.895939,-44.666106,2228
26.799492,-45.569659,2258
26.799492,-46.473213,2288
27.703046,-47.376766,2318
27.703046,-48.280319,2328
27.703046,-49.183873,2348
28.606599,-49.183873,2358
28.606599,-50.087426,2367
29.510152,-50.990979,2378
29.510152,-51.894532,2388
30.413706,-51.894532,2398
30.413706,-53.701639,2408
31.317259,-53.701639,2417
32.220812,-54.605192,2428
33.124365,-55.508746,2448
33.124365,-56.412299,2468
34.027919,-56.412299,2478
34.027919,-57.315852,2488
35.835025,-57.315852,2498
35.835025,-58.219406,2508
35.835025,-59.122959,2517
36.738579,-59.122959,2528
37.642132,-60.026512,2558
38.545685,-60.026512,2568
39.449239,-60.026512,2578
39.449239,-60.930065,2588
41.256345,-61.833619,2598
42.159898,-61.833619,2619
42.159898,-62.737172,2631
43.063452,-62.737172,2642
43.967005,-62.737172,2653
44.870558,-63.640725,2674
45.774112,-63.640725,2693
46.677665,-63.640725,2703
47.581218,-64.544279,2723
48.484772,-64.544279,2743
49.388325,-64.544279,2753
50.291878,-64.544279,2773
50.291878,-65.447832,2783
51.195431,-65.447832,2826
BREAK
38.545685,-32.919913,4170
39.449239,-32.919913,4542
40.352792,-32.919913,4552
41.256345,-32.919913,4572
42.159898,-32.919913,4592
43.063452,-32.919913,4612
43.967005,-32.919913,4652
44.870558,-32.919913,4682
45.774112,-32.919913,4732
46.677665,-32.919913,4752
47.581218,-32.919913,4781
48.484772,-32.919913,4812
49.388325,-32.919913,4823
50.291878,-32.919913,4843
51.195431,-32.919913,4875
52.098985,-32.919913,4885
53.002538,-32.919913,4905
53.906091,-32.919913,4925
54.809645,-32.919913,4956
55.713198,-32.919913,4978
56.616751,-32.919913,5038
57.520305,-32.919913,5078
58.423858,-32.919913,5118
59.327411,-32.919913,5138
60.230964,-32.919913,5207
60.230964,-32.01636,5247
61.134518,-32.01636,5277
62.038071,-32.01636,5287
62.038071,-31.112807,5297
62.941624,-31.112807,5357
BREAK
65.652284,-16.655954,6727
64.748731,-17.559507,7013
63.845178,-20.270167,7024
63.845178,-23.88438,7037
63.845178,-27.498593,7047
63.845178,-30.209253,7057
63.845178,-32.919913,7067
63.845178,-34.72702,7077
62.941624,-36.534126,7087
62.941624,-38.341233,7097
62.941624,-39.244786,7117
62.941624,-40.14834,7127
62.941624,-41.051893,7137
62.941624,-41.955446,7157
62.941624,-42.858999,7167
62.941624,-43.762553,7177
62.941624,-44.666106,7199
62.941624,-45.569659,7219
62.941624,-46.473213,7239
62.941624,-47.376766,7249
62.941624,-48.280319,7279
62.941624,-49.183873,7289
62.941624,-50.087426,7299
62.941624,-51.894532,7309
62.941624,-52.798086,7329
62.941624,-54.605192,7339
62.941624,-56.412299,7359
62.941624,-57.315852,7379
62.941624,-58.219406,7429
62.941624,-59.122959,7459
62.941624,-60.026512,7519
63.845178,-60.026512,7549
63.845178,-60.930065,7579
64.748731,-61.833619,7629
64.748731,-62.737172,7649
65.652284,-62.737172,7682
65.652284,-63.640725,7692
66.555838,-63.640725,7722
67.459391,-64.544279,7732
67.459391,-65.447832,7762
68.362944,-65.447832,7771
69.266497,-65.447832,7791
70.170051,-65.447832,7821
71.073604,-65.447832,7841
71.977157,-65.447832,7881
72.880711,-65.447832,7951
72.880711,-66.351385,8041
BREAK
