START
35.835025,-26.59504,0
41.256345,-29.3057,220
41.256345,-30.209253,243
42.159898,-31.112807,249
42.159898,-32.01636,258
43.063452,-32.01636,263
43.063452,-32.919913,272
43.063452,-33.823466,280
43.063452,-34.72702,289
43.063452,-35.630573,296
43.967005,-36.534126,312
43.967005,-37.43768,319
43.967005,-38.341233,328
43.967005,-39.244786,343
43.967005,-40.14834,351
43.967005,-41.051893,360
43.967005,-41.955446,376
43.967005,-42.858999,383
43.063452,-43.762553,400
43.063452,-44.666106,416
42.159898,-45.569659,432
41.256345,-45.569659,439
41.256345,-46.473213,448
39.449239,-46.473213,456
38.545685,-46.473213,464
37.642132,-46.473213,488
37.642132,-47.376766,496
36.738579,-47.376766,504
35.835025,-48.280319,520
34.931472,-48.280319,528
34.931472,-49.183873,536
34.027919,-49.183873,544
33.124365,-49.183873,713
31.317259,-49.183873,728
30.413706,-49.183873,736
28.606599,-48.280319,744
26.799492,-48.280319,752
25.895939,-48.280319,760
24.992386,-48.280319,776
24.088832,-48.280319,784
24.088832,-49.183873,1065
24.992386,-50.087426,1072
24.992386,-51.894532,1080
25.895939,-54.605192,1088
26.799492,-55.508746,1096
27.703046,-58.219406,1104
28.606599,-60.026512,1112
28.606599,-60.930065,1120
29.510152,-63.640725,1128
30.413706,-64.544279,1136
30.413706,-65.447832,1144
31.317259,-66.351385,1160
32.220812,-67.254939,1168
33.124365,-68.158492,1208
34.027919,-68.158492,1216
34.931472,-68.158492,1224
35.835025,-69.062045,1232
36.738579,-69.965598,1240
39.449239,-70.869152,1248
39.449239,-71.772705,1256
40.352792,-71.772705,1264
42.159898,-72.676258,1272
43.063452,-72.676258,1280
44.870558,-73.579812,1288
45.774112,-73.579812,1296
46.677665,-73.579812,1304
47.581218,-73.579812,1312
48.484772,-73.579812,1361
48.484772,-75.386918,1529
48.484772,-74.483365,1537
BREAK
39.449239,-46.473213,2177
40.352792,-46.473213,2184
41.256345,-46.473213,2201
41.256345,-47.376766,2208
42.159898,-47.376766,2224
42.159898,-48.280319,2232
43.063452,-48.280319,2239
43.967005,-48.280319,2247
43.967005,-49.183873,2255
44.870558,-49.183873,2272
45.774112,-50.087426,2304
46.677665,-50.990979,2320
47.581218,-50.990979,2327
48.484772,-50.990979,2344
49.388325,-50.990979,2360
50.291878,-50.990979,2376
51.195431,-50.990979,2384
52.098985,-50.990979,2392
53.002538,-50.990979,2400
54.809645,-50.990979,2408
55.713198,-50.990979,2424
56.616751,-50.990979,2448
56.616751,-50.087426,2520
57.520305,-50.087426,2537
57.520305,-49.183873,2576
BREAK
58.423858,-31.112807,5913
58.423858,-32.919913,6017
58.423858,-33.823466,6024
58.423858,-35.630573,6032
58.423858,-37.43768,6040
58.423858,-39.244786,6048
58.423858,-41.051893,6056
58.423858,-42.858999,6064
58.423858,-43.762553,6072
58.423858,-44.666106,6080
58.423858,-45.569659,6096
58.423858,-46.473213,6104
58.423858,-47.376766,6120
58.423858,-48.280319,6128
58.423858,-49.183873,6136
58.423858,-50.087426,6144
58.423858,-51.894532,6160
58.423858,-52.798086,6168
58.423858,-53.701639,6176
58.423858,-55.508746,6184
58.423858,-56.412299,6193
58.423858,-57.315852,6200
58.423858,-59.122959,6208
58.423858,-60.026512,6215
59.327411,-60.930065,6223
59.327411,-61.833619,6239
59.327411,-62.737172,6256
60.230964,-64.544279,6272
61.134518,-64.544279,6280
62.038071,-65.447832,6287
62.038071,-66.351385,6296
63.845178,-68.158492,6304
64.748731,-69.062045,6312
65.652284,-69.965598,6329
66.555838,-69.965598,6360
BREAK
