START
27.528302,-44.686747,0
28.528302,-44.686747,139
28.528302,-45.686747,226
28.528302,-46.686747,246
29.528302,-46.686747,257
29.528302,-47.686747,267
29.528302,-48.686747,276
30.528302,-49.686747,286
31.528302,-50.686747,296
32.528302,-51.686747,307
33.528302,-52.686747,326
34.528302,-53.686747,346
35.528302,-53.686747,356
34.528302,-53.686747,386
34.528302,-54.686747,396
34.528302,-55.686747,416
35.528302,-55.686747,426
35.528302,-56.686747,436
36.528302,-56.686747,446
36.528302,-57.686747,456
36.528302,-58.686747,476
37.528302,-59.686747,486
38.528302,-60.686747,496
39.528302,-61.686747,506
40.528302,-63.686747,516
41.528302,-63.686747,526
43.528302,-65.686747,536
44.528302,-66.686747,556
45.528302,-68.686747,566
47.528302,-69.686747,576
48.528302,-71.686747,586
50.528302,-72.686747,596
50.528302,-74.686747,605
51.528302,-74.686747,616
51.528302,-75.686747,636
52.528302,-75.686747,645
52.528302,-76.686747,656
53.528302,-78.686747,666
54.528302,-79.686747,685
55.528302,-80.686747,695
55.528302,-81.686747,706
56.528302,-81.686747,716
56.528302,-83.686747,726
57.528302,-84.686747,756
58.528302,-84.686747,791
58.528302,-85.686747,801
59.528302,-85.686747,810
59.528302,-86.686747,821
60.528302,-86.686747,838
61.528302,-86.686747,878
61.528302,-87.686747,892
62.528302,-87.686747,900
62.528302,-88.686747,921
63.528302,-88.686747,931
63.528302,-89.686747,940
64.528302,-89.686747,961
BREAK
61.528302,-42.686747,2679
60.528302,-42.686747,2828
60.528302,-43.686747,2838
59.528302,-43.686747,2848
58.528302,-44.686747,2857
58.528302,-45.686747,2867
58.528302,-46.686747,2878
57.528302,-46.686747,2888
57.528302,-47.686747,2907
56.528302,-47.686747,2918
55.528302,-48.686747,2928
55.528302,-49.686747,2948
54.528302,-49.686747,2958
53.528302,-50.686747,2968
53.528302,-51.686747,2977
53.528302,-52.686747,2998
53.528302,-53.686747,3023
53.528302,-54.686747,3051
52.528302,-54.686747,3060
52.528302,-55.686747,3080
52.528302,-56.686747,3103
51.528302,-56.686747,3124
51.528302,-57.686747,3135
50.528302,-57.686747,3144
50.528302,-58.686747,3156
50.528302,-59.686747,3176
50.528302,-60.686747,3185
49.528302,-60.686747,3195
49.528302,-61.686747,3205
48.528302,-61.686747,3215
48.528302,-62.686747,3226
47.528302,-63.686747,3245
47.528302,-64.686747,3256
47.528302,-65.686747,3278
47.528302,-66.686747,3306
46.528302,-66.686747,3315
46.528302,-67.686747,3326
46.528302,-68.686747,3340
45.528302,-68.686747,3350
44.528302,-69.686747,3369
43.528302,-70.686747,3390
43.528302,-71.686747,3411
42.528302,-71.686747,3421
42.528302,-72.686747,3441
42.528302,-73.686747,3470
41.528302,-73.686747,3479
41.528302,-74.686747,3489
40.528302,-74.686747,3499
40.528302,-75.686747,3511
40.528302,-76.686747,3521
39.528302,-76.686747,3531
38.528302,-77.686747,3551
38.528302,-78.686747,3571
37.528302,-78.686747,3581
37.528302,-79.686747,3601
36.528302,-79.686747,3611
36.528302,-80.686747,3621
35.528302,-80.686747,3631
35.528302,-81.686747,3641
34.528302,-81.686747,3651
34.528302,-82.686747,3671
33.528302,-83.686747,3692
32.528302,-83.686747,3712
31.528302,-84.686747,3731
30.528302,-84.686747,3766
30.528302,-85.686747,3785
29.528302,-86.686747,3805
29.528302,-87.686747,3844
28.528302,-87.686747,3854
27.528302,-87.686747,3882
27.528302,-88.686747,3918
26.528302,-88.686747,3928
26.528302,-89.686747,3959
25.528302,-89.686747,4003
25.528302,-90.686747,4058
BREAK
26.528302,-40.686747,5493
26.528302,-39.686747,5700
27.528302,-39.686747,5723
27.528302,-38.686747,5733
28.528302,-38.686747,5747
28.528302,-37.686747,5758
28.528302,-36.686747,5768
29.528302,-36.686747,5788
29.528302,-35.686747,5798
30.528302,-35.686747,5808
30.528302,-34.686747,5817
31.528302,-34.686747,5828
31.528302,-33.686747,5838
31.528302,-32.686747,5848
31.528302,-31.686747,5868
31.528302,-30.686747,5888
32.528302,-29.686747,5908
32.528302,-28.686747,5918
32.528302,-27.686747,5937
32.528302,-26.686747,5958
32.528302,-25.686747,5968
33.528302,-25.686747,5977
33.528302,-24.686747,5987
34.528302,-23.686747,6001
34.528302,-22.686747,6028
35.528302,-22.686747,6048
35.528302,-21.686747,6058
36.528302,-20.686747,6067
37.528302,-19.686747,6088
38.528302,-18.686747,6098
39.528302,-18.686747,6107
39.528302,-17.686747,6118
39.528302,-16.686747,6128
40.528302,-16.686747,6147
41.528302,-15.686747,6157
41.528302,-14.686747,6178
41.528302,-13.686747,6197
42.528302,-13.686747,6223
42.528302,-12.686747,6231
43.528302,-12.686747,6260
43.528302,-11.686747,6269
44.528302,-11.686747,6319
45.528302,-11.686747,6391
45.528302,-10.686747,6448
BREAK
45.528302,-10.686747,7322
46.528302,-11.686747,7479
46.528302,-12.686747,7499
47.528302,-13.686747,7510
47.528302,-14.686747,7519
48.528302,-15.686747,7529
49.528302,-16.686747,7539
50.528302,-16.686747,7559
50.528302,-17.686747,7569
51.528302,-17.686747,7590
51.528302,-18.686747,7609
52.528302,-18.686747,7624
52.528302,-19.686747,7643
52.528302,-20.686747,7663
52.528302,-21.686747,7693
53.528302,-21.686747,7703
53.528302,-22.686747,7713
55.528302,-23.686747,7723
55.528302,-24.686747,7733
56.528302,-25.686747,7743
58.528302,-26.686747,7753
58.528302,-27.686747,7763
58.528302,-28.686747,7773
58.528302,-29.686747,7793
58.528302,-30.686747,7813
58.528302,-31.686747,7833
58.528302,-32.686747,7843
58.528302,-34.686747,7852
58.528302,-35.686747,7873
59.528302,-36.686747,7883
59.528302,-37.686747,7893
59.528302,-38.686747,7903
59.528302,-39.686747,7913
60.528302,-39.686747,7923
61.528302,-40.686747,7943
61.528302,-41.686747,7963
61.528302,-42.686747,7975
61.528302,-43.686747,7983
62.528302,-43.686747,7994
62.528302,-44.686747,8014
62.528302,-45.686747,8088
BREAK
