START
29.528302,-84.686747,0
30.528302,-81.686747,128
30.528302,-80.686747,136
30.528302,-79.686747,160
31.528302,-79.686747,168
31.528302,-78.686747,184
32.528302,-77.686747,192
32.528302,-76.686747,208
33.528302,-76.686747,240
33.528302,-75.686747,256
33.528302,-74.686747,272
34.528302,-74.686747,296
34.528302,-73.686747,312
35.528302,-73.686747,328
35.528302,-72.686747,376
36.528302,-71.686747,416
37.528302,-71.686747,432
38.528302,-71.686747,448
39.528302,-70.686747,456
39.528302,-69.686747,488
40.528302,-69.686747,528
40.528302,-68.686747,536
41.528302,-67.686747,560
42.528302,-67.686747,568
42.528302,-66.686747,584
43.528302,-66.686747,600
44.528302,-65.686747,616
45.528302,-64.686747,632
46.528302,-64.686747,664
46.528302,-63.686747,680
47.528302,-63.686747,688
48.528302,-63.686747,712
48.528302,-62.686747,720
49.528302,-62.686747,728
49.528302,-61.686747,760
50.528302,-61.686747,768
50.528302,-60.686747,776
51.528302,-59.686747,800
52.528302,-59.686747,808
52.528302,-58.686747,824
52.528302,-57.686747,848
53.528302,-57.686747,857
53.528302,-56.686747,880
54.528302,-56.686747,896
54.528302,-55.686747,912
55.528302,-55.686747,921
56.528302,-55.686747,944
56.528302,-54.686747,952
56.528302,-53.686747,960
56.528302,-52.686747,976
57.528302,-52.686747,1000
57.528302,-51.686747,1008
58.528302,-50.686747,1016
59.528302,-50.686747,1032
60.528302,-50.686747,1040
60.528302,-49.686747,1048
61.528302,-49.686747,1056
62.528302,-49.686747,1064
63.528302,-49.686747,1088
63.528302,-47.686747,1096
64.528302,-47.686747,1120
65.528302,-46.686747,1136
66.528302,-45.686747,1168
66.528302,-44.686747,1176
67.528302,-44.686747,1184
68.528302,-44.686747,1224
69.528302,-43.686747,1232
70.528302,-43.686747,1264
70.528302,-42.686747,1272
70.528302,-41.686747,1280
71.528302,-41.686747,1288
72.528302,-41.686747,1297
71.528302,-40.686747,1656
70.528302,-40.686747,1696
70.528302,-39.686747,1720
69.528302,-39.686747,1736
68.528302,-38.686747,1776
68.528302,-37.686747,1800
67.528302,-37.686747,1816
67.528302,-36.686747,1840
66.528302,-36.686747,1848
66.528302,-35.686747,1880
65.528302,-35.686747,1888
64.528302,-34.686747,1896
63.528302,-33.686747,1920
61.528302,-33.686747,1936
61.528302,-32.686747,1952
60.528302,-32.686747,1960
59.528302,-32.686747,1984
59.528302,-31.686747,2000
58.528302,-31.686747,2008
58.528302,-30.686747,2016
57.528302,-30.686747,2032
56.528302,-30.686747,2056
56.528302,-29.686747,2064
55.528302,-29.686747,2072
54.528302,-29.686747,2080
53.528302,-28.686747,2120
52.528302,-28.686747,2153
51.528302,-27.686747,2168
50.528302,-27.686747,2192
49.528302,-27.686747,2217
48.528302,-26.686747,2256
47.528302,-26.686747,2329
46.528302,-26.686747,2352
46.528302,-25.686747,2369
45.528302,-25.686747,2402
44.528302,-25.686747,2417
44.528302,-24.686747,2449
43.528302,-24.686747,2456
43.528302,-23.686747,2481
42.528302,-23.686747,2553
42.528302,-22.686747,2585
41.528302,-22.686747,2601
40.528302,-22.686747,2617
40.528302,-21.686747,2633
39.528302,-21.686747,2641
39.528302,-20.686747,2657
38.528302,-19.686747,2705
37.528302,-19.686747,2729
37.528302,-18.686747,2753
36.528302,-19.686747,3009
36.528302,-20.686747,3025
35.528302,-20.686747,3033
35.528302,-21.686747,3049
34.528302,-21.686747,3065
34.528302,-22.686747,3073
33.528302,-22.686747,3081
33.528302,-23.686747,3105
32.528302,-24.686747,3137
32.528302,-25.686747,3153
32.528302,-26.686747,3193
31.528302,-26.686747,3201
31.528302,-27.686747,3225
30.528302,-27.686747,3241
30.528302,-28.686747,3257
30.528302,-29.686747,3289
29.528302,-30.686747,3313
29.528302,-31.686747,3345
29.528302,-32.686747,3369
28.528302,-32.686747,3385
28.528302,-33.686747,3393
27.528302,-34.686747,3417
27.528302,-35.686747,3449
27.528302,-36.686747,3489
26.528302,-37.686747,3513
26.528302,-38.686747,3521
25.528302,-39.686747,3530
25.528302,-40.686747,3537
24.528302,-41.686747,3545
24.528302,-42.686747,3577
24.528302,-43.686747,3593
24.528302,-44.686747,3609
24.528302,-45.686747,3641
24.528302,-46.686747,3657
23.528302,-46.686747,3665
23.528302,-47.686747,3705
23.528302,-48.686747,3745
23.528302,-49.686747,3985
23.528302,-50.686747,3993
25.528302,-50.686747,4009
25.528302,-51.686747,4025
26.528302,-51.686747,4041
27.528302,-52.686747,4065
27.528302,-53.686747,4073
28.528302,-53.686747,4081
29.528302,-54.686747,4097
30.528302,-54.686747,4105
31.528302,-55.686747,4113
32.528302,-56.686747,4121
37.528302,-56.686747,4130
40.528302,-57.686747,4137
42.528302,-58.686747,4145
43.528302,-59.686747,4153
44.528302,-59.686747,4161
45.528302,-59.686747,4177
45.528302,-60.686747,4185
46.528302,-60.686747,4193
47.528302,-60.686747,4209
48.528302,-60.686747,4225
50.528302,-61.686747,4241
52.528302,-62.686747,4249
53.528302,-62.686747,4265
54.528302,-62.686747,4337
54.528302,-63.686747,4345
55.528302,-63.686747,4353
55.528302,-64.686747,4361
56.528302,-64.686747,4377
57.528302,-64.686747,4385
57.528302,-65.686747,4393
58.528302,-65.686747,4402
59.528302,-65.686747,4433
59.528302,-66.686747,4482
60.528302,-66.686747,4505
61.528302,-66.686747,4513
61.528302,-67.686747,4530
62.528302,-67.686747,4537
63.528302,-67.686747,4793
64.528302,-67.686747,4801
64.528302,-68.686747,4817
65.528302,-68.686747,4833
66.528302,-68.686747,4849
66.528302,-69.686747,5049
66.528302,-70.686747,5081
67.528302,-70.686747,5089
67.528302,-71.686747,5097
67.528302,-72.686747,5129
68.528302,-73.686747,5153
68.528302,-74.686747,5185
68.528302,-75.686747,5201
68.528302,-76.686747,5217
68.528302,-77.686747,5257
68.528302,-78.686747,5281
68.528302,-79.686747,5305
68.528302,-80.686747,5337
68.528302,-81.686747,5689
68.528302,-82.686747,5705
68.528302,-83.686747,5729
68.528302,-84.686747,5889
68.528302,-85.686747,5905
BREAK
