START
34.57828,-31.082728,0
35.417975,-31.082728,66
36.25767,-31.082728,72
37.097364,-31.082728,80
38.776754,-31.082728,88
39.616448,-31.082728,96
41.295838,-31.082728,111
42.975227,-31.082728,112
44.654616,-31.082728,120
46.334005,-31.082728,128
48.013395,-31.082728,136
49.692784,-31.082728,146
51.372173,-30.243033,152
53.891257,-29.403339,160
55.570647,-27.723949,168
57.250036,-27.723949,183
60.608815,-26.884255,184
61.448509,-26.04456,192
62.288204,-26.04456,200
63.127899,-26.04456,208
63.127899,-25.204865,216
63.127899,-24.365171,232
63.967593,-24.365171,248
64.807288,-24.365171,256
64.807288,-23.525476,266
65.646983,-23.525476,280
65.646983,-22.685781,296
66.486677,-22.685781,448
67.326372,-22.685781,464
67.326372,-24.365171,474
67.326372,-25.204865,488
67.326372,-26.884255,496
68.166067,-28.563644,504
68.166067,-29.403339,518
68.166067,-31.082728,520
68.166067,-32.762117,528
69.005761,-34.441506,536
69.005761,-36.120896,544
69.005761,-37.800285,554
69.005761,-40.319369,560
69.005761,-43.678148,568
69.005761,-46.197232,576
69.005761,-47.876621,584
69.005761,-50.395705,594
69.005761,-52.914789,600
69.005761,-54.594178,608
69.005761,-56.273568,617
69.005761,-57.952957,624
69.845456,-59.632346,638
70.685151,-60.472041,640
70.685151,-61.311735,648
70.685151,-62.15143,664
70.685151,-62.991125,674
70.685151,-63.830819,688
70.685151,-64.670514,696
70.685151,-65.510209,704
70.685151,-66.349903,716
70.685151,-67.189598,728
70.685151,-68.029293,729
70.685151,-68.868987,736
70.685151,-69.708682,744
70.685151,-70.548377,754
70.685151,-72.227766,768
70.685151,-73.067461,784
70.685151,-73.907155,794
70.685151,-74.74685,800
70.685151,-75.586545,896
70.685151,-76.426239,915
BREAK
68.166067,-47.876621,4497
68.166067,-48.716316,4640
67.326372,-49.55601,4656
66.486677,-49.55601,4664
65.646983,-49.55601,4677
64.807288,-50.395705,4680
63.967593,-50.395705,4688
63.127899,-50.395705,4696
62.288204,-50.395705,4704
61.448509,-51.2354,4713
60.608815,-51.2354,4720
60.608815,-52.075094,4728
58.929425,-52.075094,4736
58.089731,-52.075094,4758
58.089731,-52.914789,4760
57.250036,-52.914789,4776
56.410341,-52.914789,4797
55.570647,-52.914789,4811
55.570647,-53.754484,4824
54.730952,-53.754484,4838
53.891257,-53.754484,4840
53.891257,-54.594178,4913
53.051563,-54.594178,4928
BREAK
72.36454,-63.830819,5704
71.524845,-63.830819,5757
70.685151,-63.830819,5760
69.845456,-63.830819,5776
68.166067,-64.670514,5784
67.326372,-64.670514,5793
66.486677,-65.510209,5800
63.967593,-65.510209,5808
63.127899,-65.510209,5816
62.288204,-66.349903,5824
59.76912,-66.349903,5838
58.089731,-67.189598,5840
57.250036,-67.189598,5848
55.570647,-67.189598,5856
54.730952,-68.029293,5877
53.891257,-68.029293,5888
53.051563,-68.868987,5896
52.211868,-68.868987,5904
50.532479,-68.868987,5920
49.692784,-69.708682,5928
48.853089,-69.708682,5936
47.1737,-70.548377,5944
46.334005,-70.548377,5957
45.494311,-70.548377,5960
43.814922,-70.548377,5968
42.975227,-71.388071,5976
41.295838,-72.227766,5984
40.456143,-72.227766,5998
39.616448,-72.227766,6000
37.937059,-73.067461,6008
37.097364,-73.067461,6029
37.097364,-73.907155,6040
BREAK
