START
55.023585,-31.702811,0
54.023585,-31.702811,188
54.023585,-32.702811,201
54.023585,-33.702811,227
54.023585,-34.702811,324
54.023585,-35.702811,331
54.023585,-36.702811,337
54.023585,-37.702811,344
54.023585,-38.702811,357
54.023585,-39.702811,513
54.023585,-40.702811,519
54.023585,-41.702811,532
54.023585,-42.702811,552
54.023585,-43.702811,577
54.023585,-44.702811,610
54.023585,-45.702811,649
54.023585,-46.702811,694
54.023585,-47.702811,714
53.023585,-47.702811,721
53.023585,-48.702811,746
53.023585,-49.702811,773
53.023585,-50.702811,817
53.023585,-51.702811,851
53.023585,-52.702811,870
53.023585,-53.702811,890
53.023585,-54.702811,915
53.023585,-55.702811,922
53.023585,-56.702811,941
53.023585,-57.702811,974
53.023585,-58.702811,1020
52.023585,-58.702811,1032
52.023585,-59.702811,1039
52.023585,-60.702811,1071
51.023585,-60.702811,1097
51.023585,-61.702811,1143
51.023585,-62.702811,1162
51.023585,-63.702811,1194
51.023585,-64.702811,1214
51.023585,-65.702811,1233
51.023585,-66.702811,1253
51.023585,-67.702811,1305
51.023585,-68.702811,1338
51.023585,-69.702811,1370
51.023585,-70.702811,1396
50.023585,-70.702811,1792
49.023585,-70.702811,1838
48.023585,-70.702811,1916
47.023585,-70.702811,1941
46.023585,-70.702811,1981
45.023585,-70.702811,2008
43.023585,-70.702811,2015
41.023585,-70.702811,2026
40.023585,-70.702811,2039
39.023585,-70.702811,2046
38.023585,-70.702811,2052
37.023585,-70.702811,2137
36.023585,-70.702811,2162
35.023585,-70.702811,2169
34.023585,-70.702811,2176
33.023585,-70.702811,2182
32.023585,-70.702811,2189
31.023585,-70.702811,2201
BREAK
43.023585,-20.702811,4657
43.023585,-21.702811,4793
43.023585,-22.702811,4819
43.023585,-23.702811,4884
44.023585,-23.702811,4988
45.023585,-23.702811,5066
46.023585,-23.702811,5118
47.023585,-23.702811,5164
48.023585,-23.702811,5216
49.023585,-23.702811,5255
49.023585,-24.702811,5437
49.023585,-25.702811,5449
49.023585,-26.702811,5469
49.023585,-27.702811,5488
49.023585,-28.702811,5521
48.023585,-28.702811,5554
49.023585,-28.702811,5645
49.023585,-29.702811,5696
50.023585,-29.702811,5723
50.023585,-30.702811,5762
51.023585,-30.702811,5781
52.023585,-30.702811,5872
BREAK
