START
40.023585,-22.702811,0
40.023585,-23.702811,374
40.023585,-24.702811,531
41.023585,-25.702811,620
41.023585,-26.702811,758
42.023585,-26.702811,964
43.023585,-26.702811,1013
44.023585,-26.702811,1043
45.023585,-26.702811,1082
46.023585,-26.702811,1102
47.023585,-26.702811,1161
48.023585,-26.702811,1191
49.023585,-26.702811,1240
50.023585,-26.702811,1289
51.023585,-26.702811,1309
52.023585,-26.702811,1348
53.023585,-26.702811,1378
54.023585,-26.702811,1447
55.023585,-26.702811,1486
56.023585,-26.702811,1515
57.023585,-26.702811,1584
58.023585,-26.702811,1614
59.023585,-27.702811,1634
60.023585,-27.702811,1663
60.023585,-28.702811,1703
60.023585,-29.702811,1742
60.023585,-30.702811,1801
60.023585,-31.702811,1830
60.023585,-32.702811,1860
60.023585,-33.702811,1889
60.023585,-34.702811,1899
60.023585,-35.702811,1919
60.023585,-36.702811,1958
60.023585,-37.702811,1968
60.023585,-38.702811,1998
60.023585,-39.702811,2027
60.023585,-40.702811,2057
60.023585,-41.702811,2076
60.023585,-42.702811,2106
60.023585,-43.702811,2116
60.023585,-44.702811,2136
60.023585,-45.702811,2145
60.023585,-46.702811,2165
60.023585,-47.702811,2185
60.023585,-48.702811,2204
60.023585,-49.702811,2214
60.023585,-50.702811,2244
60.023585,-51.702811,2283
60.023585,-52.702811,2303
60.023585,-53.702811,2322
60.023585,-54.702811,2352
60.023585,-55.702811,2372
60.023585,-56.702811,2401
60.023585,-57.702811,2411
60.023585,-58.702811,2451
60.023585,-59.702811,2470
60.023585,-60.702811,2500
60.023585,-61.702811,2529
60.023585,-62.702811,2549
60.023585,-63.702811,2569
60.023585,-66.702811,2633
60.023585,-67.702811,2638
60.023585,-68.702811,2667
60.023585,-69.702811,2697
60.023585,-70.702811,2736
60.023585,-71.702811,2746
60.023585,-72.702811,2775
60.023585,-73.702811,2805
60.023585,-74.702811,2834
60.023585,-75.702811,2844
60.023585,-76.702811,2874
60.023585,-77.702811,2903
60.023585,-78.702811,2933
60.023585,-79.702811,2962
60.023585,-80.702811,2992
59.023585,-80.702811,3031
58.023585,-81.702811,3041
57.023585,-82.702811,3061
56.023585,-82.702811,3080
55.023585,-82.702811,3120
54.023585,-82.702811,3149
53.023585,-82.702811,3179
52.023585,-82.702811,3189
51.023585,-82.702811,3218
50.023585,-82.702811,3258
49.023585,-82.702811,3297
48.023585,-82.702811,3326
47.023585,-82.702811,3346
46.023585,-82.702811,3366
45.023585,-82.702811,3405
44.023585,-82.702811,3474
43.023585,-82.702811,3494
42.023585,-82.702811,3523
41.023585,-82.702811,3563
40.023585,-82.702811,3602
39.023585,-82.702811,3642
BREAK
