START
30.061321,-17.718876,0
31.061321,-17.718876,624
32.061321,-17.718876,653
33.061321,-17.718876,684
34.061321,-17.718876,714
35.061321,-17.718876,724
36.061321,-17.718876,754
38.061321,-17.718876,774
39.061321,-17.718876,795
40.061321,-17.718876,835
42.061321,-16.718876,896
43.061321,-15.718876,1016
43.061321,-16.718876,1732
43.061321,-17.718876,1751
43.061321,-18.718876,1792
43.061321,-19.718876,1822
43.061321,-20.718876,1862
43.061321,-21.718876,1903
43.061321,-22.718876,1943
43.061321,-23.718876,1973
43.061321,-24.718876,2003
43.061321,-25.718876,2074
43.061321,-26.718876,2104
43.061321,-27.718876,2124
43.061321,-28.718876,2185
43.061321,-29.718876,2225
43.061321,-30.718876,2245
43.061321,-31.718876,2265
43.061321,-32.718876,2275
43.061321,-33.718876,2296
43.061321,-34.718876,2315
43.061321,-35.718876,2326
43.061321,-36.718876,2336
43.061321,-37.718876,2346
43.061321,-39.718876,2366
43.061321,-40.718876,2386
43.061321,-41.718876,2396
43.061321,-42.718876,2416
43.061321,-43.718876,2436
43.061321,-44.718876,2457
43.061321,-45.718876,2497
43.061321,-46.718876,2517
43.061321,-47.718876,2547
43.061321,-48.718876,2578
43.061321,-49.718876,2597
43.061321,-50.718876,2608
43.061321,-51.718876,2628
43.061321,-52.718876,2648
43.061321,-53.718876,2668
43.061321,-54.718876,2699
43.061321,-55.718876,2708
43.061321,-56.718876,2739
43.061321,-57.718876,2769
43.061321,-58.718876,2809
43.061321,-59.718876,2940
43.061321,-61.718876,4693
43.061321,-62.718876,4723
43.061321,-63.718876,4753
43.061321,-64.718876,4794
43.061321,-65.718876,4834
43.061321,-66.718876,4915
43.061321,-67.718876,4975
43.061321,-68.718876,5036
43.061321,-69.718876,5096
43.061321,-70.718876,5136
43.061321,-71.718876,5227
43.061321,-72.718876,5287
43.061321,-73.718876,5328
43.061321,-74.718876,5388
43.061321,-75.718876,5459
43.061321,-76.718876,5610
43.061321,-77.718876,5791
44.061321,-77.718876,5821
44.061321,-78.718876,5831
44.061321,-79.718876,5872
44.061321,-80.718876,6023
45.061321,-80.718876,6063
46.061321,-80.718876,6124
47.061321,-80.718876,6214
48.061321,-80.718876,6305
49.061321,-80.718876,6345
50.061321,-80.718876,6405
51.061321,-80.718876,6456
52.061321,-80.718876,6506
53.061321,-80.718876,6556
54.061321,-80.718876,6587
55.061321,-80.718876,6617
56.061321,-80.718876,6688
57.061321,-80.718876,6748
58.061321,-80.718876,6798
59.061321,-80.718876,6879
60.061321,-80.718876,6929
61.061321,-80.718876,7002
61.061321,-79.718876,7020
62.061321,-79.718876,7041
62.061321,-78.718876,7111
63.061321,-78.718876,7141
63.061321,-77.718876,7162
64.061321,-77.718876,7191
64.061321,-76.718876,7202
65.061321,-75.718876,7252
65.061321,-74.718876,7261
66.061321,-74.718876,7292
66.061321,-73.718876,7312
67.061321,-72.718876,7363
67.061321,-71.718876,7423
68.061321,-71.718876,7503
68.061321,-70.718876,7513
68.061321,-69.718876,7574
68.061321,-68.718876,7685
68.061321,-67.718876,7695
69.061321,-67.718876,7755
69.061321,-66.718876,8269
70.061321,-66.718876,8279
70.061321,-65.718876,8289
71.061321,-64.718876,8299
72.061321,-62.718876,8309
BREAK
61.061321,-35.718876,10465
62.061321,-35.718876,10686
63.061321,-35.718876,10716
64.061321,-35.718876,10737
65.061321,-35.718876,10767
66.061321,-35.718876,10797
67.061321,-35.718876,10817
68.061321,-35.718876,10837
69.061321,-35.718876,10858
70.061321,-35.718876,11150
70.061321,-36.718876,11180
70.061321,-37.718876,11210
71.061321,-37.718876,11230
71.061321,-38.718876,11250
71.061321,-39.718876,11281
71.061321,-40.718876,11311
71.061321,-41.718876,11331
71.061321,-42.718876,11341
71.061321,-43.718876,11351
71.061321,-44.718876,11371
71.061321,-46.718876,11381
71.061321,-47.718876,11401
71.061321,-48.718876,11432
71.061321,-49.718876,11462
71.061321,-50.718876,11478
71.061321,-51.718876,11502
71.061321,-52.718876,11543
71.061321,-53.718876,11573
71.061321,-54.718876,11633
71.061321,-55.718876,11673
71.061321,-56.718876,11704
71.061321,-57.718876,11734
71.061321,-58.718876,11754
71.061321,-59.718876,11774
71.061321,-60.718876,11794
71.061321,-61.718876,11804
71.061321,-62.718876,11825
71.061321,-63.718876,11846
71.061321,-64.718876,11865
71.061321,-65.718876,11885
71.061321,-66.718876,11915
71.061321,-67.718876,11966
71.061321,-68.718876,11996
71.061321,-69.718876,12016
71.061321,-70.718876,12056
71.061321,-71.718876,12107
71.061321,-72.718876,12157
71.061321,-73.718876,12208
71.061321,-74.718876,12258
71.061321,-75.718876,12298
71.061321,-76.718876,12338
71.061321,-77.718876,12379
71.061321,-78.718876,12419
71.061321,-79.718876,12442
71.061321,-80.718876,12459
71.061321,-81.718876,12499
71.061321,-82.718876,12570
71.061321,-83.718876,12600
71.061321,-84.718876,12620
71.061321,-85.718876,12671
71.061321,-86.718876,12731
72.061321,-86.718876,13130
73.061321,-86.718876,13205
74.061321,-86.718876,13255
75.061321,-86.718876,13296
76.061321,-86.718876,13305
76.061321,-85.718876,13336
77.061321,-85.718876,13359
78.061321,-85.718876,13406
79.061321,-85.718876,13466
80.061321,-85.718876,13547
81.061321,-85.718876,13698
81.061321,-84.718876,14907
81.061321,-83.718876,14917
BREAK
