START
25.061321,-21.718876,0
26.061321,-21.718876,213
27.061321,-21.718876,223
28.061321,-20.718876,234
29.061321,-20.718876,243
30.061321,-20.718876,268
30.061321,-19.718876,364
31.061321,-18.718876,383
32.061321,-18.718876,393
32.061321,-19.718876,902
32.061321,-21.718876,911
32.061321,-22.718876,921
32.061321,-24.718876,931
32.061321,-25.718876,941
32.061321,-26.718876,952
32.061321,-27.718876,971
32.061321,-28.718876,991
32.061321,-29.718876,1001
32.061321,-30.718876,1023
32.061321,-31.718876,1046
32.061321,-32.718876,1068
32.061321,-33.718876,1081
32.061321,-34.718876,1101
32.061321,-35.718876,1120
32.061321,-36.718876,1146
32.061321,-37.718876,1158
32.061321,-38.718876,1181
32.061321,-39.718876,1200
32.061321,-40.718876,1220
32.061321,-41.718876,1230
32.061321,-42.718876,1240
31.061321,-43.718876,1260
31.061321,-44.718876,1280
31.061321,-45.718876,1290
31.061321,-46.718876,1310
31.061321,-47.718876,1329
31.061321,-48.718876,1350
31.061321,-49.718876,1360
31.061321,-50.718876,1369
31.061321,-51.718876,1390
31.061321,-53.718876,1410
31.061321,-54.718876,1430
31.061321,-55.718876,1440
31.061321,-56.718876,1450
31.061321,-57.718876,1470
31.061321,-58.718876,1490
31.061321,-59.718876,1510
31.061321,-60.718876,1524
31.061321,-61.718876,1560
31.061321,-62.718876,1586
31.061321,-63.718876,1637
31.061321,-64.718876,1670
31.061321,-65.718876,1717
31.061321,-66.718876,1749
31.061321,-67.718876,1782
31.061321,-68.718876,1794
31.061321,-69.718876,1847
31.061321,-70.718876,1898
31.061321,-71.718876,1976
31.061321,-72.718876,2017
31.061321,-73.718876,2061
31.061321,-74.718876,2151
31.061321,-75.718876,2185
31.061321,-76.718876,2239
30.061321,-76.718876,2267
30.061321,-77.718876,2354
30.061321,-78.718876,2416
31.061321,-78.718876,2478
32.061321,-78.718876,2607
32.061321,-79.718876,2626
33.061321,-79.718876,2638
34.061321,-79.718876,2671
35.061321,-79.718876,2725
36.061321,-79.718876,2766
37.061321,-79.718876,2802
38.061321,-79.718876,2817
39.061321,-79.718876,2850
40.061321,-79.718876,2885
41.061321,-79.718876,2915
42.061321,-79.718876,2961
43.061321,-79.718876,3007
44.061321,-79.718876,3033
45.061321,-79.718876,3063
46.061321,-79.718876,3082
47.061321,-79.718876,3108
48.061321,-79.718876,3137
49.061321,-79.718876,3155
50.061321,-79.718876,3174
51.061321,-79.718876,3195
52.061321,-78.718876,3215
53.061321,-78.718876,3225
53.061321,-77.718876,3250
54.061321,-77.718876,3277
54.061321,-76.718876,3297
55.061321,-76.718876,3318
55.061321,-75.718876,3331
56.061321,-75.718876,3355
56.061321,-74.718876,3387
56.061321,-73.718876,3410
56.061321,-72.718876,3429
57.061321,-72.718876,3468
57.061321,-71.718876,3478
57.061321,-70.718876,3502
57.061321,-69.718876,3532
57.061321,-68.718876,3566
58.061321,-68.718876,3597
58.061321,-67.718876,3607
58.061321,-66.718876,3638
59.061321,-66.718876,3669
BREAK
61.061321,-43.718876,5326
60.061321,-44.718876,5491
60.061321,-45.718876,5500
60.061321,-47.718876,5521
60.061321,-48.718876,5540
60.061321,-49.718876,5550
60.061321,-50.718876,5566
60.061321,-51.718876,5591
60.061321,-52.718876,5624
60.061321,-53.718876,5661
60.061321,-54.718876,5674
60.061321,-55.718876,5696
60.061321,-56.718876,5715
60.061321,-57.718876,5736
60.061321,-58.718876,5745
60.061321,-59.718876,5767
59.061321,-59.718876,5790
59.061321,-60.718876,5810
59.061321,-61.718876,5830
59.061321,-62.718876,5855
59.061321,-63.718876,5875
59.061321,-64.718876,5885
59.061321,-65.718876,5905
59.061321,-66.718876,5925
59.061321,-67.718876,5950
59.061321,-68.718876,5977
59.061321,-69.718876,6010
59.061321,-70.718876,6037
59.061321,-71.718876,6072
59.061321,-72.718876,6090
59.061321,-73.718876,6129
59.061321,-74.718876,6174
59.061321,-75.718876,6272
59.061321,-76.718876,6783
59.061321,-77.718876,6808
59.061321,-78.718876,7028
59.061321,-79.718876,7632
59.061321,-80.718876,7641
59.061321,-81.718876,7663
59.061321,-82.718876,7801
60.061321,-82.718876,8077
61.061321,-82.718876,8098
62.061321,-82.718876,8118
63.061321,-82.718876,8138
64.061321,-82.718876,8148
65.061321,-82.718876,8261
66.061321,-82.718876,8287
67.061321,-82.718876,8394
68.061321,-82.718876,8413
69.061321,-82.718876,8427
70.061321,-82.718876,8449
BREAK
54.061321,-43.718876,10855
55.061321,-43.718876,11023
55.061321,-42.718876,11050
56.061321,-42.718876,11070
57.061321,-42.718876,11210
BREAK
56.061321,-41.718876,12595
57.061321,-41.718876,12731
58.061321,-41.718876,12750
59.061321,-41.718876,12774
60.061321,-41.718876,12958
61.061321,-41.718876,12974
62.061321,-41.718876,13041
61.061321,-41.718876,13500
60.061321,-41.718876,13530
59.061321,-41.718876,13539
58.061321,-41.718876,13584
57.061321,-41.718876,13601
56.061321,-41.718876,13628
55.061321,-41.718876,13813
54.061321,-41.718876,13843
53.061321,-41.718876,13863
52.061321,-41.718876,13948
51.061321,-41.718876,14013
BREAK
