START
39.683962,-26.859438,0
40.683962,-26.859438,900
41.683962,-26.859438,938
42.683962,-26.859438,949
43.683962,-26.859438,997
43.683962,-26.859438,1021
44.683962,-26.859438,1035
45.683962,-26.859438,1084
46.683962,-26.859438,1107
47.683962,-26.859438,1167
47.683962,-26.859438,1194
48.683962,-26.859438,1227
49.683962,-26.859438,1312
50.683962,-26.859438,1350
51.683962,-26.859438,1385
51.683962,-26.859438,1483
52.683962,-26.859438,1533
53.683962,-26.859438,1605
54.683962,-26.859438,1643
55.683962,-26.859438,1677
56.683962,-26.859438,1738
56.683962,-26.859438,1788
57.683962,-26.859438,1825
58.683962,-26.859438,1897
59.683962,-26.859438,1934
60.683962,-26.859438,2019
60.683962,-26.859438,2056
60.683962,-26.859438,2080
61.683962,-26.859438,2092
62.683962,-26.859438,2152
62.683962,-25.859438,2164
63.683962,-25.859438,2176
64.683962,-25.859438,2200
65.683962,-25.859438,2273
65.683962,-25.859438,2322
66.683962,-25.859438,2480
67.683962,-25.859438,2530
68.683962,-25.859438,2591
69.683962,-25.859438,2722
69.683962,-25.859438,3076
BREAK
69.683962,-25.859438,3999
69.683962,-25.859438,4488
69.683962,-26.859438,4512
68.683962,-26.859438,4717
68.683962,-27.859438,4766
67.683962,-28.859438,4801
66.683962,-28.859438,4876
66.683962,-29.859438,4900
66.683962,-30.859438,4938
66.683962,-30.859438,4961
65.683962,-30.859438,4998
65.683962,-31.859438,5008
65.683962,-32.859438,5022
65.683962,-32.859438,5044
65.683962,-33.859438,5069
65.683962,-34.859438,5093
65.683962,-35.859438,5117
64.683962,-35.859438,5143
64.683962,-35.859438,5192
63.683962,-36.859438,5215
63.683962,-37.859438,5252
62.683962,-37.859438,5277
62.683962,-38.859438,5325
62.683962,-39.859438,5349
61.683962,-39.859438,5410
61.683962,-39.859438,5421
61.683962,-40.859438,5459
60.683962,-41.859438,5483
60.683962,-42.859438,5568
60.683962,-43.859438,6188
60.683962,-43.859438,6213
60.683962,-44.859438,6249
60.683962,-45.859438,6286
60.683962,-46.859438,6321
60.683962,-47.859438,6336
60.683962,-48.859438,6456
60.683962,-48.859438,6531
60.683962,-49.859438,6553
60.683962,-50.859438,6578
59.683962,-50.859438,6614
59.683962,-51.859438,6626
58.683962,-52.859438,6651
58.683962,-52.859438,6687
57.683962,-53.859438,6712
56.683962,-54.859438,6737
56.683962,-55.859438,6771
56.683962,-56.859438,6797
55.683962,-57.859438,6820
54.683962,-57.859438,6844
54.683962,-57.859438,6858
53.683962,-58.859438,6881
53.683962,-59.859438,6930
52.683962,-60.859438,6943
51.683962,-61.859438,6966
51.683962,-61.859438,7015
51.683962,-62.859438,7027
50.683962,-63.859438,7053
49.683962,-64.859438,7077
49.683962,-65.859438,7102
48.683962,-66.859438,7124
48.683962,-66.859438,7140
47.683962,-67.859438,7162
47.683962,-67.859438,7175
47.683962,-68.859438,7185
47.683962,-69.859438,7210
46.683962,-70.859438,7222
45.683962,-70.859438,7246
45.683962,-70.859438,7271
45.683962,-71.859438,7295
45.683962,-72.859438,7309
44.683962,-72.859438,7319
43.683962,-73.859438,7357
43.683962,-74.859438,7381
43.683962,-74.859438,7406
43.683962,-75.859438,7442
43.683962,-75.859438,7477
43.683962,-76.859438,7513
42.683962,-76.859438,7526
42.683962,-77.859438,7561
41.683962,-78.859438,7599
41.683962,-79.859438,7611
40.683962,-79.859438,7635
40.683962,-79.859438,7671
40.683962,-80.859438,7708
39.683962,-81.859438,7805
39.683962,-82.859438,7842
38.683962,-82.859438,7854
38.683962,-83.859438,7866
38.683962,-84.859438,7917
38.683962,-84.859438,7965
38.683962,-84.859438,8376
BREAK
35.683962,-24.859438,10237
35.683962,-25.859438,11087
35.683962,-26.859438,11124
35.683962,-26.859438,11173
35.683962,-27.859438,11210
35.683962,-28.859438,11222
35.683962,-29.859438,11272
36.683962,-29.859438,11283
36.683962,-30.859438,11296
37.683962,-30.859438,11307
37.683962,-30.859438,11318
37.683962,-31.859438,11355
38.683962,-32.859438,11381
38.683962,-33.859438,11405
38.683962,-34.859438,11465
39.683962,-34.859438,11488
39.683962,-35.859438,11502
40.683962,-35.859438,11537
40.683962,-35.859438,11551
40.683962,-36.859438,11574
41.683962,-36.859438,11588
41.683962,-37.859438,11611
41.683962,-38.859438,11683
42.683962,-38.859438,11697
42.683962,-39.859438,11708
43.683962,-39.859438,11734
43.683962,-39.859438,11769
43.683962,-40.859438,11782
43.683962,-41.859438,11818
44.683962,-41.859438,11866
44.683962,-42.859438,11878
45.683962,-43.859438,11904
45.683962,-43.859438,11939
46.683962,-43.859438,11964
46.683962,-44.859438,12036
46.683962,-45.859438,12085
47.683962,-45.859438,12110
47.683962,-46.859438,12122
47.683962,-46.859438,12159
47.683962,-47.859438,12193
47.683962,-48.859438,12243
48.683962,-48.859438,12305
49.683962,-48.859438,12342
49.683962,-49.859438,12353
49.683962,-50.859438,12376
50.683962,-50.859438,12391
50.683962,-51.859438,12474
51.683962,-51.859438,12497
51.683962,-52.859438,12510
51.683962,-52.859438,12535
52.683962,-52.859438,12583
52.683962,-53.859438,12608
52.683962,-54.859438,12633
53.683962,-54.859438,12670
53.683962,-55.859438,12694
53.683962,-56.859438,12705
54.683962,-56.859438,12718
54.683962,-57.859438,12730
54.683962,-57.859438,12790
55.683962,-57.859438,12803
55.683962,-58.859438,12814
56.683962,-58.859438,12841
56.683962,-59.859438,12853
56.683962,-60.859438,12888
56.683962,-61.859438,12913
57.683962,-61.859438,12962
57.683962,-61.859438,12972
57.683962,-62.859438,12998
58.683962,-62.859438,13008
58.683962,-63.859438,13021
59.683962,-63.859438,13044
59.683962,-64.859438,13069
60.683962,-65.859438,13094
60.683962,-66.859438,13119
60.683962,-66.859438,13130
60.683962,-66.859438,13156
60.683962,-67.859438,13180
61.683962,-67.859438,13192
62.683962,-68.859438,13229
62.683962,-69.859438,13252
63.683962,-69.859438,13264
63.683962,-70.859438,13300
64.683962,-70.859438,13349
64.683962,-70.859438,13361
65.683962,-71.859438,13398
65.683962,-72.859438,13446
66.683962,-73.859438,13569
66.683962,-74.859438,13620
67.683962,-74.859438,13642
67.683962,-75.859438,13692
67.683962,-75.859438,13764
68.683962,-75.859438,13871
68.683962,-76.859438,13970
69.683962,-76.859438,13981
69.683962,-77.859438,14469
69.683962,-78.859438,14504
70.683962,-78.859438,15286
70.683962,-79.859438,15298
71.683962,-79.859438,15321
BREAK
