START
16.92268,-41.050532,0
17.829897,-40.143316,14
18.737113,-39.236099,60
19.64433,-38.328883,69
20.551546,-37.421666,80
21.458763,-36.51445,90
22.365979,-35.607233,101
23.273196,-34.700017,110
24.180412,-33.7928,120
25.087629,-32.885584,131
25.994845,-31.978367,142
26.902062,-31.978367,151
27.809278,-29.256718,161
28.716495,-28.349501,171
29.623711,-27.442285,182
29.623711,-26.535068,191
30.530928,-25.627852,202
30.530928,-24.720635,212
30.530928,-23.813419,232
31.438144,-22.906202,253
32.345361,-22.906202,274
32.345361,-23.813419,334
32.345361,-24.720635,344
32.345361,-25.627852,354
32.345361,-26.535068,374
32.345361,-27.442285,394
32.345361,-30.163934,404
32.345361,-31.071151,415
32.345361,-33.7928,425
32.345361,-36.51445,436
32.345361,-39.236099,445
32.345361,-41.957749,455
32.345361,-42.864965,466
32.345361,-46.493831,476
32.345361,-50.122697,486
32.345361,-52.844346,496
32.345361,-56.473212,506
32.345361,-60.102078,517
32.345361,-62.823728,526
32.345361,-68.267027,537
32.345361,-71.895893,548
33.252577,-72.803109,557
33.252577,-75.524759,567
34.159794,-76.431975,577
34.159794,-77.339192,588
34.159794,-80.968058,598
34.159794,-84.596924,607
34.159794,-85.50414,618
34.159794,-86.411357,628
34.159794,-89.133006,638
34.159794,-90.040223,648
34.159794,-90.947439,658
34.159794,-91.854656,669
34.159794,-92.761872,679
34.159794,-93.669089,699
34.159794,-94.576305,709
34.159794,-95.483522,729
34.159794,-96.390738,742
34.159794,-97.297955,785
35.06701,-97.297955,842
35.974227,-96.390738,852
36.881443,-95.483522,861
37.78866,-94.576305,872
38.695876,-94.576305,882
BREAK
36.881443,-33.7928,1954
36.881443,-32.885584,2090
36.881443,-31.978367,2109
37.78866,-31.071151,2120
38.695876,-30.163934,2130
39.603093,-29.256718,2140
39.603093,-28.349501,2150
39.603093,-27.442285,2160
39.603093,-26.535068,2171
40.510309,-25.627852,2181
41.417526,-24.720635,2191
41.417526,-23.813419,2201
42.324742,-23.813419,2211
42.324742,-22.906202,2222
43.231959,-22.906202,2231
43.231959,-21.998986,2241
43.231959,-21.091769,2252
44.139175,-20.184553,2262
45.046392,-19.277336,2272
45.953608,-18.37012,2282
46.860825,-17.462903,2293
47.768041,-17.462903,2312
48.675258,-16.555687,2323
49.582474,-15.64847,2344
50.489691,-14.741254,2353
51.396907,-14.741254,2363
52.304124,-13.834037,2374
53.21134,-12.926821,2384
54.118557,-12.926821,2394
55.025773,-12.926821,2414
55.93299,-12.926821,2435
56.840206,-12.926821,2444
57.747423,-12.926821,2476
58.654639,-12.926821,2503
59.561856,-12.926821,2512
60.469072,-12.926821,2531
61.376289,-12.926821,2541
62.283505,-13.834037,2552
63.190722,-13.834037,2561
63.190722,-14.741254,2571
64.097938,-15.64847,2592
64.097938,-16.555687,2622
64.097938,-17.462903,2643
64.097938,-18.37012,2653
64.097938,-19.277336,2663
64.097938,-20.184553,2673
64.097938,-21.091769,2684
65.005155,-21.998986,2693
65.005155,-22.906202,2703
65.912371,-23.813419,2714
65.912371,-24.720635,2724
66.819588,-25.627852,2734
66.819588,-26.535068,2754
67.726804,-27.442285,2765
67.726804,-28.349501,2774
67.726804,-29.256718,2785
67.726804,-31.978367,2795
67.726804,-34.700017,2805
67.726804,-35.607233,2815
67.726804,-36.51445,2825
68.634021,-37.421666,2836
69.541237,-38.328883,2846
70.448454,-39.236099,2855
71.35567,-40.143316,2866
72.262887,-41.050532,2876
72.262887,-43.772182,2887
72.262887,-44.679398,2896
72.262887,-45.586614,2906
72.262887,-49.21548,2917
73.170103,-51.93713,2927
73.170103,-55.565996,2937
73.170103,-58.287645,2947
73.170103,-61.009295,2957
74.07732,-61.916511,2968
74.07732,-62.823728,2977
74.984536,-62.823728,2988
74.984536,-63.730944,2998
74.984536,-64.638161,3008
74.984536,-65.545377,3019
75.891753,-66.452594,3028
75.891753,-69.174243,3038
75.891753,-70.08146,3049
75.891753,-70.988676,3059
75.891753,-71.895893,3069
75.891753,-72.803109,3090
75.891753,-73.710326,3109
75.891753,-74.617542,3120
75.891753,-75.524759,3130
74.984536,-76.431975,3140
74.07732,-77.339192,3150
73.170103,-78.246408,3160
72.262887,-79.153625,3171
71.35567,-80.060841,3181
70.448454,-80.968058,3191
69.541237,-81.875274,3201
69.541237,-82.782491,3222
68.634021,-82.782491,3242
67.726804,-82.782491,3252
65.005155,-83.689707,3262
64.097938,-83.689707,3282
63.190722,-83.689707,3303
62.283505,-83.689707,3312
61.376289,-83.689707,3323
60.469072,-82.782491,3343
60.469072,-81.875274,3424
BREAK
53.21134,-48.308264,3887
BREAK
