START
32.683962,-34.859438,0
32.683962,-35.859438,11
32.683962,-36.859438,28
32.683962,-38.859438,36
32.683962,-39.859438,52
32.683962,-41.859438,60
32.683962,-43.859438,69
32.683962,-44.859438,77
32.683962,-45.859438,85
32.683962,-47.859438,93
32.683962,-49.859438,101
32.683962,-50.859438,110
32.683962,-51.859438,118
32.683962,-54.859438,126
32.683962,-55.859438,134
32.683962,-56.859438,143
32.683962,-58.859438,151
32.683962,-59.859438,159
32.683962,-60.859438,176
32.683962,-61.859438,184
32.683962,-63.859438,192
32.683962,-64.859438,209
32.683962,-65.859438,225
32.683962,-66.859438,258
33.683962,-66.859438,384
34.683962,-66.859438,410
35.683962,-66.859438,427
37.683962,-66.859438,435
38.683962,-66.859438,443
39.683962,-66.859438,452
42.683962,-66.859438,460
43.683962,-66.859438,468
44.683962,-66.859438,476
46.683962,-66.859438,485
47.683962,-66.859438,493
48.683962,-66.859438,501
49.683962,-66.859438,509
50.683962,-66.859438,526
51.683962,-66.859438,534
52.683962,-65.859438,542
53.683962,-65.859438,551
54.683962,-65.859438,559
55.683962,-65.859438,567
56.683962,-65.859438,583
57.683962,-65.859438,600
58.683962,-65.859438,658
59.683962,-65.859438,671
60.683962,-65.859438,693
61.683962,-65.859438,730
62.683962,-65.859438,777
63.683962,-65.859438,785
64.683962,-65.859438,807
65.683962,-65.859438,834
66.683962,-65.859438,979
66.683962,-64.859438,987
66.683962,-63.859438,1006
66.683962,-62.859438,1022
67.683962,-60.859438,1031
67.683962,-59.859438,1039
67.683962,-58.859438,1047
67.683962,-56.859438,1055
67.683962,-55.859438,1063
67.683962,-53.859438,1072
67.683962,-52.859438,1080
67.683962,-50.859438,1088
67.683962,-48.859438,1096
67.683962,-47.859438,1104
67.683962,-46.859438,1113
67.683962,-45.859438,1121
67.683962,-44.859438,1129
67.683962,-43.859438,1137
67.683962,-42.859438,1146
67.683962,-41.859438,1154
67.683962,-40.859438,1171
67.683962,-39.859438,1192
67.683962,-38.859438,1219
67.683962,-37.859438,1268
BREAK
