START
64.75,-24.859438,0
64.75,-25.859438,31
64.75,-29.859438,39
63.75,-31.859438,47
63.75,-36.859438,55
63.75,-40.859438,63
63.75,-45.859438,79
63.75,-47.859438,87
63.75,-52.859438,95
63.75,-58.859438,103
63.75,-66.859438,111
63.75,-70.859438,119
64.75,-78.859438,127
64.75,-84.859438,135
65.75,-89.859438,143
66.75,-92.859438,151
66.75,-97.859438,159
66.75,-98.859438,175
66.75,-99.859438,183
66.75,-100.85944,191
65.75,-100.85944,295
64.75,-99.859438,303
64.75,-98.859438,311
63.75,-98.859438,327
BREAK
54.75,-29.859438,1080
53.75,-29.859438,1087
52.75,-28.859438,1095
51.75,-28.859438,1143
50.75,-28.859438,1159
49.75,-28.859438,1175
48.75,-28.859438,1183
47.75,-28.859438,1199
47.75,-29.859438,1207
45.75,-29.859438,1215
44.75,-29.859438,1239
43.75,-30.859438,1247
42.75,-31.859438,1255
41.75,-32.859438,1263
40.75,-33.859438,1271
40.75,-34.859438,1279
38.75,-35.859438,1287
38.75,-36.859438,1295
37.75,-38.859438,1303
36.75,-38.859438,1311
36.75,-40.859438,1319
36.75,-41.859438,1327
36.75,-42.859438,1335
36.75,-43.859438,1343
37.75,-45.859438,1351
38.75,-46.859438,1367
38.75,-47.859438,1383
39.75,-48.859438,1391
40.75,-48.859438,1399
41.75,-48.859438,1407
43.75,-48.859438,1423
44.75,-47.859438,1439
48.75,-47.859438,1447
54.75,-47.859438,1455
56.75,-47.859438,1463
61.75,-47.859438,1471
63.75,-47.859438,1479
66.75,-47.859438,1487
67.75,-47.859438,1503
68.75,-46.859438,1511
69.75,-46.859438,1543
69.75,-45.859438,1567
BREAK
