START
69.061321,-27.718876,0
68.061321,-27.718876,39
67.061321,-26.718876,63
66.061321,-26.718876,119
65.061321,-26.718876,151
64.061321,-26.718876,159
63.061321,-27.718876,183
62.061321,-27.718876,191
61.061321,-28.718876,207
60.061321,-28.718876,216
59.061321,-29.718876,223
58.061321,-29.718876,231
57.061321,-30.718876,247
56.061321,-30.718876,255
55.061321,-30.718876,263
54.061321,-32.718876,287
53.061321,-32.718876,295
52.061321,-33.718876,303
51.061321,-33.718876,320
50.061321,-34.718876,327
49.061321,-34.718876,344
49.061321,-35.718876,359
49.061321,-36.718876,399
48.061321,-37.718876,408
47.061321,-38.718876,423
46.061321,-39.718876,448
46.061321,-40.718876,472
45.061321,-40.718876,480
45.061321,-41.718876,487
44.061321,-41.718876,495
44.061321,-42.718876,512
43.061321,-42.718876,519
43.061321,-43.718876,527
43.061321,-44.718876,551
42.061321,-45.718876,567
42.061321,-47.718876,591
42.061321,-48.718876,623
41.061321,-48.718876,631
40.061321,-50.718876,663
39.061321,-51.718876,679
39.061321,-52.718876,720
38.061321,-52.718876,751
38.061321,-53.718876,760
38.061321,-54.718876,799
36.061321,-55.718876,823
36.061321,-56.718876,840
36.061321,-57.718876,856
36.061321,-58.718876,872
35.061321,-58.718876,887
35.061321,-59.718876,903
35.061321,-60.718876,936
34.061321,-61.718876,951
34.061321,-62.718876,968
34.061321,-63.718876,984
34.061321,-64.718876,1015
34.061321,-65.718876,1048
34.061321,-66.718876,1080
33.061321,-67.718876,1088
33.061321,-68.718876,1112
33.061321,-69.718876,1160
33.061321,-70.718876,1176
33.061321,-71.718876,1200
33.061321,-72.718876,1232
33.061321,-73.718876,1248
34.061321,-73.718876,1280
34.061321,-74.718876,1287
35.061321,-75.718876,1312
35.061321,-76.718876,1351
36.061321,-77.718876,1368
37.061321,-77.718876,1432
37.061321,-78.718876,1440
38.061321,-78.718876,1472
39.061321,-78.718876,1496
39.061321,-79.718876,1504
40.061321,-80.718876,1528
41.061321,-80.718876,1544
42.061321,-80.718876,1576
43.061321,-80.718876,1586
44.061321,-81.718876,1608
45.061321,-81.718876,1616
46.061321,-81.718876,1640
47.061321,-81.718876,1648
48.061321,-80.718876,1656
49.061321,-80.718876,1664
51.061321,-79.718876,1680
52.061321,-78.718876,1696
53.061321,-77.718876,1704
54.061321,-77.718876,1720
56.061321,-76.718876,1728
57.061321,-76.718876,1736
58.061321,-74.718876,1760
59.061321,-74.718876,1768
60.061321,-73.718876,1776
61.061321,-72.718876,1792
62.061321,-72.718876,1799
63.061321,-71.718876,1808
63.061321,-70.718876,1816
64.061321,-70.718876,1832
65.061321,-69.718876,1840
65.061321,-68.718876,1856
BREAK
33.061321,-27.718876,2896
32.061321,-27.718876,2903
32.061321,-28.718876,2943
33.061321,-28.718876,2991
33.061321,-29.718876,3015
34.061321,-29.718876,3055
34.061321,-30.718876,3063
34.061321,-31.718876,3087
35.061321,-31.718876,3103
35.061321,-32.718876,3119
35.061321,-33.718876,3135
36.061321,-33.718876,3143
37.061321,-34.718876,3159
38.061321,-34.718876,3167
39.061321,-35.718876,3175
40.061321,-36.718876,3199
41.061321,-38.718876,3216
41.061321,-40.718876,3247
42.061321,-41.718876,3272
43.061321,-42.718876,3287
44.061321,-43.718876,3295
45.061321,-43.718876,3312
45.061321,-44.718876,3319
47.061321,-44.718876,3327
47.061321,-45.718876,3351
47.061321,-46.718876,3360
47.061321,-47.718876,3367
48.061321,-47.718876,3383
48.061321,-48.718876,3391
49.061321,-48.718876,3399
50.061321,-49.718876,3423
50.061321,-50.718876,3432
51.061321,-51.718876,3448
52.061321,-51.718876,3480
52.061321,-52.718876,3495
52.061321,-53.718876,3512
53.061321,-53.718876,3519
53.061321,-54.718876,3536
53.061321,-55.718876,3543
54.061321,-55.718876,3552
54.061321,-56.718876,3559
55.061321,-57.718876,3584
55.061321,-58.718876,3591
56.061321,-58.718876,3608
56.061321,-59.718876,3616
57.061321,-60.718876,3632
57.061321,-61.718876,3648
57.061321,-62.718876,3663
57.061321,-63.718876,3688
57.061321,-64.718876,3695
58.061321,-65.718876,3712
58.061321,-66.718876,3728
58.061321,-67.718876,3744
59.061321,-68.718876,3760
59.061321,-69.718876,3768
59.061321,-71.718876,3776
59.061321,-72.718876,3784
59.061321,-73.718876,3799
59.061321,-74.718876,3823
59.061321,-75.718876,3856
60.061321,-76.718876,3863
60.061321,-77.718876,3888
59.061321,-78.718876,3912
59.061321,-79.718876,3920
59.061321,-80.718876,4000
59.061321,-81.718876,4064
BREAK
60.061321,-65.718876,4928
60.061321,-66.718876,4975
60.061321,-67.718876,4991
61.061321,-68.718876,4999
62.061321,-69.718876,5016
63.061321,-70.718876,5023
64.061321,-71.718876,5039
64.061321,-72.718876,5056
65.061321,-73.718876,5063
65.061321,-74.718876,5072
66.061321,-75.718876,5080
66.061321,-76.718876,5103
67.061321,-77.718876,5112
67.061321,-78.718876,5127
67.061321,-79.718876,5143
67.061321,-80.718876,5167
68.061321,-80.718876,5175
68.061321,-81.718876,5183
68.061321,-82.718876,5207
69.061321,-82.718876,5223
69.061321,-83.718876,5295
BREAK
60.061321,-85.718876,5776
60.061321,-84.718876,5783
61.061321,-84.718876,5815
62.061321,-84.718876,5847
63.061321,-84.718876,5863
64.061321,-84.718876,5872
65.061321,-84.718876,5888
66.061321,-84.718876,5895
68.061321,-84.718876,5904
70.061321,-85.718876,5912
72.061321,-85.718876,5927
73.061321,-85.718876,5943
74.061321,-85.718876,5959
75.061321,-86.718876,5967
76.061321,-86.718876,5975
77.061321,-86.718876,5983
BREAK
