START
63.061321,-26.718876,0
62.061321,-26.718876,127
61.061321,-26.718876,138
60.061321,-26.718876,160
57.061321,-26.718876,171
56.061321,-26.718876,201
55.061321,-26.718876,248
53.061321,-26.718876,277
52.061321,-27.718876,288
51.061321,-28.718876,299
50.061321,-30.718876,310
48.061321,-31.718876,321
46.061321,-33.718876,332
45.061321,-34.718876,343
45.061321,-35.718876,354
45.061321,-36.718876,365
44.061321,-37.718876,376
43.061321,-38.718876,387
43.061321,-39.718876,398
42.061321,-40.718876,409
42.061321,-42.718876,420
41.061321,-44.718876,434
41.061321,-47.718876,456
41.061321,-50.718876,467
41.061321,-54.718876,478
41.061321,-56.718876,500
41.061321,-57.718876,511
41.061321,-58.718876,522
41.061321,-59.718876,533
41.061321,-61.718876,544
41.061321,-62.718876,555
41.061321,-64.718876,568
41.061321,-66.718876,597
42.061321,-68.718876,608
43.061321,-69.718876,619
43.061321,-70.718876,630
43.061321,-71.718876,652
44.061321,-72.718876,690
45.061321,-72.718876,701
46.061321,-72.718876,712
48.061321,-72.718876,723
49.061321,-71.718876,755
50.061321,-70.718876,836
52.061321,-69.718876,853
53.061321,-69.718876,871
53.061321,-68.718876,882
53.061321,-67.718876,905
54.061321,-66.718876,918
54.061321,-65.718876,940
54.061321,-64.718876,1006
54.061321,-63.718876,1052
54.061321,-62.718876,1063
54.061321,-61.718876,1074
54.061321,-60.718876,1085
54.061321,-59.718876,1096
54.061321,-57.718876,1107
54.061321,-56.718876,1129
54.061321,-54.718876,1140
54.061321,-52.718876,1151
52.061321,-51.718876,1162
52.061321,-50.718876,1173
51.061321,-49.718876,1184
51.061321,-48.718876,1195
51.061321,-47.718876,1206
50.061321,-47.718876,1217
49.061321,-45.718876,1236
49.061321,-44.718876,1247
49.061321,-43.718876,1345
48.061321,-42.718876,1385
47.061321,-42.718876,1436
47.061321,-41.718876,1471
46.061321,-41.718876,1499
45.061321,-41.718876,1510
44.061321,-40.718876,1524
42.061321,-40.718876,1544
41.061321,-39.718876,1564
39.061321,-38.718876,1587
37.061321,-37.718876,1642
36.061321,-36.718876,1653
BREAK
52.061321,-68.718876,2791
53.061321,-69.718876,2848
53.061321,-70.718876,2880
54.061321,-70.718876,2994
55.061321,-70.718876,3005
56.061321,-70.718876,3027
57.061321,-70.718876,3038
58.061321,-70.718876,3049
59.061321,-70.718876,3071
60.061321,-70.718876,3223
61.061321,-70.718876,3234
61.061321,-69.718876,3269
62.061321,-69.718876,3301
BREAK
49.061321,-44.718876,3922
47.061321,-44.718876,3988
45.061321,-43.718876,4129
44.061321,-43.718876,4140
42.061321,-43.718876,4151
42.061321,-42.718876,4162
43.061321,-42.718876,4375
40.061321,-40.718876,4405
39.061321,-39.718876,4499
38.061321,-38.718876,4520
38.061321,-37.718876,4532
37.061321,-37.718876,4543
35.061321,-36.718876,4573
34.061321,-35.718876,4592
32.061321,-34.718876,4604
BREAK
