START
70.061321,-17.718876,0
70.061321,-16.718876,186
69.061321,-16.718876,198
69.061321,-15.718876,210
68.061321,-15.718876,221
67.061321,-14.718876,233
67.061321,-13.718876,247
66.061321,-13.718876,258
65.061321,-12.718876,270
65.061321,-11.718876,283
64.061321,-11.718876,294
63.061321,-11.718876,310
63.061321,-10.718876,318
62.061321,-10.718876,342
62.061321,-9.7188755,355
61.061321,-9.7188755,380
60.061321,-9.7188755,391
59.061321,-9.7188755,524
59.061321,-10.718876,559
58.061321,-10.718876,584
58.061321,-11.718876,608
57.061321,-11.718876,622
57.061321,-12.718876,634
56.061321,-12.718876,645
55.061321,-13.718876,657
55.061321,-14.718876,669
54.061321,-14.718876,682
54.061321,-15.718876,693
53.061321,-15.718876,717
53.061321,-16.718876,743
53.061321,-17.718876,1082
53.061321,-18.718876,1106
52.061321,-18.718876,1122
52.061321,-19.718876,1143
52.061321,-20.718876,1155
51.061321,-21.718876,1167
50.061321,-23.718876,1192
50.061321,-24.718876,1204
49.061321,-24.718876,1218
49.061321,-25.718876,1229
49.061321,-26.718876,1242
48.061321,-27.718876,1265
48.061321,-28.718876,1289
47.061321,-28.718876,1301
47.061321,-29.718876,1313
47.061321,-30.718876,1325
46.061321,-31.718876,1338
46.061321,-32.718876,1362
45.061321,-33.718876,1375
45.061321,-34.718876,1399
44.061321,-34.718876,1410
44.061321,-35.718876,1423
44.061321,-36.718876,1447
43.061321,-37.718876,1459
43.061321,-38.718876,1483
42.061321,-39.718876,1508
42.061321,-40.718876,1532
42.061321,-41.718876,1545
41.061321,-41.718876,1560
41.061321,-42.718876,1574
40.061321,-44.718876,1612
40.061321,-45.718876,1642
39.061321,-46.718876,1668
39.061321,-47.718876,1681
38.061321,-48.718876,1693
38.061321,-49.718876,1730
37.061321,-50.718876,1764
37.061321,-51.718876,1779
37.061321,-52.718876,1812
36.061321,-52.718876,1825
36.061321,-53.718876,1837
36.061321,-54.718876,1886
36.061321,-55.718876,1898
36.061321,-56.718876,1936
36.061321,-57.718876,1970
35.061321,-57.718876,1995
35.061321,-58.718876,2019
35.061321,-59.718876,2031
35.061321,-60.718876,2067
35.061321,-61.718876,2104
35.061321,-62.718876,2140
35.061321,-63.718876,2165
34.061321,-64.718876,2189
34.061321,-65.718876,2227
34.061321,-66.718876,2262
34.061321,-67.718876,2275
34.061321,-68.718876,2736
34.061321,-69.718876,2773
34.061321,-70.718876,2784
34.061321,-71.718876,2796
34.061321,-72.718876,2821
34.061321,-73.718876,2845
34.061321,-74.718876,2873
34.061321,-75.718876,2883
34.061321,-76.718876,2905
34.061321,-77.718876,2980
35.061321,-77.718876,3125
36.061321,-77.718876,3161
37.061321,-77.718876,3210
38.061321,-77.718876,3234
39.061321,-77.718876,3271
40.061321,-77.718876,3319
41.061321,-77.718876,3344
42.061321,-77.718876,3405
43.061321,-77.718876,3453
44.061321,-77.718876,3478
45.061321,-77.718876,3502
46.061321,-77.718876,3526
47.061321,-77.718876,3563
48.061321,-77.718876,3611
49.061321,-77.718876,3623
50.061321,-77.718876,3659
51.061321,-77.718876,3696
52.061321,-77.718876,3757
53.061321,-77.718876,3781
54.061321,-77.718876,3818
54.061321,-76.718876,3830
55.061321,-76.718876,3866
55.061321,-75.718876,3878
56.061321,-74.718876,3927
56.061321,-73.718876,3951
57.061321,-73.718876,3967
57.061321,-72.718876,3977
57.061321,-71.718876,4000
58.061321,-70.718876,4061
59.061321,-69.718876,4126
60.061321,-68.718876,4160
60.061321,-67.718876,4184
61.061321,-66.718876,4256
61.061321,-65.718876,4290
62.061321,-65.718876,4315
62.061321,-64.718876,4326
62.061321,-63.718876,4339
63.061321,-63.718876,4387
63.061321,-62.718876,4399
63.061321,-61.718876,4461
64.061321,-61.718876,4485
BREAK
34.061321,-27.718876,10197
35.061321,-27.718876,10306
36.061321,-27.718876,10329
37.061321,-27.718876,10341
38.061321,-27.718876,10371
39.061321,-28.718876,10380
40.061321,-28.718876,10429
40.061321,-29.718876,10440
41.061321,-29.718876,10452
42.061321,-30.718876,10488
43.061321,-30.718876,10512
44.061321,-31.718876,10528
45.061321,-31.718876,10548
46.061321,-32.718876,10560
47.061321,-32.718876,10573
47.061321,-34.718876,10585
48.061321,-34.718876,10596
48.061321,-35.718876,10608
49.061321,-35.718876,10622
50.061321,-36.718876,10633
51.061321,-36.718876,10645
51.061321,-37.718876,10658
52.061321,-38.718876,10669
53.061321,-39.718876,10695
54.061321,-40.718876,10706
55.061321,-41.718876,10718
56.061321,-42.718876,10730
56.061321,-43.718876,10742
57.061321,-43.718876,10755
57.061321,-44.718876,10767
58.061321,-44.718876,10779
59.061321,-45.718876,10804
60.061321,-47.718876,10828
60.061321,-48.718876,10853
61.061321,-49.718876,10864
61.061321,-50.718876,10888
61.061321,-51.718876,10903
61.061321,-52.718876,10914
62.061321,-52.718876,10925
62.061321,-53.718876,10937
62.061321,-54.718876,10963
62.061321,-56.718876,10986
62.061321,-57.718876,11010
62.061321,-58.718876,11034
62.061321,-59.718876,11060
62.061321,-60.718876,11071
62.061321,-61.718876,11083
62.061321,-62.718876,11107
62.061321,-63.718876,11123
62.061321,-64.718876,11144
62.061321,-65.718876,11211
62.061321,-67.718876,11280
62.061321,-68.718876,11303
62.061321,-69.718876,11327
62.061321,-70.718876,11352
62.061321,-71.718876,11387
62.061321,-72.718876,11399
62.061321,-73.718876,11472
62.061321,-74.718876,11498
63.061321,-74.718876,11594
64.061321,-74.718876,11618
65.061321,-74.718876,11642
66.061321,-74.718876,11666
67.061321,-74.718876,11679
68.061321,-74.718876,11703
69.061321,-74.718876,11717
70.061321,-74.718876,11728
71.061321,-74.718876,11751
72.061321,-74.718876,11779
73.061321,-74.718876,11800
74.061321,-74.718876,11922
75.061321,-74.718876,11970
BREAK
