START
41.544794,-32.810747,0
43.890658,-28.900972,97
44.672613,-28.900972,99
45.454568,-28.900972,106
45.454568,-28.119017,118
46.236523,-28.119017,126
47.800433,-28.119017,139
49.364342,-28.119017,146
50.928252,-28.119017,154
51.710207,-28.119017,165
52.492162,-28.119017,176
54.838027,-28.119017,186
55.619982,-28.119017,192
56.401936,-28.119017,202
57.183891,-28.119017,212
57.965846,-28.119017,223
59.529756,-28.119017,232
60.311711,-28.119017,240
61.093666,-28.900972,248
61.875621,-28.900972,258
63.43953,-28.900972,268
64.221485,-28.900972,279
65.00344,-29.682927,304
65.785395,-30.464882,337
66.56735,-30.464882,348
66.56735,-31.246837,357
68.13126,-32.810747,376
68.13126,-33.592702,384
68.913215,-34.374657,404
68.913215,-35.156611,415
68.913215,-35.938566,432
68.913215,-36.720521,441
68.913215,-37.502476,460
68.913215,-38.284431,490
68.913215,-39.066386,500
68.13126,-39.066386,510
68.13126,-39.848341,520
68.13126,-40.630296,528
68.13126,-41.412251,539
67.349305,-42.194205,559
67.349305,-42.97616,569
66.56735,-42.97616,579
66.56735,-43.758115,589
66.56735,-44.54007,608
65.785395,-45.322025,619
65.785395,-46.10398,639
65.00344,-46.885935,648
65.00344,-47.66789,659
64.221485,-49.231799,688
63.43953,-49.231799,707
63.43953,-50.013754,719
63.43953,-50.795709,728
62.657576,-50.795709,738
62.657576,-51.577664,748
61.875621,-51.577664,759
61.093666,-52.359619,768
61.093666,-53.141574,778
60.311711,-53.141574,788
60.311711,-53.923529,798
60.311711,-54.705484,818
59.529756,-54.705484,828
59.529756,-55.487438,838
58.747801,-55.487438,856
57.965846,-56.269393,865
57.183891,-57.051348,884
55.619982,-57.833303,904
54.838027,-57.833303,914
54.056072,-57.833303,924
53.274117,-57.833303,944
52.492162,-57.833303,952
51.710207,-57.833303,1073
50.928252,-57.833303,1083
50.146297,-57.051348,1092
49.364342,-57.051348,1103
48.582388,-56.269393,1120
47.800433,-56.269393,1129
47.018478,-56.269393,1149
46.236523,-55.487438,1159
44.672613,-55.487438,1170
43.890658,-54.705484,1189
43.108703,-54.705484,1289
43.108703,-53.923529,1318
42.326748,-53.923529,1328
41.544794,-53.141574,1336
40.762839,-53.141574,1344
40.762839,-52.359619,1353
39.980884,-52.359619,1364
39.198929,-51.577664,1374
38.416974,-51.577664,1394
37.635019,-51.577664,1624
37.635019,-50.795709,1634
37.635019,-50.013754,1664
36.853064,-50.013754,1684
36.853064,-49.231799,1694
36.853064,-48.449844,1724
36.853064,-47.66789,1745
36.853064,-48.449844,1995
36.853064,-49.231799,2016
36.853064,-50.013754,2024
36.853064,-50.795709,2032
36.853064,-51.577664,2052
36.853064,-52.359619,2073
36.853064,-53.141574,2092
36.853064,-53.923529,2102
36.853064,-55.487438,2120
37.635019,-55.487438,2129
37.635019,-56.269393,2148
38.416974,-57.051348,2159
38.416974,-57.833303,2168
39.198929,-58.615258,2189
39.980884,-59.397213,2218
39.980884,-60.179168,2228
40.762839,-60.179168,2239
41.544794,-60.179168,2309
41.544794,-60.961123,2328
41.544794,-61.743078,2337
42.326748,-61.743078,2344
42.326748,-62.525032,2355
43.108703,-62.525032,2366
43.890658,-63.306987,2376
44.672613,-64.088942,2384
45.454568,-64.870897,2392
46.236523,-65.652852,2412
47.018478,-65.652852,2472
47.800433,-65.652852,2502
47.800433,-66.434807,2514
48.582388,-66.434807,2521
49.364342,-66.434807,2540
50.146297,-66.434807,2550
51.710207,-67.216762,2561
52.492162,-67.216762,2569
53.274117,-67.216762,2598
55.619982,-67.216762,2696
57.183891,-67.216762,2704
58.747801,-67.216762,2713
59.529756,-67.216762,2732
59.529756,-66.434807,2822
60.311711,-66.434807,2832
60.311711,-65.652852,2840
61.093666,-65.652852,2860
61.093666,-64.870897,2880
61.875621,-64.870897,2911
62.657576,-64.088942,2921
62.657576,-63.306987,2960
63.43953,-63.306987,2968
64.221485,-63.306987,2998
64.221485,-62.525032,3008
65.00344,-62.525032,3028
64.221485,-62.525032,3228
62.657576,-64.870897,3249
62.657576,-65.652852,3268
61.875621,-66.434807,3278
61.875621,-67.998717,3289
61.093666,-67.998717,3309
61.093666,-68.780672,3329
61.093666,-69.562626,3348
61.093666,-70.344581,3377
60.311711,-70.344581,3384
60.311711,-71.126536,3392
59.529756,-71.908491,3412
59.529756,-72.690446,3422
59.529756,-73.472401,3452
58.747801,-74.254356,3462
58.747801,-75.036311,3482
58.747801,-75.818266,3492
58.747801,-77.382175,3632
58.747801,-78.16413,3641
58.747801,-78.946085,3660
58.747801,-79.72804,3671
58.747801,-80.509995,3681
58.747801,-81.29195,3688
58.747801,-82.073905,3776
58.747801,-82.85586,3896
58.747801,-83.637814,3904
59.529756,-83.637814,3912
59.529756,-84.419769,3924
60.311711,-85.201724,3944
60.311711,-85.983679,3952
61.093666,-85.983679,3982
61.875621,-85.983679,4152
62.657576,-85.983679,4161
63.43953,-85.983679,4169
64.221485,-86.765634,4178
65.00344,-86.765634,4189
65.785395,-86.765634,4198
66.56735,-86.765634,4208
67.349305,-86.765634,4398
68.13126,-86.765634,4408
68.913215,-86.765634,4416
69.69517,-86.765634,4436
BREAK
