START
35.289154,-31.246837,0
34.5072,-31.246837,168
34.5072,-30.464882,176
34.5072,-29.682927,184
34.5072,-28.900972,200
34.5072,-28.119017,224
35.289154,-28.119017,240
35.289154,-27.337063,248
35.289154,-26.555108,264
36.071109,-26.555108,272
36.071109,-25.773153,288
36.853064,-25.773153,304
36.853064,-24.991198,312
37.635019,-24.991198,328
38.416974,-24.209243,336
38.416974,-23.427288,344
39.198929,-23.427288,360
39.980884,-22.645333,376
40.762839,-22.645333,408
41.544794,-22.645333,424
41.544794,-21.863378,440
42.326748,-21.863378,448
43.108703,-21.863378,464
43.890658,-21.863378,496
44.672613,-21.863378,512
44.672613,-21.081423,528
45.454568,-21.081423,544
46.236523,-21.081423,560
47.018478,-21.081423,568
47.018478,-20.299469,576
47.800433,-20.299469,592
48.582388,-20.299469,608
49.364342,-20.299469,624
50.146297,-20.299469,640
50.928252,-20.299469,648
51.710207,-20.299469,656
52.492162,-20.299469,664
53.274117,-20.299469,672
54.056072,-20.299469,688
54.838027,-20.299469,704
55.619982,-20.299469,736
56.401936,-20.299469,744
57.183891,-20.299469,776
57.183891,-21.081423,792
57.965846,-21.081423,816
58.747801,-21.081423,840
58.747801,-21.863378,848
59.529756,-21.863378,856
60.311711,-22.645333,880
61.093666,-22.645333,896
61.093666,-23.427288,904
61.875621,-24.209243,912
62.657576,-24.209243,920
62.657576,-24.991198,936
63.43953,-24.991198,944
63.43953,-25.773153,952
64.221485,-25.773153,968
64.221485,-26.555108,976
64.221485,-27.337063,984
65.00344,-27.337063,1016
65.00344,-28.119017,1024
65.785395,-28.119017,1040
65.785395,-28.900972,1048
65.785395,-29.682927,1064
65.785395,-30.464882,1072
65.785395,-31.246837,1096
65.785395,-32.028792,1112
65.785395,-32.810747,1128
65.785395,-33.592702,1136
65.785395,-34.374657,1152
65.785395,-35.156611,1168
65.785395,-35.938566,1184
65.785395,-36.720521,1192
65.785395,-37.502476,1216
65.785395,-38.284431,1232
65.785395,-39.066386,1248
65.00344,-39.848341,1256
65.00344,-40.630296,1272
64.221485,-40.630296,1280
64.221485,-41.412251,1296
64.221485,-42.194205,1312
63.43953,-42.97616,1320
63.43953,-43.758115,1336
62.657576,-43.758115,1344
62.657576,-44.54007,1352
61.875621,-44.54007,1368
61.875621,-45.322025,1376
61.093666,-45.322025,1384
61.093666,-46.10398,1392
61.093666,-46.885935,1408
60.311711,-46.885935,1416
60.311711,-47.66789,1440
59.529756,-47.66789,1456
59.529756,-48.449844,1464
58.747801,-49.231799,1488
57.965846,-50.013754,1496
57.183891,-50.795709,1512
56.401936,-50.795709,1528
56.401936,-51.577664,1544
55.619982,-51.577664,1552
54.838027,-51.577664,1584
54.838027,-52.359619,1600
54.056072,-52.359619,1616
53.274117,-53.141574,1632
52.492162,-53.141574,1648
51.710207,-53.141574,1656
50.928252,-53.141574,1664
50.146297,-53.923529,1672
49.364342,-53.923529,1680
48.582388,-53.923529,1688
47.800433,-53.923529,1696
47.018478,-53.923529,1704
46.236523,-54.705484,1720
45.454568,-54.705484,1752
44.672613,-54.705484,1792
43.890658,-54.705484,1816
43.108703,-54.705484,1832
42.326748,-54.705484,1848
41.544794,-54.705484,1856
40.762839,-54.705484,1872
40.762839,-53.923529,1888
39.980884,-53.923529,1896
39.198929,-53.923529,1904
38.416974,-53.923529,1912
38.416974,-53.141574,1920
37.635019,-53.141574,1928
36.853064,-53.141574,1952
36.853064,-52.359619,1968
36.071109,-52.359619,1984
35.289154,-52.359619,2008
35.289154,-51.577664,2016
35.289154,-50.795709,2040
34.5072,-50.795709,2048
34.5072,-50.013754,2056
34.5072,-49.231799,2088
33.725245,-49.231799,2120
33.725245,-48.449844,2128
33.725245,-47.66789,2144
33.725245,-46.885935,2152
33.725245,-46.10398,2704
33.725245,-45.322025,2736
33.725245,-46.10398,3048
33.725245,-46.885935,3072
33.725245,-47.66789,3104
33.725245,-48.449844,3136
33.725245,-49.231799,3152
33.725245,-50.013754,3184
34.5072,-50.013754,3224
34.5072,-50.795709,3240
34.5072,-51.577664,3272
35.289154,-51.577664,3280
35.289154,-52.359619,3296
36.071109,-52.359619,3328
36.071109,-53.141574,3336
36.853064,-53.141574,3376
36.853064,-53.923529,3384
37.635019,-53.923529,3392
37.635019,-54.705484,3424
38.416974,-54.705484,3432
38.416974,-55.487438,3440
39.198929,-55.487438,3464
39.198929,-56.269393,3488
39.980884,-56.269393,3496
40.762839,-56.269393,3512
40.762839,-57.051348,3536
41.544794,-57.051348,3552
42.326748,-57.051348,3592
42.326748,-57.833303,3608
43.108703,-57.833303,3616
43.890658,-57.833303,3624
43.890658,-58.615258,3632
44.672613,-58.615258,3640
45.454568,-58.615258,3672
46.236523,-58.615258,3768
46.236523,-59.397213,3776
47.018478,-59.397213,3784
47.800433,-59.397213,3800
48.582388,-59.397213,3808
49.364342,-59.397213,3824
50.146297,-59.397213,3832
50.146297,-60.179168,3840
50.928252,-60.179168,3920
51.710207,-60.179168,3936
52.492162,-60.179168,3952
53.274117,-60.179168,3960
54.056072,-60.179168,3968
54.838027,-60.179168,3984
55.619982,-60.179168,3992
56.401936,-60.179168,4064
57.183891,-60.179168,4096
57.965846,-60.179168,4112
58.747801,-60.179168,4120
59.529756,-60.179168,4136
60.311711,-60.179168,4200
61.093666,-60.179168,4248
61.875621,-60.179168,4264
62.657576,-60.179168,4272
63.43953,-60.179168,4288
63.43953,-59.397213,4328
64.221485,-59.397213,4344
64.221485,-58.615258,4360
65.00344,-58.615258,4376
65.785395,-58.615258,4392
65.785395,-57.833303,4400
66.56735,-57.833303,4408
67.349305,-57.051348,4424
68.13126,-57.051348,4464
68.13126,-56.269393,4480
68.13126,-55.487438,4504
68.913215,-55.487438,4512
68.913215,-54.705484,4536
69.69517,-54.705484,4576
69.69517,-53.923529,4600
69.69517,-53.141574,4648
69.69517,-52.359619,4672
69.69517,-53.141574,5024
69.69517,-53.923529,5047
69.69517,-54.705484,5079
69.69517,-55.487438,5112
69.69517,-56.269393,5128
69.69517,-57.051348,5143
69.69517,-57.833303,5159
69.69517,-58.615258,5176
69.69517,-59.397213,5184
69.69517,-60.179168,5199
69.69517,-60.961123,5223
69.69517,-61.743078,5239
69.69517,-62.525032,5248
69.69517,-63.306987,5263
69.69517,-64.088942,5279
69.69517,-64.870897,5303
69.69517,-65.652852,5312
69.69517,-66.434807,5343
69.69517,-67.216762,5384
69.69517,-67.998717,5400
69.69517,-68.780672,5408
70.477124,-68.780672,5416
70.477124,-69.562626,5432
70.477124,-70.344581,5448
70.477124,-71.126536,5464
70.477124,-71.908491,5472
70.477124,-72.690446,5488
70.477124,-73.472401,5503
70.477124,-74.254356,5520
70.477124,-75.036311,5528
70.477124,-75.818266,5568
70.477124,-76.60022,5591
70.477124,-77.382175,5640
70.477124,-78.16413,5688
70.477124,-78.946085,5711
70.477124,-79.72804,5737
70.477124,-80.509995,5760
71.259079,-80.509995,5792
71.259079,-81.29195,5800
72.041034,-81.29195,5831
72.041034,-82.073905,5839
72.822989,-82.073905,5903
73.604944,-82.073905,5936
74.386899,-82.073905,5968
75.168854,-82.073905,5976
75.950809,-82.073905,6008
76.732764,-82.073905,6024
77.514718,-82.073905,6040
78.296673,-82.073905,6048
79.078628,-82.073905,6064
79.860583,-82.073905,6080
79.860583,-82.85586,6096
80.642538,-82.85586,6104
81.424493,-82.85586,6136
82.206448,-82.85586,6184
82.206448,-82.073905,6192
82.988403,-82.073905,6208
82.988403,-81.29195,6216
83.770357,-81.29195,6224
83.770357,-80.509995,6248
84.552312,-80.509995,6255
84.552312,-79.72804,6271
85.334267,-79.72804,6279
85.334267,-78.946085,6296
85.334267,-78.16413,6304
86.116222,-78.16413,6479
BREAK
