START
65.646983,-20.166697,0
62.288204,-23.525476,235
55.570647,-29.403339,269
48.013395,-35.281201,303
41.295838,-39.479674,337
38.776754,-41.159064,341
35.417975,-43.678148,377
34.57828,-44.517842,418
34.57828,-45.357537,454
33.738586,-46.197232,487
32.898891,-47.036926,520
36.25767,-47.036926,615
38.776754,-47.036926,621
53.051563,-47.036926,655
55.570647,-47.036926,661
60.608815,-47.036926,694
63.127899,-47.036926,730
64.807288,-46.197232,762
66.486677,-46.197232,797
67.326372,-46.197232,829
68.166067,-46.197232,895
69.005761,-46.197232,930
69.005761,-40.319369,1067
69.005761,-37.800285,1070
69.005761,-30.243033,1104
69.005761,-25.204865,1140
69.005761,-21.846087,1173
69.005761,-20.166697,1207
69.005761,-26.04456,1444
69.005761,-28.563644,1446
70.685151,-36.96059,1479
70.685151,-45.357537,1513
70.685151,-51.2354,1546
70.685151,-54.594178,1580
70.685151,-56.273568,1582
70.685151,-58.792652,1616
70.685151,-61.311735,1649
70.685151,-65.510209,1683
70.685151,-68.029293,1717
70.685151,-70.548377,1751
BREAK
