START
23.051887,-8.8594378,0
24.051887,-8.8594378,28
25.051887,-8.8594378,49
26.051887,-8.8594378,63
26.051887,-8.8594378,74
27.051887,-8.8594378,86
27.051887,-9.8594378,88
28.051887,-9.8594378,93
29.051887,-9.8594378,97
30.051887,-9.8594378,101
31.051887,-9.8594378,111
32.051887,-9.8594378,113
33.051887,-9.8594378,119
34.051887,-9.8594378,121
35.051887,-9.8594378,129
35.051887,-9.8594378,136
36.051887,-9.8594378,140
37.051887,-9.8594378,146
38.051887,-9.8594378,148
39.051887,-9.8594378,156
40.051887,-9.8594378,158
41.051887,-9.8594378,163
42.051887,-9.8594378,165
43.051887,-9.8594378,168
44.051887,-9.8594378,178
44.051887,-9.8594378,184
45.051887,-9.8594378,187
46.051887,-9.8594378,193
47.051887,-9.8594378,203
48.051887,-9.8594378,207
49.051887,-9.8594378,219
50.051887,-9.8594378,224
51.051887,-9.8594378,239
52.051887,-9.8594378,247
53.051887,-9.8594378,251
53.051887,-9.8594378,258
54.051887,-9.8594378,267
55.051887,-9.8594378,277
56.051887,-9.8594378,286
57.051887,-9.8594378,293
58.051887,-9.8594378,298
58.051887,-10.859438,305
59.051887,-10.859438,333
60.051887,-10.859438,342
61.051887,-10.859438,351
62.051887,-10.859438,361
62.051887,-10.859438,371
63.051887,-10.859438,387
64.051887,-10.859438,392
65.051887,-10.859438,401
66.051887,-10.859438,410
67.051887,-10.859438,452
68.051887,-10.859438,461
69.051887,-10.859438,472
70.051887,-10.859438,485
71.051887,-10.859438,494
71.051887,-10.859438,518
72.051887,-10.859438,537
73.051887,-10.859438,559
74.051887,-10.859438,579
75.051887,-10.859438,662
76.051887,-10.859438,678
77.051887,-10.859438,701
77.051887,-11.859438,874
77.051887,-12.859438,877
77.051887,-13.859438,887
76.051887,-13.859438,889
76.051887,-14.859438,891
75.051887,-15.859438,895
75.051887,-15.859438,900
75.051887,-16.859438,907
75.051887,-17.859438,909
75.051887,-18.859438,911
75.051887,-19.859438,914
75.051887,-20.859438,916
75.051887,-21.859438,920
75.051887,-22.859438,922
74.051887,-23.859438,925
74.051887,-24.859438,928
74.051887,-24.859438,934
74.051887,-25.859438,936
74.051887,-26.859438,938
74.051887,-27.859438,940
74.051887,-28.859438,942
74.051887,-29.859438,947
74.051887,-30.859438,949
74.051887,-31.859438,952
74.051887,-32.859438,955
74.051887,-33.859438,961
74.051887,-33.859438,963
74.051887,-34.859438,965
74.051887,-35.859438,968
74.051887,-36.859438,970
74.051887,-37.859438,976
74.051887,-38.859438,978
74.051887,-39.859438,980
74.051887,-40.859438,982
74.051887,-41.859438,987
74.051887,-42.859438,991
74.051887,-42.859438,994
74.051887,-43.859438,999
74.051887,-44.859438,1004
74.051887,-45.859438,1009
74.051887,-46.859438,1014
74.051887,-47.859438,1018
74.051887,-48.859438,1025
74.051887,-49.859438,1039
74.051887,-50.859438,1048
74.051887,-51.859438,1054
74.051887,-51.859438,1070
74.051887,-52.859438,1089
74.051887,-53.859438,1100
74.051887,-54.859438,1113
74.051887,-55.859438,1126
74.051887,-56.859438,1137
74.051887,-57.859438,1151
74.051887,-58.859438,1156
74.051887,-59.859438,1163
74.051887,-60.859438,1166
74.051887,-60.859438,1176
74.051887,-61.859438,1180
74.051887,-62.859438,1183
74.051887,-63.859438,1187
74.051887,-64.859438,1196
74.051887,-65.859438,1200
74.051887,-66.859438,1204
74.051887,-67.859438,1208
74.051887,-68.859438,1214
74.051887,-69.859438,1225
74.051887,-69.859438,1227
74.051887,-70.859438,1240
74.051887,-71.859438,1243
74.051887,-72.859438,1252
74.051887,-73.859438,1256
74.051887,-74.859438,1261
74.051887,-75.859438,1265
74.051887,-76.859438,1269
74.051887,-77.859438,1284
74.051887,-78.859438,1298
74.051887,-78.859438,1304
74.051887,-79.859438,1306
74.051887,-80.859438,1323
74.051887,-81.859438,1331
74.051887,-82.859438,1336
74.051887,-83.859438,1348
74.051887,-84.859438,1353
74.051887,-85.859438,1364
74.051887,-86.859438,1375
74.051887,-87.859438,1378
74.051887,-87.859438,1380
74.051887,-88.859438,1396
74.051887,-89.859438,1432
74.051887,-90.859438,1445
74.051887,-91.859438,1471
74.051887,-92.859438,1557
BREAK
