START
24.051887,-17.859438,0
25.051887,-17.859438,135
27.051887,-17.859438,151
28.051887,-17.859438,159
29.051887,-17.859438,167
30.051887,-17.859438,183
31.051887,-17.859438,191
33.051887,-17.859438,199
36.051887,-17.859438,215
37.051887,-17.859438,223
38.051887,-17.859438,231
39.051887,-17.859438,247
41.051887,-17.859438,303
42.051887,-17.859438,327
44.051887,-17.859438,359
45.051887,-17.859438,399
46.051887,-17.859438,431
47.051887,-17.859438,487
49.051887,-17.859438,495
50.051887,-17.859438,519
51.051887,-17.859438,543
52.051887,-17.859438,559
53.051887,-17.859438,631
55.051887,-17.859438,735
57.051887,-17.859438,767
58.051887,-17.859438,823
59.051887,-17.859438,879
60.051887,-17.859438,927
61.051887,-17.859438,975
62.051887,-17.859438,1047
64.051887,-17.859438,1071
66.051887,-17.859438,1127
67.051887,-17.859438,1167
68.051887,-17.859438,1183
69.051887,-17.859438,1431
70.051887,-17.859438,1471
72.051887,-17.859438,1559
72.051887,-19.859438,2095
72.051887,-20.859438,2111
72.051887,-21.859438,2119
72.051887,-22.859438,2143
72.051887,-23.859438,2167
72.051887,-25.859438,2175
72.051887,-26.859438,2199
72.051887,-27.859438,2223
72.051887,-28.859438,2231
72.051887,-30.859438,2263
72.051887,-31.859438,2287
72.051887,-33.859438,2295
72.051887,-34.859438,2311
72.051887,-35.859438,2327
72.051887,-36.859438,2335
72.051887,-37.859438,2375
72.051887,-38.859438,2431
72.051887,-41.859438,2463
72.051887,-42.859438,2479
72.051887,-43.859438,2527
72.051887,-44.859438,2559
72.051887,-45.859438,2566
72.051887,-46.859438,2614
72.051887,-48.859438,2655
72.051887,-49.859438,2679
72.051887,-50.859438,2719
72.051887,-52.859438,2751
72.051887,-53.859438,2767
72.051887,-54.859438,2783
72.051887,-56.859438,2807
72.051887,-57.859438,2815
72.051887,-58.859438,2855
72.051887,-59.859438,2903
72.051887,-60.859438,2927
72.051887,-61.859438,3039
72.051887,-64.859438,3087
72.051887,-65.859438,3103
72.051887,-66.859438,3119
72.051887,-67.859438,3143
72.051887,-68.859438,3151
72.051887,-69.859438,3175
72.051887,-71.859438,3239
72.051887,-72.859438,3303
72.051887,-74.859438,3359
72.051887,-75.859438,3415
72.051887,-76.859438,3439
72.051887,-77.859438,3511
72.051887,-79.859438,3535
72.051887,-80.859438,3559
72.051887,-81.859438,3591
72.051887,-82.859438,3631
72.051887,-83.859438,3711
72.051887,-85.859438,3735
72.051887,-87.859438,4143
72.051887,-88.859438,4391
BREAK
