START
15.81271,-49.032516,0
15.81271,-48.247061,40
15.81271,-46.676152,76
15.81271,-45.105243,80
15.81271,-44.319788,97
15.81271,-42.748879,105
15.81271,-41.963425,120
15.81271,-40.392516,128
15.81271,-39.607061,136
16.598165,-38.036152,157
17.383619,-37.250697,160
18.169074,-36.465243,168
18.954528,-35.679788,192
19.739983,-35.679788,240
19.739983,-36.465243,264
20.525437,-36.465243,272
21.310892,-37.250697,280
21.310892,-38.036152,288
22.881801,-39.607061,297
23.667256,-41.963425,325
23.667256,-42.748879,328
23.667256,-43.534334,337
24.45271,-44.319788,344
24.45271,-45.105243,353
24.45271,-46.676152,369
23.667256,-47.461606,377
22.881801,-50.603425,402
21.310892,-52.174334,408
21.310892,-52.959788,416
20.525437,-54.530697,424
20.525437,-55.316152,432
19.739983,-56.101606,440
18.954528,-57.672516,448
18.954528,-59.243425,456
18.169074,-60.028879,470
18.169074,-60.814334,472
18.169074,-62.385243,480
18.169074,-63.956152,496
18.169074,-65.527061,512
18.169074,-66.312516,520
18.169074,-67.09797,536
18.954528,-67.883425,553
18.954528,-68.668879,560
19.739983,-69.454334,568
20.525437,-69.454334,576
21.310892,-69.454334,585
22.881801,-71.025243,600
23.667256,-71.025243,608
25.238165,-71.025243,631
25.238165,-71.810697,633
26.023619,-71.810697,640
26.809074,-71.810697,648
28.379983,-71.810697,657
29.165437,-71.810697,664
30.736346,-72.596152,672
31.521801,-72.596152,680
33.09271,-72.596152,696
33.878165,-72.596152,712
34.663619,-72.596152,720
35.449074,-72.596152,728
35.449074,-71.810697,744
36.234528,-71.810697,752
36.234528,-71.025243,760
36.234528,-70.239788,776
36.234528,-69.454334,792
37.019983,-69.454334,800
37.019983,-68.668879,808
37.019983,-67.883425,816
37.805437,-67.09797,832
37.805437,-66.312516,840
37.805437,-65.527061,848
38.590892,-65.527061,856
38.590892,-63.170697,874
39.376346,-63.170697,880
39.376346,-62.385243,888
39.376346,-60.814334,896
39.376346,-60.028879,904
40.161801,-59.243425,912
40.161801,-57.672516,920
40.161801,-56.101606,928
40.161801,-54.530697,952
40.161801,-52.959788,954
40.161801,-52.174334,960
40.161801,-51.388879,968
40.161801,-50.603425,977
40.161801,-49.81797,984
39.376346,-49.032516,992
39.376346,-48.247061,1000
39.376346,-46.676152,1016
39.376346,-45.890697,1033
39.376346,-45.105243,1048
39.376346,-44.319788,1056
39.376346,-43.534334,1064
39.376346,-42.748879,1072
39.376346,-41.963425,1080
39.376346,-41.17797,1088
40.161801,-39.607061,1112
40.947256,-39.607061,1128
40.947256,-38.821606,1136
40.947256,-38.036152,1168
41.73271,-38.036152,1176
42.518165,-38.036152,1193
42.518165,-37.250697,1200
43.303619,-37.250697,1216
43.303619,-36.465243,1224
44.089074,-36.465243,1232
44.874528,-36.465243,1248
45.659983,-36.465243,1256
46.445437,-36.465243,1281
46.445437,-35.679788,1288
47.230892,-35.679788,1296
48.016346,-35.679788,1305
48.801801,-35.679788,1313
49.587256,-35.679788,1329
50.37271,-35.679788,1353
51.158165,-35.679788,1360
51.158165,-36.465243,1393
51.943619,-36.465243,1400
51.943619,-37.250697,1416
52.729074,-37.250697,1433
52.729074,-38.036152,1436
54.299983,-39.607061,1448
54.299983,-40.392516,1464
55.085437,-40.392516,1472
55.085437,-41.963425,1480
55.870892,-43.534334,1496
56.656346,-44.319788,1511
56.656346,-45.890697,1521
57.441801,-46.676152,1529
57.441801,-47.461606,1537
57.441801,-49.032516,1544
58.227256,-49.81797,1560
58.227256,-50.603425,1569
58.227256,-52.174334,1576
58.227256,-52.959788,1592
58.227256,-53.745243,1600
58.227256,-54.530697,1609
58.227256,-55.316152,1624
58.227256,-56.101606,1633
58.227256,-56.887061,1648
58.227256,-57.672516,1656
58.227256,-58.45797,1672
59.01271,-58.45797,1674
59.01271,-59.243425,1680
59.01271,-60.028879,1696
59.01271,-60.814334,1704
59.01271,-61.599788,1712
59.01271,-62.385243,1721
59.01271,-63.170697,1728
59.01271,-63.956152,1737
59.798165,-64.741606,1754
59.798165,-66.312516,1761
60.583619,-67.09797,1768
60.583619,-67.883425,1777
61.369074,-68.668879,1793
61.369074,-69.454334,1809
62.154528,-69.454334,1835
62.939983,-69.454334,1865
63.725437,-68.668879,1929
64.510892,-67.883425,1945
65.296346,-67.09797,1953
66.081801,-66.312516,1969
66.081801,-65.527061,1977
66.081801,-64.741606,1994
66.081801,-63.956152,2001
66.081801,-63.170697,2009
66.081801,-62.385243,2017
66.867256,-61.599788,2033
66.867256,-60.814334,2041
66.867256,-60.028879,2049
66.867256,-59.243425,2057
66.867256,-58.45797,2076
66.867256,-57.672516,2081
66.867256,-56.101606,2089
67.65271,-55.316152,2105
67.65271,-53.745243,2113
67.65271,-52.959788,2121
68.438165,-52.174334,2129
68.438165,-50.603425,2137
68.438165,-49.032516,2157
68.438165,-48.247061,2161
68.438165,-46.676152,2169
69.223619,-46.676152,2178
69.223619,-45.105243,2185
70.009074,-44.319788,2193
70.009074,-43.534334,2201
70.009074,-42.748879,2209
70.009074,-41.963425,2217
70.009074,-41.17797,2237
70.009074,-40.392516,2249
70.794528,-40.392516,2257
70.794528,-39.607061,2273
70.794528,-38.821606,2289
71.579983,-38.036152,2316
71.579983,-37.250697,2329
71.579983,-36.465243,2353
72.365437,-36.465243,2377
72.365437,-35.679788,2411
73.150892,-34.894334,2457
73.936346,-34.894334,2529
73.936346,-35.679788,2552
74.721801,-36.465243,2561
75.507256,-38.036152,2569
75.507256,-38.821606,2577
76.29271,-40.392516,2585
76.29271,-41.17797,2593
76.29271,-42.748879,2610
77.078165,-44.319788,2617
77.078165,-45.105243,2632
77.078165,-46.676152,2634
77.078165,-47.461606,2641
77.078165,-49.81797,2649
77.863619,-50.603425,2657
77.863619,-52.174334,2665
77.863619,-53.745243,2673
78.649074,-55.316152,2681
78.649074,-57.672516,2689
78.649074,-59.243425,2697
78.649074,-60.814334,2712
79.434528,-61.599788,2715
80.219983,-63.956152,2721
80.219983,-65.527061,2729
80.219983,-66.312516,2737
80.219983,-67.09797,2745
80.219983,-68.668879,2753
80.219983,-69.454334,2769
80.219983,-68.668879,2905
BREAK
