START
67.459391,-13.041741,0
67.459391,-13.945294,40
67.459391,-14.848847,48
67.459391,-17.559507,56
67.459391,-20.270167,64
67.459391,-22.980827,72
67.459391,-24.787933,80
67.459391,-27.498593,88
67.459391,-29.3057,96
67.459391,-32.919913,104
68.362944,-33.823466,112
69.266497,-36.534126,120
69.266497,-39.244786,128
70.170051,-41.955446,136
70.170051,-43.762553,144
71.073604,-45.569659,152
71.073604,-47.376766,160
71.977157,-50.087426,168
73.784264,-51.894532,176
74.687817,-52.798086,184
75.591371,-53.701639,192
76.494924,-55.508746,200
77.398477,-56.412299,208
79.205584,-57.315852,216
81.01269,-59.122959,224
82.819797,-60.930065,232
84.626904,-62.737172,240
86.43401,-63.640725,248
88.241117,-64.544279,256
90.048223,-64.544279,264
92.758883,-64.544279,272
93.662437,-64.544279,296
BREAK
26.799492,-24.787933,1216
27.703046,-24.787933,1296
28.606599,-24.787933,1312
30.413706,-24.787933,1320
31.317259,-24.787933,1328
33.124365,-24.787933,1336
36.738579,-24.787933,1344
37.642132,-24.787933,1352
41.256345,-25.691487,1360
43.967005,-25.691487,1368
45.774112,-26.59504,1376
47.581218,-26.59504,1384
47.581218,-28.402147,1424
47.581218,-30.209253,1440
48.484772,-32.01636,1456
48.484772,-32.919913,1464
48.484772,-33.823466,1472
49.388325,-34.72702,1480
49.388325,-35.630573,1488
49.388325,-37.43768,1504
49.388325,-38.341233,1520
50.291878,-39.244786,1536
50.291878,-40.14834,1544
50.291878,-41.051893,1552
51.195431,-42.858999,1568
51.195431,-44.666106,1584
51.195431,-45.569659,1600
51.195431,-46.473213,1608
51.195431,-48.280319,1624
52.098985,-48.280319,1632
53.002538,-50.087426,1640
54.809645,-50.990979,1656
54.809645,-51.894532,1664
55.713198,-52.798086,1680
56.616751,-53.701639,1696
57.520305,-53.701639,1712
58.423858,-53.701639,1736
59.327411,-53.701639,1744
60.230964,-53.701639,1760
61.134518,-53.701639,1768
62.038071,-53.701639,1784
63.845178,-53.701639,1808
64.748731,-53.701639,1832
65.652284,-53.701639,1840
66.555838,-53.701639,1864
68.362944,-53.701639,1888
69.266497,-53.701639,1912
71.073604,-52.798086,1952
71.977157,-52.798086,1992
71.977157,-51.894532,2136
BREAK
50.291878,-29.3057,3024
52.098985,-29.3057,3112
53.002538,-30.209253,3128
53.906091,-31.112807,3144
54.809645,-32.919913,3160
55.713198,-32.919913,3168
56.616751,-33.823466,3184
57.520305,-33.823466,3192
58.423858,-34.72702,3208
59.327411,-35.630573,3224
60.230964,-35.630573,3248
61.134518,-35.630573,3256
62.038071,-36.534126,3272
62.941624,-37.43768,3280
64.748731,-38.341233,3288
65.652284,-38.341233,3304
67.459391,-38.341233,3328
68.362944,-38.341233,3408
68.362944,-39.244786,3544
BREAK
