START
71.977157,-31.112807,0
71.977157,-33.823466,97
71.977157,-36.534126,111
71.977157,-39.244786,125
71.977157,-41.051893,139
71.977157,-42.858999,155
71.977157,-43.762553,169
71.977157,-44.666106,191
71.977157,-45.569659,256
71.073604,-47.376766,300
71.073604,-50.087426,320
71.073604,-51.894532,337
71.073604,-52.798086,365
71.073604,-54.605192,388
70.170051,-57.315852,407
70.170051,-60.930065,429
70.170051,-61.833619,450
70.170051,-62.737172,467
70.170051,-63.640725,479
70.170051,-64.544279,502
70.170051,-65.447832,544
70.170051,-68.158492,557
70.170051,-69.062045,569
70.170051,-69.965598,584
70.170051,-71.772705,601
70.170051,-72.676258,622
70.170051,-73.579812,655
70.170051,-74.483365,676
69.266497,-74.483365,691
69.266497,-75.386918,762
69.266497,-76.290472,784
69.266497,-77.194025,816
69.266497,-78.097578,831
69.266497,-79.001131,864
69.266497,-80.808238,907
69.266497,-81.711791,929
69.266497,-82.615345,972
69.266497,-83.518898,995
70.170051,-84.422451,1010
70.170051,-85.326005,1038
71.073604,-86.229558,1058
71.977157,-86.229558,1080
71.977157,-87.133111,1102
72.880711,-87.133111,1123
73.784264,-87.133111,1161
74.687817,-87.133111,1204
75.591371,-87.133111,1216
76.494924,-87.133111,1251
77.398477,-87.133111,1264
78.30203,-87.133111,1299
79.205584,-87.133111,1325
80.109137,-87.133111,1363
80.109137,-86.229558,1388
81.01269,-86.229558,1413
81.01269,-85.326005,1437
81.916244,-85.326005,1448
82.819797,-85.326005,1487
82.819797,-84.422451,1511
83.72335,-84.422451,1537
BREAK
68.362944,-64.544279,2380
68.362944,-65.447832,2421
67.459391,-65.447832,2463
66.555838,-65.447832,2524
65.652284,-65.447832,2541
64.748731,-65.447832,2566
64.748731,-66.351385,2579
63.845178,-66.351385,2593
62.941624,-66.351385,2616
61.134518,-66.351385,2636
59.327411,-68.158492,2656
58.423858,-68.158492,2674
57.520305,-68.158492,2732
56.616751,-68.158492,2770
55.713198,-68.158492,2810
54.809645,-68.158492,2834
53.906091,-68.158492,2879
53.002538,-68.158492,2893
52.098985,-68.158492,2909
51.195431,-68.158492,2923
50.291878,-68.158492,2966
50.291878,-67.254939,2987
49.388325,-66.351385,3021
48.484772,-66.351385,3036
46.677665,-66.351385,3047
46.677665,-65.447832,3060
45.774112,-65.447832,3073
44.870558,-64.544279,3090
43.967005,-64.544279,3107
43.967005,-63.640725,3143
43.063452,-63.640725,3157
42.159898,-63.640725,3171
41.256345,-61.833619,3188
40.352792,-60.930065,3219
39.449239,-59.122959,3240
38.545685,-57.315852,3283
37.642132,-55.508746,3305
37.642132,-53.701639,3326
37.642132,-52.798086,3367
37.642132,-51.894532,3411
37.642132,-50.087426,3466
37.642132,-49.183873,3490
37.642132,-48.280319,3509
37.642132,-47.376766,3530
37.642132,-46.473213,3573
37.642132,-45.569659,3592
37.642132,-42.858999,3613
37.642132,-41.955446,3637
37.642132,-40.14834,3657
37.642132,-39.244786,3734
37.642132,-37.43768,3775
37.642132,-36.534126,3814
37.642132,-35.630573,3910
37.642132,-33.823466,3982
37.642132,-32.919913,4009
37.642132,-32.01636,4039
37.642132,-31.112807,4129
37.642132,-30.209253,4171
36.738579,-30.209253,4224
36.738579,-29.3057,4245
35.835025,-29.3057,4268
34.931472,-29.3057,4352
34.931472,-28.402147,4375
34.027919,-28.402147,4395
33.124365,-28.402147,4460
32.220812,-27.498593,4481
31.317259,-26.59504,4527
30.413706,-26.59504,4569
29.510152,-26.59504,4609
28.606599,-26.59504,4623
27.703046,-26.59504,4677
26.799492,-26.59504,4730
25.895939,-26.59504,4794
24.992386,-26.59504,4814
BREAK
39.449239,-29.3057,5926
40.352792,-30.209253,6006
42.159898,-31.112807,6035
42.159898,-32.01636,6048
43.063452,-32.919913,6071
43.967005,-32.919913,6120
44.870558,-32.919913,6162
46.677665,-33.823466,6184
48.484772,-33.823466,6267
48.484772,-34.72702,6289
49.388325,-34.72702,6332
50.291878,-35.630573,6404
50.291878,-36.534126,6425
51.195431,-36.534126,6446
52.098985,-36.534126,6468
52.098985,-37.43768,6524
53.002538,-37.43768,6553
53.906091,-37.43768,6650
54.809645,-37.43768,6709
54.809645,-38.341233,6734
55.713198,-38.341233,6840
56.616751,-38.341233,6862
56.616751,-39.244786,6876
57.520305,-40.14834,6910
58.423858,-40.14834,6950
59.327411,-40.14834,6972
59.327411,-41.051893,6994
60.230964,-41.051893,7016
61.134518,-41.051893,7036
62.038071,-41.955446,7058
62.038071,-42.858999,7078
62.941624,-42.858999,7130
63.845178,-43.762553,7196
64.748731,-43.762553,7232
64.748731,-44.666106,7244
65.652284,-44.666106,7268
66.555838,-44.666106,7384
66.555838,-45.569659,7406
67.459391,-45.569659,7429
67.459391,-46.473213,7451
68.362944,-46.473213,7471
68.362944,-47.376766,7550
69.266497,-47.376766,7563
BREAK
