START
18.667513,-19.366614,0
18.667513,-18.46306,286
19.571066,-18.46306,306
20.474619,-17.559507,316
21.378173,-17.559507,345
22.281726,-17.559507,367
22.281726,-16.655954,388
23.185279,-16.655954,409
24.088832,-16.655954,418
24.992386,-16.655954,458
25.895939,-16.655954,498
26.799492,-16.655954,528
27.703046,-16.655954,558
28.606599,-16.655954,598
29.510152,-16.655954,638
29.510152,-17.559507,658
30.413706,-17.559507,668
30.413706,-18.46306,698
31.317259,-19.366614,728
31.317259,-21.17372,758
31.317259,-22.077274,778
31.317259,-22.980827,789
31.317259,-23.88438,800
31.317259,-25.691487,810
31.317259,-27.498593,830
31.317259,-28.402147,850
31.317259,-29.3057,870
31.317259,-30.209253,900
31.317259,-31.112807,910
31.317259,-32.01636,940
31.317259,-32.919913,960
31.317259,-33.823466,992
31.317259,-34.72702,1002
31.317259,-35.630573,1022
31.317259,-36.534126,1042
31.317259,-37.43768,1052
31.317259,-38.341233,1062
31.317259,-39.244786,1082
31.317259,-40.14834,1092
31.317259,-41.051893,1112
31.317259,-41.955446,1132
31.317259,-42.858999,1153
31.317259,-43.762553,1164
31.317259,-44.666106,1184
31.317259,-45.569659,1194
31.317259,-46.473213,1204
31.317259,-47.376766,1224
31.317259,-48.280319,1245
31.317259,-49.183873,1255
31.317259,-50.087426,1275
31.317259,-50.990979,1284
31.317259,-51.894532,1295
32.220812,-52.798086,1305
33.124365,-53.701639,1316
33.124365,-54.605192,1327
34.027919,-55.508746,1347
34.931472,-56.412299,1377
35.835025,-56.412299,1387
35.835025,-57.315852,1397
36.738579,-57.315852,1407
37.642132,-58.219406,1440
38.545685,-58.219406,1460
39.449239,-58.219406,1469
40.352792,-58.219406,1490
42.159898,-58.219406,1510
43.063452,-58.219406,1530
43.967005,-58.219406,1540
44.870558,-58.219406,1549
45.774112,-58.219406,1570
46.677665,-58.219406,1579
47.581218,-58.219406,1589
48.484772,-58.219406,1609
49.388325,-58.219406,1619
50.291878,-58.219406,1630
51.195431,-58.219406,1652
52.098985,-58.219406,1692
53.002538,-57.315852,1752
53.906091,-56.412299,1762
53.906091,-55.508746,1772
54.809645,-55.508746,1782
55.713198,-54.605192,1792
57.520305,-53.701639,1803
58.423858,-51.894532,1815
59.327411,-50.990979,1826
59.327411,-50.087426,1849
60.230964,-50.087426,1860
60.230964,-49.183873,1890
61.134518,-49.183873,1920
61.134518,-48.280319,1930
62.038071,-47.376766,1941
62.038071,-45.569659,1950
62.941624,-44.666106,1961
63.845178,-43.762553,1971
63.845178,-42.858999,1982
63.845178,-41.955446,1992
63.845178,-41.051893,2042
63.845178,-40.14834,2104
63.845178,-39.244786,2134
63.845178,-38.341233,2174
63.845178,-37.43768,2214
63.845178,-35.630573,2244
63.845178,-34.72702,2254
63.845178,-33.823466,2264
63.845178,-32.919913,2274
63.845178,-32.01636,2285
63.845178,-31.112807,2317
63.845178,-30.209253,2327
63.845178,-29.3057,2357
63.845178,-28.402147,2377
63.845178,-27.498593,2417
63.845178,-26.59504,2438
63.845178,-25.691487,2449
63.845178,-24.787933,2469
63.845178,-22.980827,2479
63.845178,-22.077274,2489
63.845178,-21.17372,2499
63.845178,-20.270167,2519
63.845178,-19.366614,2559
63.845178,-18.46306,2603
63.845178,-19.366614,2848
63.845178,-20.270167,2871
63.845178,-21.17372,2891
63.845178,-22.077274,2901
63.845178,-23.88438,2912
63.845178,-24.787933,2935
63.845178,-25.691487,2946
63.845178,-26.59504,2956
63.845178,-27.498593,2976
63.845178,-28.402147,2996
63.845178,-29.3057,3006
63.845178,-30.209253,3016
63.845178,-31.112807,3026
63.845178,-32.01636,3036
63.845178,-32.919913,3046
63.845178,-34.72702,3066
63.845178,-35.630573,3086
63.845178,-36.534126,3106
63.845178,-37.43768,3116
63.845178,-38.341233,3147
63.845178,-39.244786,3167
63.845178,-40.14834,3196
63.845178,-41.051893,3206
63.845178,-41.955446,3226
63.845178,-42.858999,3246
63.845178,-43.762553,3257
63.845178,-44.666106,3289
63.845178,-45.569659,3300
63.845178,-46.473213,3311
64.748731,-48.280319,3321
64.748731,-50.087426,3331
64.748731,-51.894532,3341
64.748731,-52.798086,3351
65.652284,-53.701639,3361
65.652284,-54.605192,3371
65.652284,-55.508746,3381
65.652284,-56.412299,3401
65.652284,-57.315852,3421
65.652284,-58.219406,3441
65.652284,-59.122959,3471
66.555838,-60.026512,3511
66.555838,-60.930065,3531
66.555838,-61.833619,3562
66.555838,-62.737172,3596
67.459391,-62.737172,3607
67.459391,-63.640725,3629
68.362944,-64.544279,3638
68.362944,-65.447832,3669
69.266497,-65.447832,3678
70.170051,-66.351385,3708
70.170051,-67.254939,3728
71.073604,-67.254939,3748
71.977157,-67.254939,3758
71.977157,-68.158492,3768
72.880711,-68.158492,3788
73.784264,-68.158492,3808
74.687817,-68.158492,3828
74.687817,-69.062045,3838
75.591371,-69.062045,3848
76.494924,-69.062045,3878
77.398477,-69.062045,3898
78.30203,-69.062045,3908
79.205584,-69.062045,3938
80.109137,-69.062045,3970
81.01269,-69.062045,3991
81.916244,-69.062045,4021
82.819797,-69.062045,4071
83.72335,-69.062045,4146
BREAK
33.124365,-18.46306,5397
34.027919,-18.46306,5667
34.027919,-19.366614,5678
34.931472,-19.366614,5690
37.642132,-20.270167,5701
38.545685,-21.17372,5713
39.449239,-21.17372,5724
40.352792,-22.077274,5734
41.256345,-22.980827,5744
42.159898,-22.980827,5754
42.159898,-23.88438,5764
43.063452,-23.88438,5774
43.967005,-23.88438,5784
43.967005,-24.787933,5794
44.870558,-24.787933,5804
44.870558,-25.691487,5814
45.774112,-26.59504,5834
46.677665,-26.59504,5854
46.677665,-27.498593,5874
47.581218,-27.498593,5894
47.581218,-29.3057,5916
48.484772,-29.3057,5925
49.388325,-30.209253,5936
49.388325,-31.112807,5945
50.291878,-31.112807,5956
51.195431,-32.01636,5965
52.098985,-32.01636,5976
53.002538,-32.919913,5986
53.906091,-33.823466,5997
53.906091,-34.72702,6008
54.809645,-35.630573,6018
55.713198,-36.534126,6028
56.616751,-37.43768,6038
57.520305,-37.43768,6058
57.520305,-38.341233,6068
58.423858,-38.341233,6098
59.327411,-39.244786,6118
60.230964,-39.244786,6171
60.230964,-40.14834,6211
61.134518,-40.14834,6221
61.134518,-41.051893,6261
62.038071,-41.051893,6294
62.941624,-41.051893,6386
BREAK
