START
29.622989,-26.891545,0
31.370357,-26.891545,216
33.117726,-26.891545,232
34.865094,-26.891545,240
36.612463,-26.891545,256
37.486147,-26.891545,264
38.359831,-26.891545,272
40.1072,-26.891545,289
41.854568,-26.891545,296
42.728252,-26.891545,305
44.475621,-26.891545,313
46.222989,-26.891545,321
47.970357,-26.891545,328
48.844042,-26.891545,336
51.465094,-26.017861,344
52.338779,-26.017861,352
53.212463,-26.017861,360
54.086147,-26.017861,385
54.959831,-26.017861,400
55.833515,-26.017861,416
56.7072,-26.017861,456
58.454568,-26.017861,464
58.454568,-25.144177,472
59.328252,-25.144177,480
60.201936,-25.144177,488
61.075621,-24.270492,504
62.822989,-24.270492,512
64.570357,-24.270492,528
66.317726,-24.270492,560
67.19141,-24.270492,576
68.065094,-24.270492,592
68.938779,-24.270492,600
69.812463,-24.270492,616
70.686147,-24.270492,624
72.433515,-24.270492,658
74.180884,-24.270492,664
76.801936,-24.270492,673
77.675621,-24.270492,688
78.549305,-24.270492,712
79.422989,-24.270492,824
80.296673,-24.270492,856
81.170357,-24.270492,881
BREAK
56.7072,-27.765229,2128
56.7072,-28.638914,2328
56.7072,-29.512598,2376
56.7072,-30.386282,2392
56.7072,-31.259966,2448
56.7072,-32.13365,2456
56.7072,-33.007335,2481
56.7072,-33.881019,2488
56.7072,-34.754703,2512
56.7072,-35.628387,2520
56.7072,-36.502071,2536
56.7072,-37.375756,2545
56.7072,-38.24944,2560
56.7072,-39.123124,2584
56.7072,-39.996808,2600
56.7072,-40.870492,2640
56.7072,-41.744177,2664
56.7072,-42.617861,2696
56.7072,-43.491545,2712
56.7072,-44.365229,2736
56.7072,-45.238914,2768
55.833515,-45.238914,3144
54.959831,-45.238914,3160
52.338779,-45.238914,3168
51.465094,-45.238914,3176
50.59141,-45.238914,3184
49.717726,-45.238914,3192
48.844042,-45.238914,3208
47.970357,-44.365229,3224
47.096673,-44.365229,3248
46.222989,-44.365229,3257
44.475621,-44.365229,3280
43.601936,-44.365229,3320
42.728252,-44.365229,3344
41.854568,-44.365229,3360
40.980884,-44.365229,3408
40.1072,-44.365229,3448
39.233515,-44.365229,3481
38.359831,-44.365229,3504
38.359831,-45.238914,3513
37.486147,-45.238914,3522
36.612463,-46.112598,3568
35.738779,-46.112598,3584
35.738779,-46.986282,3596
35.738779,-47.859966,3640
35.738779,-48.73365,3673
35.738779,-50.481019,3696
35.738779,-51.354703,3748
35.738779,-52.228387,3800
36.612463,-52.228387,3810
36.612463,-53.102071,3818
37.486147,-53.102071,3829
39.233515,-53.102071,3834
40.1072,-53.102071,3840
41.854568,-53.102071,3858
43.601936,-53.102071,3865
45.349305,-53.102071,3873
46.222989,-53.975756,3881
47.096673,-53.975756,3904
47.970357,-53.975756,3952
48.844042,-53.975756,3976
48.844042,-54.84944,3992
49.717726,-54.84944,4000
50.59141,-54.84944,4008
51.465094,-54.84944,4040
52.338779,-54.84944,4056
53.212463,-54.84944,4096
54.086147,-54.84944,4115
54.959831,-54.84944,4122
55.833515,-54.84944,4136
57.580884,-54.84944,4144
59.328252,-54.84944,4162
60.201936,-54.84944,4168
61.075621,-54.84944,4225
61.949305,-55.723124,4260
62.822989,-55.723124,4281
62.822989,-56.596808,4289
63.696673,-56.596808,4305
63.696673,-57.470492,4328
63.696673,-58.344177,4336
64.570357,-58.344177,4344
64.570357,-59.217861,4353
64.570357,-60.091545,4376
64.570357,-60.965229,4384
64.570357,-61.838914,4392
64.570357,-63.586282,4408
64.570357,-64.459966,4432
65.444042,-65.33365,4440
65.444042,-66.207335,4448
65.444042,-67.081019,4465
65.444042,-67.954703,4488
65.444042,-68.828387,4520
65.444042,-69.702071,4544
64.570357,-70.575756,4552
63.696673,-70.575756,4560
62.822989,-71.44944,4568
62.822989,-72.323124,4592
61.949305,-73.196808,4601
61.075621,-74.070492,4609
61.075621,-74.944177,4617
60.201936,-74.944177,4624
59.328252,-74.944177,4648
59.328252,-75.817861,4657
58.454568,-75.817861,4673
56.7072,-75.817861,4689
55.833515,-75.817861,4712
53.212463,-75.817861,4721
52.338779,-76.691545,4729
51.465094,-77.565229,4738
48.844042,-77.565229,4745
47.096673,-77.565229,4761
45.349305,-77.565229,4769
44.475621,-77.565229,4777
42.728252,-77.565229,4792
41.854568,-77.565229,4825
40.980884,-77.565229,4841
40.1072,-77.565229,4849
39.233515,-77.565229,4881
37.486147,-77.565229,4905
37.486147,-76.691545,4937
36.612463,-75.817861,4945
35.738779,-75.817861,4953
34.865094,-75.817861,4985
34.865094,-74.944177,5009
33.99141,-74.944177,5017
33.99141,-74.070492,5041
33.99141,-73.196808,5098
33.99141,-72.323124,5113
33.99141,-71.44944,5145
33.99141,-70.575756,5169
33.99141,-69.702071,5201
34.865094,-69.702071,5225
35.738779,-69.702071,5241
36.612463,-69.702071,5273
37.486147,-69.702071,5305
38.359831,-69.702071,5314
39.233515,-69.702071,5329
40.1072,-69.702071,5337
40.980884,-69.702071,5345
41.854568,-70.575756,5362
42.728252,-71.44944,5392
43.601936,-72.323124,5409
43.601936,-73.196808,5417
44.475621,-73.196808,5425
44.475621,-74.070492,5441
46.222989,-74.070492,5449
46.222989,-74.944177,5465
47.096673,-74.944177,5481
47.096673,-75.817861,5497
47.970357,-76.691545,5529
48.844042,-76.691545,5537
48.844042,-77.565229,5561
50.59141,-77.565229,5569
50.59141,-78.438914,5593
51.465094,-78.438914,5601
52.338779,-79.312598,5633
53.212463,-79.312598,5641
53.212463,-80.186282,5649
54.086147,-80.186282,5657
54.086147,-81.059966,5665
55.833515,-81.93365,5673
56.7072,-81.93365,5681
57.580884,-82.807335,5689
58.454568,-83.681019,5705
58.454568,-84.554703,5721
60.201936,-84.554703,5731
61.075621,-85.428387,5738
61.949305,-85.428387,5754
61.949305,-86.302071,5762
62.822989,-86.302071,5793
62.822989,-85.428387,6033
BREAK
