START
28.379983,-41.17797,0
29.165437,-41.17797,84
29.165437,-40.392516,168
29.165437,-39.607061,216
29.165437,-38.821606,240
29.165437,-38.036152,277
29.165437,-37.250697,300
29.165437,-36.465243,433
29.165437,-35.679788,481
29.165437,-34.894334,590
29.950892,-34.894334,685
29.950892,-34.108879,733
29.950892,-33.323425,805
30.736346,-33.323425,817
30.736346,-32.53797,857
31.521801,-31.752516,882
32.307256,-31.752516,1098
32.307256,-30.967061,1110
33.09271,-30.967061,1122
33.878165,-30.967061,1170
33.878165,-30.181606,1267
34.663619,-30.181606,1411
35.449074,-30.181606,1460
35.449074,-29.396152,1471
36.234528,-29.396152,1543
37.019983,-29.396152,1603
37.805437,-29.396152,1665
38.590892,-29.396152,1724
39.376346,-29.396152,1796
39.376346,-28.610697,1847
40.161801,-28.610697,1884
40.947256,-28.610697,1969
41.73271,-28.610697,2053
42.518165,-28.610697,2101
43.303619,-28.610697,2162
44.089074,-28.610697,2185
44.874528,-28.610697,2233
45.659983,-28.610697,2293
46.445437,-28.610697,2330
45.659983,-30.181606,3084
44.874528,-30.181606,3127
44.874528,-30.967061,3236
44.089074,-30.967061,3247
43.303619,-30.967061,3332
43.303619,-31.752516,3416
43.303619,-32.53797,3452
42.518165,-32.53797,3464
42.518165,-33.323425,3572
41.73271,-33.323425,3621
41.73271,-34.108879,3693
41.73271,-34.894334,3802
40.947256,-34.894334,3813
40.947256,-35.679788,3837
40.161801,-36.465243,3925
40.161801,-37.250697,3962
40.161801,-38.036152,3973
40.161801,-38.821606,3997
40.161801,-39.607061,4160
40.161801,-40.392516,4275
40.161801,-41.17797,4395
40.161801,-41.963425,4483
40.947256,-41.963425,4552
40.947256,-42.748879,4612
40.947256,-43.534334,4683
41.73271,-43.534334,4719
42.518165,-43.534334,4816
43.303619,-43.534334,4904
44.089074,-43.534334,4928
44.874528,-43.534334,4976
45.659983,-43.534334,5060
46.445437,-43.534334,5096
47.230892,-43.534334,5229
47.230892,-44.319788,5349
47.230892,-45.105243,5433
47.230892,-45.890697,5517
46.445437,-45.890697,5553
45.659983,-46.676152,5566
44.089074,-47.461606,5602
44.089074,-48.247061,5626
43.303619,-48.247061,5638
43.303619,-49.032516,5650
42.518165,-49.032516,5674
41.73271,-49.81797,5710
40.947256,-49.81797,5857
40.947256,-50.603425,5871
40.947256,-51.388879,5882
40.161801,-52.174334,5916
40.161801,-53.745243,5991
40.161801,-54.530697,6015
40.161801,-55.316152,6075
40.161801,-56.887061,6255
40.161801,-57.672516,6303
40.161801,-58.45797,6352
40.161801,-59.243425,6376
40.161801,-60.028879,6448
40.947256,-60.028879,6460
41.73271,-60.028879,6486
42.518165,-60.028879,6496
43.303619,-60.028879,6520
44.089074,-60.028879,6532
44.874528,-60.028879,6544
45.659983,-60.028879,6556
46.445437,-60.028879,6568
47.230892,-60.028879,6593
48.016346,-60.028879,6616
48.801801,-60.028879,6628
49.587256,-60.028879,6640
50.37271,-60.028879,6665
51.158165,-60.028879,6677
51.943619,-60.028879,6701
53.514528,-59.243425,6713
54.299983,-59.243425,6737
55.870892,-58.45797,6749
56.656346,-58.45797,6797
57.441801,-58.45797,6809
58.227256,-58.45797,6833
59.01271,-57.672516,6845
59.01271,-56.887061,6897
59.798165,-56.887061,6909
60.583619,-56.101606,6933
61.369074,-55.316152,6957
62.154528,-55.316152,6969
62.939983,-54.530697,6994
62.939983,-53.745243,7006
63.725437,-52.959788,7030
64.510892,-52.959788,7042
64.510892,-52.174334,7054
64.510892,-51.388879,7066
65.296346,-49.81797,7078
66.081801,-49.032516,7090
66.867256,-48.247061,7102
66.867256,-47.461606,7126
67.65271,-46.676152,7150
67.65271,-45.890697,7174
67.65271,-45.105243,7222
67.65271,-44.319788,7246
67.65271,-43.534334,7258
67.65271,-42.748879,7270
67.65271,-41.963425,7282
67.65271,-41.17797,7295
67.65271,-40.392516,7306
67.65271,-39.607061,7318
67.65271,-38.821606,7330
67.65271,-37.250697,7343
67.65271,-36.465243,7354
67.65271,-34.894334,7379
67.65271,-34.108879,7427
67.65271,-33.323425,7487
67.65271,-32.53797,7511
67.65271,-31.752516,7535
67.65271,-30.967061,7559
67.65271,-30.181606,7571
68.438165,-29.396152,7583
68.438165,-28.610697,7608
68.438165,-27.825243,7631
68.438165,-27.039788,7727
69.223619,-26.254334,7812
69.223619,-25.468879,7824
70.009074,-25.468879,7888
71.579983,-25.468879,7912
72.365437,-25.468879,7936
73.150892,-25.468879,7960
73.936346,-26.254334,7973
74.721801,-27.825243,7984
75.507256,-29.396152,7996
76.29271,-30.967061,8008
77.863619,-33.323425,8020
79.434528,-34.894334,8033
79.434528,-36.465243,8046
79.434528,-38.036152,8056
80.219983,-39.607061,8068
81.005437,-41.17797,8081
81.790892,-42.748879,8093
81.790892,-44.319788,8105
81.790892,-47.461606,8116
82.576346,-50.603425,8129
82.576346,-55.316152,8141
82.576346,-58.45797,8153
83.361801,-60.028879,8165
83.361801,-60.814334,8177
83.361801,-63.170697,8646
83.361801,-65.527061,8658
83.361801,-67.883425,8670
83.361801,-69.454334,8682
83.361801,-70.239788,8694
83.361801,-71.810697,8706
BREAK
