START
54.108491,-15.281124,0
54.108491,-16.281124,116
55.108491,-16.281124,148
56.108491,-16.281124,236
57.108491,-17.281124,244
58.108491,-18.281124,268
59.108491,-18.281124,332
60.108491,-18.281124,356
60.108491,-19.281124,436
61.108491,-19.281124,444
62.108491,-19.281124,468
63.108491,-20.281124,492
64.108491,-20.281124,540
65.108491,-20.281124,564
65.108491,-21.281124,572
66.108491,-21.281124,588
66.108491,-22.281124,604
67.108491,-22.281124,612
68.108491,-22.281124,628
68.108491,-23.281124,644
69.108491,-23.281124,676
69.108491,-24.281124,692
70.108491,-24.281124,708
70.108491,-25.281124,740
71.108491,-25.281124,748
72.108491,-25.281124,756
72.108491,-26.281124,852
72.108491,-27.281124,908
72.108491,-28.281124,924
72.108491,-29.281124,940
72.108491,-30.281124,956
71.108491,-31.281124,980
71.108491,-32.281124,1012
70.108491,-33.281124,1084
70.108491,-34.281124,1108
69.108491,-35.281124,1164
68.108491,-35.281124,1188
67.108491,-35.281124,1228
67.108491,-36.281124,1268
65.108491,-36.281124,1308
64.108491,-37.281124,1364
63.108491,-37.281124,1380
62.108491,-37.281124,1436
61.108491,-37.281124,1452
61.108491,-38.281124,1468
59.108491,-38.281124,1677
59.108491,-39.281124,1700
57.108491,-39.281124,1748
74.108491,-46.281124,2638
74.108491,-47.281124,2660
74.108491,-48.281124,2674
75.108491,-48.281124,2679
75.108491,-49.281124,2718
75.108491,-50.281124,2756
75.108491,-51.281124,2772
75.108491,-52.281124,2788
75.108491,-53.281124,2812
75.108491,-54.281124,2836
75.108491,-55.281124,2877
75.108491,-56.281124,2902
75.108491,-57.281124,2933
75.108491,-58.281124,2956
75.108491,-59.281124,2973
75.108491,-60.281124,2996
75.108491,-61.281124,3004
75.108491,-62.281124,3028
75.108491,-63.281124,3060
75.108491,-64.281124,3116
74.108491,-64.281124,3164
74.108491,-65.281124,3188
73.108491,-65.281124,3236
73.108491,-66.281124,3244
73.108491,-67.281124,3303
72.108491,-67.281124,3310
72.108491,-68.281124,3326
72.108491,-69.281124,3350
71.108491,-69.281124,3358
70.108491,-70.281124,3374
69.108491,-71.281124,3398
68.108491,-72.281124,3429
67.108491,-72.281124,3439
67.108491,-73.281124,3454
67.108491,-74.281124,3516
65.108491,-74.281124,3540
65.108491,-75.281124,3564
63.108491,-75.281124,3612
61.108491,-75.281124,3668
61.108491,-76.281124,3676
59.108491,-76.281124,3708
58.108491,-76.281124,3748
57.108491,-77.281124,3780
56.108491,-76.281124,3828
55.108491,-76.281124,3891
54.108491,-76.281124,3916
54.108491,-75.281124,3924
53.108491,-75.281124,3973
53.108491,-74.281124,4004
52.108491,-74.281124,4012
51.108491,-74.281124,4028
50.108491,-74.281124,4037
50.108491,-73.281124,4068
48.108491,-73.281124,4116
48.108491,-72.281124,4132
46.108491,-71.281124,4188
45.108491,-71.281124,4196
44.108491,-71.281124,4204
44.108491,-70.281124,4236
43.108491,-70.281124,4244
42.108491,-69.281124,4276
41.108491,-69.281124,4300
41.108491,-68.281124,4316
40.108491,-67.281124,4340
40.108491,-66.281124,4356
39.108491,-65.281124,4396
39.108491,-64.281124,4412
38.108491,-63.281124,4428
38.108491,-62.281124,4444
37.108491,-61.281124,4468
37.108491,-60.281124,4476
36.108491,-59.281124,4492
36.108491,-58.281124,4500
36.108491,-57.281124,4533
35.108491,-56.281124,4564
35.108491,-55.281124,4588
35.108491,-54.281124,4597
34.108491,-53.281124,4612
34.108491,-52.281124,4620
34.108491,-51.281124,4637
33.108491,-50.281124,4646
33.108491,-49.281124,4655
33.108491,-48.281124,4662
33.108491,-47.281124,4671
33.108491,-46.281124,4686
33.108491,-45.281124,4696
32.108491,-44.281124,4708
32.108491,-43.281124,4719
32.108491,-42.281124,4727
31.108491,-42.281124,4735
31.108491,-41.281124,4757
31.108491,-40.281124,4796
31.108491,-39.281124,4812
32.108491,-38.281124,4820
32.108491,-37.281124,4836
32.108491,-36.281124,4854
33.108491,-36.281124,4862
33.108491,-35.281124,4869
33.108491,-34.281124,4901
34.108491,-34.281124,4918
34.108491,-33.281124,4926
34.108491,-32.281124,4942
35.108491,-32.281124,4950
35.108491,-31.281124,4958
36.108491,-31.281124,4965
37.108491,-29.281124,4973
38.108491,-27.281124,4988
38.108491,-26.281124,4996
39.108491,-25.281124,5012
39.108491,-24.281124,5020
40.108491,-23.281124,5028
40.108491,-22.281124,5044
41.108491,-22.281124,5052
41.108491,-21.281124,5060
41.108491,-20.281124,5084
42.108491,-20.281124,5092
42.108491,-19.281124,5116
BREAK
