START
39.108491,-22.281124,0
39.108491,-23.281124,128
39.108491,-24.281124,151
39.108491,-25.281124,164
39.108491,-27.281124,167
38.108491,-28.281124,175
37.108491,-29.281124,183
37.108491,-30.281124,191
37.108491,-31.281124,204
37.108491,-33.281124,207
36.108491,-33.281124,215
36.108491,-34.281124,223
36.108491,-36.281124,231
35.108491,-36.281124,241
35.108491,-37.281124,247
34.108491,-37.281124,255
34.108491,-39.281124,263
34.108491,-40.281124,285
34.108491,-41.281124,287
33.108491,-42.281124,295
33.108491,-43.281124,311
33.108491,-44.281124,327
33.108491,-45.281124,335
32.108491,-45.281124,343
32.108491,-46.281124,351
32.108491,-47.281124,365
31.108491,-48.281124,367
31.108491,-49.281124,375
31.108491,-50.281124,391
31.108491,-51.281124,404
31.108491,-52.281124,407
30.108491,-52.281124,415
30.108491,-53.281124,423
30.108491,-54.281124,431
30.108491,-55.281124,455
30.108491,-56.281124,471
30.108491,-57.281124,487
30.108491,-58.281124,495
30.108491,-59.281124,511
31.108491,-60.281124,525
31.108491,-61.281124,528
32.108491,-62.281124,543
32.108491,-63.281124,551
32.108491,-64.281124,564
33.108491,-65.281124,567
34.108491,-66.281124,575
34.108491,-67.281124,591
35.108491,-67.281124,600
35.108491,-69.281124,607
36.108491,-69.281124,615
37.108491,-70.281124,623
38.108491,-71.281124,645
39.108491,-71.281124,655
39.108491,-72.281124,663
40.108491,-73.281124,671
41.108491,-74.281124,688
42.108491,-74.281124,703
42.108491,-75.281124,711
43.108491,-76.281124,719
44.108491,-76.281124,729
45.108491,-76.281124,735
45.108491,-77.281124,743
46.108491,-77.281124,751
47.108491,-77.281124,764
48.108491,-77.281124,775
48.108491,-78.281124,783
49.108491,-78.281124,791
50.108491,-78.281124,799
51.108491,-78.281124,809
52.108491,-79.281124,815
53.108491,-79.281124,823
55.108491,-79.281124,831
56.108491,-79.281124,847
58.108491,-79.281124,855
60.108491,-79.281124,871
60.108491,-78.281124,885
61.108491,-78.281124,887
63.108491,-78.281124,903
63.108491,-77.281124,911
64.108491,-77.281124,919
65.108491,-76.281124,935
65.108491,-75.281124,943
66.108491,-75.281124,951
67.108491,-75.281124,959
68.108491,-74.281124,969
69.108491,-74.281124,983
69.108491,-73.281124,991
70.108491,-72.281124,1001
70.108491,-71.281124,1015
71.108491,-70.281124,1031
71.108491,-69.281124,1047
72.108491,-68.281124,1055
73.108491,-67.281124,1071
73.108491,-66.281124,1087
73.108491,-65.281124,1095
73.108491,-64.281124,1111
73.108491,-63.281124,1127
73.108491,-62.281124,1135
73.108491,-61.281124,1143
73.108491,-60.281124,1164
73.108491,-59.281124,1175
73.108491,-58.281124,1183
73.108491,-57.281124,1200
72.108491,-57.281124,1207
72.108491,-56.281124,1223
71.108491,-56.281124,1231
70.108491,-56.281124,1255
70.108491,-55.281124,1263
69.108491,-54.281124,1271
68.108491,-54.281124,1284
66.108491,-53.281124,1295
65.108491,-53.281124,1311
64.108491,-52.281124,1321
63.108491,-51.281124,1327
62.108491,-51.281124,1343
61.108491,-50.281124,1365
60.108491,-50.281124,1383
59.108491,-49.281124,1391
59.108491,-48.281124,1407
58.108491,-48.281124,1415
57.108491,-48.281124,1445
57.108491,-47.281124,1455
58.108491,-47.281124,1568
59.108491,-47.281124,1583
60.108491,-47.281124,1591
61.108491,-47.281124,1608
63.108491,-47.281124,1615
64.108491,-47.281124,1623
65.108491,-47.281124,1631
67.108491,-47.281124,1645
68.108491,-47.281124,1647
69.108491,-47.281124,1655
70.108491,-47.281124,1671
70.108491,-46.281124,1688
71.108491,-46.281124,1695
71.108491,-45.281124,1727
71.108491,-44.281124,1735
72.108491,-44.281124,1751
72.108491,-43.281124,1765
72.108491,-42.281124,1775
72.108491,-41.281124,1791
72.108491,-40.281124,1801
72.108491,-39.281124,1815
72.108491,-38.281124,1823
72.108491,-37.281124,1831
72.108491,-36.281124,1845
71.108491,-35.281124,1847
70.108491,-33.281124,1856
70.108491,-32.281124,1872
69.108491,-32.281124,1885
69.108491,-31.281124,1888
69.108491,-30.281124,1895
68.108491,-30.281124,1911
68.108491,-29.281124,1925
68.108491,-28.281124,1935
67.108491,-27.281124,1943
66.108491,-27.281124,1951
66.108491,-26.281124,1965
65.108491,-25.281124,1967
65.108491,-24.281124,1975
64.108491,-24.281124,1983
63.108491,-23.281124,1991
63.108491,-22.281124,2000
61.108491,-21.281124,2008
60.108491,-19.281124,2023
59.108491,-18.281124,2041
58.108491,-17.281124,2048
58.108491,-16.281124,2056
57.108491,-16.281124,2063
57.108491,-15.281124,2072
57.108491,-14.281124,2085
56.108491,-14.281124,2088
55.108491,-13.281124,2095
55.108491,-12.281124,2128
BREAK
