START
32.94329,-40.630296,0
33.725245,-40.630296,264
34.5072,-40.630296,288
35.289154,-40.630296,312
36.071109,-40.630296,328
36.853064,-40.630296,416
37.635019,-40.630296,440
38.416974,-41.412251,448
39.198929,-41.412251,456
39.980884,-41.412251,488
39.980884,-42.194205,616
40.762839,-42.97616,632
40.762839,-44.54007,656
42.326748,-46.10398,664
42.326748,-46.885935,680
42.326748,-47.66789,704
42.326748,-48.449844,800
42.326748,-49.231799,832
42.326748,-50.013754,840
43.108703,-50.795709,848
43.108703,-51.577664,864
43.108703,-53.141574,888
43.108703,-53.923529,928
43.108703,-54.705484,984
43.108703,-55.487438,1000
43.108703,-56.269393,1024
43.108703,-57.051348,1064
43.108703,-57.833303,1160
42.326748,-58.615258,1168
41.544794,-58.615258,1176
41.544794,-59.397213,1184
40.762839,-60.179168,1192
39.980884,-60.961123,1312
39.198929,-60.961123,1320
38.416974,-60.961123,1336
37.635019,-60.179168,1456
36.853064,-59.397213,1472
35.289154,-57.833303,1504
35.289154,-57.051348,1520
34.5072,-57.051348,1528
34.5072,-56.269393,1536
33.725245,-55.487438,1584
33.725245,-54.705484,1608
32.94329,-54.705484,1616
32.94329,-53.923529,1624
32.161335,-53.923529,1632
32.161335,-53.141574,1648
31.37938,-52.359619,1673
31.37938,-51.577664,1696
31.37938,-50.795709,1768
30.597425,-50.795709,1776
30.597425,-50.013754,1784
30.597425,-49.231799,1800
30.597425,-48.449844,1808
30.597425,-47.66789,1816
30.597425,-46.885935,1848
30.597425,-46.10398,1968
30.597425,-45.322025,1992
30.597425,-44.54007,2016
30.597425,-43.758115,2040
30.597425,-42.97616,2048
30.597425,-42.194205,2064
30.597425,-41.412251,2072
30.597425,-40.630296,2200
30.597425,-39.066386,2208
31.37938,-39.066386,2224
32.161335,-37.502476,2232
32.161335,-36.720521,2240
32.94329,-35.156611,2256
33.725245,-34.374657,2584
34.5072,-32.810747,2592
36.853064,-31.246837,2600
36.853064,-30.464882,2616
37.635019,-28.900972,2624
37.635019,-28.119017,2664
38.416974,-28.119017,2680
38.416974,-27.337063,2696
39.198929,-26.555108,2712
39.980884,-25.773153,2728
40.762839,-24.991198,2760
41.544794,-24.991198,2816
42.326748,-24.209243,2824
42.326748,-23.427288,2840
43.890658,-22.645333,2848
44.672613,-22.645333,2856
45.454568,-22.645333,2872
45.454568,-21.863378,2992
46.236523,-21.081423,3000
47.800433,-21.081423,3008
48.582388,-20.299469,3016
50.146297,-19.517514,3024
50.928252,-19.517514,3040
50.928252,-18.735559,3160
52.492162,-18.735559,3168
54.056072,-18.735559,3184
54.838027,-18.735559,3192
57.965846,-18.735559,3200
58.747801,-18.735559,3208
59.529756,-18.735559,3224
61.093666,-18.735559,3232
61.875621,-18.735559,3248
63.43953,-18.735559,3304
63.43953,-19.517514,3312
64.221485,-19.517514,3328
64.221485,-20.299469,3336
65.785395,-21.081423,3344
66.56735,-21.863378,3352
67.349305,-21.863378,3368
68.913215,-23.427288,3384
68.913215,-24.209243,3392
69.69517,-24.991198,3424
69.69517,-25.773153,3432
69.69517,-26.555108,3440
69.69517,-27.337063,3448
70.477124,-28.119017,3472
70.477124,-28.900972,3480
70.477124,-29.682927,3512
70.477124,-30.464882,3528
70.477124,-32.028792,3536
70.477124,-32.810747,3560
70.477124,-34.374657,3568
70.477124,-35.156611,3576
70.477124,-36.720521,3592
70.477124,-38.284431,3608
70.477124,-39.066386,3624
70.477124,-39.848341,3632
70.477124,-40.630296,3640
70.477124,-41.412251,3656
70.477124,-42.97616,3672
70.477124,-43.758115,3680
69.69517,-44.54007,3696
69.69517,-46.10398,3704
68.913215,-47.66789,3712
68.913215,-48.449844,3728
68.13126,-50.795709,3745
68.13126,-52.359619,3752
67.349305,-53.923529,3768
67.349305,-55.487438,3784
67.349305,-56.269393,3792
66.56735,-57.051348,3800
66.56735,-57.833303,3808
65.785395,-58.615258,3824
65.785395,-59.397213,3840
65.00344,-60.179168,3848
64.221485,-60.961123,3880
64.221485,-61.743078,3888
64.221485,-62.525032,3896
63.43953,-62.525032,3904
63.43953,-63.306987,3912
62.657576,-64.088942,3928
62.657576,-64.870897,3936
62.657576,-67.216762,3952
62.657576,-67.998717,3968
61.875621,-67.998717,3976
61.875621,-69.562626,3984
61.875621,-70.344581,4016
61.875621,-71.126536,4040
61.093666,-71.908491,4064
61.093666,-72.690446,4072
61.093666,-73.472401,4088
61.093666,-74.254356,4096
60.311711,-75.036311,4112
60.311711,-75.818266,4120
60.311711,-76.60022,4136
60.311711,-78.16413,4160
60.311711,-78.946085,4176
60.311711,-79.72804,4208
60.311711,-80.509995,4248
60.311711,-81.29195,4264
60.311711,-82.073905,4272
60.311711,-82.85586,4304
60.311711,-83.637814,4320
60.311711,-84.419769,4344
60.311711,-85.201724,4376
60.311711,-85.983679,4408
61.093666,-86.765634,4448
61.093666,-87.547589,4472
61.875621,-87.547589,4512
61.875621,-88.329544,4544
62.657576,-88.329544,4560
63.43953,-88.329544,4576
64.221485,-88.329544,4592
65.00344,-88.329544,4600
65.785395,-88.329544,4624
66.56735,-88.329544,4632
67.349305,-88.329544,4640
68.13126,-88.329544,4648
68.913215,-88.329544,4656
69.69517,-88.329544,4688
69.69517,-87.547589,5072
69.69517,-86.765634,5080
69.69517,-85.983679,5088
69.69517,-85.201724,5096
70.477124,-83.637814,5112
BREAK
