START
80.642538,-71.908491,0
79.860583,-71.908491,40
79.078628,-71.908491,96
78.296673,-71.908491,115
76.732764,-71.126536,138
75.950809,-70.344581,159
75.168854,-69.562626,178
74.386899,-67.998717,202
72.822989,-67.216762,223
72.041034,-65.652852,243
71.259079,-64.870897,265
71.259079,-64.088942,283
70.477124,-63.306987,294
70.477124,-62.525032,320
70.477124,-61.743078,345
69.69517,-61.743078,360
69.69517,-60.961123,373
69.69517,-59.397213,394
68.913215,-58.615258,414
68.913215,-56.269393,437
68.913215,-54.705484,461
68.913215,-53.141574,481
68.13126,-50.795709,501
68.13126,-50.013754,523
68.13126,-47.66789,544
68.13126,-46.10398,567
67.349305,-45.322025,585
67.349305,-43.758115,607
67.349305,-42.194205,626
67.349305,-41.412251,670
67.349305,-40.630296,691
67.349305,-38.284431,714
67.349305,-35.156611,735
66.56735,-33.592702,756
66.56735,-31.246837,816
65.785395,-31.246837,818
65.785395,-30.464882,831
65.785395,-29.682927,849
65.785395,-28.900972,883
65.00344,-27.337063,903
64.221485,-26.555108,922
63.43953,-24.991198,944
63.43953,-24.209243,968
63.43953,-23.427288,1002
62.657576,-22.645333,1016
62.657576,-21.863378,1050
61.875621,-21.863378,1065
61.875621,-21.081423,1082
60.311711,-20.299469,1105
59.529756,-19.517514,1126
58.747801,-19.517514,1147
57.965846,-17.953604,1167
57.183891,-17.953604,1189
56.401936,-17.171649,1209
55.619982,-16.389694,1232
54.056072,-16.389694,1252
53.274117,-16.389694,1271
52.492162,-15.607739,1294
51.710207,-15.607739,1314
50.928252,-15.607739,1335
50.146297,-14.825784,1357
49.364342,-14.825784,1378
48.582388,-14.825784,1396
47.800433,-14.825784,1411
47.018478,-14.825784,1438
46.236523,-14.825784,1454
45.454568,-14.825784,1466
44.672613,-14.825784,1480
43.890658,-14.825784,1505
43.108703,-14.825784,1533
42.326748,-14.825784,1569
41.544794,-14.825784,1622
41.544794,-15.607739,1666
41.544794,-16.389694,1731
40.762839,-18.735559,1784
40.762839,-19.517514,1808
40.762839,-20.299469,1845
40.762839,-21.081423,1904
40.762839,-21.863378,1969
40.762839,-22.645333,1994
40.762839,-23.427288,2021
40.762839,-24.209243,2035
40.762839,-24.991198,2054
40.762839,-26.555108,2071
40.762839,-27.337063,2101
40.762839,-28.119017,2171
40.762839,-29.682927,2213
40.762839,-31.246837,2235
41.544794,-32.028792,2280
41.544794,-32.810747,2299
42.326748,-32.810747,2321
42.326748,-33.592702,2343
43.108703,-33.592702,2365
43.890658,-34.374657,2411
44.672613,-34.374657,2452
44.672613,-35.156611,2471
45.454568,-35.156611,2495
46.236523,-35.156611,2516
47.018478,-35.156611,2558
48.582388,-35.156611,2599
49.364342,-35.156611,2642
50.146297,-35.156611,2706
50.928252,-35.156611,2729
51.710207,-35.156611,2752
52.492162,-35.156611,2816
52.492162,-34.374657,3060
51.710207,-33.592702,3104
50.928252,-32.028792,3125
50.146297,-31.246837,3145
49.364342,-30.464882,3168
49.364342,-29.682927,3185
48.582388,-28.900972,3206
47.018478,-27.337063,3228
47.018478,-26.555108,3251
47.018478,-25.773153,3274
46.236523,-25.773153,3293
46.236523,-24.991198,3338
45.454568,-24.991198,3353
45.454568,-24.209243,3395
44.672613,-24.209243,3408
43.890658,-23.427288,3441
43.890658,-22.645333,3463
43.108703,-22.645333,3483
42.326748,-22.645333,3563
41.544794,-22.645333,3689
BREAK
