START
14.241801,-43.534334,0
14.241801,-42.748879,120
15.81271,-41.17797,127
16.598165,-41.17797,144
16.598165,-40.392516,152
17.383619,-40.392516,168
18.954528,-40.392516,216
18.954528,-39.607061,231
19.739983,-39.607061,240
20.525437,-39.607061,280
20.525437,-38.036152,304
22.096346,-38.036152,312
22.881801,-38.821606,352
22.881801,-39.607061,360
23.667256,-39.607061,368
25.238165,-41.17797,376
25.238165,-41.963425,400
26.023619,-42.748879,426
26.023619,-44.319788,440
26.023619,-45.105243,456
26.023619,-45.890697,464
26.023619,-47.461606,480
27.594528,-48.247061,488
27.594528,-49.032516,504
27.594528,-50.603425,528
27.594528,-52.174334,544
27.594528,-52.959788,560
27.594528,-54.530697,584
27.594528,-55.316152,624
27.594528,-56.101606,664
26.809074,-56.101606,672
26.809074,-57.672516,696
26.023619,-57.672516,720
26.023619,-58.45797,744
25.238165,-58.45797,760
25.238165,-59.243425,776
23.667256,-59.243425,800
23.667256,-60.814334,816
22.881801,-61.599788,832
22.881801,-62.385243,856
22.096346,-62.385243,872
22.096346,-63.170697,880
22.096346,-63.956152,928
22.096346,-65.527061,968
22.096346,-66.312516,984
22.096346,-67.09797,1017
22.096346,-68.668879,1040
22.096346,-69.454334,1072
22.096346,-70.239788,1112
22.096346,-71.810697,1136
22.096346,-72.596152,1152
23.667256,-72.596152,1160
23.667256,-73.381606,1176
24.45271,-73.381606,1184
25.238165,-74.952516,1208
26.809074,-74.952516,1216
27.594528,-74.952516,1224
28.379983,-75.73797,1232
29.165437,-75.73797,1248
29.950892,-75.73797,1256
30.736346,-75.73797,1264
31.521801,-75.73797,1280
32.307256,-75.73797,1312
33.878165,-75.73797,1336
34.663619,-75.73797,1352
35.449074,-75.73797,1368
36.234528,-75.73797,1376
37.019983,-75.73797,1384
37.805437,-75.73797,1416
38.590892,-74.952516,1432
39.376346,-74.952516,1448
39.376346,-73.381606,1456
40.947256,-73.381606,1464
41.73271,-72.596152,1480
42.518165,-71.810697,1496
43.303619,-71.810697,1521
43.303619,-71.025243,1528
43.303619,-69.454334,1552
44.874528,-69.454334,1560
44.874528,-68.668879,1584
44.874528,-67.883425,1592
45.659983,-67.883425,1600
45.659983,-66.312516,1608
45.659983,-65.527061,1632
46.445437,-65.527061,1640
46.445437,-64.741606,1664
46.445437,-63.170697,1696
46.445437,-62.385243,1704
48.016346,-61.599788,1720
48.016346,-60.814334,1745
48.016346,-60.028879,1760
48.016346,-59.243425,1768
48.016346,-58.45797,1809
48.016346,-57.672516,1864
48.016346,-56.887061,1896
48.016346,-56.101606,2009
48.801801,-54.530697,2048
48.801801,-56.101606,2232
50.37271,-56.887061,2257
50.37271,-57.672516,2264
50.37271,-59.243425,2281
50.37271,-60.028879,2305
51.158165,-60.028879,2312
51.158165,-60.814334,2321
51.943619,-60.814334,2368
51.943619,-61.599788,2376
51.943619,-63.170697,2408
51.943619,-63.956152,2440
52.729074,-63.956152,2448
52.729074,-64.741606,2472
52.729074,-66.312516,2513
54.299983,-66.312516,2520
54.299983,-67.09797,2569
55.085437,-67.09797,2633
55.870892,-67.883425,2729
56.656346,-67.883425,2736
57.441801,-67.883425,2816
58.227256,-67.883425,2825
59.01271,-67.883425,2881
59.798165,-67.883425,2905
60.583619,-67.883425,2920
BREAK
71.579983,-58.45797,3208
71.579983,-57.672516,3215
72.365437,-57.672516,3223
72.365437,-56.887061,3231
72.365437,-56.101606,3239
73.150892,-56.101606,3264
73.150892,-55.316152,3279
73.150892,-54.530697,3304
73.150892,-53.745243,3328
73.936346,-53.745243,3343
73.936346,-52.174334,3431
73.936346,-51.388879,3512
73.936346,-50.603425,3560
73.936346,-49.032516,3584
73.936346,-48.247061,3608
73.936346,-47.461606,3648
73.936346,-46.676152,3672
73.936346,-45.105243,3680
73.936346,-44.319788,3704
73.936346,-42.748879,3744
72.365437,-41.963425,3784
72.365437,-41.17797,3800
71.579983,-41.17797,3816
71.579983,-40.392516,3824
71.579983,-38.821606,3864
70.794528,-38.821606,3872
70.794528,-38.036152,3912
70.794528,-37.250697,4024
70.794528,-35.679788,4040
70.794528,-34.894334,4200
72.365437,-34.894334,4283
73.150892,-34.894334,4336
73.936346,-34.894334,4416
74.721801,-34.894334,4464
76.29271,-36.465243,4480
77.078165,-37.250697,4536
77.078165,-38.036152,4608
77.863619,-39.607061,4664
78.649074,-39.607061,4672
78.649074,-40.392516,4680
79.434528,-41.17797,4688
80.219983,-42.748879,4696
80.219983,-43.534334,4720
81.790892,-43.534334,4760
81.790892,-44.319788,4768
81.790892,-45.105243,4792
81.790892,-45.890697,4800
81.790892,-46.676152,4848
81.790892,-47.461606,4864
82.576346,-49.032516,4888
82.576346,-49.81797,4896
82.576346,-50.603425,4932
84.147256,-52.174334,4984
84.147256,-52.959788,4992
84.147256,-53.745243,5016
84.147256,-55.316152,5048
84.147256,-56.101606,5088
84.93271,-56.887061,5104
84.93271,-57.672516,5112
84.93271,-58.45797,5136
84.93271,-59.243425,5192
84.93271,-60.028879,5200
84.93271,-60.814334,5208
84.93271,-61.599788,5232
84.93271,-63.170697,5272
84.93271,-69.454334,5409
84.93271,-71.025243,5424
84.93271,-71.810697,5440
84.93271,-72.596152,5464
84.93271,-73.381606,5481
84.93271,-74.167061,5488
84.93271,-74.952516,5504
84.93271,-75.73797,5528
84.93271,-76.523425,5560
84.93271,-78.094334,5632
84.93271,-78.879788,5672
84.93271,-79.665243,5745
84.93271,-81.236152,5848
84.93271,-82.021606,5872
BREAK
70.009074,-60.028879,6672
69.223619,-60.028879,6975
67.65271,-60.028879,6999
66.867256,-60.028879,7056
66.867256,-61.599788,7112
66.081801,-61.599788,7120
66.081801,-62.385243,7136
64.510892,-62.385243,7296
64.510892,-63.170697,7320
63.725437,-63.170697,7343
63.725437,-63.956152,7352
62.939983,-63.956152,7408
62.939983,-65.527061,7456
62.154528,-65.527061,7575
62.154528,-66.312516,7648
60.583619,-66.312516,7688
59.798165,-66.312516,7792
59.01271,-66.312516,7800
59.01271,-67.09797,7832
57.441801,-67.09797,7864
BREAK
