START
31.737154,-42.987841,0
31.737154,-43.827762,22
31.737154,-44.667683,42
31.737154,-48.027366,63
31.737154,-51.38705,82
30.897233,-53.906813,104
30.057312,-55.586655,127
30.057312,-57.266497,147
30.057312,-58.106418,189
30.057312,-57.266497,415
BREAK
30.897233,-48.027366,932
31.737154,-48.027366,941
32.577075,-48.027366,1036
34.256917,-48.027366,1100
35.096838,-48.027366,1134
35.936759,-48.027366,1168
36.77668,-48.027366,1187
37.616601,-48.027366,1209
39.296443,-47.187445,1250
40.976285,-47.187445,1272
41.816206,-46.347524,1294
42.656126,-46.347524,1315
43.496047,-46.347524,1336
44.335968,-46.347524,1357
45.175889,-46.347524,1377
46.01581,-46.347524,1395
46.855731,-45.507604,1437
47.695652,-45.507604,1478
48.535573,-45.507604,1499
49.375494,-45.507604,1520
50.215415,-45.507604,1540
51.055336,-45.507604,1576
51.895257,-45.507604,1598
52.735178,-45.507604,1620
53.575099,-45.507604,1641
54.41502,-45.507604,1661
55.254941,-45.507604,1684
56.094862,-45.507604,1725
57.774704,-45.507604,1768
59.454545,-46.347524,1786
60.294466,-46.347524,1806
61.134387,-46.347524,1829
61.974308,-46.347524,1850
62.814229,-46.347524,1875
63.65415,-46.347524,1891
64.494071,-46.347524,1908
65.333992,-46.347524,1922
66.173913,-46.347524,1940
67.013834,-46.347524,1982
67.853755,-46.347524,2007
69.533597,-46.347524,2030
71.213439,-46.347524,2050
72.05336,-46.347524,2073
72.893281,-46.347524,2117
73.733202,-46.347524,2178
74.573123,-46.347524,2230
75.413043,-46.347524,2253
76.252964,-46.347524,2274
77.092885,-46.347524,2293
77.932806,-46.347524,2316
78.772727,-46.347524,2373
79.612648,-46.347524,2479
80.452569,-46.347524,2498
81.29249,-46.347524,2521
82.132411,-46.347524,2611
BREAK
82.132411,-41.307999,3373
82.132411,-42.14792,3395
82.132411,-43.827762,3416
82.132411,-44.667683,3437
82.132411,-45.507604,3459
82.132411,-46.347524,3479
82.132411,-47.187445,3499
82.132411,-48.027366,3520
82.132411,-48.867287,3540
82.132411,-50.547129,3562
82.132411,-51.38705,3607
82.132411,-52.226971,3670
BREAK
