START
29.217391,-46.347524,0
30.057312,-46.347524,39
31.737154,-46.347524,47
32.577075,-46.347524,55
35.096838,-46.347524,63
37.616601,-46.347524,71
39.296443,-46.347524,79
41.816206,-46.347524,87
44.335968,-46.347524,95
46.855731,-46.347524,103
49.375494,-46.347524,111
51.895257,-46.347524,119
53.575099,-46.347524,127
56.094862,-46.347524,135
56.934783,-46.347524,143
57.774704,-46.347524,151
58.614625,-46.347524,159
59.454545,-46.347524,167
60.294466,-46.347524,215
61.134387,-46.347524,231
61.974308,-46.347524,247
BREAK
