START
25.857708,-38.788236,0
25.857708,-39.628157,62
25.857708,-40.468078,92
25.857708,-41.307999,102
25.857708,-42.14792,122
25.857708,-42.987841,142
25.857708,-43.827762,152
25.857708,-44.667683,173
25.857708,-45.507604,196
25.857708,-46.347524,219
25.857708,-47.187445,230
25.857708,-48.027366,250
25.857708,-49.707208,270
25.857708,-50.547129,290
25.857708,-52.226971,300
25.857708,-53.066892,310
25.857708,-53.906813,320
25.857708,-54.746734,330
25.857708,-55.586655,340
25.857708,-56.426576,360
25.857708,-57.266497,380
25.857708,-58.106418,410
25.857708,-58.946339,420
25.857708,-59.78626,450
25.857708,-60.626181,490
25.857708,-61.466102,510
25.857708,-62.306023,573
BREAK
29.217391,-46.347524,1963
30.897233,-46.347524,2304
31.737154,-46.347524,2315
32.577075,-46.347524,2327
34.256917,-46.347524,2337
35.096838,-46.347524,2346
35.936759,-45.507604,2357
37.616601,-45.507604,2367
39.296443,-45.507604,2387
40.136364,-44.667683,2407
40.976285,-44.667683,2427
41.816206,-44.667683,2446
42.656126,-44.667683,2456
42.656126,-43.827762,2489
43.496047,-43.827762,2499
44.335968,-43.827762,2529
45.175889,-43.827762,2539
46.01581,-43.827762,2559
46.01581,-42.987841,2569
47.695652,-42.987841,2579
48.535573,-42.987841,2599
48.535573,-42.14792,2609
49.375494,-42.14792,2620
50.215415,-42.14792,2641
51.055336,-42.14792,2662
51.895257,-42.14792,2681
52.735178,-42.14792,2711
53.575099,-42.14792,2751
54.41502,-42.14792,2771
54.41502,-41.307999,2781
55.254941,-41.307999,2792
56.094862,-41.307999,2812
56.934783,-41.307999,2822
57.774704,-40.468078,2851
58.614625,-39.628157,2881
60.294466,-39.628157,2901
60.294466,-38.788236,2912
61.974308,-38.788236,2923
62.814229,-38.788236,2954
63.65415,-38.788236,2984
64.494071,-38.788236,3066
64.494071,-37.948315,3278
64.494071,-37.108394,3351
65.333992,-37.108394,3371
65.333992,-36.268473,3391
65.333992,-35.428552,3470
66.173913,-35.428552,3580
66.173913,-36.268473,3756
66.173913,-37.108394,3767
66.173913,-37.948315,3791
66.173913,-38.788236,3825
66.173913,-39.628157,3845
66.173913,-40.468078,3855
65.333992,-41.307999,3888
65.333992,-42.14792,3920
64.494071,-42.14792,3930
64.494071,-42.987841,3940
64.494071,-43.827762,3970
64.494071,-44.667683,4015
63.65415,-44.667683,4055
63.65415,-45.507604,4065
63.65415,-46.347524,4105
63.65415,-47.187445,4265
BREAK
