START
24.21252,-38.963088,0
23.507913,-38.963088,208
22.803306,-38.963088,224
22.098699,-38.963088,248
21.394092,-38.963088,272
20.689485,-38.963088,312
19.984878,-39.667695,328
19.28027,-39.667695,352
18.575663,-40.372302,376
17.871056,-40.372302,424
17.166449,-40.372302,440
17.166449,-41.076909,464
17.166449,-41.781516,512
17.166449,-42.486123,528
17.166449,-43.19073,552
17.166449,-43.895337,560
17.166449,-44.599944,576
17.166449,-45.304552,592
17.166449,-46.009159,608
17.871056,-46.713766,616
18.575663,-47.418373,656
19.28027,-48.12298,672
19.984878,-48.827587,688
20.689485,-48.827587,696
21.394092,-48.827587,704
21.394092,-49.532194,712
22.098699,-49.532194,720
22.803306,-49.532194,728
23.507913,-49.532194,736
24.21252,-50.236801,744
24.917127,-50.236801,752
25.621734,-50.941408,760
26.326341,-51.646015,768
27.030948,-51.646015,784
27.030948,-52.350622,800
27.735555,-52.350622,808
28.440162,-53.055229,824
29.144769,-53.055229,832
29.849376,-53.055229,841
30.553983,-53.055229,872
31.25859,-53.055229,888
31.963197,-53.055229,896
32.667804,-53.055229,912
33.372411,-53.055229,932
34.077018,-53.055229,952
34.781626,-53.055229,968
35.486233,-53.055229,984
36.19084,-53.055229,1000
36.895447,-52.350622,1024
37.600054,-51.646015,1032
38.304661,-51.646015,1048
39.713875,-51.646015,1072
39.713875,-50.941408,1080
40.418482,-50.941408,1096
41.123089,-50.941408,1120
41.827696,-50.236801,1128
42.532303,-50.236801,1136
42.532303,-49.532194,1144
43.941517,-48.827587,1152
44.646124,-48.12298,1168
45.350731,-47.418373,1184
45.350731,-46.713766,1200
46.055338,-46.713766,1208
46.759945,-46.009159,1216
46.759945,-45.304552,1232
47.464552,-45.304552,1240
47.464552,-44.599944,1248
48.169159,-44.599944,1256
48.169159,-43.895337,1264
48.873766,-43.895337,1272
49.578373,-43.895337,1280
50.282981,-43.19073,1296
50.987588,-42.486123,1312
50.987588,-41.781516,1320
51.692195,-41.781516,1328
51.692195,-41.076909,1336
52.396802,-41.076909,1344
53.101409,-40.372302,1352
53.101409,-39.667695,1376
53.806016,-39.667695,1384
53.806016,-38.963088,1392
55.21523,-38.963088,1400
55.21523,-38.258481,1408
55.919837,-37.553874,1416
56.624444,-37.553874,1440
56.624444,-36.849267,1448
57.329051,-36.14466,1456
58.033658,-36.14466,1464
58.738265,-35.440053,1472
59.442872,-34.735446,1488
60.147479,-34.735446,1496
60.852086,-34.030839,1504
60.852086,-33.326232,1520
62.2613,-33.326232,1529
62.2613,-32.621625,1536
62.965907,-32.621625,1546
63.670514,-32.621625,1561
64.375121,-31.917018,1568
65.784336,-30.507804,1584
66.488943,-29.803197,1600
67.19355,-29.803197,1616
67.898157,-29.098589,1648
68.602764,-28.393982,1656
69.307371,-28.393982,1672
70.011978,-28.393982,1688
71.421192,-27.689375,1704
72.125799,-27.689375,1720
72.830406,-27.689375,1736
73.535013,-27.689375,1776
74.23962,-27.689375,1793
74.944227,-27.689375,1809
75.648834,-27.689375,1832
76.353441,-27.689375,1848
77.058048,-27.689375,1857
77.762655,-27.689375,1864
77.762655,-28.393982,1873
78.467262,-28.393982,1880
79.171869,-29.098589,1897
79.876476,-29.098589,1921
79.876476,-29.803197,1929
80.581083,-29.803197,1937
81.285691,-30.507804,1952
81.990298,-30.507804,1961
82.694905,-31.917018,1969
84.104119,-33.326232,1985
84.808726,-34.030839,2017
85.513333,-34.735446,2041
86.21794,-34.735446,2057
86.21794,-35.440053,2081
86.21794,-36.14466,2105
86.922547,-36.849267,2121
86.922547,-37.553874,2153
87.627154,-38.258481,2185
87.627154,-38.963088,2209
87.627154,-39.667695,2217
87.627154,-40.372302,2241
87.627154,-41.076909,2265
87.627154,-41.781516,2281
87.627154,-42.486123,2297
87.627154,-43.19073,2321
87.627154,-43.895337,2361
86.922547,-44.599944,2385
86.21794,-45.304552,2393
85.513333,-46.009159,2409
84.808726,-46.713766,2441
84.104119,-47.418373,2473
83.399512,-48.12298,2481
82.694905,-48.827587,2497
81.990298,-48.827587,2521
81.990298,-49.532194,2529
81.285691,-49.532194,2537
80.581083,-49.532194,2545
79.876476,-49.532194,2553
79.876476,-50.236801,2569
79.171869,-50.236801,2577
78.467262,-50.236801,2617
78.467262,-50.941408,2665
77.762655,-50.941408,2705
77.058048,-51.646015,2713
BREAK
39.713875,-52.350622,3465
39.713875,-53.055229,3592
39.713875,-53.759836,3608
39.009268,-54.464443,3616
39.009268,-55.16905,3624
39.009268,-55.873657,3648
38.304661,-56.578264,3664
38.304661,-57.282871,3680
38.304661,-57.987478,3688
38.304661,-58.692085,3704
38.304661,-60.1013,3712
38.304661,-60.805907,3728
38.304661,-61.510514,3752
38.304661,-62.215121,3768
38.304661,-62.919728,3784
38.304661,-63.624335,3808
38.304661,-64.328942,3824
38.304661,-65.033549,3848
38.304661,-65.738156,3864
38.304661,-66.442763,3880
39.009268,-67.14737,3888
39.009268,-67.851977,3896
39.713875,-67.851977,3904
40.418482,-68.556584,3912
41.123089,-69.261191,3928
41.123089,-69.965798,3944
41.827696,-69.965798,3952
41.827696,-70.670405,3960
43.23691,-71.375012,3984
43.23691,-72.079619,3992
43.941517,-72.079619,4024
44.646124,-72.784226,4032
45.350731,-72.784226,4040
45.350731,-73.488833,4048
46.055338,-73.488833,4056
46.759945,-73.488833,4088
BREAK
