START
15.052628,-29.803197,0
15.052628,-30.507804,130
15.052628,-31.212411,144
15.052628,-31.917018,157
15.052628,-33.326232,172
15.052628,-34.030839,181
15.052628,-34.735446,196
15.052628,-35.440053,216
15.052628,-36.849267,231
15.052628,-37.553874,253
15.052628,-38.258481,282
15.052628,-39.667695,309
15.052628,-40.372302,337
15.757235,-40.372302,366
16.461842,-41.781516,393
17.166449,-41.781516,410
18.575663,-42.486123,426
19.28027,-43.19073,452
19.984878,-43.19073,468
21.394092,-43.19073,491
22.098699,-43.19073,506
22.803306,-43.19073,515
24.21252,-43.19073,533
24.917127,-43.19073,560
25.621734,-43.19073,588
26.326341,-43.19073,607
27.735555,-43.19073,633
28.440162,-43.19073,661
29.849376,-43.19073,717
30.553983,-43.19073,744
31.25859,-42.486123,773
31.25859,-41.781516,810
31.963197,-41.781516,837
31.963197,-41.076909,1060
32.667804,-41.076909,1088
33.372411,-41.076909,1151
34.077018,-41.076909,1183
34.781626,-41.076909,1431
BREAK
34.077018,-41.076909,1631
33.372411,-41.076909,1763
32.667804,-41.076909,1791
32.667804,-41.781516,1819
31.963197,-41.781516,1847
31.25859,-42.486123,1874
30.553983,-43.19073,1937
30.553983,-43.895337,1965
29.849376,-44.599944,1992
29.144769,-45.304552,2021
29.144769,-46.009159,2048
29.144769,-46.713766,2105
29.144769,-48.12298,2132
29.144769,-48.827587,2160
28.440162,-49.532194,2188
27.735555,-50.941408,2213
27.030948,-51.646015,2241
27.030948,-52.350622,2269
27.030948,-53.759836,2297
27.030948,-54.464443,2318
27.030948,-55.16905,2346
27.030948,-55.873657,2374
27.030948,-57.282871,2397
27.030948,-57.987478,2425
27.030948,-58.692085,2452
27.030948,-59.396692,2481
27.030948,-60.1013,2523
27.030948,-60.805907,2551
27.030948,-62.215121,2578
27.030948,-62.919728,2607
27.030948,-63.624335,2632
27.735555,-65.033549,2648
28.440162,-65.738156,2676
28.440162,-66.442763,2704
29.144769,-67.851977,2732
29.849376,-68.556584,2760
29.849376,-69.965798,2787
31.25859,-69.965798,2816
31.963197,-71.375012,2844
32.667804,-71.375012,2871
33.372411,-72.079619,2900
34.077018,-72.079619,2962
BREAK
29.849376,-43.895337,3816
30.553983,-43.895337,3860
30.553983,-43.19073,3934
31.25859,-42.486123,3962
32.667804,-41.781516,4018
33.372411,-40.372302,4045
34.781626,-39.667695,4070
34.781626,-38.258481,4079
35.486233,-37.553874,4097
36.19084,-36.849267,4113
37.600054,-35.440053,4123
38.304661,-34.735446,4140
39.713875,-34.735446,4163
40.418482,-33.326232,4175
41.123089,-33.326232,4193
42.532303,-32.621625,4210
43.23691,-31.917018,4219
43.941517,-31.917018,4238
45.350731,-31.212411,4251
46.055338,-30.507804,4260
47.464552,-30.507804,4269
48.169159,-29.803197,4287
48.873766,-29.098589,4296
50.282981,-29.098589,4308
50.987588,-28.393982,4324
51.692195,-27.689375,4333
53.101409,-27.689375,4343
53.806016,-27.689375,4352
55.919837,-27.689375,4361
56.624444,-26.984768,4374
58.738265,-26.280161,4384
60.147479,-26.280161,4407
60.852086,-26.280161,4415
61.556693,-26.280161,4425
62.2613,-26.280161,4437
63.670514,-26.280161,4446
64.375121,-26.280161,4454
65.079728,-26.280161,4464
67.19355,-26.280161,4473
68.602764,-26.280161,4486
69.307371,-26.280161,4494
70.011978,-26.280161,4512
70.716585,-26.280161,4528
72.125799,-26.280161,4536
72.830406,-26.280161,4549
73.535013,-26.280161,4560
74.23962,-26.280161,4570
75.648834,-26.280161,4578
78.467262,-26.280161,4587
79.171869,-26.280161,4616
79.876476,-26.280161,4643
80.581083,-26.280161,4660
81.285691,-26.280161,4670
81.990298,-26.280161,4692
83.399512,-26.280161,4720
83.399512,-27.689375,4747
84.104119,-28.393982,4775
84.808726,-29.098589,4785
84.808726,-30.507804,4800
85.513333,-31.212411,4818
86.21794,-31.917018,4826
86.21794,-33.326232,4843
86.922547,-34.030839,4855
87.627154,-34.735446,4871
87.627154,-36.14466,4899
87.627154,-36.849267,4916
87.627154,-37.553874,4925
87.627154,-38.963088,4935
87.627154,-39.667695,4949
87.627154,-40.372302,4960
87.627154,-41.076909,4988
87.627154,-41.781516,5016
86.922547,-42.486123,5046
86.21794,-43.19073,5074
84.808726,-43.895337,5095
84.104119,-43.895337,5108
83.399512,-44.599944,5135
81.990298,-44.599944,5163
81.285691,-44.599944,5179
80.581083,-44.599944,5201
79.171869,-44.599944,5229
78.467262,-44.599944,5284
77.762655,-44.599944,5313
77.058048,-44.599944,5368
76.353441,-44.599944,5491
BREAK
