START
24.528302,-7.686747,0
25.528302,-8.686747,103
25.528302,-9.686747,114
25.528302,-10.686747,124
25.528302,-12.686747,135
25.528302,-13.686747,145
25.528302,-14.686747,155
25.528302,-15.686747,166
25.528302,-17.686747,187
25.528302,-18.686747,208
25.528302,-20.686747,218
25.528302,-22.686747,229
25.528302,-24.686747,239
25.528302,-25.686747,249
25.528302,-27.686747,260
25.528302,-30.686747,271
25.528302,-32.686747,281
25.528302,-35.686747,291
25.528302,-36.686747,302
25.528302,-39.686747,312
25.528302,-41.686747,323
25.528302,-44.686747,333
25.528302,-46.686747,343
25.528302,-49.686747,354
25.528302,-52.686747,364
25.528302,-55.686747,375
25.528302,-58.686747,385
25.528302,-60.686747,396
25.528302,-64.686747,406
25.528302,-67.686747,417
25.528302,-70.686747,427
25.528302,-73.686747,438
25.528302,-76.686747,448
25.528302,-77.686747,458
25.528302,-78.686747,469
25.528302,-80.686747,479
25.528302,-82.686747,490
25.528302,-83.686747,500
25.528302,-85.686747,511
25.528302,-86.686747,521
25.528302,-87.686747,532
25.528302,-89.686747,542
25.528302,-90.686747,563
25.528302,-92.686747,584
25.528302,-93.686747,605
25.528302,-94.686747,615
25.528302,-95.686747,626
25.528302,-96.686747,636
25.528302,-97.686747,647
25.528302,-98.686747,667
25.528302,-99.686747,783
28.528302,-96.686747,981
BREAK
76.528302,-5.686747,2131
76.528302,-6.686747,2246
76.528302,-7.686747,2256
76.528302,-9.686747,2267
76.528302,-11.686747,2276
76.528302,-12.686747,2287
76.528302,-14.686747,2297
76.528302,-16.686747,2308
76.528302,-17.686747,2318
76.528302,-19.686747,2329
76.528302,-20.686747,2339
76.528302,-22.686747,2349
76.528302,-23.686747,2360
76.528302,-25.686747,2370
76.528302,-27.686747,2381
76.528302,-29.686747,2391
76.528302,-31.686747,2402
76.528302,-34.686747,2412
76.528302,-36.686747,2423
76.528302,-37.686747,2433
76.528302,-39.686747,2444
76.528302,-40.686747,2454
76.528302,-43.686747,2464
76.528302,-45.686747,2475
76.528302,-47.686747,2485
76.528302,-49.686747,2496
76.528302,-51.686747,2506
76.528302,-53.686747,2517
76.528302,-56.686747,2527
76.528302,-58.686747,2538
76.528302,-61.686747,2548
76.528302,-63.686747,2558
76.528302,-66.686747,2569
76.528302,-67.686747,2579
76.528302,-69.686747,2590
76.528302,-70.686747,2600
76.528302,-73.686747,2611
76.528302,-76.686747,2621
76.528302,-77.686747,2632
76.528302,-80.686747,2642
76.528302,-81.686747,2653
76.528302,-84.686747,2663
76.528302,-85.686747,2673
76.528302,-87.686747,2684
76.528302,-88.686747,2694
76.528302,-89.686747,2705
76.528302,-90.686747,2715
76.528302,-91.686747,2736
76.528302,-92.686747,2747
76.528302,-93.686747,2757
76.528302,-94.686747,2778
76.528302,-95.686747,2788
76.528302,-96.686747,2799
76.528302,-97.686747,2820
76.528302,-98.686747,2872
76.528302,-99.686747,2903
76.528302,-100.68675,2924
BREAK
25.528302,-5.686747,4388
26.528302,-6.686747,4502
26.528302,-7.686747,4512
27.528302,-8.686747,4523
28.528302,-10.686747,4533
29.528302,-10.686747,4544
29.528302,-11.686747,4554
30.528302,-14.686747,4565
31.528302,-15.686747,4575
31.528302,-16.686747,4586
31.528302,-18.686747,4596
32.528302,-21.686747,4606
33.528302,-22.686747,4617
34.528302,-25.686747,4627
34.528302,-26.686747,4638
35.528302,-28.686747,4648
36.528302,-30.686747,4659
37.528302,-32.686747,4669
37.528302,-34.686747,4680
38.528302,-36.686747,4690
39.528302,-38.686747,4701
39.528302,-40.686747,4711
41.528302,-43.686747,4722
42.528302,-44.686747,4732
42.528302,-46.686747,4742
43.528302,-48.686747,4753
45.528302,-50.686747,4763
46.528302,-50.686747,4774
47.528302,-53.686747,4784
47.528302,-55.686747,4795
48.528302,-57.686747,4805
48.528302,-59.686747,4816
49.528302,-60.686747,4826
50.528302,-63.686747,4837
50.528302,-65.686747,4847
51.528302,-67.686747,4857
52.528302,-68.686747,4868
53.528302,-71.686747,4878
53.528302,-73.686747,4889
55.528302,-75.686747,4899
55.528302,-76.686747,4910
56.528302,-79.686747,4920
57.528302,-79.686747,4931
58.528302,-81.686747,4941
59.528302,-82.686747,4952
60.528302,-83.686747,4962
61.528302,-85.686747,4983
61.528302,-86.686747,4993
63.528302,-88.686747,5004
64.528302,-89.686747,5025
64.528302,-90.686747,5035
65.528302,-91.686747,5046
66.528302,-92.686747,5066
67.528302,-93.686747,5077
68.528302,-95.686747,5108
69.528302,-96.686747,5119
69.528302,-97.686747,5129
70.528302,-98.686747,5140
71.528302,-99.686747,5150
72.528302,-100.68675,5161
73.528302,-102.68675,5182
74.528302,-102.68675,5202
75.528302,-102.68675,5286
75.528302,-101.68675,5453
75.528302,-99.686747,5464
BREAK
75.528302,-4.686747,6352
75.528302,-5.686747,6466
74.528302,-5.686747,6477
74.528302,-7.686747,6487
73.528302,-8.686747,6498
72.528302,-10.686747,6508
72.528302,-11.686747,6519
70.528302,-13.686747,6529
69.528302,-15.686747,6539
69.528302,-16.686747,6550
69.528302,-17.686747,6560
68.528302,-19.686747,6571
66.528302,-20.686747,6581
66.528302,-21.686747,6592
64.528302,-23.686747,6602
64.528302,-24.686747,6612
62.528302,-26.686747,6623
61.528302,-28.686747,6633
60.528302,-29.686747,6644
59.528302,-30.686747,6655
58.528302,-31.686747,6665
58.528302,-32.686747,6675
57.528302,-33.686747,6686
56.528302,-34.686747,6696
56.528302,-36.686747,6707
55.528302,-37.686747,6727
54.528302,-39.686747,6738
54.528302,-40.686747,6748
53.528302,-41.686747,6759
52.528302,-44.686747,6770
51.528302,-45.686747,6780
51.528302,-46.686747,6790
50.528302,-49.686747,6801
50.528302,-50.686747,6811
49.528302,-52.686747,6822
48.528302,-53.686747,6832
48.528302,-56.686747,6843
47.528302,-57.686747,6853
47.528302,-58.686747,6864
46.528302,-60.686747,6874
46.528302,-62.686747,6884
45.528302,-63.686747,6895
44.528302,-64.686747,6905
44.528302,-65.686747,6916
44.528302,-66.686747,6926
43.528302,-68.686747,6937
42.528302,-70.686747,6957
41.528302,-71.686747,6968
41.528302,-73.686747,6978
40.528302,-74.686747,6989
39.528302,-75.686747,6999
39.528302,-76.686747,7010
38.528302,-78.686747,7020
37.528302,-80.686747,7041
37.528302,-81.686747,7052
36.528302,-82.686747,7062
35.528302,-83.686747,7072
35.528302,-84.686747,7083
35.528302,-85.686747,7094
34.528302,-86.686747,7104
33.528302,-87.686747,7114
33.528302,-88.686747,7125
32.528302,-90.686747,7146
31.528302,-90.686747,7156
31.528302,-91.686747,7167
30.528302,-92.686747,7177
30.528302,-93.686747,7188
29.528302,-94.686747,7198
29.528302,-95.686747,7209
29.528302,-96.686747,7230
29.528302,-97.686747,7240
28.528302,-97.686747,7250
28.528302,-98.686747,7292
BREAK
