START
59.327411,-24.787933,0
59.327411,-23.88438,24
58.423858,-23.88438,40
57.520305,-23.88438,56
57.520305,-22.980827,72
56.616751,-22.980827,80
55.713198,-22.980827,96
54.809645,-22.980827,104
53.906091,-22.980827,120
53.002538,-22.980827,127
52.098985,-22.980827,154
51.195431,-22.980827,157
51.195431,-23.88438,160
50.291878,-23.88438,167
49.388325,-23.88438,176
48.484772,-24.787933,200
47.581218,-24.787933,208
46.677665,-24.787933,216
46.677665,-25.691487,225
45.774112,-25.691487,231
44.870558,-27.498593,247
44.870558,-28.402147,258
43.967005,-28.402147,263
43.967005,-29.3057,272
43.063452,-31.112807,289
43.063452,-32.01636,300
43.063452,-32.919913,304
43.063452,-33.823466,314
43.063452,-34.72702,335
43.063452,-35.630573,337
43.063452,-36.534126,344
43.063452,-37.43768,359
43.063452,-38.341233,367
43.063452,-39.244786,383
43.967005,-39.244786,391
43.967005,-40.14834,399
44.870558,-41.051893,407
44.870558,-41.955446,415
45.774112,-41.955446,423
46.677665,-42.858999,433
47.581218,-43.762553,440
48.484772,-43.762553,447
49.388325,-44.666106,455
50.291878,-44.666106,463
51.195431,-45.569659,472
53.002538,-45.569659,486
53.906091,-46.473213,488
54.809645,-46.473213,496
56.616751,-47.376766,503
57.520305,-47.376766,511
58.423858,-48.280319,519
59.327411,-48.280319,527
59.327411,-49.183873,540
60.230964,-49.183873,544
61.134518,-50.087426,552
62.038071,-50.087426,559
62.038071,-50.990979,567
62.941624,-50.990979,576
62.941624,-51.894532,589
63.845178,-51.894532,592
63.845178,-52.798086,600
64.748731,-52.798086,607
64.748731,-53.701639,616
65.652284,-53.701639,624
65.652284,-54.605192,637
65.652284,-55.508746,639
66.555838,-56.412299,650
66.555838,-57.315852,664
66.555838,-58.219406,683
67.459391,-58.219406,687
67.459391,-59.122959,696
67.459391,-60.026512,703
67.459391,-60.930065,711
68.362944,-60.930065,722
68.362944,-62.737172,727
68.362944,-63.640725,740
68.362944,-64.544279,743
69.266497,-64.544279,752
69.266497,-65.447832,759
69.266497,-66.351385,767
69.266497,-67.254939,776
69.266497,-68.158492,783
69.266497,-69.062045,791
69.266497,-69.965598,801
69.266497,-70.869152,807
69.266497,-71.772705,816
69.266497,-72.676258,823
69.266497,-73.579812,840
68.362944,-73.579812,847
68.362944,-74.483365,855
67.459391,-74.483365,871
67.459391,-75.386918,887
66.555838,-75.386918,895
65.652284,-75.386918,905
64.748731,-75.386918,911
63.845178,-75.386918,919
62.941624,-75.386918,927
62.038071,-75.386918,936
61.134518,-75.386918,943
60.230964,-75.386918,951
59.327411,-75.386918,959
58.423858,-75.386918,968
57.520305,-75.386918,976
56.616751,-75.386918,983
55.713198,-75.386918,991
53.906091,-74.483365,1001
53.002538,-74.483365,1008
52.098985,-73.579812,1015
51.195431,-73.579812,1025
50.291878,-73.579812,1032
49.388325,-73.579812,1039
49.388325,-72.676258,1050
48.484772,-72.676258,1055
47.581218,-72.676258,1063
47.581218,-71.772705,1087
46.677665,-71.772705,1095
45.774112,-71.772705,1111
BREAK
68.362944,-33.823466,1766
68.362944,-34.72702,1801
67.459391,-34.72702,1807
67.459391,-35.630573,1815
66.555838,-36.534126,1823
65.652284,-38.341233,1831
63.845178,-39.244786,1839
62.941624,-41.051893,1848
62.038071,-42.858999,1856
60.230964,-43.762553,1863
59.327411,-45.569659,1871
57.520305,-46.473213,1879
56.616751,-48.280319,1888
55.713198,-49.183873,1895
54.809645,-50.087426,1903
53.002538,-50.990979,1911
52.098985,-51.894532,1919
51.195431,-52.798086,1927
51.195431,-53.701639,1935
50.291878,-53.701639,1944
49.388325,-54.605192,1951
48.484772,-54.605192,1959
48.484772,-55.508746,1967
47.581218,-55.508746,1975
BREAK
