START
54.809645,-16.655954,0
53.906091,-16.655954,80
53.002538,-16.655954,96
51.195431,-16.655954,104
50.291878,-16.655954,112
49.388325,-16.655954,120
47.581218,-16.655954,128
46.677665,-16.655954,136
44.870558,-16.655954,144
43.967005,-15.7524,152
43.063452,-15.7524,160
42.159898,-15.7524,168
41.256345,-15.7524,176
40.352792,-15.7524,184
38.545685,-15.7524,192
37.642132,-15.7524,200
35.835025,-15.7524,208
34.931472,-15.7524,216
34.027919,-15.7524,272
33.124365,-15.7524,304
32.220812,-15.7524,312
31.317259,-15.7524,320
30.413706,-15.7524,336
29.510152,-15.7524,344
28.606599,-15.7524,360
28.606599,-16.655954,512
28.606599,-17.559507,520
27.703046,-18.46306,528
27.703046,-19.366614,544
27.703046,-20.270167,560
27.703046,-21.17372,600
27.703046,-22.077274,648
28.606599,-22.980827,664
28.606599,-23.88438,680
29.510152,-24.787933,696
29.510152,-25.691487,744
30.413706,-26.59504,760
31.317259,-27.498593,768
31.317259,-28.402147,784
32.220812,-29.3057,792
33.124365,-30.209253,816
34.027919,-31.112807,840
34.931472,-32.01636,857
34.931472,-32.919913,864
35.835025,-32.919913,872
35.835025,-33.823466,880
36.738579,-34.72702,888
37.642132,-35.630573,904
38.545685,-36.534126,912
38.545685,-37.43768,928
39.449239,-38.341233,936
40.352792,-39.244786,964
41.256345,-39.244786,968
41.256345,-40.14834,976
42.159898,-40.14834,984
43.063452,-40.14834,992
43.063452,-41.051893,1000
43.967005,-41.051893,1008
44.870558,-41.955446,1032
45.774112,-41.955446,1056
45.774112,-42.858999,1064
46.677665,-42.858999,1072
47.581218,-42.858999,1080
48.484772,-42.858999,1088
49.388325,-42.858999,1112
49.388325,-43.762553,1120
50.291878,-43.762553,1128
51.195431,-43.762553,1136
52.098985,-43.762553,1144
53.002538,-44.666106,1152
53.906091,-44.666106,1160
54.809645,-44.666106,1168
56.616751,-45.569659,1176
57.520305,-45.569659,1184
58.423858,-45.569659,1192
59.327411,-45.569659,1200
61.134518,-46.473213,1216
62.038071,-47.376766,1232
62.941624,-47.376766,1241
63.845178,-48.280319,1312
64.748731,-49.183873,1329
65.652284,-50.087426,1360
66.555838,-50.990979,1376
66.555838,-51.894532,1392
67.459391,-52.798086,1456
67.459391,-53.701639,1472
67.459391,-54.605192,1480
68.362944,-55.508746,1504
68.362944,-56.412299,1512
69.266497,-57.315852,1528
69.266497,-58.219406,1536
69.266497,-59.122959,1552
69.266497,-60.026512,1560
69.266497,-60.930065,1576
69.266497,-61.833619,1592
69.266497,-62.737172,1600
69.266497,-63.640725,1608
69.266497,-64.544279,1648
68.362944,-64.544279,1680
68.362944,-65.447832,1688
67.459391,-66.351385,1696
67.459391,-67.254939,1704
66.555838,-68.158492,1720
66.555838,-69.062045,1728
65.652284,-69.965598,1736
64.748731,-69.965598,1744
63.845178,-70.869152,1752
63.845178,-71.772705,1760
62.941624,-72.676258,1768
62.941624,-73.579812,1776
62.038071,-74.483365,1784
61.134518,-74.483365,1800
61.134518,-75.386918,1808
60.230964,-75.386918,1816
60.230964,-76.290472,1825
59.327411,-76.290472,1841
58.423858,-77.194025,1848
57.520305,-77.194025,1857
57.520305,-78.097578,1864
56.616751,-78.097578,1874
55.713198,-79.001131,1880
54.809645,-79.001131,1888
53.002538,-79.904685,1896
51.195431,-80.808238,1904
50.291878,-80.808238,1912
49.388325,-81.711791,1920
48.484772,-81.711791,1952
47.581218,-82.615345,1965
46.677665,-82.615345,1968
46.677665,-83.518898,1976
45.774112,-83.518898,1984
44.870558,-83.518898,1992
43.967005,-84.422451,2000
43.063452,-84.422451,2008
42.159898,-85.326005,2016
41.256345,-85.326005,2025
40.352792,-85.326005,2032
39.449239,-86.229558,2048
38.545685,-86.229558,2058
37.642132,-86.229558,2120
36.738579,-86.229558,2128
34.931472,-87.133111,2144
34.027919,-87.133111,2152
33.124365,-87.133111,2192
32.220812,-88.036664,2208
33.124365,-88.036664,2216
32.220812,-87.133111,2225
32.220812,-88.036664,2232
32.220812,-87.133111,2320
32.220812,-88.036664,2352
30.413706,-88.036664,2360
29.510152,-87.133111,2368
28.606599,-87.133111,2392
28.606599,-86.229558,2480
29.510152,-85.326005,2520
30.413706,-84.422451,2528
30.413706,-82.615345,2536
31.317259,-81.711791,2544
31.317259,-80.808238,2552
BREAK
30.413706,-59.122959,3816
31.317259,-59.122959,3963
32.220812,-59.122959,3976
34.027919,-58.219406,3984
35.835025,-58.219406,3993
37.642132,-58.219406,4000
39.449239,-57.315852,4009
40.352792,-57.315852,4016
42.159898,-56.412299,4024
42.159898,-55.508746,4032
43.967005,-55.508746,4040
44.870558,-55.508746,4056
44.870558,-54.605192,4064
45.774112,-54.605192,4072
46.677665,-54.605192,4080
46.677665,-53.701639,4088
47.581218,-53.701639,4096
48.484772,-53.701639,4112
49.388325,-52.798086,4120
50.291878,-52.798086,4128
50.291878,-51.894532,4136
51.195431,-51.894532,4144
52.098985,-51.894532,4152
53.002538,-51.894532,4168
53.002538,-50.990979,4188
53.906091,-50.990979,4193
54.809645,-50.990979,4209
55.713198,-50.990979,4224
56.616751,-50.990979,4240
56.616751,-50.087426,4264
57.520305,-50.087426,4272
58.423858,-49.183873,4280
59.327411,-49.183873,4288
60.230964,-48.280319,4296
62.038071,-48.280319,4304
62.038071,-47.376766,4312
62.941624,-47.376766,4320
63.845178,-46.473213,4328
64.748731,-46.473213,4336
65.652284,-46.473213,4344
66.555838,-46.473213,4352
68.362944,-46.473213,4360
69.266497,-45.569659,4368
70.170051,-44.666106,4376
71.073604,-44.666106,4384
71.977157,-43.762553,4393
73.784264,-43.762553,4400
73.784264,-42.858999,4408
74.687817,-42.858999,4416
75.591371,-42.858999,4424
76.494924,-41.955446,4432
77.398477,-41.955446,4440
78.30203,-41.051893,4448
80.109137,-40.14834,4456
81.01269,-40.14834,4472
81.916244,-39.244786,4480
82.819797,-39.244786,4496
83.72335,-38.341233,4504
84.626904,-39.244786,4512
85.530457,-39.244786,4520
86.43401,-38.341233,4528
87.337563,-38.341233,4544
88.241117,-37.43768,4560
BREAK
