START
20.818182,-65.665706,0
19.978261,-64.825785,239
18.298419,-63.145943,255
16.618577,-62.306023,272
16.618577,-61.466102,289
14.938735,-60.626181,305
14.098814,-60.626181,322
13.258893,-58.946339,356
13.258893,-58.106418,406
12.418972,-57.266497,422
11.579051,-56.426576,438
11.579051,-55.586655,489
12.418972,-55.586655,638
13.258893,-54.746734,672
14.098814,-54.746734,688
15.778656,-54.746734,705
18.298419,-53.906813,721
19.978261,-52.226971,737
21.658103,-51.38705,754
23.337945,-50.547129,770
25.017787,-49.707208,787
25.857708,-48.867287,803
26.697628,-48.867287,821
27.537549,-48.027366,854
28.37747,-48.027366,887
28.37747,-47.187445,904
30.057312,-47.187445,937
30.057312,-45.507604,954
30.897233,-45.507604,987
BREAK
11.579051,-34.588631,2264
12.418972,-34.588631,2464
13.258893,-34.588631,2481
14.098814,-34.588631,2514
14.938735,-34.588631,2547
15.778656,-35.428552,2581
16.618577,-35.428552,2597
17.458498,-36.268473,2614
18.298419,-37.108394,2631
19.978261,-37.108394,2647
20.818182,-37.108394,2664
21.658103,-37.108394,2680
23.337945,-38.788236,2696
24.177866,-38.788236,2714
25.017787,-39.628157,2730
25.857708,-41.307999,2747
27.537549,-42.14792,2763
28.37747,-42.987841,2780
29.217391,-42.987841,2813
30.057312,-42.987841,2830
30.897233,-43.827762,2846
31.737154,-44.667683,2863
32.577075,-46.347524,2880
33.416996,-47.187445,2896
34.256917,-48.867287,2912
34.256917,-49.707208,2929
35.936759,-51.38705,2962
35.936759,-52.226971,2979
36.77668,-53.066892,2995
36.77668,-53.906813,3013
37.616601,-54.746734,3029
37.616601,-55.586655,3046
37.616601,-56.426576,3079
37.616601,-57.266497,3096
37.616601,-58.106418,3112
37.616601,-58.946339,3129
37.616601,-59.78626,3145
37.616601,-60.626181,3162
37.616601,-61.466102,3178
37.616601,-62.306023,3194
37.616601,-63.145943,3229
37.616601,-63.985864,3245
37.616601,-65.665706,3262
37.616601,-68.185469,3278
37.616601,-69.865311,3295
37.616601,-70.705232,3311
37.616601,-71.545153,3327
37.616601,-72.385074,3344
37.616601,-73.224995,3361
36.77668,-74.064916,3394
36.77668,-74.904837,3428
36.77668,-75.744758,3528
36.77668,-76.584679,3827
36.77668,-77.4246,3859
36.77668,-78.264521,3893
36.77668,-77.4246,4208
37.616601,-77.4246,4224
37.616601,-76.584679,4241
38.456522,-76.584679,4275
39.296443,-76.584679,4308
40.136364,-76.584679,4324
40.976285,-76.584679,4358
41.816206,-76.584679,4373
42.656126,-76.584679,4391
43.496047,-76.584679,4407
44.335968,-76.584679,4424
45.175889,-76.584679,4457
46.01581,-76.584679,4474
46.855731,-76.584679,4491
47.695652,-76.584679,4506
48.535573,-76.584679,4541
49.375494,-76.584679,4557
50.215415,-76.584679,4573
51.895257,-76.584679,4591
53.575099,-76.584679,4606
54.41502,-75.744758,4623
56.094862,-75.744758,4640
56.934783,-75.744758,4673
57.774704,-75.744758,4689
58.614625,-75.744758,4723
59.454545,-75.744758,4739
60.294466,-75.744758,4773
61.134387,-75.744758,4789
61.974308,-75.744758,4823
62.814229,-75.744758,4838
63.65415,-75.744758,4856
64.494071,-75.744758,4872
65.333992,-75.744758,4889
66.173913,-75.744758,4905
67.013834,-75.744758,4922
67.853755,-75.744758,4938
68.693676,-75.744758,4955
68.693676,-74.904837,5072
68.693676,-74.064916,5105
68.693676,-73.224995,5221
68.693676,-72.385074,5238
68.693676,-71.545153,5254
68.693676,-69.865311,5270
68.693676,-69.02539,5287
68.693676,-68.185469,5303
68.693676,-66.505627,5321
68.693676,-65.665706,5337
68.693676,-64.825785,5353
68.693676,-63.985864,5370
68.693676,-62.306023,5387
69.533597,-60.626181,5404
69.533597,-59.78626,5421
69.533597,-58.106418,5454
69.533597,-57.266497,5487
69.533597,-56.426576,5503
70.373518,-54.746734,5519
70.373518,-53.066892,5537
71.213439,-51.38705,5554
71.213439,-50.547129,5569
72.05336,-49.707208,5586
72.05336,-48.027366,5603
72.893281,-46.347524,5619
72.893281,-45.507604,5636
73.733202,-45.507604,5652
73.733202,-44.667683,5670
75.413043,-42.987841,5687
75.413043,-42.14792,5703
77.092885,-38.788236,5718
77.932806,-37.108394,5736
77.932806,-36.268473,5753
78.772727,-36.268473,5769
78.772727,-35.428552,5836
79.612648,-35.428552,5869
79.612648,-34.588631,5886
80.452569,-34.588631,5969
80.452569,-33.74871,5986
81.29249,-33.74871,6002
81.29249,-32.908789,6018
82.972332,-32.068868,6051
83.812253,-32.068868,6301
BREAK
83.812253,-41.307999,7246
BREAK
