START
39.108491,-69.281124,0
38.108491,-69.281124,67
36.108491,-68.281124,127
35.108491,-68.281124,128
35.108491,-67.281124,135
33.108491,-67.281124,144
32.108491,-66.281124,160
31.108491,-65.281124,208
30.108491,-65.281124,224
29.108491,-64.281124,252
28.108491,-63.281124,284
28.108491,-62.281124,287
28.108491,-61.281124,296
27.108491,-61.281124,303
27.108491,-60.281124,328
26.108491,-59.281124,352
25.108491,-58.281124,376
25.108491,-57.281124,408
25.108491,-55.281124,432
24.108491,-54.281124,452
23.108491,-54.281124,456
23.108491,-53.281124,464
23.108491,-52.281124,495
23.108491,-51.281124,504
23.108491,-50.281124,536
23.108491,-49.281124,544
23.108491,-48.281124,573
23.108491,-47.281124,584
23.108491,-46.281124,592
23.108491,-45.281124,613
23.108491,-43.281124,624
24.108491,-42.281124,640
24.108491,-41.281124,672
25.108491,-41.281124,712
25.108491,-40.281124,720
25.108491,-39.281124,768
26.108491,-38.281124,784
27.108491,-38.281124,800
27.108491,-37.281124,824
28.108491,-37.281124,840
28.108491,-36.281124,848
29.108491,-36.281124,864
30.108491,-36.281124,912
30.108491,-35.281124,920
31.108491,-35.281124,951
31.108491,-34.281124,968
32.108491,-34.281124,976
33.108491,-34.281124,1016
35.108491,-34.281124,1088
36.108491,-34.281124,1120
37.108491,-34.281124,1168
38.108491,-34.281124,1208
38.108491,-35.281124,1216
39.108491,-35.281124,1224
40.108491,-35.281124,1248
41.108491,-35.281124,1285
41.108491,-36.281124,1288
42.108491,-36.281124,1304
43.108491,-36.281124,1322
44.108491,-37.281124,1344
45.108491,-38.281124,1376
45.108491,-39.281124,1384
46.108491,-39.281124,1392
47.108491,-40.281124,1412
48.108491,-41.281124,1464
48.108491,-42.281124,1472
48.108491,-43.281124,1504
48.108491,-44.281124,1534
48.108491,-45.281124,1544
48.108491,-46.281124,1560
48.108491,-47.281124,1579
48.108491,-48.281124,1592
48.108491,-49.281124,1624
48.108491,-50.281124,1659
48.108491,-51.281124,1680
48.108491,-53.281124,1752
48.108491,-54.281124,1781
48.108491,-53.281124,1840
49.108491,-53.281124,1866
50.108491,-52.281124,1872
50.108491,-51.281124,1968
50.108491,-50.281124,2008
50.108491,-49.281124,2041
50.108491,-48.281124,2048
50.108491,-47.281124,2113
50.108491,-46.281124,2128
51.108491,-45.281124,2154
51.108491,-44.281124,2160
51.108491,-43.281124,2184
51.108491,-42.281124,2199
52.108491,-42.281124,2200
52.108491,-41.281124,2237
53.108491,-41.281124,2240
53.108491,-40.281124,2256
54.108491,-39.281124,2281
55.108491,-39.281124,2288
56.108491,-39.281124,2336
56.108491,-38.281124,2361
57.108491,-38.281124,2376
58.108491,-37.281124,2446
59.108491,-37.281124,2448
60.108491,-37.281124,2472
61.108491,-36.281124,2488
62.108491,-36.281124,2496
63.108491,-36.281124,2529
64.108491,-36.281124,2552
65.108491,-36.281124,2576
66.108491,-36.281124,2584
67.108491,-36.281124,2600
68.108491,-36.281124,2624
69.108491,-36.281124,2656
69.108491,-37.281124,2664
70.108491,-37.281124,2672
71.108491,-37.281124,2680
72.108491,-38.281124,2699
73.108491,-39.281124,2713
74.108491,-39.281124,2737
75.108491,-40.281124,2752
75.108491,-41.281124,2768
76.108491,-41.281124,2792
76.108491,-42.281124,2800
77.108491,-42.281124,2808
77.108491,-43.281124,2822
77.108491,-44.281124,2824
77.108491,-45.281124,2848
77.108491,-46.281124,2864
77.108491,-47.281124,2888
77.108491,-48.281124,2905
77.108491,-49.281124,2928
76.108491,-50.281124,2944
75.108491,-52.281124,2976
74.108491,-53.281124,3000
74.108491,-54.281124,3016
74.108491,-55.281124,3030
73.108491,-55.281124,3040
73.108491,-56.281124,3048
72.108491,-57.281124,3073
71.108491,-57.281124,3080
71.108491,-58.281124,3088
71.108491,-60.281124,3113
70.108491,-60.281124,3129
70.108491,-61.281124,3152
69.108491,-62.281124,3160
68.108491,-63.281124,3208
67.108491,-64.281124,3281
66.108491,-65.281124,3336
65.108491,-66.281124,3363
65.108491,-67.281124,3368
65.108491,-68.281124,3405
64.108491,-68.281124,3416
65.108491,-68.281124,3737
65.108491,-67.281124,3768
66.108491,-67.281124,3782
66.108491,-66.281124,3800
67.108491,-66.281124,3808
68.108491,-66.281124,3864
69.108491,-66.281124,3880
69.108491,-65.281124,3904
70.108491,-65.281124,3945
72.108491,-65.281124,3960
73.108491,-65.281124,3976
73.108491,-64.281124,3991
74.108491,-64.281124,3993
75.108491,-64.281124,4008
76.108491,-63.281124,4028
77.108491,-63.281124,4049
78.108491,-63.281124,4077
79.108491,-63.281124,4113
80.108491,-63.281124,4120
81.108491,-63.281124,4169
82.108491,-63.281124,4697
83.108491,-63.281124,4737
84.108491,-63.281124,4782
82.108491,-63.281124,5113
BREAK
65.108491,-66.281124,5952
64.108491,-66.281124,5992
63.108491,-66.281124,6128
62.108491,-66.281124,6176
62.108491,-67.281124,6224
61.108491,-67.281124,6280
BREAK
