START
13.232852,-11.915162,0
14.135379,-11.915162,96
15.037906,-11.915162,104
16.84296,-11.915162,112
19.550542,-11.915162,120
24.965704,-11.915162,128
28.575812,-11.915162,136
37.601083,-11.915162,144
47.528881,-13.720217,152
51.138989,-13.720217,160
52.944043,-13.720217,168
55.651625,-13.720217,176
57.456679,-13.720217,184
60.16426,-13.720217,192
61.066787,-13.720217,208
61.969314,-13.720217,216
62.871841,-13.720217,224
63.774368,-13.720217,248
64.676895,-13.720217,256
65.579422,-13.720217,272
66.481949,-13.720217,288
67.384477,-14.622744,296
68.287004,-14.622744,304
69.189531,-14.622744,312
70.092058,-14.622744,320
70.994585,-14.622744,328
71.897112,-14.622744,344
72.799639,-14.622744,360
73.702166,-14.622744,384
74.604693,-14.622744,400
75.50722,-14.622744,416
76.409747,-14.622744,433
77.312274,-14.622744,440
78.214801,-14.622744,448
79.117329,-14.622744,464
80.019856,-14.622744,480
80.922383,-14.622744,488
81.82491,-14.622744,512
82.727437,-14.622744,520
83.629964,-14.622744,528
84.532491,-14.622744,536
86.337545,-14.622744,552
87.240072,-14.622744,560
88.142599,-14.622744,568
89.045126,-14.622744,577
89.947653,-14.622744,584
90.850181,-14.622744,592
91.752708,-14.622744,640
BREAK
47.528881,-12.81769,1504
48.431408,-14.622744,1584
48.431408,-15.525271,1592
48.431408,-16.427798,1600
49.333935,-17.330325,1608
50.236462,-19.135379,1616
50.236462,-20.037906,1624
50.236462,-20.940433,1632
50.236462,-22.745487,1640
51.138989,-23.648014,1648
51.138989,-25.453069,1656
51.138989,-27.258123,1664
52.041516,-28.16065,1672
52.041516,-29.063177,1680
52.041516,-30.868231,1688
52.041516,-31.770758,1696
52.041516,-32.673285,1704
52.041516,-34.478339,1712
52.041516,-35.380866,1720
52.041516,-36.283394,1728
52.041516,-37.185921,1736
52.041516,-38.088448,1744
52.041516,-38.990975,1752
52.944043,-40.796029,1760
52.944043,-41.698556,1768
52.944043,-42.601083,1776
52.944043,-43.50361,1784
52.944043,-44.406137,1792
52.944043,-45.308664,1800
52.944043,-46.211191,1808
52.944043,-47.113718,1816
52.944043,-48.016245,1824
52.944043,-48.918773,1840
52.944043,-49.8213,1848
52.944043,-51.626354,1856
52.944043,-52.528881,1872
52.944043,-53.431408,1880
52.944043,-54.333935,1888
52.944043,-55.236462,1896
52.944043,-56.138989,1904
52.944043,-57.041516,1912
52.944043,-57.944043,1928
52.944043,-59.749097,1952
52.944043,-60.651625,1968
52.944043,-62.456679,1984
52.944043,-64.261733,2008
52.944043,-65.16426,2032
52.944043,-66.066787,2048
52.944043,-66.969314,2065
52.944043,-67.871841,2072
52.944043,-68.774368,2088
52.944043,-69.676895,2104
52.944043,-70.579422,2120
52.944043,-71.481949,2136
52.944043,-72.384477,2161
52.944043,-73.287004,2168
52.944043,-74.189531,2192
52.944043,-75.092058,2216
52.944043,-75.994585,2232
52.944043,-76.897112,2240
52.944043,-77.799639,2272
52.944043,-78.702166,2304
52.944043,-79.604693,2328
52.944043,-80.50722,2336
52.041516,-80.50722,2344
52.041516,-81.409747,2368
52.041516,-82.312274,2408
53.84657,-81.409747,2552
BREAK
