START
26.75,-27.859438,0
27.75,-27.859438,80
29.75,-27.859438,100
34.75,-27.859438,110
39.75,-27.859438,130
41.75,-27.859438,140
48.75,-27.859438,150
49.75,-27.859438,170
50.75,-27.859438,180
51.75,-27.859438,190
52.75,-27.859438,241
53.75,-27.859438,261
53.75,-29.859438,431
53.75,-33.859438,441
53.75,-35.859438,461
53.75,-37.859438,471
53.75,-39.859438,481
53.75,-42.859438,501
53.75,-45.859438,511
52.75,-50.859438,521
51.75,-53.859438,541
50.75,-55.859438,551
49.75,-58.859438,571
49.75,-59.859438,581
48.75,-60.859438,591
48.75,-61.859438,611
47.75,-62.859438,631
47.75,-63.859438,691
47.75,-64.859438,711
46.75,-64.859438,731
47.75,-64.859438,972
49.75,-64.859438,992
50.75,-64.859438,1012
51.75,-64.859438,1032
52.75,-64.859438,1042
54.75,-64.859438,1062
57.75,-64.859438,1072
58.75,-64.859438,1082
59.75,-64.859438,1102
60.75,-64.859438,1122
61.75,-64.859438,1142
62.75,-64.859438,1162
63.75,-64.859438,1242
64.75,-64.859438,1282
65.75,-64.859438,1322
67.75,-64.859438,1342
68.75,-64.859438,1362
69.75,-64.859438,1382
70.75,-64.859438,1392
71.75,-64.859438,1412
72.75,-64.859438,1422
73.75,-64.859438,1452
74.75,-64.859438,1462
75.75,-63.859438,1472
76.75,-63.859438,1492
77.75,-63.859438,1502
80.75,-63.859438,1522
82.75,-63.859438,1532
84.75,-63.859438,1552
85.75,-63.859438,1562
BREAK
