START
27.188679,-32.405622,0
28.188679,-32.405622,64
29.188679,-32.405622,72
31.188679,-32.405622,80
32.188679,-32.405622,96
33.188679,-32.405622,104
34.188679,-32.405622,232
34.188679,-34.405622,248
34.188679,-36.405622,264
34.188679,-37.405622,272
34.188679,-40.405622,280
34.188679,-41.405622,288
34.188679,-43.405622,296
34.188679,-45.405622,304
34.188679,-48.405622,312
34.188679,-50.405622,320
34.188679,-51.405622,328
34.188679,-53.405622,336
34.188679,-56.405622,344
34.188679,-57.405622,352
34.188679,-59.405622,360
34.188679,-60.405622,368
34.188679,-63.405622,376
34.188679,-64.405622,384
34.188679,-65.405622,392
34.188679,-66.405622,400
34.188679,-67.405622,408
34.188679,-68.405622,424
35.188679,-68.405622,456
36.188679,-68.405622,464
37.188679,-68.405622,472
38.188679,-68.405622,480
40.188679,-67.405622,488
42.188679,-66.405622,496
44.188679,-64.405622,504
46.188679,-63.405622,512
48.188679,-62.405622,520
49.188679,-61.405622,528
51.188679,-61.405622,536
52.188679,-60.405622,544
53.188679,-60.405622,552
53.188679,-59.405622,560
54.188679,-59.405622,568
54.188679,-58.405622,584
55.188679,-58.405622,592
55.188679,-57.405622,600
55.188679,-56.405622,608
56.188679,-56.405622,616
56.188679,-55.405622,624
57.188679,-54.405622,632
57.188679,-52.405622,640
57.188679,-51.405622,648
57.188679,-49.405622,656
57.188679,-48.405622,664
57.188679,-46.405622,672
57.188679,-44.405622,680
57.188679,-42.405622,688
57.188679,-39.405622,696
57.188679,-37.405622,704
57.188679,-35.405622,712
57.188679,-33.405622,720
57.188679,-32.405622,728
57.188679,-31.405622,736
57.188679,-30.405622,744
57.188679,-28.405622,752
57.188679,-27.405622,768
57.188679,-26.405622,784
58.188679,-25.405622,864
60.188679,-25.405622,880
61.188679,-25.405622,888
62.188679,-24.405622,896
64.188679,-24.405622,904
66.188679,-24.405622,920
BREAK
46.188679,-25.405622,1352
46.188679,-27.405622,1360
46.188679,-29.405622,1368
46.188679,-31.405622,1376
46.188679,-35.405622,1384
46.188679,-38.405622,1392
46.188679,-43.405622,1400
46.188679,-50.405622,1408
46.188679,-57.405622,1416
46.188679,-64.405622,1424
46.188679,-70.405622,1432
46.188679,-75.405622,1440
46.188679,-79.405622,1448
46.188679,-82.405622,1456
46.188679,-85.405622,1464
46.188679,-88.405622,1472
46.188679,-91.405622,1480
46.188679,-92.405622,1488
46.188679,-93.405622,1496
46.188679,-94.405622,1504
46.188679,-95.405622,1520
46.188679,-96.405622,1552
BREAK
