START
33.99141,-23.396808,0
33.99141,-24.270492,335
33.99141,-25.144177,351
34.865094,-25.144177,369
34.865094,-26.017861,375
35.738779,-26.017861,384
35.738779,-26.891545,391
35.738779,-27.765229,407
36.612463,-27.765229,423
36.612463,-28.638914,439
37.486147,-28.638914,447
37.486147,-29.512598,454
37.486147,-30.386282,479
38.359831,-31.259966,495
38.359831,-32.13365,518
38.359831,-33.007335,542
38.359831,-33.881019,558
39.233515,-34.754703,575
40.1072,-35.628387,606
40.1072,-36.502071,623
40.1072,-37.375756,655
40.1072,-38.24944,671
40.1072,-39.123124,703
40.1072,-39.996808,710
40.1072,-40.870492,742
39.233515,-40.870492,750
39.233515,-41.744177,782
39.233515,-42.617861,790
38.359831,-42.617861,798
38.359831,-43.491545,823
36.612463,-43.491545,830
36.612463,-44.365229,838
35.738779,-45.238914,869
35.738779,-46.112598,879
33.99141,-46.112598,895
33.117726,-46.112598,911
32.244042,-47.859966,919
30.496673,-47.859966,951
28.749305,-47.859966,983
27.875621,-47.859966,1023
28.749305,-48.73365,1599
28.749305,-49.607335,1615
28.749305,-50.481019,1623
30.496673,-51.354703,1631
30.496673,-53.102071,1639
31.370357,-53.102071,1647
32.244042,-53.975756,1655
33.99141,-54.84944,1663
34.865094,-56.596808,1687
35.738779,-57.470492,1695
35.738779,-58.344177,1703
36.612463,-58.344177,1711
36.612463,-59.217861,1727
37.486147,-60.091545,1735
37.486147,-60.965229,1751
38.359831,-60.965229,1759
39.233515,-61.838914,1783
39.233515,-62.712598,1799
39.233515,-63.586282,1815
40.1072,-63.586282,1823
40.1072,-64.459966,1863
40.980884,-65.33365,1879
40.980884,-66.207335,1895
40.980884,-67.954703,1911
41.854568,-67.954703,1959
41.854568,-69.702071,1967
41.854568,-70.575756,1983
42.728252,-70.575756,1991
42.728252,-71.44944,2007
42.728252,-72.323124,2015
42.728252,-73.196808,2023
43.601936,-73.196808,2039
43.601936,-74.070492,2055
43.601936,-74.944177,2063
43.601936,-75.817861,2071
44.475621,-76.691545,2087
44.475621,-78.438914,2103
45.349305,-78.438914,2119
46.222989,-78.438914,2151
46.222989,-80.186282,2159
46.222989,-79.312598,2392
BREAK
33.99141,-51.354703,3543
34.865094,-51.354703,3799
35.738779,-51.354703,3823
37.486147,-51.354703,3831
38.359831,-51.354703,3863
39.233515,-51.354703,3879
40.1072,-51.354703,3895
40.980884,-51.354703,3911
41.854568,-51.354703,3927
42.728252,-51.354703,3951
45.349305,-51.354703,3959
46.222989,-51.354703,3967
47.970357,-51.354703,3975
49.717726,-51.354703,3982
53.212463,-51.354703,3991
54.959831,-51.354703,4007
56.7072,-51.354703,4015
57.580884,-51.354703,4023
58.454568,-51.354703,4031
59.328252,-51.354703,4039
60.201936,-51.354703,4063
BREAK
61.075621,-18.154703,5631
61.075621,-19.028387,5785
61.075621,-20.775756,5815
61.075621,-21.64944,5823
61.949305,-22.523124,5831
61.949305,-23.396808,5839
62.822989,-24.270492,5848
62.822989,-26.017861,5864
62.822989,-26.891545,5887
62.822989,-27.765229,5903
62.822989,-28.638914,5912
62.822989,-29.512598,5919
62.822989,-30.386282,5928
62.822989,-31.259966,5944
62.822989,-32.13365,5951
62.822989,-33.007335,5967
62.822989,-33.881019,5983
62.822989,-34.754703,5992
62.822989,-35.628387,5999
62.822989,-36.502071,6031
62.822989,-37.375756,6040
62.822989,-38.24944,6056
62.822989,-39.123124,6063
62.822989,-39.996808,6072
62.822989,-40.870492,6088
62.822989,-41.744177,6103
62.822989,-42.617861,6127
62.822989,-43.491545,6143
62.822989,-45.238914,6174
62.822989,-46.112598,6190
62.822989,-46.986282,6199
62.822989,-47.859966,6206
62.822989,-48.73365,6214
61.949305,-49.607335,6223
61.949305,-50.481019,6238
61.949305,-52.228387,6255
61.949305,-53.975756,6271
61.949305,-54.84944,6287
61.949305,-55.723124,6295
61.949305,-56.596808,6303
61.949305,-57.470492,6319
61.949305,-58.344177,6327
62.822989,-59.217861,6351
62.822989,-60.091545,6367
62.822989,-60.965229,6399
62.822989,-61.838914,6423
62.822989,-62.712598,6430
62.822989,-63.586282,6454
62.822989,-65.33365,6462
62.822989,-66.207335,6486
62.822989,-67.081019,6495
61.949305,-67.954703,6511
61.949305,-68.828387,6526
62.822989,-69.702071,6551
62.822989,-70.575756,6567
62.822989,-71.44944,6590
62.822989,-72.323124,6599
62.822989,-73.196808,6606
61.949305,-74.070492,6638
61.949305,-74.944177,6655
61.949305,-75.817861,6663
61.949305,-76.691545,6694
61.949305,-77.565229,6727
61.949305,-78.438914,6735
BREAK
18.265094,-18.154703,7951
19.138779,-18.154703,8119
20.012463,-18.154703,8135
20.886147,-18.154703,8143
21.759831,-18.154703,8151
23.5072,-18.154703,8159
24.380884,-18.154703,8175
25.254568,-18.154703,8199
26.128252,-18.154703,8207
27.001936,-19.028387,8239
28.749305,-19.028387,8247
29.622989,-19.028387,8271
30.496673,-19.902071,8279
31.370357,-19.902071,8295
32.244042,-19.902071,8303
33.117726,-19.902071,8335
33.99141,-19.902071,8359
34.865094,-19.902071,8391
35.738779,-19.902071,8423
36.612463,-19.902071,8447
37.486147,-19.902071,8479
38.359831,-19.902071,8487
39.233515,-19.902071,8511
40.1072,-19.902071,8519
40.980884,-19.902071,8543
41.854568,-19.902071,8551
42.728252,-19.902071,8559
43.601936,-19.902071,8567
44.475621,-19.902071,8591
45.349305,-19.902071,8599
46.222989,-19.902071,8607
47.096673,-19.902071,8623
48.844042,-19.902071,8647
49.717726,-19.902071,8671
50.59141,-19.902071,8687
51.465094,-19.902071,8719
52.338779,-19.902071,8775
53.212463,-19.902071,8791
54.086147,-19.902071,8831
54.959831,-19.902071,8871
55.833515,-19.902071,8887
56.7072,-19.902071,8919
57.580884,-19.902071,8935
58.454568,-19.902071,8943
59.328252,-19.902071,8975
61.075621,-19.902071,8983
61.949305,-19.902071,8991
62.822989,-19.028387,8999
63.696673,-19.028387,9007
64.570357,-19.028387,9023
65.444042,-19.028387,9031
66.317726,-19.028387,9047
67.19141,-19.028387,9055
68.065094,-19.028387,9063
68.938779,-19.028387,9095
69.812463,-19.028387,9103
70.686147,-19.028387,9111
71.559831,-19.028387,9119
72.433515,-19.028387,9127
73.3072,-19.028387,9135
74.180884,-19.028387,9159
75.928252,-19.028387,9167
76.801936,-19.028387,9183
77.675621,-19.028387,9191
78.549305,-19.028387,9223
BREAK
