START
49.023585,-34.702811,0
49.023585,-35.702811,31
49.023585,-36.702811,39
49.023585,-37.702811,47
49.023585,-38.702811,55
49.023585,-39.702811,63
49.023585,-40.702811,71
49.023585,-41.702811,79
49.023585,-43.702811,95
49.023585,-44.702811,111
49.023585,-45.702811,119
50.023585,-46.702811,127
51.023585,-47.702811,135
52.023585,-49.702811,143
54.023585,-49.702811,151
55.023585,-50.702811,159
56.023585,-50.702811,167
57.023585,-51.702811,175
59.023585,-52.702811,183
61.023585,-52.702811,191
62.023585,-52.702811,207
63.023585,-52.702811,215
64.023585,-52.702811,223
64.023585,-53.702811,335
64.023585,-54.702811,343
64.023585,-56.702811,351
64.023585,-57.702811,359
64.023585,-60.702811,367
64.023585,-61.702811,375
64.023585,-63.702811,383
64.023585,-66.702811,391
64.023585,-68.702811,399
64.023585,-69.702811,407
64.023585,-71.702811,415
64.023585,-72.702811,423
64.023585,-73.702811,431
65.023585,-74.702811,447
66.023585,-74.702811,463
68.023585,-74.702811,479
69.023585,-75.702811,487
BREAK
