START
71.051887,-16.859438,0
71.051887,-17.859438,226
71.051887,-18.859438,274
71.051887,-19.859438,301
71.051887,-20.859438,324
71.051887,-21.859438,335
71.051887,-22.859438,371
71.051887,-23.859438,395
71.051887,-24.859438,424
71.051887,-25.859438,435
71.051887,-26.859438,465
71.051887,-27.859438,496
71.051887,-28.859438,518
71.051887,-29.859438,529
71.051887,-30.859438,557
71.051887,-31.859438,583
71.051887,-32.859438,619
71.051887,-33.859438,638
71.051887,-34.859438,661
71.051887,-35.859438,684
71.051887,-37.859438,706
71.051887,-38.859438,733
71.051887,-39.859438,771
71.051887,-40.859438,799
71.051887,-41.859438,810
71.051887,-42.859438,841
71.051887,-44.859438,863
71.051887,-45.859438,895
71.051887,-46.859438,930
71.051887,-47.859438,967
71.051887,-48.859438,978
71.051887,-49.859438,1013
71.051887,-50.859438,1052
71.051887,-51.859438,1078
71.051887,-52.859438,1113
71.051887,-53.859438,1132
71.051887,-54.859438,1160
71.051887,-55.859438,1189
71.051887,-56.859438,1217
71.051887,-57.859438,1233
71.051887,-58.859438,1266
71.051887,-59.859438,1291
71.051887,-60.859438,1325
71.051887,-61.859438,1350
71.051887,-62.859438,1393
71.051887,-63.859438,1419
71.051887,-64.859438,1472
71.051887,-65.859438,1483
71.051887,-66.859438,1528
71.051887,-67.859438,1561
71.051887,-68.859438,1588
71.051887,-69.859438,1605
71.051887,-70.859438,1628
71.051887,-71.859438,1651
71.051887,-72.859438,1673
71.051887,-73.859438,1697
71.051887,-74.859438,1740
71.051887,-75.859438,1768
70.051887,-76.859438,1807
70.051887,-77.859438,1832
70.051887,-78.859438,1862
70.051887,-79.859438,1922
70.051887,-80.859438,1948
70.051887,-81.859438,1973
70.051887,-82.859438,1997
70.051887,-83.859438,2035
70.051887,-84.859438,2111
70.051887,-85.859438,2160
70.051887,-86.859438,2171
70.051887,-87.859438,2279
70.051887,-88.859438,2388
70.051887,-89.859438,2424
70.051887,-90.859438,2462
70.051887,-91.859438,2514
70.051887,-92.859438,2568
70.051887,-93.859438,2628
BREAK
69.051887,-25.859438,4304
68.051887,-25.859438,4935
67.051887,-25.859438,4964
67.051887,-24.859438,4994
66.051887,-24.859438,5016
65.051887,-24.859438,5039
64.051887,-24.859438,5063
63.051887,-24.859438,5080
62.051887,-24.859438,5112
62.051887,-23.859438,5123
61.051887,-23.859438,5134
60.051887,-23.859438,5157
59.051887,-23.859438,5169
59.051887,-22.859438,5191
57.051887,-21.859438,5202
56.051887,-21.859438,5225
55.051887,-21.859438,5236
54.051887,-21.859438,5249
53.051887,-21.859438,5274
52.051887,-21.859438,5299
51.051887,-21.859438,5310
50.051887,-21.859438,5336
49.051887,-21.859438,5379
48.051887,-21.859438,5479
47.051887,-22.859438,5490
46.051887,-22.859438,5501
45.051887,-23.859438,5554
45.051887,-24.859438,5595
44.051887,-24.859438,5607
43.051887,-25.859438,5641
43.051887,-26.859438,5678
42.051887,-26.859438,5694
42.051887,-27.859438,5705
42.051887,-28.859438,5716
42.051887,-29.859438,5728
41.051887,-29.859438,5739
40.051887,-31.859438,5750
40.051887,-32.859438,5761
40.051887,-33.859438,5773
40.051887,-34.859438,5788
40.051887,-35.859438,5800
40.051887,-36.859438,5811
40.051887,-37.859438,5833
40.051887,-38.859438,5845
40.051887,-39.859438,5856
40.051887,-40.859438,5867
40.051887,-41.859438,5879
40.051887,-42.859438,5890
40.051887,-43.859438,5901
40.051887,-44.859438,5925
40.051887,-45.859438,5961
41.051887,-45.859438,5972
41.051887,-46.859438,6016
42.051887,-46.859438,6027
42.051887,-47.859438,6038
43.051887,-48.859438,6105
44.051887,-48.859438,6138
44.051887,-49.859438,6184
45.051887,-49.859438,6195
46.051887,-49.859438,6206
48.051887,-49.859438,6284
49.051887,-49.859438,6295
50.051887,-49.859438,6317
51.051887,-49.859438,6329
52.051887,-49.859438,6340
53.051887,-49.859438,6372
54.051887,-49.859438,6383
54.051887,-48.859438,6405
55.051887,-48.859438,6441
56.051887,-48.859438,6464
56.051887,-47.859438,6475
57.051887,-46.859438,6487
58.051887,-46.859438,6510
59.051887,-45.859438,6533
60.051887,-45.859438,6555
60.051887,-44.859438,6583
60.051887,-43.859438,6593
61.051887,-43.859438,6605
61.051887,-42.859438,6616
62.051887,-41.859438,6635
63.051887,-40.859438,6668
64.051887,-39.859438,6714
64.051887,-38.859438,6736
65.051887,-37.859438,6757
65.051887,-36.859438,6780
65.051887,-35.859438,6810
65.051887,-34.859438,6821
66.051887,-34.859438,6834
66.051887,-33.859438,6845
66.051887,-32.859438,6856
66.051887,-31.859438,6885
67.051887,-30.859438,6918
67.051887,-29.859438,6929
67.051887,-28.859438,7078
68.051887,-26.859438,7116
68.051887,-27.859438,7276
68.051887,-28.859438,7288
68.051887,-29.859438,7310
68.051887,-30.859438,7321
68.051887,-31.859438,7344
68.051887,-32.859438,7369
68.051887,-33.859438,7394
68.051887,-34.859438,7405
68.051887,-35.859438,7416
68.051887,-36.859438,7443
68.051887,-37.859438,7483
68.051887,-38.859438,7499
67.051887,-38.859438,7540
66.051887,-39.859438,7552
65.051887,-40.859438,7596
64.051887,-40.859438,7607
64.051887,-41.859438,7620
63.051887,-41.859438,7643
62.051887,-41.859438,7668
62.051887,-42.859438,7679
61.051887,-42.859438,7712
61.051887,-43.859438,7741
60.051887,-43.859438,7790
59.051887,-43.859438,7841
58.051887,-43.859438,7870
59.051887,-43.859438,8188
59.051887,-44.859438,8199
60.051887,-44.859438,8221
61.051887,-44.859438,8246
62.051887,-44.859438,8279
63.051887,-44.859438,8316
64.051887,-44.859438,8329
65.051887,-43.859438,8363
66.051887,-42.859438,8379
67.051887,-42.859438,8396
67.051887,-41.859438,8407
68.051887,-41.859438,8435
68.051887,-40.859438,8462
69.051887,-39.859438,8473
69.051887,-40.859438,8623
68.051887,-40.859438,8634
68.051887,-41.859438,8662
67.051887,-41.859438,8719
66.051887,-42.859438,8733
65.051887,-42.859438,8786
64.051887,-42.859438,8814
64.051887,-43.859438,8825
63.051887,-43.859438,8840
62.051887,-44.859438,8900
61.051887,-44.859438,8911
60.051887,-44.859438,8935
59.051887,-44.859438,8991
58.051887,-44.859438,9044
57.051887,-44.859438,9055
56.051887,-43.859438,9144
54.051887,-42.859438,9162
55.051887,-42.859438,9323
55.051887,-43.859438,9335
56.051887,-43.859438,9354
56.051887,-44.859438,9365
58.051887,-44.859438,9402
59.051887,-45.859438,9416
60.051887,-45.859438,9438
61.051887,-45.859438,9455
62.051887,-45.859438,9477
63.051887,-45.859438,9504
64.051887,-45.859438,9526
65.051887,-45.859438,9538
66.051887,-45.859438,9560
66.051887,-44.859438,9576
67.051887,-44.859438,9603
68.051887,-44.859438,9713
69.051887,-44.859438,9747
67.051887,-44.859438,9945
66.051887,-44.859438,9987
66.051887,-45.859438,9999
65.051887,-45.859438,10010
64.051887,-45.859438,10021
63.051887,-45.859438,10069
62.051887,-45.859438,10080
61.051887,-45.859438,10148
60.051887,-45.859438,10159
59.051887,-45.859438,10215
58.051887,-45.859438,10261
57.051887,-45.859438,10292
56.051887,-45.859438,10303
55.051887,-45.859438,10344
55.051887,-44.859438,10373
54.051887,-44.859438,10403
55.051887,-45.859438,10548
56.051887,-46.859438,10583
57.051887,-47.859438,10627
59.051887,-47.859438,10650
60.051887,-47.859438,10680
61.051887,-47.859438,10706
62.051887,-47.859438,10717
63.051887,-47.859438,10750
64.051887,-47.859438,10773
65.051887,-46.859438,10795
66.051887,-46.859438,10808
67.051887,-45.859438,10826
68.051887,-45.859438,10856
69.051887,-45.859438,10898
70.051887,-44.859438,10911
70.051887,-43.859438,10922
71.051887,-43.859438,10940
71.051887,-42.859438,10957
72.051887,-42.859438,10981
71.051887,-42.859438,11173
70.051887,-43.859438,11185
69.051887,-44.859438,11224
68.051887,-44.859438,11235
67.051887,-44.859438,11258
66.051887,-44.859438,11299
65.051887,-44.859438,11321
64.051887,-44.859438,11338
63.051887,-44.859438,11388
62.051887,-44.859438,11411
61.051887,-44.859438,11435
60.051887,-44.859438,11450
59.051887,-44.859438,11480
58.051887,-44.859438,11506
57.051887,-44.859438,11528
56.051887,-44.859438,11542
55.051887,-43.859438,11564
54.051887,-42.859438,11576
53.051887,-42.859438,11587
52.051887,-41.859438,11610
51.051887,-41.859438,11632
51.051887,-40.859438,11643
50.051887,-39.859438,11655
49.051887,-39.859438,11666
49.051887,-38.859438,11677
48.051887,-37.859438,11688
48.051887,-35.859438,11700
48.051887,-34.859438,11712
48.051887,-33.859438,11723
47.051887,-31.859438,11733
47.051887,-29.859438,11745
47.051887,-28.859438,11756
47.051887,-25.859438,11767
47.051887,-24.859438,11779
47.051887,-22.859438,11801
48.051887,-21.859438,11813
49.051887,-20.859438,11824
50.051887,-19.859438,11836
50.051887,-18.859438,11846
52.051887,-18.859438,11858
55.051887,-20.859438,11931
55.051887,-21.859438,11946
56.051887,-24.859438,11958
57.051887,-27.859438,11969
57.051887,-29.859438,11980
57.051887,-30.859438,11992
57.051887,-31.859438,12003
55.051887,-33.859438,12015
55.051887,-34.859438,12026
54.051887,-35.859438,12037
53.051887,-36.859438,12048
52.051887,-37.859438,12075
52.051887,-36.859438,12226
52.051887,-35.859438,12237
52.051887,-34.859438,12248
52.051887,-32.859438,12270
52.051887,-31.859438,12293
52.051887,-30.859438,12326
52.051887,-28.859438,12353
52.051887,-27.859438,12377
52.051887,-25.859438,12399
52.051887,-24.859438,12426
52.051887,-23.859438,12449
52.051887,-22.859438,12517
52.051887,-21.859438,12535
51.051887,-20.859438,12556
50.051887,-19.859438,12613
49.051887,-19.859438,12625
48.051887,-19.859438,12646
47.051887,-19.859438,12702
46.051887,-19.859438,12727
45.051887,-19.859438,12737
44.051887,-20.859438,12786
43.051887,-21.859438,12819
42.051887,-23.859438,12842
41.051887,-24.859438,12876
40.051887,-26.859438,12888
40.051887,-27.859438,12910
40.051887,-29.859438,12923
40.051887,-31.859438,12944
40.051887,-32.859438,12957
40.051887,-34.859438,12967
40.051887,-35.859438,12978
40.051887,-36.859438,12989
40.051887,-37.859438,13012
40.051887,-38.859438,13024
40.051887,-39.859438,13034
41.051887,-40.859438,13073
42.051887,-40.859438,13096
44.051887,-41.859438,13120
45.051887,-41.859438,13150
47.051887,-40.859438,13162
48.051887,-39.859438,13180
49.051887,-38.859438,13191
50.051887,-38.859438,13203
51.051887,-37.859438,13226
51.051887,-36.859438,13236
50.051887,-36.859438,13434
49.051887,-35.859438,13444
48.051887,-35.859438,13456
48.051887,-34.859438,13467
48.051887,-33.859438,13478
47.051887,-31.859438,13489
46.051887,-29.859438,13501
46.051887,-27.859438,13512
46.051887,-26.859438,13525
46.051887,-25.859438,13535
46.051887,-24.859438,13546
46.051887,-23.859438,13557
46.051887,-22.859438,13580
47.051887,-21.859438,13611
48.051887,-21.859438,13624
49.051887,-21.859438,13652
50.051887,-21.859438,13663
51.051887,-21.859438,13674
52.051887,-21.859438,13685
53.051887,-21.859438,13697
54.051887,-21.859438,13708
55.051887,-22.859438,13733
56.051887,-23.859438,13744
58.051887,-24.859438,13755
60.051887,-27.859438,13767
61.051887,-28.859438,13778
62.051887,-29.859438,13789
63.051887,-30.859438,13819
64.051887,-30.859438,13832
65.051887,-30.859438,13860
65.051887,-29.859438,13942
65.051887,-28.859438,13964
65.051887,-27.859438,14001
65.051887,-26.859438,14025
66.051887,-26.859438,14047
66.051887,-25.859438,14059
66.051887,-24.859438,14070
66.051887,-23.859438,14093
66.051887,-22.859438,14240
66.051887,-21.859438,14332
65.051887,-21.859438,14354
65.051887,-20.859438,14376
64.051887,-19.859438,14470
64.051887,-18.859438,14516
63.051887,-18.859438,14563
62.051887,-17.859438,14604
61.051887,-17.859438,14655
61.051887,-16.859438,14675
60.051887,-16.859438,14689
59.051887,-16.859438,14711
58.051887,-16.859438,14739
58.051887,-15.859438,14772
57.051887,-15.859438,14784
57.051887,-14.859438,14798
56.051887,-14.859438,14809
55.051887,-14.859438,14821
54.051887,-14.859438,14846
53.051887,-14.859438,14879
52.051887,-14.859438,14923
51.051887,-14.859438,14935
50.051887,-15.859438,14945
49.051887,-15.859438,14983
48.051887,-15.859438,15024
47.051887,-15.859438,15055
46.051887,-16.859438,15090
45.051887,-17.859438,15127
44.051887,-17.859438,15140
44.051887,-18.859438,15164
43.051887,-18.859438,15196
43.051887,-19.859438,15207
43.051887,-20.859438,15219
42.051887,-21.859438,15262
41.051887,-23.859438,15295
41.051887,-24.859438,15324
40.051887,-25.859438,15346
39.051887,-26.859438,15357
39.051887,-27.859438,15369
39.051887,-28.859438,15380
39.051887,-29.859438,15391
39.051887,-30.859438,15403
39.051887,-31.859438,15414
39.051887,-32.859438,15425
39.051887,-33.859438,15455
39.051887,-34.859438,15479
40.051887,-34.859438,15501
42.051887,-34.859438,15536
43.051887,-34.859438,15547
45.051887,-34.859438,15557
46.051887,-34.859438,15568
48.051887,-34.859438,15580
49.051887,-34.859438,15594
50.051887,-34.859438,15605
51.051887,-34.859438,15616
53.051887,-34.859438,15627
55.051887,-33.859438,15640
56.051887,-32.859438,15654
57.051887,-32.859438,15665
57.051887,-31.859438,15676
59.051887,-30.859438,15687
60.051887,-30.859438,15741
60.051887,-31.859438,15775
60.051887,-32.859438,15786
60.051887,-33.859438,15797
60.051887,-34.859438,15809
60.051887,-36.859438,15820
60.051887,-38.859438,15832
59.051887,-38.859438,15844
58.051887,-40.859438,15854
57.051887,-41.859438,15897
56.051887,-41.859438,15924
56.051887,-40.859438,15975
56.051887,-39.859438,15987
56.051887,-37.859438,15998
57.051887,-36.859438,16021
56.051887,-36.859438,16104
55.051887,-37.859438,16116
53.051887,-39.859438,16127
51.051887,-40.859438,16150
51.051887,-41.859438,16161
50.051887,-41.859438,16172
49.051887,-41.859438,16216
48.051887,-41.859438,16228
47.051887,-40.859438,16315
47.051887,-39.859438,16329
46.051887,-38.859438,16380
45.051887,-38.859438,16396
45.051887,-37.859438,16449
44.051887,-36.859438,16458
44.051887,-35.859438,16483
43.051887,-35.859438,16512
43.051887,-36.859438,16607
43.051887,-37.859438,16629
43.051887,-39.859438,16652
43.051887,-40.859438,16675
43.051887,-41.859438,16686
43.051887,-42.859438,16709
44.051887,-42.859438,16749
45.051887,-42.859438,16783
45.051887,-41.859438,16812
45.051887,-40.859438,16841
44.051887,-40.859438,16854
43.051887,-40.859438,16864
43.051887,-39.859438,16875
BREAK
