START
12.631836,-27.77704,0
25.191158,-27.77704,242
27.123361,-27.77704,249
29.055564,-27.77704,270
30.021666,-27.77704,280
32.919971,-27.77704,290
35.818276,-27.77704,301
37.75048,-27.77704,311
38.716581,-27.77704,322
39.682683,-27.77704,332
41.614886,-27.77704,343
43.54709,-27.77704,353
45.479293,-27.77704,374
47.411497,-27.77704,384
49.3437,-27.77704,395
52.242005,-27.77704,405
54.174209,-27.77704,415
56.106412,-27.77704,426
57.072514,-27.77704,436
58.038615,-27.77704,447
59.970819,-27.77704,457
61.903022,-27.77704,468
63.835225,-27.77704,478
64.801327,-27.77704,488
67.699632,-27.77704,499
69.631836,-27.77704,509
71.564039,-27.77704,520
72.530141,-27.77704,536
73.496242,-27.77704,547
74.462344,-27.77704,561
76.394547,-27.77704,582
78.326751,-27.77704,592
79.292853,-27.77704,613
BREAK
27.123361,-32.607549,1472
28.089463,-32.607549,1556
30.021666,-32.607549,1567
30.987768,-32.607549,1590
32.919971,-32.607549,1610
33.886073,-32.607549,1621
35.818276,-33.573651,1631
36.784378,-33.573651,1642
39.682683,-34.539752,1652
41.614886,-35.505854,1673
42.580988,-35.505854,1683
43.54709,-36.471956,1715
44.513192,-37.438057,1736
44.513192,-38.404159,1802
45.479293,-39.370261,1823
45.479293,-40.336362,1844
45.479293,-41.302464,1865
45.479293,-42.268566,1875
45.479293,-43.234667,1886
43.54709,-43.234667,1896
43.54709,-44.200769,1906
41.614886,-44.200769,1917
41.614886,-45.166871,1927
41.614886,-46.132973,1938
41.614886,-47.099074,1948
41.614886,-48.065176,1969
39.682683,-48.065176,1979
39.682683,-49.031278,1990
38.716581,-49.031278,2000
37.75048,-49.031278,2011
37.75048,-49.997379,2021
36.784378,-49.997379,2041
36.784378,-50.963481,2059
35.818276,-50.963481,2080
33.886073,-50.963481,2100
33.886073,-51.929583,2111
32.919971,-51.929583,2121
31.95387,-51.929583,2132
31.95387,-52.895684,2145
30.987768,-52.895684,2155
30.021666,-52.895684,2166
29.055564,-52.895684,2176
28.089463,-53.861786,2197
27.123361,-53.861786,2218
26.157259,-53.861786,2239
25.191158,-53.861786,2265
24.225056,-53.861786,2287
23.258954,-53.861786,2298
24.225056,-53.861786,2483
24.225056,-54.827888,2495
25.191158,-54.827888,2506
27.123361,-55.79399,2516
30.987768,-57.726193,2527
31.95387,-57.726193,2537
33.886073,-58.692295,2548
34.852175,-58.692295,2558
35.818276,-58.692295,2568
36.784378,-58.692295,2579
37.75048,-59.658396,2589
39.682683,-59.658396,2610
41.614886,-59.658396,2621
43.54709,-60.624498,2631
44.513192,-60.624498,2641
45.479293,-60.624498,2652
46.445395,-61.5906,2662
47.411497,-61.5906,2673
49.3437,-62.556701,2693
50.309802,-62.556701,2704
51.275903,-63.522803,2714
52.242005,-63.522803,2735
53.208107,-64.488905,2746
54.174209,-64.488905,2756
55.14031,-66.421108,2766
56.106412,-66.421108,2777
57.072514,-67.38721,2797
57.072514,-68.353312,2839
58.038615,-68.353312,2850
58.038615,-69.319413,2935
58.038615,-68.353312,3105
58.038615,-67.38721,3129
58.038615,-66.421108,3141
58.038615,-65.455006,3150
58.038615,-64.488905,3171
58.038615,-63.522803,3181
58.038615,-62.556701,3192
59.004717,-61.5906,3202
59.004717,-60.624498,3213
59.004717,-59.658396,3223
59.004717,-58.692295,3234
59.004717,-56.760091,3244
59.004717,-55.79399,3254
59.004717,-54.827888,3265
59.004717,-53.861786,3275
59.004717,-51.929583,3296
59.004717,-50.963481,3306
59.004717,-49.997379,3317
58.038615,-49.997379,3327
58.038615,-49.031278,3352
59.004717,-49.031278,3373
59.004717,-47.099074,3383
59.004717,-46.132973,3394
59.004717,-45.166871,3404
59.004717,-44.200769,3414
59.004717,-43.234667,3425
59.004717,-42.268566,3451
59.004717,-41.302464,3461
59.004717,-40.336362,3486
59.004717,-38.404159,3518
59.970819,-38.404159,3529
59.970819,-37.438057,3539
60.93692,-37.438057,3549
60.93692,-35.505854,3560
60.93692,-33.573651,3581
61.903022,-33.573651,3592
61.903022,-32.607549,3602
61.903022,-31.641447,3612
61.903022,-30.675345,3633
61.903022,-29.709244,3695
BREAK
42.580988,-78.014329,4633
BREAK
42.580988,-78.014329,6551
41.614886,-78.014329,6598
BREAK
41.614886,-78.014329,7052
BREAK
41.614886,-78.014329,7397
39.682683,-78.014329,7468
BREAK
