START
34.983597,-23.277188,0
33.994207,-23.277188,39
33.004817,-22.287798,108
32.015427,-22.287798,178
31.026037,-22.287798,274
30.036647,-23.277188,330
30.036647,-24.266578,371
29.047257,-24.266578,384
29.047257,-25.255968,412
29.047257,-26.245358,467
30.036647,-26.245358,660
31.026037,-26.245358,702
31.026037,-27.234748,730
31.026037,-28.224138,771
31.026037,-29.213528,812
32.015427,-30.202918,854
32.015427,-31.192308,936
32.015427,-32.181698,978
33.004817,-32.181698,1019
33.004817,-33.171088,1213
32.015427,-33.171088,1254
31.026037,-33.171088,1282
30.036647,-33.171088,1337
29.047257,-33.171088,1406
28.057867,-33.171088,1461
27.068478,-33.171088,1475
26.079088,-33.171088,1530
25.089698,-33.171088,1559
BREAK
28.057867,-39.107427,3959
27.068478,-39.107427,3985
27.068478,-40.096817,4096
26.079088,-40.096817,4110
26.079088,-41.086207,4123
25.089698,-41.086207,4137
25.089698,-42.075597,4151
24.100308,-42.075597,4165
24.100308,-44.054377,4178
23.110918,-45.043767,4193
22.121528,-46.033156,4206
22.121528,-47.022546,4220
21.132138,-47.022546,4234
21.132138,-48.011936,4247
21.132138,-49.001326,4261
20.142748,-49.001326,4275
20.142748,-49.990716,4289
19.153358,-50.980106,4303
19.153358,-51.969496,4317
19.153358,-52.958886,4331
18.163968,-52.958886,4344
18.163968,-53.948276,4359
18.163968,-55.927056,4372
18.163968,-57.905836,4399
18.163968,-58.895225,4428
18.163968,-60.874005,4441
18.163968,-61.863395,4455
18.163968,-63.842175,4486
18.163968,-65.820955,4496
18.163968,-66.810345,4524
18.163968,-67.799735,4537
18.163968,-68.789125,4552
18.163968,-69.778515,4565
18.163968,-70.767905,4580
19.153358,-71.757294,4592
19.153358,-72.746684,4606
19.153358,-74.725464,4635
20.142748,-74.725464,4648
21.132138,-75.714854,4662
22.121528,-76.704244,4675
22.121528,-77.693634,4689
23.110918,-77.693634,4704
24.100308,-78.683024,4717
25.089698,-79.672414,4730
27.068478,-79.672414,4745
27.068478,-80.661804,4758
28.057867,-80.661804,4772
29.047257,-80.661804,4786
30.036647,-80.661804,4799
31.026037,-80.661804,4814
33.004817,-80.661804,4842
34.983597,-80.661804,4855
35.972987,-80.661804,4869
36.962377,-80.661804,4883
38.941157,-80.661804,4896
39.930547,-80.661804,4910
40.919936,-80.661804,4924
41.909326,-80.661804,4952
42.898716,-80.661804,4965
43.888106,-80.661804,4979
45.866886,-79.672414,4994
47.845666,-78.683024,5021
48.835056,-78.683024,5034
49.824446,-77.693634,5047
50.813836,-77.693634,5062
52.792615,-76.704244,5076
53.782005,-76.704244,5091
54.771395,-76.704244,5104
55.760785,-75.714854,5117
56.750175,-74.725464,5131
58.728955,-74.725464,5145
59.718345,-73.736074,5158
61.697125,-72.746684,5173
62.686515,-72.746684,5186
64.665295,-71.757294,5200
65.654684,-70.767905,5214
66.644074,-70.767905,5228
67.633464,-70.767905,5241
68.622854,-69.778515,5255
69.612244,-68.789125,5269
70.601634,-67.799735,5283
70.601634,-65.820955,5310
71.591024,-64.831565,5338
71.591024,-63.842175,5379
71.591024,-62.852785,5394
72.580414,-60.874005,5407
73.569804,-58.895225,5421
73.569804,-56.916446,5448
73.569804,-55.927056,5476
73.569804,-54.937666,5600
73.569804,-53.948276,5835
73.569804,-52.958886,5945
72.580414,-52.958886,5981
71.591024,-51.969496,5992
71.591024,-50.980106,6016
70.601634,-50.980106,6028
69.612244,-49.990716,6042
68.622854,-49.990716,6069
68.622854,-49.001326,6083
67.633464,-49.001326,6097
66.644074,-49.001326,6125
65.654684,-49.001326,6153
64.665295,-49.001326,6179
63.675905,-49.001326,6220
62.686515,-49.001326,6235
61.697125,-49.001326,6262
60.707735,-49.001326,6290
59.718345,-49.001326,6317
58.728955,-48.011936,6331
57.739565,-48.011936,6373
57.739565,-47.022546,6387
56.750175,-47.022546,6401
55.760785,-46.033156,6427
54.771395,-45.043767,6442
54.771395,-43.064987,6470
53.782005,-43.064987,6483
53.782005,-42.075597,6497
52.792615,-42.075597,6511
51.803226,-41.086207,6530
51.803226,-40.096817,6541
50.813836,-39.107427,6567
50.813836,-38.118037,6594
50.813836,-37.128647,6621
50.813836,-36.139257,6677
50.813836,-35.149867,6690
51.803226,-35.149867,6704
51.803226,-34.160477,6717
52.792615,-33.171088,6746
53.782005,-32.181698,6759
54.771395,-31.192308,6787
55.760785,-31.192308,6800
55.760785,-30.202918,6814
56.750175,-30.202918,6828
57.739565,-30.202918,6841
58.728955,-30.202918,6855
59.718345,-29.213528,6926
60.707735,-28.224138,6938
62.686515,-28.224138,6966
63.675905,-28.224138,6979
64.665295,-28.224138,6993
65.654684,-28.224138,7007
67.633464,-28.224138,7022
68.622854,-28.224138,7037
69.612244,-28.224138,7049
70.601634,-28.224138,7063
72.580414,-28.224138,7132
73.569804,-28.224138,7145
75.548584,-28.224138,7228
76.537974,-28.224138,7242
77.527363,-28.224138,7256
BREAK
