START
24.100308,-29.213528,0
23.110918,-29.213528,27
22.121528,-30.202918,40
21.132138,-30.202918,64
20.142748,-30.202918,124
20.142748,-31.192308,150
19.153358,-32.181698,189
18.163968,-33.171088,214
18.163968,-34.160477,256
18.163968,-36.139257,348
19.153358,-37.128647,421
20.142748,-39.107427,457
21.132138,-39.107427,482
22.121528,-40.096817,495
23.110918,-40.096817,507
24.100308,-40.096817,533
25.089698,-41.086207,559
26.079088,-41.086207,571
27.068478,-42.075597,598
28.057867,-42.075597,647
28.057867,-41.086207,786
BREAK
29.047257,-40.096817,1135
29.047257,-39.107427,1160
29.047257,-38.118037,1172
29.047257,-37.128647,1183
30.036647,-37.128647,1275
29.047257,-37.128647,1301
29.047257,-38.118037,1314
28.057867,-40.096817,1328
27.068478,-42.075597,1339
26.079088,-43.064987,1366
25.089698,-45.043767,1380
25.089698,-46.033156,1404
24.100308,-47.022546,1429
24.100308,-48.011936,1454
24.100308,-47.022546,1649
BREAK
84.453093,-48.011936,3777
85.442483,-47.022546,3789
85.442483,-46.033156,3837
83.463703,-45.043767,3988
82.474313,-45.043767,4025
82.474313,-44.054377,4048
81.484923,-44.054377,4075
80.495533,-44.054377,4087
79.506143,-43.064987,4113
78.516753,-43.064987,4124
77.527363,-42.075597,4149
76.537974,-42.075597,4162
74.559194,-41.086207,4188
73.569804,-41.086207,4214
71.591024,-40.096817,4225
68.622854,-38.118037,4254
66.644074,-37.128647,4292
63.675905,-37.128647,4305
62.686515,-36.139257,4316
61.697125,-36.139257,4349
60.707735,-36.139257,4360
59.718345,-36.139257,4386
58.728955,-36.139257,4400
57.739565,-37.128647,4460
57.739565,-38.118037,4488
57.739565,-39.107427,4516
57.739565,-40.096817,4544
57.739565,-42.075597,4559
58.728955,-43.064987,4584
58.728955,-44.054377,4610
58.728955,-45.043767,4656
58.728955,-46.033156,4756
60.707735,-47.022546,4880
61.697125,-47.022546,4918
61.697125,-48.011936,4942
63.675905,-49.001326,4967
65.654684,-49.990716,4991
66.644074,-50.980106,5018
68.622854,-51.969496,5028
69.612244,-52.958886,5144
71.591024,-52.958886,5194
72.580414,-52.958886,5252
74.559194,-52.958886,5285
76.537974,-52.958886,5322
76.537974,-53.948276,5349
77.527363,-53.948276,5361
79.506143,-54.937666,5402
80.495533,-54.937666,5476
81.484923,-54.937666,5561
81.484923,-55.927056,5573
82.474313,-56.916446,5622
82.474313,-58.895225,5659
83.463703,-60.874005,5683
83.463703,-61.863395,5723
83.463703,-62.852785,5735
83.463703,-63.842175,5765
82.474313,-64.831565,5776
82.474313,-66.810345,5815
82.474313,-68.789125,5827
82.474313,-70.767905,5865
81.484923,-70.767905,5879
81.484923,-71.757294,5890
80.495533,-73.736074,5915
79.506143,-75.714854,5942
77.527363,-76.704244,5966
77.527363,-77.693634,5993
76.537974,-77.693634,6004
74.559194,-79.672414,6033
72.580414,-80.661804,6072
70.601634,-80.661804,6084
70.601634,-81.651194,6095
68.622854,-81.651194,6126
68.622854,-82.640584,6137
67.633464,-82.640584,6163
66.644074,-83.629973,6178
64.665295,-83.629973,6189
63.675905,-83.629973,6213
62.686515,-83.629973,6240
61.697125,-84.619363,6254
59.718345,-84.619363,6292
58.728955,-84.619363,6316
56.750175,-84.619363,6360
54.771395,-84.619363,6393
53.782005,-83.629973,6434
52.792615,-83.629973,6460
52.792615,-82.640584,6496
51.803226,-82.640584,6522
50.813836,-82.640584,6592
49.824446,-82.640584,6620
49.824446,-81.651194,6650
48.835056,-81.651194,6663
47.845666,-80.661804,6701
46.856276,-79.672414,6726
45.866886,-79.672414,6737
44.877496,-78.683024,6777
43.888106,-78.683024,6790
42.898716,-78.683024,6800
40.919936,-77.693634,6828
40.919936,-76.704244,6842
38.941157,-76.704244,6854
37.951767,-75.714854,6889
36.962377,-74.725464,6972
35.972987,-73.736074,6997
33.994207,-71.757294,7024
33.004817,-69.778515,7060
33.004817,-68.789125,7085
32.015427,-67.799735,7111
31.026037,-66.810345,7123
31.026037,-65.820955,7136
30.036647,-64.831565,7147
30.036647,-62.852785,7173
29.047257,-62.852785,7186
29.047257,-61.863395,7199
28.057867,-60.874005,7239
28.057867,-59.884615,7251
28.057867,-58.895225,7262
28.057867,-57.905836,7337
29.047257,-56.916446,7444
29.047257,-55.927056,7469
30.036647,-55.927056,7502
30.036647,-54.937666,7586
31.026037,-54.937666,7612
32.015427,-54.937666,7760
BREAK
