START
33.004817,-21.298408,0
33.004817,-22.287798,32
32.015427,-22.287798,82
32.015427,-23.277188,104
31.026037,-23.277188,118
31.026037,-24.266578,152
31.026037,-25.255968,168
31.026037,-26.245358,208
32.015427,-26.245358,272
32.015427,-27.234748,288
33.004817,-27.234748,376
BREAK
32.015427,-45.043767,1216
32.015427,-46.033156,1272
31.026037,-46.033156,1282
31.026037,-47.022546,1288
30.036647,-48.011936,1304
29.047257,-49.990716,1328
28.057867,-50.980106,1344
28.057867,-51.969496,1352
28.057867,-52.958886,1362
28.057867,-53.948276,1376
27.068478,-54.937666,1398
27.068478,-55.927056,1400
27.068478,-56.916446,1416
27.068478,-58.895225,1432
27.068478,-59.884615,1448
27.068478,-60.874005,1464
27.068478,-61.863395,1472
28.057867,-62.852785,1482
29.047257,-62.852785,1488
29.047257,-63.842175,1496
29.047257,-64.831565,1504
30.036647,-65.820955,1518
31.026037,-66.810345,1528
32.015427,-67.799735,1536
32.015427,-68.789125,1552
33.004817,-68.789125,1562
33.994207,-69.778515,1576
34.983597,-69.778515,1584
35.972987,-69.778515,1608
36.962377,-69.778515,1616
37.951767,-69.778515,1624
38.941157,-69.778515,1640
39.930547,-69.778515,1648
40.919936,-69.778515,1656
41.909326,-69.778515,1672
43.888106,-69.778515,1682
44.877496,-69.778515,1688
45.866886,-69.778515,1696
46.856276,-69.778515,1704
47.845666,-68.789125,1712
49.824446,-68.789125,1722
50.813836,-67.799735,1736
50.813836,-66.810345,1760
51.803226,-66.810345,1776
52.792615,-65.820955,1784
52.792615,-64.831565,1799
53.782005,-63.842175,1808
54.771395,-63.842175,1816
55.760785,-63.842175,1824
55.760785,-62.852785,1832
55.760785,-61.863395,1842
56.750175,-61.863395,1856
56.750175,-60.874005,1864
57.739565,-59.884615,1888
57.739565,-58.895225,1896
58.728955,-58.895225,1904
59.718345,-57.905836,1912
59.718345,-56.916446,1928
60.707735,-56.916446,1936
60.707735,-55.927056,1944
60.707735,-54.937666,1962
61.697125,-54.937666,1968
61.697125,-53.948276,1998
62.686515,-53.948276,2000
62.686515,-52.958886,2024
62.686515,-51.969496,2032
61.697125,-51.969496,2176
61.697125,-50.980106,2184
60.707735,-50.980106,2198
58.728955,-50.980106,2200
56.750175,-49.990716,2216
55.760785,-49.990716,2224
54.771395,-49.001326,2232
53.782005,-49.001326,2242
52.792615,-49.001326,2248
51.803226,-49.001326,2264
50.813836,-48.011936,2288
49.824446,-48.011936,2318
48.835056,-48.011936,2328
48.835056,-47.022546,2352
47.845666,-47.022546,2368
47.845666,-46.033156,2376
46.856276,-46.033156,2408
46.856276,-45.043767,2416
45.866886,-45.043767,2442
45.866886,-44.054377,2448
45.866886,-43.064987,2456
45.866886,-42.075597,2478
45.866886,-41.086207,2480
45.866886,-40.096817,2488
45.866886,-39.107427,2504
45.866886,-38.118037,2522
45.866886,-36.139257,2536
46.856276,-36.139257,2544
46.856276,-34.160477,2560
47.845666,-34.160477,2561
48.835056,-33.171088,2568
48.835056,-31.192308,2576
49.824446,-31.192308,2584
49.824446,-29.213528,2598
50.813836,-29.213528,2600
51.803226,-28.224138,2608
52.792615,-28.224138,2624
52.792615,-27.234748,2632
54.771395,-27.234748,2643
55.760785,-26.245358,2648
56.750175,-26.245358,2656
57.739565,-26.245358,2664
58.728955,-26.245358,2681
59.718345,-26.245358,2688
60.707735,-26.245358,2728
61.697125,-26.245358,2744
62.686515,-27.234748,2752
62.686515,-28.224138,2762
63.675905,-28.224138,2768
BREAK
