START
49.061321,-24.718876,0
49.061321,-25.718876,49
49.061321,-26.718876,59
49.061321,-27.718876,69
49.061321,-28.718876,79
49.061321,-30.718876,89
49.061321,-32.718876,108
49.061321,-33.718876,128
49.061321,-34.718876,138
49.061321,-35.718876,148
49.061321,-36.718876,157
49.061321,-37.718876,167
49.061321,-39.718876,187
49.061321,-40.718876,197
49.061321,-41.718876,207
49.061321,-42.718876,216
49.061321,-43.718876,226
49.061321,-44.718876,236
49.061321,-45.718876,246
49.061321,-46.718876,256
49.061321,-47.718876,266
49.061321,-48.718876,276
49.061321,-49.718876,285
49.061321,-50.718876,295
49.061321,-51.718876,305
49.061321,-52.718876,315
49.061321,-53.718876,325
49.061321,-54.718876,344
49.061321,-55.718876,354
49.061321,-56.718876,364
49.061321,-57.718876,384
49.061321,-58.718876,403
49.061321,-59.718876,413
49.061321,-60.718876,423
49.061321,-62.718876,443
49.061321,-63.718876,463
49.061321,-64.718876,472
49.061321,-65.718876,482
49.061321,-66.718876,492
49.061321,-67.718876,502
49.061321,-68.718876,512
49.061321,-69.718876,522
49.061321,-70.718876,531
49.061321,-72.718876,541
49.061321,-73.718876,551
49.061321,-75.718876,571
49.061321,-76.718876,591
49.061321,-78.718876,600
49.061321,-79.718876,610
49.061321,-80.718876,620
49.061321,-81.718876,630
49.061321,-82.718876,650
49.061321,-83.718876,669
49.061321,-84.718876,679
49.061321,-85.718876,689
49.061321,-86.718876,699
49.061321,-87.718876,709
49.061321,-88.718876,738
49.061321,-89.718876,748
49.061321,-90.718876,758
49.061321,-91.718876,778
49.061321,-92.718876,787
49.061321,-93.718876,797
49.061321,-94.718876,807
49.061321,-95.718876,827
49.061321,-96.718876,846
49.061321,-97.718876,866
49.061321,-98.718876,906
49.061321,-97.718876,994
BREAK
18.061321,-35.718876,2274
18.061321,-36.718876,2333
18.061321,-37.718876,2362
18.061321,-38.718876,2382
18.061321,-39.718876,2402
18.061321,-40.718876,2431
18.061321,-41.718876,2451
18.061321,-42.718876,2471
18.061321,-43.718876,2490
18.061321,-44.718876,2500
18.061321,-45.718876,2520
18.061321,-46.718876,2540
18.061321,-48.718876,2559
18.061321,-49.718876,2579
18.061321,-50.718876,2608
18.061321,-51.718876,2628
18.061321,-52.718876,2648
19.061321,-53.718876,2658
19.061321,-54.718876,2677
20.061321,-55.718876,2697
20.061321,-56.718876,2707
20.061321,-57.718876,2717
21.061321,-57.718876,2727
21.061321,-58.718876,2736
22.061321,-59.718876,2746
23.061321,-60.718876,2766
24.061321,-61.718876,2786
24.061321,-62.718876,2795
25.061321,-62.718876,2805
26.061321,-62.718876,2825
26.061321,-63.718876,2835
27.061321,-63.718876,2845
27.061321,-64.718876,2855
28.061321,-64.718876,2865
29.061321,-64.718876,2874
30.061321,-64.718876,2904
30.061321,-65.718876,2914
31.061321,-65.718876,2923
32.061321,-65.718876,2943
33.061321,-65.718876,2973
34.061321,-65.718876,2983
35.061321,-65.718876,3012
37.061321,-65.718876,3032
38.061321,-65.718876,3051
39.061321,-65.718876,3061
41.061321,-65.718876,3071
42.061321,-65.718876,3081
43.061321,-64.718876,3091
45.061321,-64.718876,3111
45.061321,-63.718876,3130
45.061321,-62.718876,3150
45.061321,-61.718876,3170
46.061321,-60.718876,3179
46.061321,-59.718876,3199
46.061321,-58.718876,3209
47.061321,-58.718876,3229
47.061321,-57.718876,3238
47.061321,-56.718876,3317
46.061321,-56.718876,3347
46.061321,-55.718876,3357
45.061321,-54.718876,3376
44.061321,-54.718876,3386
BREAK
17.061321,-35.718876,3889
16.061321,-35.718876,3918
15.061321,-35.718876,3937
14.061321,-35.718876,4065
13.061321,-35.718876,4075
12.061321,-35.718876,4085
BREAK
51.061321,-46.718876,5552
51.061321,-45.718876,5581
51.061321,-44.718876,5631
51.061321,-43.718876,5640
51.061321,-42.718876,5660
51.061321,-40.718876,5680
51.061321,-39.718876,5699
51.061321,-38.718876,5719
51.061321,-37.718876,5739
51.061321,-36.718876,5749
51.061321,-35.718876,5768
51.061321,-34.718876,5808
51.061321,-33.718876,5837
52.061321,-33.718876,5857
53.061321,-32.718876,5867
53.061321,-31.718876,5877
55.061321,-31.718876,5886
55.061321,-30.718876,5896
56.061321,-30.718876,5906
57.061321,-30.718876,5916
58.061321,-29.718876,5926
59.061321,-29.718876,5936
60.061321,-29.718876,5946
61.061321,-29.718876,5965
62.061321,-29.718876,5975
63.061321,-29.718876,5995
64.061321,-28.718876,6005
66.061321,-28.718876,6014
67.061321,-28.718876,6034
67.061321,-27.718876,6044
68.061321,-27.718876,6093
69.061321,-27.718876,6123
70.061321,-27.718876,6133
71.061321,-27.718876,6142
72.061321,-27.718876,6162
73.061321,-28.718876,6172
74.061321,-28.718876,6182
75.061321,-29.718876,6202
75.061321,-30.718876,6221
76.061321,-31.718876,6231
77.061321,-32.718876,6241
77.061321,-33.718876,6251
78.061321,-34.718876,6261
78.061321,-35.718876,6270
78.061321,-36.718876,6280
79.061321,-37.718876,6300
79.061321,-38.718876,6310
80.061321,-40.718876,6320
80.061321,-41.718876,6330
81.061321,-43.718876,6349
81.061321,-44.718876,6369
81.061321,-46.718876,6379
81.061321,-47.718876,6398
81.061321,-50.718876,6408
82.061321,-51.718876,6418
82.061321,-52.718876,6428
82.061321,-53.718876,6448
82.061321,-54.718876,6458
82.061321,-55.718876,6467
82.061321,-56.718876,6487
82.061321,-57.718876,6507
82.061321,-58.718876,6684
BREAK
82.061321,-53.718876,7196
82.061321,-54.718876,7284
82.061321,-55.718876,7304
82.061321,-56.718876,7324
82.061321,-57.718876,7343
82.061321,-58.718876,7353
82.061321,-59.718876,7363
82.061321,-60.718876,7383
81.061321,-60.718876,7491
BREAK
69.061321,-57.718876,7757
70.061321,-57.718876,7806
71.061321,-57.718876,7816
73.061321,-57.718876,7826
74.061321,-57.718876,7836
77.061321,-57.718876,7845
78.061321,-57.718876,7855
81.061321,-57.718876,7865
82.061321,-57.718876,7875
84.061321,-57.718876,7885
85.061321,-57.718876,7895
86.061321,-57.718876,7905
87.061321,-57.718876,7914
88.061321,-57.718876,7924
89.061321,-57.718876,7928
BREAK
50.061321,-22.718876,8666
50.061321,-21.718876,8754
50.061321,-20.718876,8764
50.061321,-19.718876,8794
50.061321,-18.718876,8823
49.061321,-18.718876,8833
BREAK
41.061321,-17.718876,9208
42.061321,-17.718876,9257
43.061321,-17.718876,9276
BREAK
