START
23.5072,-30.386282,0
24.380884,-30.386282,680
25.254568,-30.386282,736
26.128252,-30.386282,760
27.001936,-31.259966,768
27.875621,-31.259966,776
28.749305,-31.259966,792
29.622989,-31.259966,808
30.496673,-31.259966,832
31.370357,-31.259966,849
32.244042,-31.259966,855
33.117726,-32.13365,871
33.99141,-32.13365,879
34.865094,-32.13365,889
35.738779,-32.13365,928
35.738779,-33.007335,936
36.612463,-33.007335,952
37.486147,-33.007335,968
38.359831,-33.007335,976
39.233515,-33.881019,984
40.1072,-33.881019,993
40.980884,-33.881019,1007
41.854568,-33.881019,1023
42.728252,-33.881019,1047
43.601936,-33.881019,1064
44.475621,-33.881019,1087
45.349305,-33.881019,1096
46.222989,-33.881019,1103
47.096673,-33.881019,1111
47.970357,-33.881019,1120
48.844042,-33.881019,1127
49.717726,-33.881019,1143
50.59141,-33.881019,1151
51.465094,-33.881019,1168
52.338779,-33.881019,1183
53.212463,-33.881019,1199
54.086147,-34.754703,1207
54.959831,-34.754703,1223
55.833515,-34.754703,1231
56.7072,-34.754703,1256
57.580884,-34.754703,1263
58.454568,-34.754703,1272
59.328252,-34.754703,1279
60.201936,-34.754703,1288
61.075621,-34.754703,1311
61.949305,-34.754703,1319
62.822989,-34.754703,1328
64.570357,-34.754703,1344
65.444042,-34.754703,1359
66.317726,-34.754703,1391
66.317726,-33.881019,1408
68.065094,-33.881019,1416
68.938779,-33.881019,1424
69.812463,-33.881019,1433
71.559831,-33.007335,1440
72.433515,-33.007335,1456
73.3072,-33.007335,1480
75.054568,-33.007335,1488
75.928252,-33.007335,1496
76.801936,-32.13365,1504
77.675621,-32.13365,1520
78.549305,-32.13365,1536
78.549305,-31.259966,1616
BREAK
66.317726,-37.375756,5704
66.317726,-38.24944,5935
66.317726,-39.123124,5959
66.317726,-39.996808,5975
66.317726,-40.870492,5983
66.317726,-41.744177,5999
67.19141,-41.744177,6007
67.19141,-42.617861,6015
67.19141,-43.491545,6031
67.19141,-44.365229,6047
67.19141,-45.238914,6071
67.19141,-46.112598,6079
67.19141,-46.986282,6095
67.19141,-47.859966,6111
67.19141,-48.73365,6135
67.19141,-49.607335,6151
67.19141,-50.481019,6160
67.19141,-51.354703,6167
67.19141,-52.228387,6175
67.19141,-53.102071,6183
67.19141,-53.975756,6191
67.19141,-54.84944,6199
67.19141,-55.723124,6207
67.19141,-57.470492,6223
67.19141,-58.344177,6239
67.19141,-59.217861,6249
67.19141,-60.091545,6258
67.19141,-60.965229,6272
67.19141,-61.838914,6279
67.19141,-62.712598,6287
67.19141,-63.586282,6295
67.19141,-64.459966,6311
67.19141,-65.33365,6319
67.19141,-66.207335,6335
67.19141,-67.081019,6352
67.19141,-67.954703,6368
67.19141,-68.828387,6375
67.19141,-70.575756,6391
67.19141,-71.44944,6407
67.19141,-72.323124,6423
67.19141,-73.196808,6448
67.19141,-74.070492,6464
67.19141,-74.944177,6487
67.19141,-75.817861,6496
67.19141,-76.691545,6512
67.19141,-77.565229,6519
67.19141,-78.438914,6527
67.19141,-79.312598,6536
67.19141,-80.186282,6559
67.19141,-81.059966,6568
67.19141,-81.93365,6608
67.19141,-82.807335,6618
67.19141,-83.681019,6623
67.19141,-84.554703,6632
67.19141,-85.428387,6643
67.19141,-86.302071,6656
67.19141,-87.175756,6674
67.19141,-88.04944,6690
BREAK
33.117726,-34.754703,8311
33.117726,-35.628387,8759
33.117726,-36.502071,8775
33.117726,-37.375756,8783
33.117726,-38.24944,8799
32.244042,-39.123124,8815
32.244042,-39.996808,8831
32.244042,-40.870492,8855
32.244042,-41.744177,8872
32.244042,-42.617861,8967
31.370357,-42.617861,8983
31.370357,-43.491545,8991
31.370357,-44.365229,8999
31.370357,-45.238914,9031
31.370357,-46.112598,9039
31.370357,-46.986282,9063
31.370357,-47.859966,9071
31.370357,-48.73365,9087
31.370357,-49.607335,9095
31.370357,-50.481019,9103
31.370357,-51.354703,9119
31.370357,-53.102071,9127
32.244042,-53.102071,9135
32.244042,-54.84944,9143
32.244042,-55.723124,9159
33.117726,-56.596808,9167
33.117726,-58.344177,9183
33.99141,-58.344177,9191
33.99141,-59.217861,9199
34.865094,-60.091545,9215
35.738779,-60.965229,9247
61.949305,-62.712598,10200
61.949305,-61.838914,10335
62.822989,-61.838914,10343
63.696673,-60.965229,10351
63.696673,-60.091545,10368
BREAK
63.696673,-60.091545,11184
62.822989,-59.217861,11615
61.949305,-59.217861,11663
61.075621,-58.344177,11671
60.201936,-58.344177,11687
60.201936,-57.470492,11695
58.454568,-57.470492,11711
58.454568,-56.596808,11719
58.454568,-55.723124,11727
57.580884,-55.723124,11735
56.7072,-55.723124,11744
55.833515,-54.84944,11759
54.959831,-53.975756,11775
54.959831,-53.102071,11791
54.086147,-53.102071,11799
53.212463,-52.228387,11807
53.212463,-51.354703,11815
52.338779,-50.481019,11823
51.465094,-49.607335,11839
50.59141,-47.859966,11847
49.717726,-46.986282,11864
48.844042,-46.112598,11871
48.844042,-45.238914,11879
47.970357,-43.491545,11895
47.096673,-42.617861,11904
46.222989,-41.744177,11919
46.222989,-40.870492,11936
46.222989,-39.996808,11967
45.349305,-39.996808,11975
45.349305,-39.123124,11983
44.475621,-39.123124,12007
43.601936,-38.24944,12024
42.728252,-38.24944,12040
42.728252,-37.375756,12048
41.854568,-36.502071,12064
40.980884,-35.628387,12088
40.980884,-34.754703,12096
40.980884,-33.881019,12119
40.1072,-33.881019,12192
40.1072,-33.007335,12200
40.1072,-33.881019,12216
BREAK
