START
22.777876,-27.337063,0
22.777876,-28.119017,111
22.777876,-28.900972,129
22.777876,-29.682927,139
22.777876,-30.464882,157
22.777876,-31.246837,185
22.777876,-32.028792,204
22.777876,-32.810747,223
22.777876,-33.592702,232
22.777876,-34.374657,250
22.777876,-35.156611,260
22.777876,-35.938566,269
22.777876,-36.720521,278
22.777876,-38.284431,297
22.777876,-39.066386,306
22.777876,-39.848341,316
22.777876,-40.630296,325
22.777876,-41.412251,344
22.777876,-42.194205,353
22.777876,-42.97616,362
22.777876,-43.758115,372
22.777876,-44.54007,390
22.777876,-45.322025,400
22.777876,-46.10398,409
22.777876,-46.885935,418
22.777876,-47.66789,437
23.559831,-48.449844,456
23.559831,-49.231799,465
23.559831,-50.013754,474
24.341786,-50.795709,493
24.341786,-51.577664,539
25.123741,-52.359619,549
25.123741,-53.141574,558
25.123741,-53.923529,567
25.905696,-53.923529,577
25.905696,-54.705484,586
25.905696,-55.487438,595
26.687651,-56.269393,605
26.687651,-57.051348,614
27.469606,-57.833303,633
28.251561,-58.615258,642
29.81547,-59.397213,651
29.81547,-60.179168,661
30.597425,-60.961123,670
31.37938,-60.961123,679
32.161335,-61.743078,689
33.725245,-61.743078,698
33.725245,-62.525032,717
34.5072,-62.525032,726
35.289154,-62.525032,735
36.071109,-62.525032,763
36.853064,-62.525032,782
37.635019,-62.525032,800
38.416974,-63.306987,810
38.416974,-64.088942,819
39.198929,-64.870897,828
39.980884,-64.870897,838
40.762839,-64.870897,847
41.544794,-65.652852,866
42.326748,-65.652852,884
43.108703,-65.652852,894
44.672613,-66.434807,912
45.454568,-66.434807,922
46.236523,-66.434807,931
47.800433,-66.434807,940
49.364342,-67.216762,950
50.928252,-67.216762,959
52.492162,-67.216762,968
54.056072,-67.216762,978
55.619982,-67.216762,987
56.401936,-67.216762,1005
57.183891,-67.216762,1015
57.965846,-67.216762,1024
58.747801,-67.216762,1033
59.529756,-67.216762,1061
60.311711,-67.216762,1080
61.093666,-67.216762,1089
61.875621,-67.216762,1108
62.657576,-67.216762,1117
63.43953,-67.216762,1136
64.221485,-67.216762,1145
65.00344,-67.216762,1155
65.785395,-67.216762,1164
65.785395,-66.434807,1173
66.56735,-65.652852,1192
67.349305,-65.652852,1201
68.13126,-64.088942,1211
68.913215,-63.306987,1220
68.913215,-62.525032,1229
70.477124,-60.961123,1239
71.259079,-60.179168,1248
72.822989,-60.179168,1257
73.604944,-58.615258,1266
74.386899,-57.051348,1276
75.168854,-56.269393,1285
75.168854,-54.705484,1294
75.950809,-53.141574,1304
76.732764,-52.359619,1313
77.514718,-51.577664,1322
78.296673,-50.795709,1332
78.296673,-50.013754,1341
78.296673,-48.449844,1350
79.078628,-47.66789,1360
79.078628,-46.885935,1378
79.860583,-46.10398,1388
79.860583,-45.322025,1406
79.860583,-44.54007,1425
79.860583,-43.758115,1453
79.860583,-42.97616,1490
79.860583,-42.194205,1509
79.860583,-41.412251,1518
79.860583,-40.630296,1527
79.860583,-39.848341,1546
79.860583,-39.066386,1565
79.860583,-38.284431,1611
79.860583,-37.502476,1630
79.860583,-36.720521,1667
79.860583,-35.938566,1704
79.860583,-35.156611,1742
79.860583,-34.374657,1751
79.860583,-33.592702,1788
79.860583,-32.810747,1825
79.078628,-32.028792,1844
79.078628,-31.246837,1863
79.078628,-30.464882,1881
78.296673,-30.464882,1900
78.296673,-29.682927,1919
78.296673,-28.900972,1965
77.514718,-28.119017,1984
77.514718,-27.337063,1993
77.514718,-26.555108,2030
76.732764,-26.555108,2058
76.732764,-25.773153,2068
76.732764,-24.991198,2086
75.950809,-24.991198,2198
BREAK
38.416974,-62.525032,3371
38.416974,-61.743078,3538
39.198929,-60.961123,3548
39.980884,-60.179168,3566
40.762839,-60.961123,3575
41.544794,-60.961123,3594
41.544794,-60.179168,3613
42.326748,-60.179168,3622
43.108703,-59.397213,3631
44.672613,-59.397213,3641
44.672613,-58.615258,3650
45.454568,-58.615258,3659
46.236523,-57.833303,3678
47.018478,-57.833303,3687
47.800433,-57.833303,3706
47.800433,-57.051348,3725
48.582388,-57.051348,3734
49.364342,-57.051348,3743
49.364342,-56.269393,3753
50.146297,-56.269393,3771
50.928252,-56.269393,3799
51.710207,-55.487438,3818
52.492162,-55.487438,3836
52.492162,-54.705484,3846
53.274117,-54.705484,3855
54.056072,-54.705484,3864
54.838027,-54.705484,3874
55.619982,-54.705484,3883
56.401936,-54.705484,3902
56.401936,-53.923529,3911
57.183891,-53.923529,3930
57.965846,-53.923529,3939
58.747801,-53.923529,3948
59.529756,-53.923529,3958
60.311711,-53.923529,3976
61.093666,-53.923529,3986
61.875621,-53.923529,4004
62.657576,-53.923529,4014
63.43953,-53.923529,4032
64.221485,-53.923529,4051
65.00344,-53.923529,4060
65.785395,-53.923529,4069
67.349305,-53.923529,4088
68.913215,-53.923529,4097
69.69517,-53.923529,4107
70.477124,-53.923529,4116
71.259079,-53.923529,4135
72.041034,-53.923529,4163
72.822989,-53.923529,4219
73.604944,-53.923529,4247
74.386899,-53.923529,4321
75.168854,-53.923529,4423
BREAK
