START
32.528302,-16.686747,0
32.528302,-18.686747,6
32.528302,-21.686747,14
32.528302,-24.686747,22
32.528302,-27.686747,30
32.528302,-31.686747,38
31.528302,-34.686747,46
31.528302,-38.686747,54
31.528302,-42.686747,62
30.528302,-47.686747,70
30.528302,-53.686747,78
29.528302,-57.686747,86
29.528302,-61.686747,94
29.528302,-65.686747,102
29.528302,-70.686747,110
29.528302,-73.686747,118
29.528302,-77.686747,126
29.528302,-81.686747,135
29.528302,-85.686747,142
29.528302,-89.686747,150
29.528302,-91.686747,158
29.528302,-94.686747,166
29.528302,-96.686747,174
29.528302,-98.686747,182
29.528302,-100.68675,190
29.528302,-101.68675,198
BREAK
37.528302,-16.686747,1279
37.528302,-17.686747,1294
37.528302,-18.686747,1302
37.528302,-19.686747,1310
37.528302,-20.686747,1318
37.528302,-21.686747,1326
37.528302,-22.686747,1334
38.528302,-23.686747,1342
38.528302,-24.686747,1350
39.528302,-26.686747,1358
40.528302,-27.686747,1366
42.528302,-29.686747,1374
43.528302,-30.686747,1382
44.528302,-32.686747,1390
46.528302,-33.686747,1398
47.528302,-34.686747,1406
48.528302,-36.686747,1414
48.528302,-37.686747,1422
49.528302,-38.686747,1430
50.528302,-39.686747,1438
51.528302,-39.686747,1446
51.528302,-40.686747,1454
51.528302,-41.686747,1478
52.528302,-41.686747,1494
BREAK
52.528302,-41.686747,1991
53.528302,-41.686747,2038
53.528302,-40.686747,2046
54.528302,-39.686747,2054
54.528302,-38.686747,2062
55.528302,-37.686747,2070
56.528302,-36.686747,2078
57.528302,-35.686747,2086
57.528302,-34.686747,2094
57.528302,-33.686747,2102
58.528302,-32.686747,2110
59.528302,-31.686747,2118
60.528302,-30.686747,2126
60.528302,-28.686747,2137
61.528302,-27.686747,2142
62.528302,-26.686747,2150
63.528302,-25.686747,2158
64.528302,-24.686747,2166
65.528302,-23.686747,2174
65.528302,-22.686747,2190
66.528302,-22.686747,2198
66.528302,-21.686747,2238
67.528302,-21.686747,2262
67.528302,-20.686747,2430
68.528302,-20.686747,2454
BREAK
71.528302,-21.686747,3062
71.528302,-22.686747,3102
71.528302,-23.686747,3110
71.528302,-24.686747,3118
71.528302,-26.686747,3126
71.528302,-27.686747,3136
71.528302,-29.686747,3142
71.528302,-31.686747,3150
70.528302,-34.686747,3158
70.528302,-36.686747,3166
70.528302,-38.686747,3174
70.528302,-40.686747,3182
69.528302,-42.686747,3190
69.528302,-44.686747,3198
69.528302,-46.686747,3206
69.528302,-49.686747,3214
68.528302,-51.686747,3222
68.528302,-54.686747,3230
68.528302,-57.686747,3238
68.528302,-60.686747,3246
68.528302,-62.686747,3254
68.528302,-65.686747,3262
68.528302,-67.686747,3270
68.528302,-69.686747,3278
68.528302,-72.686747,3286
68.528302,-74.686747,3294
68.528302,-77.686747,3302
68.528302,-80.686747,3310
68.528302,-82.686747,3318
68.528302,-84.686747,3326
68.528302,-86.686747,3334
68.528302,-87.686747,3342
68.528302,-88.686747,3358
BREAK
