START
28.528302,-19.686747,0
28.528302,-20.686747,83
28.528302,-21.686747,93
28.528302,-22.686747,104
28.528302,-23.686747,114
28.528302,-24.686747,125
28.528302,-26.686747,135
28.528302,-27.686747,145
28.528302,-29.686747,156
28.528302,-31.686747,167
28.528302,-32.686747,177
28.528302,-33.686747,187
28.528302,-35.686747,198
28.528302,-37.686747,208
28.528302,-38.686747,219
28.528302,-40.686747,229
28.528302,-41.686747,239
28.528302,-44.686747,250
28.528302,-45.686747,260
28.528302,-46.686747,271
28.528302,-47.686747,283
28.528302,-49.686747,292
28.528302,-51.686747,313
28.528302,-53.686747,323
28.528302,-54.686747,333
29.528302,-54.686747,344
29.528302,-56.686747,354
29.528302,-57.686747,365
29.528302,-59.686747,375
29.528302,-60.686747,386
29.528302,-62.686747,396
29.528302,-63.686747,407
29.528302,-64.686747,417
29.528302,-66.686747,428
29.528302,-68.686747,448
29.528302,-69.686747,469
29.528302,-71.686747,480
29.528302,-72.686747,501
29.528302,-73.686747,522
29.528302,-74.686747,542
29.528302,-75.686747,553
29.528302,-76.686747,574
29.528302,-77.686747,605
29.528302,-78.686747,626
29.528302,-79.686747,636
29.528302,-80.686747,657
29.528302,-81.686747,678
29.528302,-82.686747,689
29.528302,-83.686747,710
29.528302,-85.686747,731
29.528302,-86.686747,751
29.528302,-87.686747,762
29.528302,-88.686747,772
29.528302,-90.686747,783
29.528302,-91.686747,804
29.528302,-92.686747,825
29.528302,-93.686747,866
29.528302,-91.686747,971
28.528302,-90.686747,981
28.528302,-88.686747,992
28.528302,-86.686747,1002
BREAK
29.528302,-17.686747,1849
30.528302,-17.686747,1932
31.528302,-18.686747,1963
31.528302,-19.686747,1974
32.528302,-20.686747,1984
33.528302,-22.686747,1995
34.528302,-22.686747,2005
35.528302,-24.686747,2015
36.528302,-25.686747,2036
37.528302,-26.686747,2047
38.528302,-27.686747,2057
38.528302,-28.686747,2068
39.528302,-29.686747,2078
40.528302,-30.686747,2089
40.528302,-31.686747,2099
42.528302,-32.686747,2109
42.528302,-33.686747,2120
42.528302,-34.686747,2130
43.528302,-35.686747,2141
44.528302,-35.686747,2151
44.528302,-36.686747,2162
45.528302,-37.686747,2172
45.528302,-38.686747,2183
46.528302,-39.686747,2193
47.528302,-40.686747,2204
47.528302,-41.686747,2224
48.528302,-42.686747,2245
48.528302,-43.686747,2339
49.528302,-43.686747,2350
49.528302,-44.686747,2371
49.528302,-45.686747,2445
50.528302,-45.686747,2454
51.528302,-46.686747,2465
52.528302,-47.686747,2486
53.528302,-47.686747,2496
52.528302,-47.686747,2590
51.528302,-46.686747,2601
BREAK
68.528302,-18.686747,3688
68.528302,-19.686747,3781
67.528302,-19.686747,3792
66.528302,-20.686747,3802
66.528302,-21.686747,3812
65.528302,-22.686747,3823
64.528302,-24.686747,3833
63.528302,-25.686747,3844
62.528302,-27.686747,3854
61.528302,-28.686747,3886
60.528302,-28.686747,3896
59.528302,-29.686747,3917
58.528302,-29.686747,3927
57.528302,-31.686747,3938
56.528302,-31.686747,3948
56.528302,-32.686747,3959
55.528302,-33.686747,3969
55.528302,-34.686747,3980
54.528302,-35.686747,3990
53.528302,-35.686747,4001
53.528302,-36.686747,4011
53.528302,-37.686747,4021
52.528302,-37.686747,4032
51.528302,-38.686747,4042
50.528302,-39.686747,4063
50.528302,-40.686747,4084
50.528302,-41.686747,4095
49.528302,-41.686747,4115
49.528302,-42.686747,4137
48.528302,-42.686747,4168
BREAK
72.528302,-21.686747,4973
72.528302,-22.686747,5066
72.528302,-24.686747,5097
72.528302,-25.686747,5118
72.528302,-26.686747,5139
72.528302,-28.686747,5160
72.528302,-30.686747,5181
72.528302,-31.686747,5202
72.528302,-32.686747,5223
72.528302,-33.686747,5244
72.528302,-34.686747,5254
72.528302,-35.686747,5264
72.528302,-36.686747,5277
72.528302,-37.686747,5286
72.528302,-38.686747,5306
72.528302,-39.686747,5317
72.528302,-41.686747,5338
72.528302,-42.686747,5358
72.528302,-43.686747,5369
72.528302,-44.686747,5379
72.528302,-45.686747,5390
72.528302,-46.686747,5411
72.528302,-47.686747,5421
72.528302,-48.686747,5432
72.528302,-49.686747,5452
72.528302,-51.686747,5473
72.528302,-52.686747,5494
72.528302,-53.686747,5526
72.528302,-54.686747,5536
72.528302,-55.686747,5557
72.528302,-56.686747,5578
72.528302,-58.686747,5599
72.528302,-59.686747,5620
72.528302,-60.686747,5641
72.528302,-61.686747,5651
72.528302,-62.686747,5661
72.528302,-63.686747,5682
72.528302,-65.686747,5714
72.528302,-66.686747,5735
72.528302,-67.686747,5745
72.528302,-68.686747,5766
72.528302,-69.686747,5776
72.528302,-70.686747,5808
72.528302,-71.686747,5829
72.528302,-72.686747,5839
72.528302,-73.686747,5860
72.528302,-74.686747,5870
72.528302,-75.686747,5881
72.528302,-76.686747,5891
72.528302,-77.686747,5902
72.528302,-78.686747,5923
72.528302,-79.686747,5954
72.528302,-80.686747,5975
72.528302,-81.686747,5985
72.528302,-82.686747,6006
72.528302,-83.686747,6027
72.528302,-84.686747,6048
72.528302,-85.686747,6059
72.528302,-86.686747,6079
72.528302,-87.686747,6100
72.528302,-88.686747,6121
72.528302,-89.686747,6132
72.528302,-90.686747,6152
72.528302,-91.686747,6184
71.528302,-91.686747,6351
71.528302,-90.686747,6361
71.528302,-89.686747,6372
BREAK
