START
66.528302,-23.686747,0
64.528302,-23.686747,85
62.528302,-24.686747,87
56.528302,-27.686747,113
53.528302,-28.686747,142
52.528302,-28.686747,390
51.528302,-27.686747,393
47.528302,-24.686747,420
46.528302,-23.686747,423
44.528302,-22.686747,448
44.528302,-21.686747,559
44.528302,-26.686747,779
44.528302,-28.686747,783
44.528302,-33.686747,807
44.528302,-36.686747,809
45.528302,-46.686747,836
45.528302,-50.686747,839
47.528302,-60.686747,865
47.528302,-64.686747,871
48.528302,-70.686747,894
49.528302,-72.686747,897
49.528302,-74.686747,920
49.528302,-76.686747,946
50.528302,-76.686747,1439
52.528302,-76.686747,1492
53.528302,-75.686747,1495
58.528302,-71.686747,1519
61.528302,-68.686747,1548
61.528302,-67.686747,1551
62.528302,-66.686747,1575
63.528302,-65.686747,1603
63.528302,-64.686747,1632
64.528302,-64.686747,1825
69.528302,-64.686747,1853
70.528302,-67.686747,1856
77.528302,-71.686747,1884
78.528302,-72.686747,1887
80.528302,-73.686747,1913
BREAK
