START
34.877358,-18.702811,0
34.877358,-19.702811,388
34.877358,-20.702811,427
34.877358,-21.702811,467
34.877358,-22.702811,487
34.877358,-23.702811,527
34.877358,-24.702811,576
34.877358,-25.702811,636
34.877358,-27.702811,676
34.877358,-28.702811,716
34.877358,-29.702811,755
34.877358,-30.702811,795
34.877358,-31.702811,835
34.877358,-32.702811,875
34.877358,-33.702811,944
35.877358,-33.702811,954
35.877358,-35.702811,974
35.877358,-36.702811,994
35.877358,-37.702811,1014
35.877358,-38.702811,1044
35.877358,-39.702811,1064
35.877358,-40.702811,1093
35.877358,-41.702811,1253
35.877358,-43.702811,1302
35.877358,-44.702811,1641
35.877358,-45.702811,1660
35.877358,-46.702811,1680
35.877358,-48.702811,1700
35.877358,-50.702811,1710
35.877358,-51.702811,1720
35.877358,-52.702811,1730
35.877358,-53.702811,1799
35.877358,-54.702811,2049
35.877358,-55.702811,2068
35.877358,-56.702811,2108
35.877358,-57.702811,2157
35.877358,-59.702811,2297
35.877358,-60.702811,2326
35.877358,-61.702811,2357
35.877358,-62.702811,2386
35.877358,-63.702811,2615
35.877358,-64.702811,2654
35.877358,-65.702811,2824
35.877358,-67.702811,3422
35.877358,-68.702811,3462
35.877358,-69.702811,3501
35.877358,-70.702811,3511
35.877358,-71.702811,3551
35.877358,-72.702811,3591
35.877358,-73.702811,3820
35.877358,-75.702811,3849
35.877358,-76.702811,4347
35.877358,-77.702811,4714
35.877358,-78.702811,4963
BREAK
63.877358,-18.702811,11003
63.877358,-19.702811,11271
63.877358,-20.702811,11311
63.877358,-21.702811,11351
63.877358,-22.702811,11510
63.877358,-23.702811,11540
63.877358,-24.702811,11610
63.877358,-25.702811,11669
63.877358,-27.702811,11709
63.877358,-28.702811,11769
63.877358,-29.702811,11848
63.877358,-30.702811,11928
63.877358,-31.702811,11978
61.877358,-31.702811,12017
61.877358,-32.702811,12048
60.877358,-32.702811,12365
60.877358,-33.702811,12385
59.877358,-33.702811,12395
59.877358,-35.702811,12415
58.877358,-35.702811,12495
58.877358,-36.702811,12514
57.877358,-36.702811,12703
56.877358,-36.702811,12743
55.877358,-37.702811,13002
53.877358,-37.702811,13022
53.877358,-38.702811,13041
52.877358,-38.702811,13061
51.877358,-38.702811,13260
50.877358,-39.702811,13280
49.877358,-39.702811,13290
48.877358,-39.702811,13300
48.877358,-40.702811,13310
47.877358,-40.702811,13320
45.877358,-40.702811,13340
45.877358,-41.702811,13916
44.877358,-41.702811,13946
43.877358,-41.702811,13956
43.877358,-43.702811,13976
42.877358,-43.702811,13986
41.877358,-43.702811,14105
41.877358,-44.702811,14324
40.877358,-44.702811,15129
BREAK
38.877358,-42.702811,18558
38.877358,-43.702811,18737
39.877358,-43.702811,18756
40.877358,-44.702811,18776
41.877358,-44.702811,18796
42.877358,-44.702811,18975
42.877358,-45.702811,18985
43.877358,-45.702811,19005
44.877358,-45.702811,19035
45.877358,-45.702811,19075
47.877358,-45.702811,19124
47.877358,-46.702811,19253
48.877358,-46.702811,19283
49.877358,-46.702811,19293
50.877358,-46.702811,19323
51.877358,-47.702811,19333
52.877358,-47.702811,19353
53.877358,-47.702811,19383
55.877358,-47.702811,19432
55.877358,-48.702811,19452
56.877358,-48.702811,19472
57.877358,-48.702811,19504
57.877358,-49.702811,19513
58.877358,-49.702811,19563
59.877358,-51.702811,19663
59.877358,-52.702811,19742
60.877358,-52.702811,19762
60.877358,-53.702811,19782
60.877358,-54.702811,20584
60.877358,-55.702811,20624
60.877358,-56.702811,20684
60.877358,-57.702811,20723
60.877358,-59.702811,20783
61.877358,-60.702811,20823
63.877358,-60.702811,20853
63.877358,-61.702811,20862
63.877358,-62.702811,20902
63.877358,-63.702811,21042
64.877358,-63.702811,21061
64.877358,-64.702811,21081
64.877358,-65.702811,21111
64.877358,-67.702811,21151
64.877358,-68.702811,21191
64.877358,-69.702811,21231
65.877358,-70.702811,21271
65.877358,-71.702811,21301
65.877358,-72.702811,21470
65.877358,-73.702811,21520
66.877358,-73.702811,21569
66.877358,-74.702811,21828
66.877358,-76.702811,21868
BREAK
