START
24.21252,-26.280161,0
23.507913,-26.280161,39
23.507913,-26.984768,159
22.803306,-26.984768,183
22.803306,-27.689375,239
22.098699,-28.393982,255
22.098699,-29.098589,287
22.098699,-29.803197,327
21.394092,-30.507804,367
21.394092,-31.212411,383
21.394092,-31.917018,399
21.394092,-32.621625,423
21.394092,-33.326232,431
21.394092,-34.030839,447
21.394092,-34.735446,463
21.394092,-35.440053,487
21.394092,-36.14466,511
21.394092,-36.849267,527
21.394092,-37.553874,543
21.394092,-38.258481,566
21.394092,-39.667695,590
21.394092,-40.372302,614
22.098699,-41.076909,631
22.803306,-41.781516,639
23.507913,-42.486123,655
23.507913,-43.19073,663
24.21252,-43.895337,671
24.917127,-43.895337,679
25.621734,-44.599944,695
26.326341,-44.599944,711
27.030948,-45.304552,719
27.735555,-46.009159,727
29.144769,-46.009159,735
30.553983,-46.009159,743
31.25859,-46.713766,751
31.963197,-46.713766,759
32.667804,-46.713766,775
33.372411,-46.713766,791
34.077018,-46.713766,799
34.781626,-46.713766,807
36.19084,-46.713766,823
36.895447,-46.713766,839
37.600054,-46.009159,855
38.304661,-46.009159,871
39.009268,-46.009159,879
39.713875,-45.304552,887
40.418482,-44.599944,903
41.123089,-43.895337,911
41.827696,-43.895337,927
41.827696,-43.19073,935
43.23691,-43.19073,943
43.23691,-42.486123,951
43.23691,-41.781516,959
43.941517,-41.781516,967
44.646124,-41.076909,983
45.350731,-40.372302,991
45.350731,-39.667695,999
46.055338,-39.667695,1007
46.055338,-38.963088,1015
46.759945,-38.963088,1023
47.464552,-38.258481,1031
48.169159,-37.553874,1047
48.169159,-36.849267,1055
48.873766,-36.14466,1063
49.578373,-36.14466,1071
49.578373,-35.440053,1079
50.282981,-34.735446,1087
50.282981,-34.030839,1095
50.987588,-34.030839,1103
51.692195,-33.326232,1111
51.692195,-32.621625,1119
52.396802,-31.917018,1136
52.396802,-31.212411,1143
53.101409,-31.212411,1151
53.806016,-30.507804,1168
54.510623,-30.507804,1175
55.21523,-29.803197,1191
55.919837,-29.803197,1207
55.919837,-29.098589,1215
56.624444,-29.098589,1223
56.624444,-28.393982,1239
57.329051,-28.393982,1255
58.033658,-28.393982,1279
58.738265,-28.393982,1295
59.442872,-28.393982,1303
60.147479,-28.393982,1319
60.852086,-27.689375,1335
61.556693,-27.689375,1343
62.2613,-27.689375,1359
62.965907,-27.689375,1375
64.375121,-27.689375,1391
66.488943,-27.689375,1407
67.898157,-28.393982,1415
69.307371,-28.393982,1423
70.011978,-28.393982,1431
70.716585,-29.098589,1439
72.125799,-29.098589,1447
72.830406,-29.803197,1455
73.535013,-29.803197,1463
74.944227,-29.803197,1471
75.648834,-29.803197,1480
77.058048,-29.803197,1487
78.467262,-30.507804,1495
79.876476,-31.212411,1503
81.285691,-31.212411,1511
81.990298,-31.212411,1519
82.694905,-31.917018,1527
83.399512,-31.917018,1535
84.104119,-31.917018,1552
84.808726,-32.621625,1560
85.513333,-32.621625,1568
86.21794,-32.621625,1584
86.922547,-32.621625,1600
87.627154,-32.621625,1623
87.627154,-33.326232,1632
88.331761,-33.326232,1656
89.036368,-33.326232,1672
89.036368,-34.030839,1680
89.740975,-34.030839,1688
89.740975,-34.735446,1696
90.445582,-35.440053,1736
90.445582,-36.14466,1766
91.150189,-36.14466,1774
91.150189,-36.849267,1782
91.150189,-37.553874,1806
91.150189,-38.258481,1822
91.150189,-38.963088,1830
91.150189,-39.667695,1854
91.150189,-40.372302,1896
90.445582,-40.372302,1920
89.740975,-40.372302,1944
89.036368,-41.076909,1960
88.331761,-41.076909,1968
88.331761,-41.781516,1984
87.627154,-41.781516,1992
86.922547,-41.781516,2000
86.21794,-41.781516,2024
84.808726,-41.781516,2040
84.104119,-41.781516,2056
83.399512,-42.486123,2064
82.694905,-42.486123,2072
81.990298,-42.486123,2080
81.285691,-42.486123,2088
80.581083,-42.486123,2096
79.876476,-42.486123,2128
79.171869,-42.486123,2168
79.171869,-43.19073,2176
BREAK
14.348021,-63.624335,3303
15.052628,-64.328942,3387
17.166449,-65.738156,3423
17.166449,-66.442763,3430
17.871056,-66.442763,3454
18.575663,-66.442763,3487
18.575663,-67.14737,3495
19.28027,-67.14737,3502
19.28027,-67.851977,3511
19.984878,-67.851977,3535
20.689485,-67.851977,3551
21.394092,-67.851977,3575
22.098699,-67.851977,3591
22.803306,-68.556584,3607
24.21252,-68.556584,3623
24.917127,-68.556584,3639
26.326341,-68.556584,3655
27.030948,-68.556584,3671
27.735555,-68.556584,3687
28.440162,-67.851977,3695
29.144769,-67.14737,3727
29.849376,-67.14737,3743
29.849376,-66.442763,3759
30.553983,-65.738156,3775
30.553983,-65.033549,3782
31.25859,-65.033549,3791
31.25859,-64.328942,3799
31.963197,-64.328942,3807
31.963197,-63.624335,3815
32.667804,-63.624335,3823
32.667804,-62.919728,3831
33.372411,-62.215121,3847
34.077018,-61.510514,3879
34.781626,-61.510514,3887
35.486233,-61.510514,3919
36.19084,-60.805907,3927
37.600054,-60.805907,3935
38.304661,-60.1013,3943
39.009268,-60.1013,3951
39.713875,-60.1013,3959
40.418482,-60.1013,3975
41.123089,-60.1013,3999
41.827696,-60.1013,4007
42.532303,-60.1013,4047
43.23691,-60.1013,4095
43.941517,-60.1013,4111
44.646124,-60.1013,4119
45.350731,-60.1013,4143
46.055338,-60.1013,4167
46.759945,-60.1013,4183
47.464552,-60.1013,4215
48.169159,-60.805907,4247
48.873766,-61.510514,4263
48.873766,-62.215121,4279
49.578373,-62.215121,4287
50.282981,-62.919728,4303
50.987588,-62.919728,4311
50.987588,-63.624335,4319
51.692195,-65.033549,4335
52.396802,-65.738156,4351
52.396802,-66.442763,4367
52.396802,-67.14737,4375
53.101409,-67.14737,4383
53.101409,-67.851977,4399
53.101409,-68.556584,4415
53.806016,-69.261191,4431
54.510623,-69.965798,4463
55.21523,-70.670405,4487
55.21523,-71.375012,4511
55.919837,-71.375012,4519
56.624444,-71.375012,4607
57.329051,-71.375012,4631
58.033658,-71.375012,4646
58.033658,-70.670405,4654
58.738265,-70.670405,4662
59.442872,-69.965798,4670
59.442872,-69.261191,4678
60.147479,-68.556584,4694
60.852086,-67.851977,4718
60.852086,-66.442763,4736
61.556693,-66.442763,4743
62.2613,-65.738156,4751
62.2613,-65.033549,4767
62.965907,-65.033549,4775
63.670514,-64.328942,4791
63.670514,-63.624335,4799
64.375121,-62.919728,4823
65.079728,-62.919728,4839
65.079728,-62.215121,4847
65.784336,-62.215121,4855
66.488943,-62.215121,4863
66.488943,-61.510514,4871
67.19355,-61.510514,4880
67.898157,-60.805907,4887
68.602764,-60.805907,4903
69.307371,-60.805907,4927
70.011978,-60.805907,4944
70.716585,-60.805907,4959
71.421192,-60.805907,4992
72.125799,-60.805907,5031
72.830406,-60.805907,5039
73.535013,-60.805907,5063
73.535013,-61.510514,5079
74.23962,-61.510514,5087
74.23962,-62.215121,5103
74.944227,-62.215121,5111
75.648834,-62.919728,5119
75.648834,-63.624335,5136
76.353441,-64.328942,5143
77.058048,-65.033549,5159
77.762655,-65.033549,5167
78.467262,-65.738156,5183
79.171869,-66.442763,5199
79.876476,-67.14737,5224
80.581083,-67.14737,5232
81.285691,-67.14737,5247
81.990298,-67.14737,5263
82.694905,-67.14737,5272
83.399512,-67.14737,5296
83.399512,-67.851977,5304
84.104119,-67.851977,5311
84.808726,-67.851977,5328
85.513333,-67.851977,5352
86.21794,-67.851977,5375
86.922547,-67.851977,5392
87.627154,-67.851977,5407
88.331761,-67.14737,5424
89.036368,-67.14737,5440
89.036368,-66.442763,5447
89.740975,-66.442763,5456
89.740975,-65.738156,5464
90.445582,-65.738156,5488
91.150189,-65.033549,5504
91.854796,-64.328942,5528
92.559403,-63.624335,5536
93.26401,-62.919728,5560
93.968617,-62.919728,5576
93.968617,-62.215121,5584
94.673224,-62.215121,5600
93.968617,-61.510514,5816
BREAK
