START
35.877358,-41.702811,0
35.877358,-40.702811,192
36.877358,-40.702811,204
36.877358,-39.702811,215
37.877358,-38.702811,226
38.877358,-38.702811,237
39.877358,-37.702811,248
40.877358,-36.702811,271
40.877358,-35.702811,282
42.877358,-34.702811,293
43.877358,-34.702811,304
44.877358,-33.702811,315
46.877358,-31.702811,326
47.877358,-31.702811,348
47.877358,-30.702811,381
48.877358,-30.702811,403
48.877358,-29.702811,414
49.877358,-29.702811,425
50.877358,-29.702811,436
51.877358,-29.702811,447
51.877358,-28.702811,458
51.877358,-27.702811,469
52.877358,-27.702811,497
53.877358,-27.702811,519
55.877358,-28.702811,530
57.877358,-29.702811,541
59.877358,-29.702811,552
61.877358,-30.702811,563
62.877358,-30.702811,574
63.877358,-30.702811,585
64.877358,-31.702811,596
65.877358,-32.702811,642
66.877358,-33.702811,665
67.877358,-34.702811,676
68.877358,-35.702811,687
69.877358,-36.702811,715
69.877358,-37.702811,726
69.877358,-38.702811,749
69.877358,-40.702811,771
69.877358,-41.702811,793
69.877358,-42.702811,804
68.877358,-44.702811,827
68.877358,-45.702811,857
68.877358,-47.702811,879
70.877358,-48.702811,890
70.877358,-49.702811,914
70.877358,-50.702811,925
71.877358,-50.702811,936
70.877358,-51.702811,947
69.877358,-51.702811,958
69.877358,-52.702811,980
69.877358,-53.702811,995
69.877358,-54.702811,1022
67.877358,-54.702811,1033
67.877358,-55.702811,1055
67.877358,-56.702811,1081
66.877358,-56.702811,1092
65.877358,-56.702811,1103
64.877358,-56.702811,1114
64.877358,-57.702811,1130
64.877358,-58.702811,1141
64.877358,-59.702811,1152
63.877358,-60.702811,1163
62.877358,-61.702811,1174
62.877358,-62.702811,1186
60.877358,-62.702811,1197
60.877358,-63.702811,1208
59.877358,-63.702811,1230
59.877358,-64.702811,1241
58.877358,-64.702811,1253
57.877358,-64.702811,1265
57.877358,-65.702811,1293
56.877358,-65.702811,1308
55.877358,-65.702811,1319
55.877358,-66.702811,1330
55.877358,-67.702811,1355
54.877358,-67.702811,1369
54.877358,-68.702811,1404
53.877358,-68.702811,1423
52.877358,-68.702811,1449
52.877358,-69.702811,1475
51.877358,-69.702811,1486
50.877358,-69.702811,1500
49.877358,-69.702811,1542
48.877358,-69.702811,1553
47.877358,-69.702811,1598
46.877358,-69.702811,1618
45.877358,-69.702811,1663
44.877358,-69.702811,1706
43.877358,-69.702811,1734
42.877358,-68.702811,1746
42.877358,-67.702811,1779
41.877358,-67.702811,1834
41.877358,-66.702811,1847
40.877358,-66.702811,1858
40.877358,-65.702811,1873
39.877358,-65.702811,1892
39.877358,-64.702811,1919
39.877358,-63.702811,1930
38.877358,-63.702811,1941
37.877358,-62.702811,1955
37.877358,-61.702811,1963
37.877358,-60.702811,1989
37.877358,-59.702811,2015
36.877358,-58.702811,2037
35.877358,-57.702811,2048
35.877358,-56.702811,2070
33.877358,-54.702811,2081
33.877358,-53.702811,2109
33.877358,-52.702811,2120
31.877358,-51.702811,2131
31.877358,-49.702811,2153
31.877358,-48.702811,2177
30.877358,-48.702811,2188
30.877358,-47.702811,2202
30.877358,-46.702811,2264
30.877358,-45.702811,2275
31.877358,-44.702811,2353
31.877358,-43.702811,2364
31.877358,-42.702811,2386
31.877358,-41.702811,2426
31.877358,-40.702811,2437
32.877358,-40.702811,2448
32.877358,-38.702811,2459
33.877358,-37.702811,2481
33.877358,-36.702811,2492
33.877358,-35.702811,2530
33.877358,-34.702811,2541
34.877358,-34.702811,2570
34.877358,-33.702811,2605
34.877358,-32.702811,2616
35.877358,-32.702811,2640
35.877358,-31.702811,2679
35.877358,-30.702811,2732
36.877358,-30.702811,2793
37.877358,-30.702811,2817
38.877358,-30.702811,2839
39.877358,-30.702811,2850
40.877358,-30.702811,2861
41.877358,-30.702811,2872
42.877358,-30.702811,2883
43.877358,-30.702811,2966
44.877358,-30.702811,3030
45.877358,-30.702811,3040
46.877358,-30.702811,3052
47.877358,-30.702811,3145
BREAK
