START
28.089463,-35.505854,0
29.055564,-35.505854,47
30.987768,-35.505854,55
31.95387,-35.505854,63
34.852175,-35.505854,71
36.784378,-34.539752,82
40.648785,-34.539752,92
45.479293,-34.539752,102
53.208107,-34.539752,111
58.038615,-34.539752,119
61.903022,-34.539752,130
64.801327,-34.539752,139
67.699632,-34.539752,150
70.597937,-34.539752,159
71.564039,-34.539752,167
72.530141,-34.539752,179
73.496242,-34.539752,238
74.462344,-34.539752,248
76.394547,-34.539752,260
78.326751,-34.539752,269
80.258954,-34.539752,281
85.089463,-34.539752,288
87.021666,-34.539752,295
88.95387,-34.539752,305
90.886073,-34.539752,316
91.852175,-34.539752,326
92.818276,-34.539752,335
BREAK
59.970819,-34.539752,986
59.970819,-40.336362,987
59.970819,-42.268566,992
59.970819,-43.234667,1001
59.970819,-44.200769,1009
59.970819,-46.132973,1020
59.970819,-47.099074,1030
59.970819,-48.065176,1038
59.970819,-49.031278,1047
59.970819,-49.997379,1067
59.970819,-50.963481,1077
59.970819,-51.929583,1087
60.93692,-52.895684,1095
60.93692,-53.861786,1103
60.93692,-54.827888,1114
60.93692,-55.79399,1123
60.93692,-56.760091,1134
60.93692,-58.692295,1144
60.93692,-59.658396,1162
60.93692,-60.624498,1174
60.93692,-61.5906,1183
59.970819,-62.556701,1193
59.970819,-63.522803,1199
59.970819,-64.488905,1210
59.970819,-65.455006,1230
59.970819,-68.353312,1239
59.970819,-69.319413,1258
59.970819,-70.285515,1279
59.970819,-71.251617,1287
59.970819,-72.217718,1297
59.970819,-73.18382,1307
59.970819,-74.149922,1327
59.970819,-75.116023,1337
59.004717,-77.048227,1358
59.004717,-78.014329,1367
59.004717,-78.98043,1375
59.004717,-79.946532,1383
59.004717,-80.912634,1394
59.004717,-81.878735,1404
59.004717,-82.844837,1423
59.004717,-83.810939,1434
59.004717,-84.77704,1464
59.004717,-85.743142,1495
59.004717,-86.709244,1523
58.038615,-85.743142,1703
58.038615,-84.77704,1714
58.038615,-83.810939,1724
56.106412,-82.844837,1734
56.106412,-80.912634,1743
55.14031,-79.946532,1751
54.174209,-78.98043,1771
54.174209,-78.014329,1782
53.208107,-76.082125,1791
52.242005,-76.082125,1799
52.242005,-75.116023,1810
51.275903,-75.116023,1830
50.309802,-73.18382,1839
49.3437,-72.217718,1847
48.377598,-72.217718,1858
48.377598,-71.251617,1868
47.411497,-70.285515,1878
47.411497,-69.319413,1887
46.445395,-69.319413,1898
45.479293,-69.319413,1908
45.479293,-68.353312,1918
44.513192,-66.421108,1927
43.54709,-65.455006,1936
42.580988,-63.522803,1946
41.614886,-62.556701,1956
40.648785,-62.556701,1966
38.716581,-61.5906,1975
38.716581,-60.624498,1983
37.75048,-59.658396,1994
37.75048,-58.692295,2005
35.818276,-57.726193,2015
35.818276,-55.79399,2023
35.818276,-54.827888,2031
33.886073,-53.861786,2042
32.919971,-51.929583,2063
31.95387,-51.929583,2071
31.95387,-50.963481,2092
30.987768,-50.963481,2291
30.021666,-50.963481,2311
29.055564,-50.963481,2319
28.089463,-51.929583,2327
27.123361,-51.929583,2338
27.123361,-52.895684,2349
26.157259,-51.929583,2358
24.225056,-51.929583,2367
23.258954,-51.929583,2387
23.258954,-52.895684,2447
23.258954,-53.861786,2456
23.258954,-54.827888,2475
22.292853,-54.827888,2485
22.292853,-55.79399,2495
22.292853,-56.760091,2505
22.292853,-57.726193,2533
22.292853,-58.692295,2543
22.292853,-59.658396,2563
22.292853,-60.624498,2583
21.326751,-61.5906,2591
21.326751,-62.556701,2603
21.326751,-64.488905,2631
21.326751,-65.455006,2651
21.326751,-66.421108,2661
21.326751,-67.38721,2679
21.326751,-68.353312,2688
21.326751,-69.319413,2727
21.326751,-70.285515,2747
22.292853,-70.285515,2776
23.258954,-71.251617,2835
24.225056,-72.217718,2856
25.191158,-72.217718,2875
26.157259,-73.18382,2906
26.157259,-74.149922,2943
27.123361,-74.149922,2963
28.089463,-72.217718,3031
29.055564,-72.217718,3041
30.021666,-72.217718,3062
30.987768,-72.217718,3072
31.95387,-71.251617,3079
31.95387,-70.285515,3167
31.95387,-69.319413,3197
31.95387,-68.353312,3215
32.919971,-68.353312,3245
31.95387,-68.353312,3455
31.95387,-67.38721,3605
30.987768,-67.38721,3615
BREAK
