START
76.108491,-23.281124,0
76.108491,-24.281124,391
76.108491,-25.281124,415
76.108491,-26.281124,431
76.108491,-27.281124,447
76.108491,-28.281124,463
76.108491,-29.281124,647
76.108491,-30.281124,671
76.108491,-31.281124,679
76.108491,-32.281124,695
77.108491,-32.281124,719
76.108491,-32.281124,735
76.108491,-34.281124,887
75.108491,-35.281124,903
75.108491,-36.281124,919
75.108491,-37.281124,935
75.108491,-38.281124,943
75.108491,-39.281124,1087
75.108491,-40.281124,1095
75.108491,-41.281124,1111
75.108491,-42.281124,1127
75.108491,-43.281124,1159
75.108491,-44.281124,1239
75.108491,-45.281124,1247
75.108491,-46.281124,1263
75.108491,-47.281124,1287
75.108491,-48.281124,1303
75.108491,-49.281124,1319
75.108491,-50.281124,1423
75.108491,-51.281124,1447
75.108491,-52.281124,1463
75.108491,-53.281124,1471
75.108491,-54.281124,1591
75.108491,-55.281124,1607
75.108491,-56.281124,1623
75.108491,-57.281124,1631
75.108491,-58.281124,1647
75.108491,-59.281124,1671
75.108491,-60.281124,1705
75.108491,-61.281124,1743
75.108491,-62.281124,1775
75.108491,-63.281124,1815
75.108491,-64.281124,1839
75.108491,-65.281124,1887
75.108491,-66.281124,1943
75.108491,-67.281124,1968
75.108491,-68.281124,1984
75.108491,-69.281124,2000
76.108491,-69.281124,2023
75.108491,-69.281124,2032
75.108491,-70.281124,2055
74.108491,-70.281124,2064
74.108491,-71.281124,2088
74.108491,-72.281124,2103
74.108491,-73.281124,2119
73.108491,-74.281124,2151
72.108491,-74.281124,2168
72.108491,-75.281124,2192
72.108491,-76.281124,2216
72.108491,-77.281124,2232
71.108491,-77.281124,2248
71.108491,-78.281124,2280
71.108491,-79.281124,2320
71.108491,-80.281124,2352
71.108491,-81.281124,2368
71.108491,-82.281124,2400
70.108491,-82.281124,2440
69.108491,-82.281124,2455
68.108491,-81.281124,2504
68.108491,-82.281124,2552
67.108491,-82.281124,2560
66.108491,-83.281124,2584
65.108491,-83.281124,2616
64.108491,-83.281124,2624
64.108491,-84.281124,2631
63.108491,-84.281124,2679
62.108491,-84.281124,2728
62.108491,-85.281124,2743
61.108491,-85.281124,2752
60.108491,-85.281124,2768
59.108491,-85.281124,2839
58.108491,-85.281124,2887
57.108491,-85.281124,2974
56.108491,-85.281124,2990
55.108491,-84.281124,3055
54.108491,-83.281124,3160
53.108491,-83.281124,3248
52.108491,-83.281124,3264
52.108491,-82.281124,3288
51.108491,-82.281124,3352
51.108491,-81.281124,3392
49.108491,-80.281124,3399
48.108491,-79.281124,3407
46.108491,-77.281124,3423
45.108491,-77.281124,3431
44.108491,-76.281124,3439
44.108491,-75.281124,3447
43.108491,-74.281124,3455
43.108491,-73.281124,3576
43.108491,-72.281124,3584
43.108491,-71.281124,3600
43.108491,-70.281124,3608
43.108491,-69.281124,3624
42.108491,-68.281124,3640
43.108491,-67.281124,3832
43.108491,-66.281124,3840
43.108491,-65.281124,3848
43.108491,-64.281124,3864
43.108491,-63.281124,3888
43.108491,-62.281124,3904
44.108491,-62.281124,4040
44.108491,-61.281124,4048
44.108491,-60.281124,4184
45.108491,-60.281124,4200
46.108491,-60.281124,4296
46.108491,-59.281124,4392
47.108491,-59.281124,4400
BREAK
47.108491,-21.281124,6176
47.108491,-22.281124,6423
47.108491,-23.281124,6439
47.108491,-24.281124,6455
47.108491,-25.281124,6472
47.108491,-26.281124,6623
46.108491,-25.281124,6647
46.108491,-26.281124,6671
46.108491,-27.281124,6703
45.108491,-27.281124,6735
45.108491,-28.281124,6743
45.108491,-29.281124,6775
45.108491,-30.281124,6831
45.108491,-31.281124,6871
45.108491,-32.281124,6887
45.108491,-33.281124,6911
46.108491,-34.281124,6919
46.108491,-35.281124,6959
46.108491,-36.281124,6983
47.108491,-36.281124,7007
47.108491,-37.281124,7023
47.108491,-38.281124,7040
48.108491,-39.281124,7072
49.108491,-40.281124,7207
50.108491,-40.281124,7224
50.108491,-41.281124,7231
51.108491,-42.281124,7239
52.108491,-43.281124,7256
53.108491,-44.281124,7279
54.108491,-45.281124,7288
55.108491,-46.281124,7304
56.108491,-46.281124,7327
57.108491,-47.281124,7456
58.108491,-47.281124,7463
60.108491,-48.281124,7472
61.108491,-48.281124,7480
62.108491,-48.281124,7488
63.108491,-49.281124,7496
64.108491,-49.281124,7504
65.108491,-49.281124,7512
66.108491,-49.281124,7528
67.108491,-49.281124,7608
67.108491,-48.281124,7672
68.108491,-48.281124,7680
70.108491,-48.281124,7688
71.108491,-48.281124,7695
72.108491,-48.281124,7704
73.108491,-47.281124,7711
74.108491,-47.281124,7728
BREAK
