START
43.108491,-16.281124,0
42.108491,-16.281124,90
42.108491,-17.281124,98
41.108491,-18.281124,187
40.108491,-19.281124,194
40.108491,-20.281124,211
39.108491,-21.281124,227
39.108491,-22.281124,243
38.108491,-23.281124,259
38.108491,-24.281124,275
38.108491,-25.281124,283
37.108491,-25.281124,299
37.108491,-26.281124,307
37.108491,-27.281124,331
37.108491,-28.281124,347
36.108491,-28.281124,371
36.108491,-29.281124,387
36.108491,-30.281124,412
36.108491,-31.281124,435
37.108491,-31.281124,443
38.108491,-31.281124,459
39.108491,-32.281124,483
40.108491,-32.281124,507
41.108491,-32.281124,523
41.108491,-33.281124,531
42.108491,-33.281124,555
43.108491,-33.281124,611
43.108491,-34.281124,627
44.108491,-34.281124,635
45.108491,-34.281124,683
46.108491,-34.281124,715
47.108491,-34.281124,731
47.108491,-35.281124,739
48.108491,-35.281124,787
49.108491,-35.281124,819
50.108491,-35.281124,858
51.108491,-35.281124,899
52.108491,-35.281124,1019
53.108491,-35.281124,1067
53.108491,-34.281124,1075
54.108491,-34.281124,1107
55.108491,-34.281124,1139
55.108491,-33.281124,1148
BREAK
59.108491,-13.281124,2003
59.108491,-14.281124,2058
59.108491,-15.281124,2074
59.108491,-17.281124,2082
59.108491,-18.281124,2090
59.108491,-19.281124,2098
59.108491,-20.281124,2106
58.108491,-21.281124,2114
58.108491,-22.281124,2122
58.108491,-23.281124,2130
58.108491,-24.281124,2138
58.108491,-26.281124,2146
58.108491,-27.281124,2154
58.108491,-28.281124,2162
58.108491,-29.281124,2170
58.108491,-30.281124,2178
58.108491,-31.281124,2186
58.108491,-32.281124,2202
58.108491,-33.281124,2218
58.108491,-34.281124,2226
58.108491,-35.281124,2234
58.108491,-36.281124,2250
58.108491,-37.281124,2259
58.108491,-38.281124,2267
58.108491,-39.281124,2274
58.108491,-40.281124,2282
58.108491,-41.281124,2290
58.108491,-42.281124,2299
58.108491,-43.281124,2306
58.108491,-44.281124,2322
58.108491,-45.281124,2330
58.108491,-46.281124,2346
58.108491,-47.281124,2354
58.108491,-48.281124,2362
58.108491,-49.281124,2371
58.108491,-51.281124,2378
58.108491,-52.281124,2386
58.108491,-53.281124,2394
58.108491,-54.281124,2402
58.108491,-55.281124,2410
59.108491,-56.281124,2418
59.108491,-57.281124,2435
59.108491,-58.281124,2459
59.108491,-59.281124,2483
59.108491,-60.281124,2507
58.108491,-60.281124,2547
58.108491,-61.281124,2554
58.108491,-62.281124,2571
57.108491,-63.281124,2587
57.108491,-64.281124,2610
56.108491,-65.281124,2635
56.108491,-66.281124,2651
55.108491,-67.281124,2667
55.108491,-68.281124,2675
54.108491,-69.281124,2691
54.108491,-70.281124,2699
53.108491,-71.281124,2707
53.108491,-72.281124,2723
52.108491,-73.281124,2739
51.108491,-73.281124,2763
51.108491,-74.281124,2771
50.108491,-74.281124,2803
49.108491,-75.281124,2811
49.108491,-76.281124,2835
47.108491,-76.281124,2875
46.108491,-76.281124,2899
46.108491,-77.281124,2907
45.108491,-78.281124,2931
44.108491,-78.281124,2939
43.108491,-78.281124,2963
42.108491,-78.281124,2995
41.108491,-78.281124,3019
40.108491,-78.281124,3051
39.108491,-78.281124,3075
38.108491,-78.281124,3099
37.108491,-78.281124,3115
36.108491,-78.281124,3155
36.108491,-77.281124,3163
34.108491,-77.281124,3187
33.108491,-76.281124,3211
32.108491,-76.281124,3227
32.108491,-75.281124,3251
31.108491,-74.281124,3315
30.108491,-74.281124,3339
30.108491,-73.281124,3347
30.108491,-72.281124,3371
30.108491,-71.281124,3387
30.108491,-70.281124,3411
29.108491,-69.281124,3427
29.108491,-68.281124,3443
29.108491,-67.281124,3451
29.108491,-66.281124,3468
29.108491,-65.281124,3499
29.108491,-64.281124,3539
30.108491,-64.281124,3587
30.108491,-63.281124,3595
31.108491,-63.281124,3619
31.108491,-62.281124,3627
31.108491,-61.281124,3643
32.108491,-61.281124,3659
32.108491,-60.281124,3667
32.108491,-59.281124,3691
33.108491,-59.281124,3699
33.108491,-58.281124,3708
BREAK
