START
44.870558,-15.7524,0
43.967005,-15.7524,192
43.063452,-15.7524,208
42.159898,-15.7524,224
41.256345,-15.7524,256
40.352792,-15.7524,272
39.449239,-15.7524,281
37.642132,-15.7524,288
36.738579,-15.7524,297
35.835025,-15.7524,304
34.931472,-15.7524,312
33.124365,-15.7524,320
32.220812,-16.655954,328
31.317259,-16.655954,336
30.413706,-16.655954,344
29.510152,-16.655954,352
28.606599,-16.655954,360
28.606599,-17.559507,384
27.703046,-17.559507,400
26.799492,-17.559507,416
25.895939,-17.559507,424
24.992386,-17.559507,504
24.088832,-18.46306,512
23.185279,-18.46306,520
23.185279,-19.366614,528
22.281726,-19.366614,536
22.281726,-20.270167,552
21.378173,-20.270167,568
21.378173,-21.17372,608
20.474619,-21.17372,624
19.571066,-22.077274,640
19.571066,-22.980827,648
19.571066,-23.88438,656
18.667513,-23.88438,664
18.667513,-25.691487,672
17.763959,-25.691487,681
17.763959,-26.59504,688
17.763959,-27.498593,697
16.860406,-28.402147,704
17.763959,-29.3057,752
17.763959,-30.209253,800
18.667513,-31.112807,824
18.667513,-32.01636,840
18.667513,-32.919913,864
18.667513,-33.823466,881
19.571066,-33.823466,888
19.571066,-34.72702,912
20.474619,-34.72702,928
20.474619,-35.630573,936
21.378173,-35.630573,952
21.378173,-36.534126,960
22.281726,-36.534126,976
22.281726,-37.43768,984
23.185279,-37.43768,992
24.088832,-38.341233,1000
24.992386,-38.341233,1040
25.895939,-39.244786,1072
26.799492,-39.244786,1081
27.703046,-40.14834,1088
29.510152,-40.14834,1096
31.317259,-40.14834,1112
31.317259,-41.051893,1120
32.220812,-41.051893,1128
33.124365,-41.051893,1136
34.027919,-41.051893,1144
34.931472,-41.051893,1160
35.835025,-41.051893,1192
36.738579,-41.051893,1216
37.642132,-41.051893,1224
38.545685,-41.051893,1232
38.545685,-40.14834,1240
39.449239,-40.14834,1256
40.352792,-40.14834,1272
41.256345,-40.14834,1320
42.159898,-40.14834,1376
43.063452,-39.244786,1392
43.967005,-40.14834,1400
43.967005,-39.244786,1408
43.967005,-40.14834,1456
43.967005,-39.244786,1480
43.063452,-39.244786,1600
42.159898,-39.244786,1608
41.256345,-39.244786,1616
40.352792,-40.14834,1624
39.449239,-40.14834,1632
38.545685,-40.14834,1640
36.738579,-40.14834,1649
35.835025,-40.14834,1656
34.931472,-41.051893,1665
33.124365,-41.051893,1672
31.317259,-41.955446,1680
29.510152,-42.858999,1688
27.703046,-42.858999,1696
26.799492,-43.762553,1704
25.895939,-43.762553,1712
24.992386,-44.666106,1720
24.088832,-44.666106,1728
24.088832,-45.569659,1744
23.185279,-45.569659,1760
22.281726,-45.569659,1768
21.378173,-46.473213,1784
19.571066,-46.473213,1792
19.571066,-47.376766,1800
17.763959,-47.376766,1811
17.763959,-48.280319,1816
16.860406,-48.280319,1824
15.956853,-48.280319,1832
15.956853,-49.183873,1840
15.956853,-50.087426,1976
16.860406,-50.087426,1992
16.860406,-50.990979,2000
17.763959,-51.894532,2008
17.763959,-50.990979,2016
17.763959,-51.894532,2032
17.763959,-52.798086,2040
18.667513,-52.798086,2049
19.571066,-53.701639,2056
20.474619,-54.605192,2072
21.378173,-55.508746,2080
22.281726,-56.412299,2088
23.185279,-57.315852,2104
24.088832,-58.219406,2112
24.992386,-59.122959,2136
24.992386,-60.026512,2144
25.895939,-60.930065,2160
26.799492,-61.833619,2168
26.799492,-60.930065,2176
26.799492,-62.737172,2184
27.703046,-63.640725,2192
27.703046,-64.544279,2200
28.606599,-64.544279,2208
28.606599,-65.447832,2216
29.510152,-66.351385,2232
30.413706,-67.254939,2272
31.317259,-67.254939,2304
32.220812,-68.158492,2320
33.124365,-68.158492,2344
33.124365,-69.062045,2360
34.027919,-69.062045,2368
34.931472,-69.062045,2376
35.835025,-69.965598,2384
36.738579,-69.965598,2400
37.642132,-69.965598,2416
38.545685,-70.869152,2424
39.449239,-70.869152,2433
40.352792,-70.869152,2440
41.256345,-71.772705,2449
42.159898,-71.772705,2456
43.967005,-71.772705,2465
45.774112,-72.676258,2472
46.677665,-71.772705,2480
47.581218,-71.772705,2488
48.484772,-72.676258,2496
49.388325,-71.772705,2505
50.291878,-71.772705,2512
52.098985,-71.772705,2520
53.002538,-71.772705,2528
54.809645,-71.772705,2536
55.713198,-71.772705,2544
56.616751,-71.772705,2552
57.520305,-71.772705,2616
58.423858,-71.772705,2633
59.327411,-71.772705,2640
60.230964,-71.772705,2649
61.134518,-71.772705,2656
62.038071,-71.772705,2665
62.941624,-71.772705,2672
63.845178,-71.772705,2680
64.748731,-71.772705,2696
64.748731,-70.869152,2704
65.652284,-70.869152,2721
67.459391,-69.965598,2728
68.362944,-69.965598,2744
69.266497,-69.062045,2752
70.170051,-69.062045,2760
71.977157,-68.158492,2768
72.880711,-68.158492,2792
72.880711,-67.254939,2800
74.687817,-67.254939,2816
74.687817,-66.351385,2833
75.591371,-66.351385,2840
76.494924,-65.447832,2850
77.398477,-64.544279,2856
80.109137,-64.544279,2865
81.01269,-63.640725,2872
81.01269,-62.737172,2880
81.916244,-62.737172,2888
82.819797,-62.737172,2912
82.819797,-61.833619,2928
83.72335,-60.930065,2936
84.626904,-60.026512,2944
85.530457,-60.026512,2952
87.337563,-58.219406,2960
88.241117,-57.315852,2968
90.048223,-56.412299,2976
90.951777,-55.508746,2984
90.951777,-54.605192,2992
90.951777,-53.701639,3000
91.85533,-53.701639,3008
91.85533,-52.798086,3017
91.85533,-51.894532,3024
92.758883,-52.798086,3033
92.758883,-51.894532,3040
92.758883,-50.990979,3049
93.662437,-50.087426,3056
93.662437,-49.183873,3072
94.56599,-48.280319,3096
94.56599,-47.376766,3104
95.469543,-47.376766,3128
95.469543,-46.473213,3137
95.469543,-45.569659,3144
95.469543,-44.666106,3152
96.373096,-44.666106,3169
96.373096,-43.762553,3177
96.373096,-42.858999,3185
96.373096,-41.955446,3192
97.27665,-41.955446,3201
97.27665,-41.051893,3208
96.373096,-39.244786,3217
96.373096,-38.341233,3233
96.373096,-37.43768,3256
96.373096,-36.534126,3272
96.373096,-35.630573,3288
96.373096,-34.72702,3304
96.373096,-33.823466,3320
96.373096,-32.919913,3328
96.373096,-32.01636,3345
96.373096,-31.112807,3368
95.469543,-30.209253,3385
95.469543,-29.3057,3393
95.469543,-28.402147,3417
94.56599,-27.498593,3424
94.56599,-26.59504,3441
93.662437,-25.691487,3457
93.662437,-24.787933,3466
93.662437,-23.88438,3473
92.758883,-23.88438,3481
92.758883,-22.980827,3489
92.758883,-22.077274,3496
91.85533,-21.17372,3505
90.951777,-20.270167,3521
90.951777,-19.366614,3537
90.048223,-18.46306,3553
89.14467,-17.559507,3569
88.241117,-17.559507,3577
86.43401,-15.7524,3585
85.530457,-15.7524,3593
84.626904,-14.848847,3601
83.72335,-13.945294,3609
82.819797,-13.945294,3625
81.916244,-13.041741,3641
81.01269,-12.138187,3649
80.109137,-12.138187,3657
79.205584,-12.138187,3666
78.30203,-11.234634,3673
77.398477,-11.234634,3705
76.494924,-11.234634,3713
74.687817,-12.138187,3721
73.784264,-12.138187,3737
72.880711,-11.234634,3793
72.880711,-12.138187,3801
71.073604,-12.138187,3811
69.266497,-13.041741,3817
67.459391,-13.945294,3825
65.652284,-13.945294,3834
64.748731,-14.848847,3841
63.845178,-15.7524,3850
62.038071,-15.7524,3857
61.134518,-16.655954,3865
60.230964,-17.559507,3881
59.327411,-18.46306,3897
59.327411,-19.366614,3913
59.327411,-20.270167,3937
58.423858,-20.270167,3945
58.423858,-21.17372,3953
58.423858,-22.077274,3961
58.423858,-22.980827,3977
58.423858,-23.88438,3985
59.327411,-24.787933,3993
59.327411,-25.691487,4001
59.327411,-26.59504,4009
59.327411,-27.498593,4018
60.230964,-28.402147,4025
60.230964,-29.3057,4041
60.230964,-30.209253,4057
61.134518,-31.112807,4081
61.134518,-32.01636,4201
62.038071,-32.919913,4218
62.038071,-33.823466,4225
62.038071,-34.72702,4241
62.941624,-34.72702,4250
63.845178,-34.72702,4377
64.748731,-34.72702,4385
65.652284,-34.72702,4393
66.555838,-34.72702,4401
69.266497,-34.72702,4427
70.170051,-34.72702,4437
71.073604,-34.72702,4450
71.977157,-34.72702,4457
74.687817,-33.823466,4465
76.494924,-33.823466,4473
77.398477,-33.823466,4481
78.30203,-32.919913,4489
79.205584,-32.919913,4497
80.109137,-32.919913,4505
81.01269,-32.919913,4513
81.916244,-32.919913,4521
82.819797,-32.01636,4529
83.72335,-32.01636,4537
84.626904,-32.01636,4545
85.530457,-32.01636,4561
86.43401,-32.01636,4569
86.43401,-31.112807,4577
87.337563,-31.112807,4593
88.241117,-31.112807,4602
89.14467,-31.112807,4618
89.14467,-30.209253,4634
90.048223,-30.209253,4641
90.951777,-30.209253,4657
91.85533,-30.209253,4665
91.85533,-29.3057,4673
92.758883,-29.3057,4681
93.662437,-29.3057,4705
94.56599,-29.3057,4729
94.56599,-28.402147,4769
95.469543,-28.402147,4777
95.469543,-27.498593,4785
96.373096,-28.402147,4793
96.373096,-27.498593,4802
97.27665,-27.498593,4812
97.27665,-26.59504,4818
98.180203,-25.691487,4841
98.180203,-26.59504,4850
98.180203,-25.691487,4857
99.083756,-27.498593,4873
99.083756,-25.691487,4882
BREAK
