START
45.774112,-23.88438,0
44.870558,-23.88438,111
43.967005,-23.88438,112
43.063452,-23.88438,127
42.159898,-23.88438,143
41.256345,-23.88438,144
40.352792,-23.88438,159
39.449239,-23.88438,160
38.545685,-23.88438,175
37.642132,-23.88438,176
35.835025,-23.88438,191
34.931472,-24.787933,206
34.027919,-24.787933,223
33.124365,-25.691487,224
32.220812,-26.59504,239
31.317259,-27.498593,240
30.413706,-28.402147,255
29.510152,-29.3057,256
28.606599,-29.3057,271
28.606599,-30.209253,272
26.799492,-31.112807,287
26.799492,-32.01636,302
26.799492,-32.919913,311
25.895939,-32.919913,312
24.992386,-33.823466,335
24.992386,-34.72702,336
24.992386,-35.630573,351
24.088832,-36.534126,352
24.088832,-37.43768,367
24.088832,-38.341233,383
24.088832,-39.244786,384
24.088832,-40.14834,399
24.088832,-41.051893,423
24.088832,-41.955446,439
24.088832,-42.858999,440
24.088832,-43.762553,455
24.992386,-43.762553,471
25.895939,-43.762553,487
26.799492,-43.762553,503
26.799492,-44.666106,519
27.703046,-44.666106,520
29.510152,-44.666106,535
30.413706,-44.666106,551
32.220812,-44.666106,552
33.124365,-44.666106,567
34.931472,-44.666106,568
35.835025,-44.666106,583
37.642132,-44.666106,584
38.545685,-44.666106,599
37.642132,-44.666106,735
36.738579,-44.666106,736
35.835025,-44.666106,751
34.027919,-45.569659,767
33.124365,-45.569659,783
33.124365,-46.473213,799
32.220812,-46.473213,800
32.220812,-47.376766,815
31.317259,-47.376766,816
30.413706,-47.376766,831
30.413706,-48.280319,847
29.510152,-48.280319,848
28.606599,-48.280319,863
27.703046,-49.183873,887
26.799492,-50.087426,903
25.895939,-51.894532,919
24.992386,-51.894532,920
24.992386,-52.798086,935
24.088832,-52.798086,936
23.185279,-53.701639,951
23.185279,-55.508746,967
23.185279,-56.412299,983
23.185279,-58.219406,984
23.185279,-59.122959,999
23.185279,-60.026512,1015
23.185279,-60.930065,1016
23.185279,-61.833619,1031
23.185279,-62.737172,1047
23.185279,-63.640725,1048
24.088832,-64.544279,1063
24.088832,-65.447832,1064
24.992386,-66.351385,1079
25.895939,-69.062045,1080
26.799492,-69.062045,1095
27.703046,-69.965598,1103
28.606599,-71.772705,1104
29.510152,-72.676258,1119
30.413706,-73.579812,1120
31.317259,-73.579812,1135
31.317259,-74.483365,1136
32.220812,-74.483365,1151
33.124365,-74.483365,1167
34.027919,-74.483365,1168
34.931472,-74.483365,1183
35.835025,-74.483365,1184
36.738579,-74.483365,1199
37.642132,-74.483365,1200
38.545685,-74.483365,1215
39.449239,-74.483365,1216
41.256345,-74.483365,1231
42.159898,-74.483365,1233
43.063452,-74.483365,1247
43.967005,-74.483365,1248
45.774112,-74.483365,1263
46.677665,-74.483365,1265
48.484772,-74.483365,1279
50.291878,-74.483365,1295
51.195431,-74.483365,1296
52.098985,-74.483365,1311
53.002538,-74.483365,1312
54.809645,-74.483365,1327
55.713198,-74.483365,1328
56.616751,-74.483365,1343
58.423858,-74.483365,1344
59.327411,-74.483365,1359
61.134518,-74.483365,1375
62.941624,-74.483365,1383
63.845178,-74.483365,1384
64.748731,-74.483365,1399
66.555838,-73.579812,1400
67.459391,-72.676258,1415
68.362944,-72.676258,1416
69.266497,-71.772705,1431
70.170051,-70.869152,1432
71.073604,-70.869152,1447
71.977157,-69.965598,1448
72.880711,-69.062045,1463
73.784264,-69.062045,1464
75.591371,-68.158492,1479
77.398477,-67.254939,1481
78.30203,-67.254939,1495
80.109137,-65.447832,1503
81.01269,-64.544279,1505
81.916244,-64.544279,1519
82.819797,-63.640725,1521
83.72335,-63.640725,1535
83.72335,-62.737172,1543
83.72335,-61.833619,1545
83.72335,-60.930065,1559
83.72335,-60.026512,1561
83.72335,-59.122959,1575
83.72335,-57.315852,1577
84.626904,-56.412299,1591
85.530457,-54.605192,1607
86.43401,-53.701639,1609
86.43401,-50.990979,1623
87.337563,-50.087426,1639
87.337563,-48.280319,1647
87.337563,-44.666106,1663
87.337563,-43.762553,1679
87.337563,-41.955446,1695
87.337563,-41.051893,1697
87.337563,-40.14834,1711
87.337563,-39.244786,1713
87.337563,-38.341233,1727
87.337563,-37.43768,1729
87.337563,-36.534126,1743
86.43401,-35.630573,1759
86.43401,-34.72702,1761
85.530457,-34.72702,1775
84.626904,-33.823466,1777
82.819797,-32.919913,1791
82.819797,-32.01636,1807
81.916244,-32.01636,1809
81.01269,-31.112807,1823
80.109137,-31.112807,1831
80.109137,-30.209253,1833
78.30203,-30.209253,1847
76.494924,-29.3057,1863
75.591371,-28.402147,1865
74.687817,-28.402147,1879
73.784264,-27.498593,1881
71.977157,-26.59504,1895
71.073604,-26.59504,1911
70.170051,-26.59504,1927
69.266497,-26.59504,1935
68.362944,-26.59504,1959
68.362944,-27.498593,1975
67.459391,-27.498593,1977
66.555838,-28.402147,1991
65.652284,-29.3057,2007
64.748731,-30.209253,2023
62.941624,-32.01636,2039
62.941624,-32.919913,2063
62.941624,-34.72702,2079
62.941624,-35.630573,2095
62.941624,-36.534126,2097
63.845178,-37.43768,2111
63.845178,-38.341233,2127
64.748731,-39.244786,2143
65.652284,-40.14834,2167
66.555838,-41.051893,2183
67.459391,-41.955446,2185
69.266497,-42.858999,2199
70.170051,-43.762553,2201
71.073604,-43.762553,2215
71.977157,-44.666106,2217
73.784264,-44.666106,2232
73.784264,-45.569659,2247
74.687817,-45.569659,2249
75.591371,-45.569659,2448
BREAK
