START
76.494924,-38.341233,0
75.591371,-38.341233,58
74.687817,-38.341233,77
73.784264,-38.341233,98
72.880711,-38.341233,119
71.977157,-38.341233,152
71.073604,-37.43768,164
70.170051,-37.43768,171
69.266497,-37.43768,184
68.362944,-36.534126,212
68.362944,-35.630573,235
67.459391,-35.630573,248
67.459391,-34.72702,259
66.555838,-34.72702,272
66.555838,-33.823466,286
65.652284,-32.919913,313
65.652284,-32.01636,347
64.748731,-32.01636,358
64.748731,-31.112807,371
64.748731,-30.209253,383
63.845178,-29.3057,410
63.845178,-28.402147,426
62.941624,-27.498593,438
62.941624,-26.59504,477
62.941624,-25.691487,505
62.941624,-24.787933,543
62.941624,-23.88438,556
62.941624,-22.980827,584
62.941624,-22.077274,629
64.748731,-21.17372,650
66.555838,-20.270167,673
67.459391,-20.270167,693
67.459391,-19.366614,712
69.266497,-19.366614,734
69.266497,-18.46306,755
70.170051,-18.46306,772
71.073604,-18.46306,784
71.977157,-18.46306,806
72.880711,-18.46306,823
73.784264,-18.46306,860
74.687817,-18.46306,901
75.591371,-18.46306,914
76.494924,-18.46306,956
76.494924,-19.366614,988
77.398477,-19.366614,1009
77.398477,-20.270167,1029
77.398477,-22.077274,1051
78.30203,-22.077274,1069
78.30203,-23.88438,1081
79.205584,-23.88438,1108
79.205584,-24.787933,1119
79.205584,-25.691487,1133
79.205584,-26.59504,1157
79.205584,-27.498593,1170
79.205584,-28.402147,1195
79.205584,-29.3057,1208
79.205584,-30.209253,1231
79.205584,-31.112807,1245
79.205584,-32.01636,1269
79.205584,-32.919913,1282
79.205584,-33.823466,1321
79.205584,-34.72702,1362
79.205584,-35.630573,1408
79.205584,-36.534126,1421
79.205584,-37.43768,1447
79.205584,-39.244786,1476
79.205584,-40.14834,1490
79.205584,-41.955446,1503
79.205584,-42.858999,1514
79.205584,-43.762553,1529
79.205584,-44.666106,1542
79.205584,-45.569659,1583
79.205584,-46.473213,1595
78.30203,-47.376766,1619
78.30203,-50.087426,1636
77.398477,-50.087426,1647
77.398477,-50.990979,1659
77.398477,-51.894532,1685
77.398477,-52.798086,1712
76.494924,-52.798086,1728
76.494924,-54.605192,1740
74.687817,-57.315852,1777
73.784264,-59.122959,1799
72.880711,-60.930065,1817
71.977157,-61.833619,1830
71.977157,-62.737172,1841
71.073604,-62.737172,1879
71.073604,-63.640725,1899
69.266497,-64.544279,1920
68.362944,-66.351385,1940
66.555838,-67.254939,1961
64.748731,-69.062045,1982
63.845178,-69.965598,2025
62.941624,-69.965598,2044
62.038071,-70.869152,2057
61.134518,-71.772705,2073
60.230964,-71.772705,2086
59.327411,-72.676258,2123
58.423858,-72.676258,2144
57.520305,-72.676258,2165
55.713198,-73.579812,2180
53.906091,-73.579812,2197
53.906091,-74.483365,2210
53.002538,-74.483365,2223
52.098985,-74.483365,2249
51.195431,-74.483365,2262
50.291878,-74.483365,2282
47.581218,-74.483365,2304
45.774112,-74.483365,2325
44.870558,-74.483365,2345
43.967005,-74.483365,2355
43.063452,-74.483365,2367
42.159898,-74.483365,2380
41.256345,-74.483365,2395
39.449239,-74.483365,2406
38.545685,-74.483365,2419
36.738579,-74.483365,2436
35.835025,-74.483365,2448
34.931472,-74.483365,2461
34.027919,-73.579812,2483
33.124365,-72.676258,2510
32.220812,-72.676258,2533
31.317259,-71.772705,2545
30.413706,-70.869152,2572
29.510152,-69.062045,2600
28.606599,-68.158492,2611
28.606599,-67.254939,2623
28.606599,-66.351385,2635
28.606599,-65.447832,2646
27.703046,-63.640725,2662
27.703046,-62.737172,2673
27.703046,-60.930065,2696
27.703046,-60.026512,2715
27.703046,-59.122959,2745
27.703046,-58.219406,2769
27.703046,-57.315852,2781
27.703046,-56.412299,2806
27.703046,-55.508746,2819
27.703046,-54.605192,2861
27.703046,-53.701639,2897
27.703046,-52.798086,2921
27.703046,-51.894532,2932
28.606599,-50.990979,2946
28.606599,-50.087426,2984
29.510152,-49.183873,3013
29.510152,-48.280319,3024
30.413706,-48.280319,3036
31.317259,-47.376766,3049
31.317259,-46.473213,3062
31.317259,-45.569659,3073
32.220812,-45.569659,3086
32.220812,-44.666106,3099
33.124365,-44.666106,3134
34.027919,-43.762553,3157
34.931472,-43.762553,3169
35.835025,-42.858999,3182
36.738579,-41.955446,3197
38.545685,-41.955446,3210
39.449239,-41.955446,3235
40.352792,-41.051893,3250
41.256345,-41.051893,3299
42.159898,-41.051893,3332
43.063452,-41.051893,3394
42.159898,-41.955446,3593
41.256345,-41.955446,3628
39.449239,-41.955446,3651
37.642132,-41.955446,3667
36.738579,-41.955446,3690
34.931472,-41.955446,3708
34.027919,-41.955446,3738
32.220812,-41.955446,3757
31.317259,-41.955446,3775
30.413706,-41.051893,3791
29.510152,-40.14834,3823
28.606599,-40.14834,3844
27.703046,-39.244786,3889
27.703046,-38.341233,3909
26.799492,-38.341233,3924
26.799492,-37.43768,3939
26.799492,-36.534126,3990
26.799492,-34.72702,4015
26.799492,-33.823466,4053
26.799492,-32.919913,4074
26.799492,-32.01636,4115
26.799492,-31.112807,4130
26.799492,-30.209253,4185
26.799492,-28.402147,4207
27.703046,-27.498593,4228
28.606599,-25.691487,4250
29.510152,-25.691487,4295
29.510152,-24.787933,4315
31.317259,-22.980827,4327
32.220812,-21.17372,4353
33.124365,-21.17372,4365
33.124365,-20.270167,4378
34.027919,-20.270167,4396
34.027919,-19.366614,4404
34.931472,-19.366614,4423
34.931472,-18.46306,4439
35.835025,-18.46306,4453
37.642132,-16.655954,4471
38.545685,-16.655954,4493
39.449239,-16.655954,4511
40.352792,-15.7524,4523
42.159898,-15.7524,4577
43.063452,-15.7524,4618
43.967005,-15.7524,4697
BREAK
