START
41.256345,-23.88438,0
39.449239,-23.88438,244
39.449239,-22.077274,285
37.642132,-22.077274,325
36.738579,-22.077274,468
35.835025,-22.077274,581
34.931472,-22.077274,662
34.027919,-22.077274,734
33.124365,-22.077274,816
32.220812,-22.980827,836
30.413706,-22.980827,857
30.413706,-23.88438,1143
28.606599,-23.88438,1153
28.606599,-24.787933,1266
28.606599,-25.691487,1327
26.799492,-25.691487,1337
26.799492,-26.59504,1460
24.992386,-26.59504,1552
24.992386,-27.498593,1572
24.992386,-28.402147,1684
23.185279,-28.402147,1705
23.185279,-29.3057,1838
23.185279,-30.209253,1858
21.378173,-30.209253,1878
21.378173,-31.112807,1889
21.378173,-32.01636,2022
21.378173,-32.919913,2073
21.378173,-33.823466,2103
21.378173,-34.72702,2124
21.378173,-35.630573,2277
21.378173,-36.534126,2297
22.281726,-38.341233,2420
22.281726,-39.244786,2451
22.281726,-40.14834,2481
23.185279,-40.14834,2502
24.088832,-41.051893,2594
24.992386,-41.051893,2696
24.992386,-41.955446,2737
25.895939,-41.955446,2747
26.799492,-42.858999,2788
27.703046,-42.858999,2819
29.510152,-42.858999,2982
29.510152,-43.762553,2992
30.413706,-44.666106,3023
31.317259,-44.666106,3095
31.317259,-45.569659,3105
32.220812,-45.569659,3125
33.124365,-45.569659,3207
34.027919,-45.569659,3268
34.931472,-45.569659,3309
35.835025,-45.569659,3340
36.738579,-45.569659,3360
37.642132,-45.569659,3422
39.449239,-45.569659,3473
40.352792,-45.569659,3513
41.256345,-45.569659,3544
42.159898,-45.569659,3626
43.063452,-45.569659,3646
43.967005,-45.569659,3759
BREAK
40.352792,-45.569659,4637
37.642132,-46.473213,4641
35.835025,-47.376766,4689
34.931472,-48.280319,4822
34.027919,-49.183873,4924
34.027919,-50.087426,4964
34.027919,-50.990979,5067
32.220812,-50.990979,5077
32.220812,-51.894532,5118
32.220812,-52.798086,5199
32.220812,-53.701639,5230
32.220812,-54.605192,5414
32.220812,-55.508746,5455
32.220812,-56.412299,5475
32.220812,-57.315852,5588
32.220812,-59.122959,5598
32.220812,-60.026512,5619
32.220812,-60.930065,5721
32.220812,-61.833619,5751
32.220812,-62.737172,5772
33.124365,-63.640725,5792
33.124365,-64.544279,5853
34.027919,-66.351385,5894
34.027919,-67.254939,5915
34.931472,-67.254939,5925
34.931472,-68.158492,5966
35.835025,-68.158492,6017
35.835025,-69.062045,6037
36.738579,-69.062045,6048
36.738579,-69.965598,6068
37.642132,-70.869152,6089
38.545685,-70.869152,6160
39.449239,-71.772705,6170
40.352792,-71.772705,6262
40.352792,-72.676258,6272
41.256345,-72.676258,6334
42.159898,-73.579812,6375
43.063452,-73.579812,6395
43.967005,-74.483365,6405
45.774112,-74.483365,6477
47.581218,-74.483365,6579
48.484772,-74.483365,6600
48.484772,-75.386918,6610
49.388325,-75.386918,6630
50.291878,-75.386918,6712
52.098985,-75.386918,6722
53.002538,-75.386918,6732
53.906091,-76.290472,6743
55.713198,-76.290472,6875
56.616751,-76.290472,6957
57.520305,-76.290472,6998
57.520305,-74.483365,7029
58.423858,-74.483365,7049
58.423858,-72.676258,7111
59.327411,-72.676258,7121
60.230964,-72.676258,7152
61.134518,-72.676258,7233
62.038071,-72.676258,7254
62.038071,-70.869152,7264
62.941624,-70.869152,7284
63.845178,-70.869152,7315
64.748731,-69.062045,7387
65.652284,-69.062045,7448
66.555838,-69.062045,7499
66.555838,-67.254939,7509
67.459391,-67.254939,7519
68.362944,-65.447832,7540
69.266497,-65.447832,7662
69.266497,-63.640725,7714
70.170051,-63.640725,7724
71.073604,-61.833619,7826
71.977157,-61.833619,7836
71.977157,-60.026512,7846
72.880711,-60.026512,7867
72.880711,-58.219406,7959
73.784264,-58.219406,7979
73.784264,-56.412299,8041
74.687817,-56.412299,8061
75.591371,-52.798086,8200
75.591371,-51.894532,8276
75.591371,-50.990979,8368
76.494924,-50.990979,8388
76.494924,-49.183873,8419
76.494924,-48.280319,8480
76.494924,-47.376766,8521
76.494924,-46.473213,8613
76.494924,-45.569659,8643
76.494924,-44.666106,8684
76.494924,-43.762553,8735
76.494924,-41.955446,8766
76.494924,-41.051893,8797
74.687817,-40.14834,8899
74.687817,-39.244786,8919
74.687817,-38.341233,8970
72.880711,-37.43768,9093
72.880711,-36.534126,9124
71.073604,-34.72702,9236
70.170051,-34.72702,9359
70.170051,-32.919913,9369
70.170051,-32.01636,9389
68.362944,-32.01636,9512
67.459391,-32.01636,9553
66.555838,-32.01636,9645
66.555838,-30.209253,9655
64.748731,-30.209253,9706
63.845178,-30.209253,9788
62.941624,-30.209253,9819
62.038071,-30.209253,9911
61.134518,-30.209253,9931
60.230964,-30.209253,10043
60.230964,-31.112807,10095
58.423858,-31.112807,10115
58.423858,-32.01636,10187
56.616751,-32.01636,10207
56.616751,-32.919913,10258
54.809645,-32.919913,10299
54.809645,-33.823466,10330
54.809645,-34.72702,10401
54.809645,-35.630573,10462
54.809645,-36.534126,10503
54.809645,-37.43768,10575
54.809645,-38.341233,10585
54.809645,-39.244786,10595
54.809645,-41.051893,10657
54.809645,-41.955446,10677
54.809645,-42.858999,10728
55.713198,-43.762553,10779
56.616751,-44.666106,10800
56.616751,-45.569659,10841
57.520305,-46.473213,10892
58.423858,-48.280319,11025
59.327411,-49.183873,11045
59.327411,-50.087426,11096
60.230964,-50.087426,11157
60.230964,-50.990979,11198
61.134518,-50.990979,11260
62.038071,-50.990979,11300
62.941624,-50.990979,11341
62.941624,-51.894532,11392
63.845178,-51.894532,11413
64.748731,-51.894532,11464
65.652284,-51.894532,11515
66.555838,-52.798086,11566
67.459391,-52.798086,11587
68.362944,-52.798086,11617
68.362944,-53.701639,11658
69.266497,-53.701639,11679
70.170051,-53.701639,11750
71.073604,-53.701639,11781
71.977157,-53.701639,11852
72.880711,-53.701639,11903
73.784264,-53.701639,11934
73.784264,-51.894532,12026
74.687817,-51.894532,12077
BREAK
