START
80.683962,-10.859438,0
79.683962,-10.859438,174
78.683962,-10.859438,198
78.683962,-9.8594378,206
78.683962,-8.8594378,222
77.683962,-8.8594378,239
77.683962,-9.8594378,263
76.683962,-9.8594378,271
75.683962,-9.8594378,278
74.683962,-9.8594378,295
73.683962,-9.8594378,351
72.683962,-9.8594378,383
71.683962,-9.8594378,407
70.683962,-10.859438,423
69.683962,-10.859438,463
68.683962,-10.859438,551
67.683962,-10.859438,592
67.683962,-11.859438,1047
67.683962,-12.859438,1079
67.683962,-13.859438,1087
67.683962,-14.859438,1103
67.683962,-15.859438,1119
67.683962,-16.859438,1135
67.683962,-17.859438,1151
67.683962,-18.859438,1175
67.683962,-19.859438,1199
67.683962,-20.859438,1231
67.683962,-21.859438,1247
66.683962,-21.859438,1279
66.683962,-22.859438,1287
66.683962,-23.859438,1311
66.683962,-24.859438,1335
66.683962,-25.859438,1351
66.683962,-26.859438,1407
66.683962,-27.859438,1439
66.683962,-28.859438,1471
66.683962,-29.859438,1487
66.683962,-30.859438,1527
66.683962,-31.859438,1567
67.683962,-31.859438,1599
67.683962,-32.859438,1616
67.683962,-33.859438,1639
67.683962,-34.859438,1687
67.683962,-35.859438,1727
67.683962,-36.859438,1759
67.683962,-37.859438,1776
67.683962,-38.859438,1815
67.683962,-39.859438,1839
67.683962,-40.859438,1903
67.683962,-41.859438,1935
67.683962,-42.859438,1951
67.683962,-43.859438,1975
67.683962,-44.859438,1999
67.683962,-45.859438,2039
67.683962,-46.859438,2063
67.683962,-47.859438,2095
67.683962,-48.859438,2127
67.683962,-49.859438,2175
67.683962,-50.859438,2191
67.683962,-51.859438,2215
67.683962,-52.859438,2248
67.683962,-53.859438,2279
67.683962,-54.859438,2295
67.683962,-55.859438,2311
67.683962,-56.859438,2335
67.683962,-57.859438,2367
67.683962,-58.859438,2391
67.683962,-59.859438,2407
67.683962,-60.859438,2439
67.683962,-61.859438,2487
67.683962,-62.859438,2519
67.683962,-63.859438,2559
67.683962,-64.859438,2607
67.683962,-65.859438,2679
67.683962,-66.859438,2703
67.683962,-67.859438,2735
67.683962,-68.859438,2767
67.683962,-69.859438,2799
67.683962,-70.859438,2823
67.683962,-71.859438,2847
67.683962,-72.859438,2888
67.683962,-73.859438,2927
67.683962,-74.859438,2943
67.683962,-75.859438,2984
67.683962,-76.859438,3031
67.683962,-77.859438,3063
67.683962,-78.859438,3080
68.683962,-79.859438,3120
67.683962,-79.859438,3144
66.683962,-79.859438,3192
66.683962,-80.859438,3215
66.683962,-81.859438,3327
66.683962,-82.859438,3351
66.683962,-83.859438,3464
66.683962,-84.859438,3751
66.683962,-83.859438,3759
67.683962,-83.859438,4136
68.683962,-83.859438,4351
68.683962,-82.859438,4464
69.683962,-82.859438,4472
70.683962,-82.859438,4511
71.683962,-81.859438,4536
72.683962,-81.859438,4568
73.683962,-81.859438,4584
74.683962,-81.859438,4600
75.683962,-81.859438,4616
76.683962,-81.859438,4640
76.683962,-80.859438,4648
77.683962,-80.859438,4688
78.683962,-80.859438,4897
77.683962,-80.859438,5040
77.683962,-79.859438,5064
76.683962,-79.859438,5080
76.683962,-78.859438,5088
BREAK
23.683962,-10.859438,7000
24.683962,-10.859438,7199
24.683962,-9.8594378,7207
25.683962,-9.8594378,7231
26.683962,-9.8594378,7247
27.683962,-9.8594378,7295
29.683962,-10.859438,7303
30.683962,-10.859438,7311
31.683962,-10.859438,7319
33.683962,-10.859438,7327
34.683962,-10.859438,7335
35.683962,-10.859438,7343
36.683962,-10.859438,7367
36.683962,-11.859438,7375
BREAK
35.683962,-9.8594378,8159
35.683962,-8.8594378,8183
36.683962,-8.8594378,8199
36.683962,-9.8594378,8207
36.683962,-10.859438,8247
37.683962,-10.859438,8271
37.683962,-11.859438,8279
37.683962,-12.859438,8303
37.683962,-13.859438,8311
37.683962,-14.859438,8327
37.683962,-16.859438,8343
37.683962,-17.859438,8359
37.683962,-18.859438,8376
37.683962,-19.859438,8399
37.683962,-20.859438,8407
37.683962,-21.859438,8423
37.683962,-22.859438,8439
37.683962,-23.859438,8463
37.683962,-24.859438,8479
37.683962,-25.859438,8503
37.683962,-26.859438,8543
37.683962,-27.859438,8567
37.683962,-28.859438,8583
37.683962,-29.859438,8591
37.683962,-30.859438,8615
37.683962,-31.859438,8631
38.683962,-32.859438,8639
39.683962,-33.859438,8647
39.683962,-34.859438,8671
39.683962,-36.859438,8703
40.683962,-48.859438,8945
40.683962,-49.859438,8967
40.683962,-50.859438,8983
40.683962,-51.859438,8999
40.683962,-52.859438,9015
40.683962,-53.859438,9047
40.683962,-54.859438,9071
40.683962,-55.859438,9087
40.683962,-56.859438,9103
40.683962,-57.859438,9135
40.683962,-58.859438,9159
40.683962,-59.859438,9175
40.683962,-60.859438,9215
40.683962,-61.859438,9239
40.683962,-62.859438,9271
40.683962,-63.859438,9287
40.683962,-64.859438,9319
40.683962,-65.859438,9367
40.683962,-66.859438,9399
40.683962,-67.859438,9415
40.683962,-68.859438,9431
40.683962,-69.859438,9455
40.683962,-70.859438,9495
40.683962,-71.859438,9511
40.683962,-72.859438,9544
40.683962,-73.859438,9567
40.683962,-74.859438,9591
40.683962,-75.859438,9599
39.683962,-75.859438,9615
39.683962,-76.859438,9631
38.683962,-76.859438,9696
38.683962,-77.859438,9727
38.683962,-78.859438,9783
38.683962,-79.859438,9926
38.683962,-80.859438,9958
38.683962,-81.859438,10047
38.683962,-82.859438,10127
38.683962,-83.859438,10191
37.683962,-83.859438,10287
36.683962,-83.859438,10335
35.683962,-83.859438,10359
34.683962,-83.859438,10375
33.683962,-83.859438,10407
32.683962,-83.859438,10447
31.683962,-83.859438,10495
30.683962,-83.859438,10519
29.683962,-83.859438,10551
28.683962,-83.859438,10632
29.683962,-83.859438,10896
30.683962,-82.859438,10919
30.683962,-80.859438,10927
33.683962,-77.859438,10936
BREAK
24.683962,-42.859438,11983
24.683962,-43.859438,11999
25.683962,-43.859438,12009
26.683962,-43.859438,12087
27.683962,-44.859438,12127
28.683962,-44.859438,12135
29.683962,-44.859438,12143
30.683962,-44.859438,12151
31.683962,-44.859438,12159
32.683962,-44.859438,12167
33.683962,-44.859438,12175
34.683962,-44.859438,12183
35.683962,-44.859438,12191
36.683962,-44.859438,12199
37.683962,-44.859438,12207
38.683962,-44.859438,12223
39.683962,-44.859438,12239
40.683962,-44.859438,12255
40.683962,-45.859438,12263
41.683962,-44.859438,12271
42.683962,-44.859438,12287
43.683962,-44.859438,12303
44.683962,-44.859438,12319
45.683962,-44.859438,12327
46.683962,-44.859438,12335
47.683962,-44.859438,12343
48.683962,-44.859438,12351
49.683962,-44.859438,12360
50.683962,-44.859438,12367
51.683962,-44.859438,12391
52.683962,-44.859438,12415
53.683962,-44.859438,12423
54.683962,-44.859438,12431
57.683962,-45.859438,12439
58.683962,-45.859438,12447
60.683962,-45.859438,12455
61.683962,-45.859438,12463
62.683962,-45.859438,12471
63.683962,-45.859438,12519
64.683962,-45.859438,12527
65.683962,-45.859438,12591
66.683962,-44.859438,12615
67.683962,-44.859438,12631
68.683962,-44.859438,12639
69.683962,-44.859438,12671
70.683962,-44.859438,12695
71.683962,-44.859438,12703
72.683962,-44.859438,12711
73.683962,-44.859438,12719
74.683962,-44.859438,12727
76.683962,-44.859438,12735
78.683962,-44.859438,12743
79.683962,-44.859438,12759
81.683962,-44.859438,12767
82.683962,-43.859438,12783
83.683962,-43.859438,12792
84.683962,-43.859438,12809
83.683962,-43.859438,13009
82.683962,-43.859438,13024
BREAK
