START
24.023585,-18.702811,0
25.023585,-19.702811,23
26.023585,-19.702811,63
26.023585,-20.702811,71
27.023585,-20.702811,87
27.023585,-21.702811,103
27.023585,-22.702811,119
28.023585,-23.702811,136
29.023585,-24.702811,151
29.023585,-25.702811,159
30.023585,-25.702811,167
30.023585,-26.702811,184
31.023585,-26.702811,191
32.023585,-27.702811,216
33.023585,-27.702811,240
34.023585,-28.702811,248
34.023585,-29.702811,256
35.023585,-29.702811,272
36.023585,-29.702811,296
37.023585,-29.702811,311
38.023585,-30.702811,328
40.023585,-30.702811,344
42.023585,-31.702811,352
43.023585,-31.702811,367
44.023585,-31.702811,375
45.023585,-31.702811,400
46.023585,-31.702811,416
48.023585,-32.702811,432
49.023585,-32.702811,440
50.023585,-32.702811,448
51.023585,-32.702811,464
52.023585,-32.702811,480
53.023585,-32.702811,496
54.023585,-32.702811,512
56.023585,-32.702811,528
57.023585,-32.702811,544
58.023585,-32.702811,568
59.023585,-32.702811,584
59.023585,-33.702811,592
60.023585,-34.702811,608
61.023585,-34.702811,616
63.023585,-34.702811,624
64.023585,-34.702811,640
64.023585,-35.702811,648
65.023585,-35.702811,664
65.023585,-36.702811,672
66.023585,-36.702811,680
67.023585,-37.702811,688
68.023585,-38.702811,712
69.023585,-38.702811,728
69.023585,-39.702811,736
69.023585,-40.702811,744
70.023585,-40.702811,752
70.023585,-41.702811,760
70.023585,-43.702811,776
70.023585,-44.702811,784
70.023585,-45.702811,800
70.023585,-46.702811,808
70.023585,-47.702811,816
70.023585,-48.702811,824
71.023585,-48.702811,832
71.023585,-50.702811,841
71.023585,-52.702811,864
71.023585,-54.702811,872
71.023585,-56.702811,888
70.023585,-57.702811,896
69.023585,-58.702811,904
69.023585,-60.702811,912
68.023585,-61.702811,920
68.023585,-63.702811,928
67.023585,-63.702811,936
67.023585,-64.702811,944
66.023585,-65.702811,952
66.023585,-66.702811,960
65.023585,-66.702811,992
64.023585,-67.702811,1000
64.023585,-69.702811,1024
63.023585,-69.702811,1032
61.023585,-70.702811,1048
60.023585,-70.702811,1057
60.023585,-71.702811,1064
58.023585,-71.702811,1072
57.023585,-71.702811,1080
56.023585,-71.702811,1096
54.023585,-71.702811,1112
54.023585,-72.702811,1120
53.023585,-72.702811,1128
52.023585,-72.702811,1144
51.023585,-72.702811,1168
50.023585,-72.702811,1184
49.023585,-72.702811,1192
48.023585,-72.702811,1208
47.023585,-72.702811,1232
46.023585,-72.702811,1264
45.023585,-72.702811,1280
44.023585,-72.702811,1296
43.023585,-71.702811,1304
43.023585,-70.702811,1312
42.023585,-70.702811,1320
41.023585,-70.702811,1328
41.023585,-68.702811,1336
40.023585,-68.702811,1344
40.023585,-67.702811,1368
39.023585,-67.702811,1376
39.023585,-65.702811,1384
38.023585,-65.702811,1392
38.023585,-64.702811,1400
36.023585,-62.702811,1408
36.023585,-61.702811,1432
36.023585,-60.702811,1440
35.023585,-58.702811,1448
35.023585,-57.702811,1456
34.023585,-56.702811,1463
34.023585,-54.702811,1471
33.023585,-52.702811,1479
33.023585,-51.702811,1487
33.023585,-50.702811,1495
32.023585,-48.702811,1503
32.023585,-46.702811,1528
32.023585,-45.702811,1544
32.023585,-44.702811,1560
32.023585,-43.702811,1568
32.023585,-42.702811,1584
32.023585,-41.702811,1592
32.023585,-40.702811,1600
32.023585,-39.702811,1608
31.023585,-38.702811,1624
31.023585,-37.702811,1632
31.023585,-36.702811,1648
31.023585,-34.702811,1672
31.023585,-33.702811,1697
31.023585,-32.702811,1705
31.023585,-31.702811,1720
31.023585,-30.702811,1808
31.023585,-29.702811,1840
32.023585,-29.702811,1983
32.023585,-28.702811,2071
BREAK
