START
47.695652,-63.985864,0
48.535573,-64.825785,60
48.535573,-65.665706,71
48.535573,-67.345548,80
48.535573,-68.185469,90
48.535573,-69.865311,100
48.535573,-71.545153,110
48.535573,-73.224995,121
48.535573,-74.064916,130
48.535573,-74.904837,140
48.535573,-77.4246,150
48.535573,-78.264521,163
48.535573,-79.104441,170
48.535573,-80.784283,180
46.855731,-82.464125,190
46.01581,-84.143967,200
45.175889,-84.143967,210
44.335968,-85.823809,220
43.496047,-85.823809,230
42.656126,-86.66373,240
41.816206,-86.66373,250
40.976285,-86.66373,260
39.296443,-86.66373,280
38.456522,-86.66373,300
36.77668,-85.823809,310
36.77668,-84.983888,320
35.936759,-84.983888,340
34.256917,-83.304046,350
33.416996,-82.464125,360
33.416996,-81.624204,370
33.416996,-80.784283,379
33.416996,-79.944362,390
33.416996,-79.104441,400
33.416996,-78.264521,410
33.416996,-75.744758,419
33.416996,-74.904837,430
33.416996,-73.224995,440
33.416996,-72.385074,450
33.416996,-69.865311,459
35.096838,-67.345548,469
35.096838,-66.505627,480
35.936759,-65.665706,490
35.936759,-63.985864,499
35.936759,-63.145943,509
36.77668,-62.306023,520
36.77668,-61.466102,539
37.616601,-60.626181,549
37.616601,-59.78626,559
37.616601,-58.946339,570
38.456522,-58.106418,580
38.456522,-57.266497,589
39.296443,-55.586655,610
40.136364,-53.906813,629
40.136364,-53.066892,639
40.976285,-51.38705,660
41.816206,-51.38705,669
41.816206,-50.547129,679
41.816206,-49.707208,689
41.816206,-48.867287,709
41.816206,-48.027366,729
41.816206,-47.187445,759
41.816206,-46.347524,789
41.816206,-45.507604,799
41.816206,-44.667683,819
42.656126,-43.827762,839
42.656126,-42.987841,859
42.656126,-42.14792,869
43.496047,-42.14792,879
43.496047,-41.307999,899
44.335968,-41.307999,909
45.175889,-40.468078,918
46.01581,-40.468078,929
46.855731,-40.468078,949
46.855731,-39.628157,958
47.695652,-39.628157,969
48.535573,-39.628157,989
49.375494,-39.628157,1008
50.215415,-39.628157,1038
50.215415,-40.468078,1048
51.055336,-41.307999,1058
51.895257,-42.987841,1069
51.895257,-43.827762,1079
52.735178,-45.507604,1088
53.575099,-45.507604,1098
53.575099,-47.187445,1109
54.41502,-48.027366,1138
54.41502,-49.707208,1149
55.254941,-49.707208,1169
56.094862,-50.547129,1178
56.094862,-51.38705,1199
56.934783,-52.226971,1238
57.774704,-52.226971,1288
58.614625,-51.38705,1308
58.614625,-50.547129,1318
59.454545,-50.547129,1328
60.294466,-49.707208,1338
61.134387,-47.187445,1358
61.974308,-46.347524,1368
61.974308,-45.507604,1378
62.814229,-42.987841,1398
63.65415,-42.14792,1408
63.65415,-41.307999,1417
64.494071,-40.468078,1438
64.494071,-39.628157,1448
64.494071,-38.788236,1457
65.333992,-37.948315,1468
66.173913,-37.108394,1478
67.013834,-36.268473,1488
67.853755,-35.428552,1518
68.693676,-34.588631,1608
70.373518,-34.588631,1648
71.213439,-34.588631,1687
72.05336,-34.588631,1698
72.893281,-34.588631,1707
73.733202,-34.588631,1767
74.573123,-34.588631,1788
75.413043,-35.428552,1797
76.252964,-35.428552,1807
76.252964,-36.268473,1827
76.252964,-38.788236,1837
76.252964,-39.628157,1847
76.252964,-40.468078,1857
76.252964,-42.14792,1867
76.252964,-45.507604,1877
76.252964,-48.027366,1887
76.252964,-50.547129,1897
76.252964,-53.066892,1907
76.252964,-55.586655,1916
76.252964,-58.106418,1927
76.252964,-59.78626,1937
76.252964,-61.466102,1947
76.252964,-63.985864,1956
76.252964,-65.665706,1967
76.252964,-67.345548,1977
76.252964,-69.02539,1987
76.252964,-70.705232,1996
76.252964,-72.385074,2007
76.252964,-73.224995,2027
76.252964,-74.904837,2037
76.252964,-76.584679,2046
76.252964,-78.264521,2067
76.252964,-79.104441,2086
76.252964,-79.944362,2096
76.252964,-80.784283,2107
76.252964,-81.624204,2117
76.252964,-83.304046,2136
76.252964,-84.143967,2147
74.573123,-85.823809,2158
73.733202,-86.66373,2166
73.733202,-87.503651,2176
72.893281,-88.343572,2186
72.893281,-89.183493,2197
72.05336,-89.183493,2216
71.213439,-90.863335,2226
70.373518,-90.023414,2316
70.373518,-89.183493,2327
69.533597,-89.183493,2356
69.533597,-88.343572,2366
69.533597,-86.66373,2397
69.533597,-85.823809,2406
69.533597,-84.983888,2416
69.533597,-84.143967,2426
69.533597,-83.304046,2436
69.533597,-82.464125,2466
69.533597,-81.624204,2476
69.533597,-80.784283,2496
69.533597,-78.264521,2506
69.533597,-76.584679,2516
69.533597,-74.064916,2526
BREAK
37.616601,-41.307999,3712
38.456522,-41.307999,3742
39.296443,-41.307999,3751
40.136364,-40.468078,3762
40.976285,-39.628157,3802
41.816206,-39.628157,3812
42.656126,-39.628157,3892
43.496047,-38.788236,3912
44.335968,-37.948315,3932
BREAK
