START
29.877358,-77.859438,0
29.877358,-76.859438,122
29.877358,-74.859438,131
29.877358,-70.859438,142
29.877358,-68.859438,152
29.877358,-67.859438,161
29.877358,-65.859438,171
29.877358,-64.859438,191
29.877358,-63.859438,211
29.877358,-62.859438,231
29.877358,-61.859438,262
29.877358,-58.859438,273
29.877358,-56.859438,283
29.877358,-55.859438,293
29.877358,-54.859438,303
29.877358,-53.859438,313
29.877358,-52.859438,343
29.877358,-51.859438,363
29.877358,-50.859438,404
29.877358,-49.859438,445
29.877358,-47.859438,465
29.877358,-46.859438,475
29.877358,-44.859438,485
29.877358,-43.859438,495
29.877358,-42.859438,505
29.877358,-41.859438,525
29.877358,-40.859438,565
29.877358,-39.859438,586
29.877358,-38.859438,657
29.877358,-37.859438,668
30.877358,-36.859438,677
31.877358,-34.859438,687
31.877358,-33.859438,707
32.877358,-32.859438,718
32.877358,-31.859438,758
33.877358,-31.859438,791
34.877358,-29.859438,813
35.877358,-29.859438,825
36.877358,-28.859438,836
36.877358,-27.859438,858
37.877358,-26.859438,868
38.877358,-26.859438,878
39.877358,-25.859438,888
40.877358,-24.859438,908
41.877358,-23.859438,918
42.877358,-23.859438,928
43.877358,-23.859438,938
44.877358,-22.859438,948
45.877358,-22.859438,958
46.877358,-22.859438,968
47.877358,-22.859438,978
48.877358,-22.859438,998
49.877358,-22.859438,1018
50.877358,-22.859438,1039
51.877358,-22.859438,1050
52.877358,-22.859438,1070
53.877358,-22.859438,1090
54.877358,-22.859438,1100
55.877358,-22.859438,1110
56.877358,-22.859438,1130
57.877358,-22.859438,1140
58.877358,-23.859438,1170
58.877358,-24.859438,1190
59.877358,-24.859438,1200
59.877358,-25.859438,1220
60.877358,-25.859438,1230
60.877358,-26.859438,1240
61.877358,-26.859438,1250
61.877358,-27.859438,1270
62.877358,-28.859438,1290
62.877358,-29.859438,1300
62.877358,-30.859438,1320
63.877358,-31.859438,1330
63.877358,-32.859438,1340
64.877358,-34.859438,1350
64.877358,-36.859438,1360
65.877358,-37.859438,1371
65.877358,-38.859438,1382
66.877358,-40.859438,1393
67.877358,-42.859438,1403
67.877358,-44.859438,1413
67.877358,-45.859438,1423
68.877358,-47.859438,1433
68.877358,-48.859438,1453
68.877358,-49.859438,1463
68.877358,-50.859438,1493
68.877358,-51.859438,1543
68.877358,-52.859438,1573
68.877358,-53.859438,1583
68.877358,-54.859438,1603
68.877358,-55.859438,1626
68.877358,-56.859438,1637
68.877358,-57.859438,1660
68.877358,-58.859438,1680
68.877358,-59.859438,1690
68.877358,-60.859438,1700
68.877358,-61.859438,1720
68.877358,-62.859438,1740
68.877358,-63.859438,1750
68.877358,-64.859438,1760
68.877358,-65.859438,1780
68.877358,-66.859438,1790
69.877358,-67.859438,1820
69.877358,-68.859438,1850
69.877358,-69.859438,1860
69.877358,-70.859438,1870
69.877358,-71.859438,1891
69.877358,-72.859438,1914
69.877358,-73.859438,1935
69.877358,-74.859438,1968
69.877358,-75.859438,2001
69.877358,-76.859438,2021
69.877358,-77.859438,2061
69.877358,-78.859438,2081
69.877358,-79.859438,2111
70.877358,-79.859438,2121
70.877358,-80.859438,2131
70.877358,-81.859438,2171
BREAK
