START
48.431408,-24.550542,0
48.431408,-25.453069,103
48.431408,-26.355596,112
48.431408,-27.258123,119
48.431408,-28.16065,136
48.431408,-29.063177,152
48.431408,-30.868231,160
48.431408,-31.770758,175
48.431408,-32.673285,184
48.431408,-33.575812,208
48.431408,-34.478339,216
48.431408,-35.380866,223
48.431408,-36.283394,231
48.431408,-37.185921,239
48.431408,-38.990975,247
48.431408,-39.893502,255
48.431408,-40.796029,263
48.431408,-42.601083,271
48.431408,-43.50361,279
48.431408,-44.406137,287
48.431408,-45.308664,303
48.431408,-46.211191,319
47.528881,-46.211191,568
46.626354,-46.211191,584
45.723827,-46.211191,608
44.8213,-46.211191,616
44.8213,-47.113718,624
43.918773,-47.113718,632
43.016245,-47.113718,656
42.113718,-47.113718,664
41.211191,-47.113718,688
40.308664,-47.113718,720
39.406137,-47.113718,736
38.50361,-47.113718,752
37.601083,-48.016245,768
36.698556,-48.016245,776
36.698556,-48.918773,792
36.698556,-49.8213,800
35.796029,-50.723827,816
35.796029,-51.626354,824
35.796029,-52.528881,832
35.796029,-53.431408,856
34.893502,-53.431408,864
34.893502,-54.333935,872
33.990975,-55.236462,880
33.990975,-57.041516,896
33.990975,-58.84657,904
33.990975,-59.749097,944
33.990975,-60.651625,952
33.990975,-62.456679,960
33.990975,-63.359206,984
33.990975,-65.16426,1000
33.990975,-66.066787,1016
33.990975,-66.969314,1032
33.990975,-67.871841,1040
33.990975,-68.774368,1056
35.796029,-69.676895,1064
35.796029,-70.579422,1080
37.601083,-70.579422,1088
39.406137,-71.481949,1104
40.308664,-72.384477,1112
41.211191,-72.384477,1120
43.918773,-72.384477,1128
44.8213,-72.384477,1136
45.723827,-73.287004,1144
47.528881,-73.287004,1153
49.333935,-73.287004,1160
51.138989,-73.287004,1168
52.041516,-73.287004,1176
53.84657,-73.287004,1184
56.554152,-73.287004,1192
57.456679,-73.287004,1200
58.359206,-73.287004,1208
60.16426,-73.287004,1216
61.066787,-73.287004,1232
61.969314,-73.287004,1240
62.871841,-73.287004,1248
63.774368,-73.287004,1256
64.676895,-72.384477,1272
65.579422,-72.384477,1280
66.481949,-72.384477,1296
67.384477,-71.481949,1312
68.287004,-70.579422,1320
68.287004,-68.774368,1328
68.287004,-67.871841,1336
70.092058,-66.969314,1344
70.092058,-65.16426,1352
70.092058,-63.359206,1368
70.092058,-62.456679,1376
70.994585,-60.651625,1384
70.994585,-59.749097,1392
70.994585,-58.84657,1408
70.994585,-57.041516,1424
70.994585,-56.138989,1440
70.994585,-54.333935,1448
70.092058,-52.528881,1464
69.189531,-51.626354,1472
69.189531,-50.723827,1480
68.287004,-50.723827,1488
68.287004,-49.8213,1496
67.384477,-49.8213,1504
66.481949,-48.016245,1512
65.579422,-48.016245,1528
65.579422,-46.211191,1536
65.579422,-45.308664,1544
64.676895,-45.308664,1553
63.774368,-43.50361,1576
62.871841,-43.50361,1592
61.969314,-43.50361,1608
61.066787,-43.50361,1617
60.16426,-42.601083,1648
58.359206,-42.601083,1656
57.456679,-42.601083,1672
56.554152,-42.601083,1680
55.651625,-42.601083,1688
53.84657,-42.601083,1697
52.041516,-42.601083,1712
51.138989,-42.601083,1720
50.236462,-42.601083,1737
49.333935,-42.601083,1744
48.431408,-42.601083,1777
47.528881,-42.601083,1801
47.528881,-43.50361,1817
46.626354,-43.50361,1841
46.626354,-44.406137,1848
BREAK
52.041516,-74.189531,3280
52.041516,-75.092058,3351
52.041516,-75.994585,3360
52.041516,-76.897112,3375
52.041516,-77.799639,3392
52.041516,-78.702166,3399
52.041516,-79.604693,3416
52.041516,-80.50722,3432
52.041516,-82.312274,3448
51.138989,-83.214801,3464
51.138989,-85.019856,3480
51.138989,-85.922383,3497
51.138989,-86.82491,3504
51.138989,-87.727437,3528
51.138989,-88.629964,3551
51.138989,-89.532491,3560
51.138989,-90.435018,3576
51.138989,-91.337545,3616
51.138989,-92.240072,3640
51.138989,-93.142599,3680
51.138989,-94.045126,3704
51.138989,-94.947653,3720
51.138989,-95.850181,3728
51.138989,-96.752708,3848
BREAK
