START
48.431408,-8.3050542,0
48.431408,-11.915162,44
47.528881,-18.232852,88
45.723827,-23.648014,132
45.723827,-27.258123,177
44.8213,-29.965704,222
43.918773,-29.965704,641
39.406137,-29.965704,686
38.50361,-29.965704,729
35.796029,-29.965704,816
31.283394,-29.965704,860
28.575812,-31.770758,905
24.965704,-33.575812,949
22.258123,-36.283394,993
21.355596,-38.088448,1038
20.453069,-41.698556,1082
21.355596,-45.308664,1125
25.868231,-47.113718,1170
30.380866,-49.8213,1213
36.698556,-50.723827,1259
44.8213,-51.626354,1305
52.041516,-51.626354,1349
60.16426,-51.626354,1393
61.969314,-51.626354,1442
63.774368,-50.723827,1444
65.579422,-47.113718,1491
66.481949,-46.211191,1494
66.481949,-44.406137,1536
66.481949,-41.698556,1579
65.579422,-40.796029,1623
63.774368,-39.893502,1667
63.774368,-38.990975,1669
60.16426,-37.185921,1712
57.456679,-36.283394,1756
55.651625,-35.380866,1800
54.749097,-34.478339,1803
51.138989,-33.575812,1846
48.431408,-33.575812,1894
44.8213,-32.673285,1940
43.016245,-32.673285,2373
BREAK
43.918773,-53.431408,3139
43.918773,-57.041516,3225
43.918773,-66.066787,3269
43.918773,-71.481949,3313
43.918773,-74.189531,3358
43.918773,-76.897112,3402
43.918773,-79.604693,3446
43.918773,-81.409747,3490
43.918773,-82.312274,3534
43.918773,-83.214801,3577
43.918773,-84.117329,3619
44.8213,-84.117329,3749
47.528881,-84.117329,3794
BREAK
