START
55.061321,-24.718876,0
BREAK
55.061321,-24.718876,150
55.061321,-26.718876,190
55.061321,-29.718876,200
55.061321,-31.718876,220
55.061321,-34.718876,240
55.061321,-37.718876,250
55.061321,-41.718876,260
55.061321,-42.718876,280
55.061321,-44.718876,290
55.061321,-45.718876,300
55.061321,-48.718876,320
55.061321,-51.718876,350
55.061321,-53.718876,360
55.061321,-55.718876,370
55.061321,-56.718876,390
55.061321,-59.718876,400
55.061321,-65.718876,430
55.061321,-67.718876,440
55.061321,-70.718876,450
55.061321,-72.718876,470
55.061321,-76.718876,500
55.061321,-78.718876,510
55.061321,-81.718876,530
55.061321,-82.718876,540
55.061321,-83.718876,570
54.061321,-84.718876,591
53.061321,-86.718876,601
52.061321,-86.718876,611
48.061321,-90.718876,641
47.061321,-91.718876,651
45.061321,-91.718876,671
44.061321,-91.718876,701
43.061321,-91.718876,711
42.061321,-91.718876,731
41.061321,-91.718876,741
40.061321,-91.718876,761
38.061321,-91.718876,771
37.061321,-91.718876,791
36.061321,-91.718876,811
35.061321,-91.718876,821
34.061321,-91.718876,841
32.061321,-91.718876,851
31.061321,-91.718876,861
30.061321,-91.718876,881
29.061321,-91.718876,891
29.061321,-90.718876,901
28.061321,-89.718876,921
26.061321,-89.718876,931
26.061321,-88.718876,951
24.061321,-87.718876,961
23.061321,-86.718876,971
22.061321,-83.718876,991
21.061321,-82.718876,1001
20.061321,-81.718876,1021
20.061321,-80.718876,1041
20.061321,-78.718876,1071
19.061321,-77.718876,1091
19.061321,-76.718876,1101
19.061321,-75.718876,1121
19.061321,-74.718876,1131
19.061321,-73.718876,1151
19.061321,-72.718876,1171
BREAK
53.061321,-23.718876,2143
52.061321,-23.718876,2353
51.061321,-23.718876,2433
47.061321,-23.718876,2443
46.061321,-23.718876,2453
44.061321,-23.718876,2473
43.061321,-23.718876,2483
41.061321,-23.718876,2493
40.061321,-23.718876,2523
39.061321,-23.718876,2543
39.061321,-24.718876,2653
38.061321,-24.718876,2673
37.061321,-25.718876,2684
37.061321,-27.718876,2694
36.061321,-28.718876,2714
36.061321,-30.718876,2724
35.061321,-30.718876,2734
35.061321,-32.718876,2754
34.061321,-33.718876,2764
34.061321,-34.718876,2784
33.061321,-35.718876,2804
33.061321,-36.718876,2824
33.061321,-37.718876,2834
33.061321,-38.718876,2854
33.061321,-39.718876,2864
33.061321,-40.718876,2884
33.061321,-41.718876,2894
33.061321,-42.718876,2914
33.061321,-43.718876,2954
33.061321,-44.718876,2964
33.061321,-45.718876,2984
33.061321,-46.718876,3014
33.061321,-47.718876,3044
33.061321,-48.718876,3084
34.061321,-48.718876,3134
35.061321,-48.718876,3154
36.061321,-48.718876,3164
37.061321,-49.718876,3184
38.061321,-49.718876,3204
39.061321,-50.718876,3224
40.061321,-50.718876,3244
41.061321,-50.718876,3254
41.061321,-51.718876,3284
43.061321,-51.718876,3304
44.061321,-52.718876,3314
44.061321,-54.718876,3334
45.061321,-54.718876,3344
46.061321,-54.718876,3354
47.061321,-54.718876,3375
48.061321,-54.718876,3405
49.061321,-54.718876,3435
50.061321,-54.718876,3495
51.061321,-54.718876,3505
52.061321,-54.718876,3525
53.061321,-54.718876,3645
BREAK
58.061321,-23.718876,5147
BREAK
