START
57.061321,-21.718876,0
57.061321,-20.718876,39
56.061321,-19.718876,49
55.061321,-19.718876,57
54.061321,-19.718876,65
52.061321,-18.718876,75
51.061321,-18.718876,89
50.061321,-18.718876,97
49.061321,-17.718876,105
48.061321,-17.718876,115
47.061321,-17.718876,121
46.061321,-17.718876,129
45.061321,-17.718876,145
44.061321,-17.718876,159
43.061321,-17.718876,169
42.061321,-17.718876,185
41.061321,-17.718876,201
40.061321,-18.718876,209
39.061321,-19.718876,225
38.061321,-20.718876,241
38.061321,-21.718876,249
37.061321,-21.718876,257
37.061321,-22.718876,265
37.061321,-23.718876,281
37.061321,-24.718876,289
37.061321,-25.718876,297
37.061321,-26.718876,305
37.061321,-27.718876,315
37.061321,-29.718876,321
37.061321,-30.718876,329
37.061321,-32.718876,337
37.061321,-33.718876,345
37.061321,-35.718876,360
36.061321,-36.718876,362
36.061321,-37.718876,369
36.061321,-39.718876,377
36.061321,-40.718876,399
36.061321,-41.718876,401
36.061321,-42.718876,417
36.061321,-43.718876,441
37.061321,-43.718876,457
37.061321,-44.718876,465
38.061321,-45.718876,480
39.061321,-45.718876,481
40.061321,-47.718876,489
41.061321,-47.718876,497
42.061321,-48.718876,505
44.061321,-50.718876,516
46.061321,-51.718876,529
47.061321,-53.718876,537
49.061321,-54.718876,546
50.061321,-56.718876,561
52.061321,-56.718876,569
52.061321,-57.718876,577
53.061321,-57.718876,585
54.061321,-57.718876,600
55.061321,-57.718876,602
56.061321,-57.718876,617
57.061321,-57.718876,625
58.061321,-57.718876,657
58.061321,-56.718876,665
58.061321,-55.718876,679
59.061321,-55.718876,681
60.061321,-54.718876,689
60.061321,-53.718876,697
60.061321,-52.718876,705
61.061321,-52.718876,715
61.061321,-51.718876,721
62.061321,-50.718876,737
62.061321,-49.718876,745
63.061321,-48.718876,761
64.061321,-46.718876,777
64.061321,-45.718876,799
65.061321,-43.718876,801
65.061321,-42.718876,809
65.061321,-41.718876,817
65.061321,-38.718876,825
66.061321,-37.718876,835
66.061321,-36.718876,841
66.061321,-34.718876,849
66.061321,-32.718876,857
66.061321,-31.718876,865
66.061321,-29.718876,879
65.061321,-28.718876,889
65.061321,-27.718876,897
65.061321,-26.718876,905
64.061321,-26.718876,921
64.061321,-25.718876,929
64.061321,-24.718876,960
63.061321,-24.718876,962
63.061321,-23.718876,969
62.061321,-23.718876,985
62.061321,-24.718876,1115
62.061321,-25.718876,1121
62.061321,-26.718876,1129
62.061321,-28.718876,1137
62.061321,-30.718876,1145
62.061321,-31.718876,1159
62.061321,-32.718876,1161
62.061321,-34.718876,1169
62.061321,-35.718876,1177
62.061321,-36.718876,1185
62.061321,-38.718876,1196
62.061321,-39.718876,1201
62.061321,-40.718876,1209
62.061321,-41.718876,1217
62.061321,-42.718876,1225
62.061321,-43.718876,1240
62.061321,-44.718876,1249
62.061321,-45.718876,1257
62.061321,-46.718876,1265
62.061321,-47.718876,1281
62.061321,-48.718876,1297
62.061321,-49.718876,1315
62.061321,-50.718876,1321
62.061321,-51.718876,1329
62.061321,-52.718876,1337
62.061321,-53.718876,1345
62.061321,-54.718876,1360
62.061321,-55.718876,1361
62.061321,-57.718876,1369
62.061321,-59.718876,1377
63.061321,-60.718876,1385
63.061321,-62.718876,1395
63.061321,-63.718876,1401
63.061321,-64.718876,1409
63.061321,-65.718876,1417
63.061321,-66.718876,1440
63.061321,-67.718876,1465
63.061321,-68.718876,1476
63.061321,-69.718876,1497
63.061321,-70.718876,1516
63.061321,-71.718876,1521
63.061321,-72.718876,1529
63.061321,-73.718876,1537
63.061321,-74.718876,1546
63.061321,-75.718876,1561
63.061321,-77.718876,1569
63.061321,-79.718876,1585
63.061321,-80.718876,1600
63.061321,-81.718876,1602
63.061321,-82.718876,1609
63.061321,-83.718876,1617
62.061321,-84.718876,1625
62.061321,-85.718876,1641
62.061321,-86.718876,1665
61.061321,-86.718876,1689
61.061321,-87.718876,1716
60.061321,-87.718876,1721
59.061321,-87.718876,1729
58.061321,-88.718876,1745
57.061321,-88.718876,1761
56.061321,-89.718876,1769
55.061321,-90.718876,1777
54.061321,-90.718876,1802
53.061321,-90.718876,1809
53.061321,-91.718876,1817
52.061321,-91.718876,1825
51.061321,-91.718876,1840
50.061321,-91.718876,1841
49.061321,-91.718876,1849
48.061321,-91.718876,1857
46.061321,-91.718876,1865
45.061321,-91.718876,1877
44.061321,-90.718876,1881
41.061321,-90.718876,1889
40.061321,-89.718876,1897
39.061321,-88.718876,1905
38.061321,-88.718876,1915
37.061321,-86.718876,1921
36.061321,-86.718876,1929
36.061321,-85.718876,1937
35.061321,-85.718876,1951
35.061321,-84.718876,1954
35.061321,-83.718876,1961
34.061321,-82.718876,1969
34.061321,-81.718876,1977
34.061321,-80.718876,1986
34.061321,-79.718876,1995
34.061321,-78.718876,2001
34.061321,-77.718876,2009
34.061321,-75.718876,2017
34.061321,-74.718876,2025
34.061321,-73.718876,2037
34.061321,-71.718876,2041
34.061321,-70.718876,2049
34.061321,-69.718876,2057
34.061321,-68.718876,2065
34.061321,-67.718876,2079
BREAK
