START
70.061321,-16.718876,0
70.061321,-17.718876,807
70.061321,-18.718876,832
70.061321,-19.718876,839
70.061321,-20.718876,847
70.061321,-21.718876,862
70.061321,-22.718876,870
70.061321,-23.718876,879
70.061321,-24.718876,888
70.061321,-25.718876,894
69.061321,-26.718876,911
69.061321,-27.718876,920
69.061321,-28.718876,931
69.061321,-29.718876,939
69.061321,-30.718876,951
69.061321,-31.718876,968
69.061321,-33.718876,986
69.061321,-35.718876,1008
69.061321,-36.718876,1019
68.061321,-37.718876,1027
68.061321,-39.718876,1062
68.061321,-40.718876,1074
68.061321,-41.718876,1107
68.061321,-42.718876,1122
67.061321,-43.718876,1148
67.061321,-44.718876,1172
67.061321,-45.718876,1187
67.061321,-46.718876,1202
67.061321,-47.718876,1219
67.061321,-48.718876,1234
67.061321,-49.718876,1248
67.061321,-50.718876,1265
67.061321,-51.718876,1291
67.061321,-52.718876,1297
67.061321,-53.718876,1306
67.061321,-54.718876,1327
67.061321,-55.718876,1336
67.061321,-56.718876,1353
66.061321,-57.718876,1362
66.061321,-58.718876,1378
66.061321,-59.718876,1398
66.061321,-60.718876,1411
66.061321,-61.718876,1421
66.061321,-62.718876,1433
66.061321,-63.718876,1450
66.061321,-65.718876,1465
66.061321,-66.718876,1494
66.061321,-67.718876,1523
65.061321,-68.718876,1563
65.061321,-69.718876,1579
65.061321,-70.718876,1601
64.061321,-71.718876,1775
63.061321,-72.718876,1791
63.061321,-73.718876,1800
63.061321,-74.718876,1816
63.061321,-75.718876,1830
62.061321,-76.718876,1841
61.061321,-76.718876,1863
61.061321,-77.718876,1871
61.061321,-78.718876,1902
60.061321,-78.718876,1911
59.061321,-78.718876,1935
59.061321,-79.718876,1942
58.061321,-79.718876,1975
58.061321,-80.718876,1987
57.061321,-81.718876,1995
56.061321,-82.718876,2024
55.061321,-82.718876,2041
55.061321,-83.718876,2057
55.061321,-84.718876,2068
53.061321,-84.718876,2152
52.061321,-84.718876,2251
50.061321,-84.718876,2383
48.061321,-84.718876,2486
48.061321,-83.718876,2518
46.061321,-83.718876,2550
45.061321,-83.718876,2574
45.061321,-82.718876,2599
44.061321,-82.718876,2649
44.061321,-81.718876,2670
43.061321,-80.718876,2766
43.061321,-79.718876,2815
43.061321,-78.718876,2839
42.061321,-78.718876,2847
42.061321,-77.718876,2855
42.061321,-76.718876,2872
41.061321,-76.718876,2882
41.061321,-75.718876,2896
41.061321,-74.718876,2910
41.061321,-73.718876,2943
40.061321,-72.718876,2983
40.061321,-71.718876,3007
40.061321,-70.718876,3103
41.061321,-70.718876,3150
BREAK
68.061321,-26.718876,5916
64.061321,-19.718876,5932
63.061321,-18.718876,5953
62.061321,-18.718876,5981
62.061321,-17.718876,5997
60.061321,-17.718876,6050
59.061321,-16.718876,6136
58.061321,-16.718876,6144
57.061321,-16.718876,6168
56.061321,-16.718876,6192
55.061321,-16.718876,6216
55.061321,-15.718876,6223
53.061321,-15.718876,6248
51.061321,-15.718876,6280
51.061321,-14.718876,6304
49.061321,-14.718876,6312
48.061321,-14.718876,6319
47.061321,-14.718876,6343
46.061321,-14.718876,6351
45.061321,-14.718876,6374
44.061321,-14.718876,6398
43.061321,-14.718876,6478
43.061321,-15.718876,6502
43.061321,-16.718876,6558
41.061321,-16.718876,6566
40.061321,-16.718876,6574
40.061321,-17.718876,6583
39.061321,-18.718876,6593
38.061321,-18.718876,6603
37.061321,-19.718876,6614
37.061321,-20.718876,6622
36.061321,-20.718876,6630
36.061321,-21.718876,6639
36.061321,-22.718876,6646
35.061321,-23.718876,6666
34.061321,-23.718876,6671
33.061321,-24.718876,6701
33.061321,-25.718876,6720
32.061321,-25.718876,6736
32.061321,-26.718876,6744
32.061321,-27.718876,6758
32.061321,-28.718876,6767
32.061321,-29.718876,6798
31.061321,-30.718876,6806
31.061321,-31.718876,6822
31.061321,-32.718876,6846
31.061321,-33.718876,6862
31.061321,-34.718876,6870
32.061321,-35.718876,6886
32.061321,-36.718876,6902
33.061321,-36.718876,6918
33.061321,-37.718876,6926
34.061321,-37.718876,6934
34.061321,-38.718876,6942
35.061321,-38.718876,6950
36.061321,-39.718876,6967
37.061321,-39.718876,6982
38.061321,-39.718876,6998
39.061321,-40.718876,7006
40.061321,-40.718876,7022
41.061321,-40.718876,7030
42.061321,-41.718876,7046
43.061321,-41.718876,7062
44.061321,-41.718876,7070
45.061321,-42.718876,7094
46.061321,-42.718876,7102
47.061321,-42.718876,7118
48.061321,-42.718876,7144
48.061321,-43.718876,7152
49.061321,-43.718876,7169
50.061321,-43.718876,7202
51.061321,-43.718876,7218
52.061321,-44.718876,7240
53.061321,-44.718876,7264
54.061321,-44.718876,7310
55.061321,-44.718876,7350
56.061321,-44.718876,7390
57.061321,-44.718876,7415
58.061321,-44.718876,7447
59.061321,-44.718876,7471
60.061321,-43.718876,7503
61.061321,-43.718876,7519
61.061321,-42.718876,7536
62.061321,-42.718876,7544
63.061321,-42.718876,7568
63.061321,-41.718876,7639
64.061321,-41.718876,7710
BREAK
