START
61.061321,-22.718876,0
61.061321,-32.718876,187
61.061321,-33.718876,187
61.061321,-34.718876,203
61.061321,-35.718876,203
61.061321,-36.718876,218
61.061321,-37.718876,234
61.061321,-38.718876,234
61.061321,-39.718876,250
61.061321,-42.718876,265
61.061321,-44.718876,265
61.061321,-45.718876,281
61.061321,-49.718876,296
61.061321,-50.718876,296
61.061321,-54.718876,312
61.061321,-55.718876,312
61.061321,-56.718876,328
61.061321,-57.718876,343
61.061321,-58.718876,343
61.061321,-59.718876,359
61.061321,-60.718876,375
61.061321,-61.718876,390
61.061321,-62.718876,406
61.061321,-63.718876,421
61.061321,-64.718876,437
61.061321,-65.718876,453
61.061321,-66.718876,468
61.061321,-67.718876,484
61.061321,-68.718876,484
61.061321,-69.718876,500
61.061321,-70.718876,531
61.061321,-71.718876,546
61.061321,-72.718876,562
61.061321,-73.718876,578
61.061321,-74.718876,578
60.061321,-74.718876,593
60.061321,-75.718876,625
59.061321,-75.718876,625
59.061321,-76.718876,656
58.061321,-76.718876,671
58.061321,-77.718876,703
57.061321,-77.718876,718
57.061321,-78.718876,734
57.061321,-79.718876,750
56.061321,-79.718876,765
55.061321,-79.718876,781
54.061321,-79.718876,812
53.061321,-79.718876,843
52.061321,-79.718876,843
51.061321,-79.718876,875
50.061321,-79.718876,875
49.061321,-79.718876,890
48.061321,-79.718876,906
47.061321,-79.718876,906
46.061321,-79.718876,921
45.061321,-79.718876,937
44.061321,-79.718876,953
43.061321,-79.718876,968
42.061321,-79.718876,984
41.061321,-79.718876,984
40.061321,-79.718876,1000
39.061321,-79.718876,1015
38.061321,-79.718876,1093
38.061321,-78.718876,1109
37.061321,-78.718876,1109
36.061321,-78.718876,1140
35.061321,-78.718876,1171
35.061321,-77.718876,1171
34.061321,-77.718876,1187
33.061321,-76.718876,1218
33.061321,-75.718876,1234
32.061321,-74.718876,1250
31.061321,-73.718876,1265
30.061321,-73.718876,1265
29.061321,-72.718876,1281
28.061321,-71.718876,1296
27.061321,-71.718876,1312
27.061321,-70.718876,1312
27.061321,-69.718876,1390
26.061321,-69.718876,1390
26.061321,-68.718876,1406
26.061321,-67.718876,1421
25.061321,-66.718876,1437
25.061321,-65.718876,1468
25.061321,-64.718876,1531
25.061321,-63.718876,1546
25.061321,-62.718876,1546
25.061321,-61.718876,1562
25.061321,-60.718876,1578
25.061321,-59.718876,1593
BREAK
57.061321,-26.718876,3484
52.061321,-25.718876,3593
51.061321,-25.718876,3593
50.061321,-25.718876,3609
49.061321,-24.718876,3625
48.061321,-24.718876,3625
47.061321,-24.718876,3640
47.061321,-23.718876,3656
46.061321,-23.718876,3687
45.061321,-23.718876,3718
44.061321,-23.718876,3718
43.061321,-23.718876,3734
42.061321,-23.718876,3750
41.061321,-23.718876,3765
40.061321,-23.718876,3781
39.061321,-23.718876,3796
38.061321,-23.718876,3828
37.061321,-23.718876,3843
36.061321,-23.718876,3875
35.061321,-23.718876,3890
34.061321,-23.718876,3906
33.061321,-23.718876,3937
33.061321,-24.718876,3953
32.061321,-24.718876,3968
32.061321,-25.718876,4015
32.061321,-26.718876,4031
32.061321,-27.718876,4046
32.061321,-28.718876,4062
32.061321,-29.718876,4062
32.061321,-30.718876,4078
32.061321,-31.718876,4093
32.061321,-32.718876,4093
32.061321,-33.718876,4109
31.061321,-34.718876,4109
31.061321,-37.718876,4125
31.061321,-42.718876,4203
31.061321,-43.718876,4203
31.061321,-44.718876,4218
31.061321,-45.718876,4250
31.061321,-46.718876,4281
31.061321,-47.718876,4296
31.061321,-48.718876,4312
32.061321,-48.718876,4328
33.061321,-48.718876,4359
34.061321,-48.718876,4375
35.061321,-48.718876,4437
36.061321,-48.718876,4437
37.061321,-49.718876,4453
38.061321,-49.718876,4468
39.061321,-49.718876,4484
40.061321,-49.718876,4484
41.061321,-49.718876,4531
42.061321,-49.718876,4546
43.061321,-49.718876,4562
44.061321,-49.718876,4578
45.061321,-49.718876,4593
46.061321,-49.718876,4593
47.061321,-49.718876,4609
48.061321,-49.718876,4625
49.061321,-49.718876,4640
50.061321,-49.718876,4656
51.061321,-49.718876,4687
52.061321,-49.718876,4687
53.061321,-49.718876,4703
54.061321,-49.718876,4718
55.061321,-49.718876,4718
56.061321,-49.718876,4734
57.061321,-49.718876,4750
58.061321,-49.718876,4765
59.061321,-49.718876,4781
60.061321,-49.718876,4796
61.061321,-49.718876,4828
BREAK
