START
74.528302,-19.686747,0
73.528302,-19.686747,112
72.528302,-19.686747,120
71.528302,-19.686747,128
69.528302,-19.686747,136
68.528302,-19.686747,144
49.528302,-17.686747,305
50.528302,-18.686747,1040
51.528302,-18.686747,1048
51.528302,-19.686747,1064
52.528302,-19.686747,1072
52.528302,-20.686747,1080
53.528302,-21.686747,1088
54.528302,-22.686747,1104
54.528302,-23.686747,1120
56.528302,-25.686747,1128
56.528302,-26.686747,1144
57.528302,-26.686747,1152
57.528302,-27.686747,1160
58.528302,-27.686747,1176
58.528302,-29.686747,1184
58.528302,-31.686747,1208
59.528302,-32.686747,1216
60.528302,-33.686747,1224
62.528302,-35.686747,1241
62.528302,-36.686747,1248
63.528302,-38.686747,1257
63.528302,-39.686747,1264
65.528302,-41.686747,1272
65.528302,-42.686747,1288
66.528302,-42.686747,1297
66.528302,-43.686747,1304
66.528302,-44.686747,1312
66.528302,-45.686747,1328
67.528302,-47.686747,1344
68.528302,-47.686747,1360
68.528302,-48.686747,1376
68.528302,-49.686747,1392
68.528302,-50.686747,1401
68.528302,-51.686747,1408
69.528302,-51.686747,1416
69.528302,-53.686747,1424
69.528302,-54.686747,1433
69.528302,-55.686747,1441
69.528302,-56.686747,1448
69.528302,-57.686747,1457
69.528302,-58.686747,1465
69.528302,-59.686747,1480
69.528302,-60.686747,1488
69.528302,-61.686747,1497
69.528302,-62.686747,1520
69.528302,-63.686747,1537
69.528302,-64.686747,1544
69.528302,-65.686747,1561
69.528302,-66.686747,1569
69.528302,-67.686747,1576
69.528302,-68.686747,1585
69.528302,-70.686747,1601
69.528302,-71.686747,1609
69.528302,-72.686747,1625
69.528302,-73.686747,1633
69.528302,-74.686747,1648
69.528302,-75.686747,1657
69.528302,-76.686747,1665
69.528302,-77.686747,1688
70.528302,-78.686747,1697
70.528302,-79.686747,1705
70.528302,-80.686747,1729
71.528302,-80.686747,1737
71.528302,-81.686747,1744
71.528302,-82.686747,1753
71.528302,-83.686747,1777
71.528302,-84.686747,1817
71.528302,-85.686747,1825
72.528302,-86.686747,1841
72.528302,-87.686747,1873
70.528302,-87.686747,2265
67.528302,-87.686747,2281
66.528302,-87.686747,2289
65.528302,-87.686747,2305
64.528302,-87.686747,2321
63.528302,-87.686747,2337
62.528302,-87.686747,2353
61.528302,-87.686747,2361
60.528302,-87.686747,2377
59.528302,-87.686747,2385
58.528302,-87.686747,2393
57.528302,-87.686747,2401
56.528302,-87.686747,2409
55.528302,-87.686747,2417
54.528302,-87.686747,2425
53.528302,-87.686747,2441
52.528302,-87.686747,2513
51.528302,-87.686747,2649
50.528302,-87.686747,2673
49.528302,-87.686747,2681
48.528302,-87.686747,2697
47.528302,-87.686747,2705
46.528302,-87.686747,2729
45.528302,-87.686747,2809
44.528302,-87.686747,2825
44.528302,-88.686747,2985
BREAK
