START
26.128252,-22.523124,0
27.001936,-22.523124,154
27.875621,-22.523124,171
29.622989,-22.523124,188
31.370357,-22.523124,204
33.117726,-22.523124,238
34.865094,-22.523124,255
35.738779,-22.523124,271
37.486147,-22.523124,288
38.359831,-22.523124,305
40.1072,-22.523124,322
41.854568,-22.523124,338
44.475621,-22.523124,355
46.222989,-22.523124,372
48.844042,-22.523124,388
49.717726,-22.523124,405
51.465094,-22.523124,422
53.212463,-22.523124,439
54.959831,-22.523124,455
56.7072,-22.523124,472
58.454568,-22.523124,489
61.075621,-22.523124,506
63.696673,-22.523124,522
65.444042,-22.523124,539
67.19141,-22.523124,556
68.065094,-22.523124,572
69.812463,-22.523124,589
71.559831,-22.523124,606
73.3072,-22.523124,623
75.054568,-22.523124,639
78.549305,-22.523124,656
79.422989,-22.523124,673
81.170357,-22.523124,690
82.044042,-22.523124,706
83.79141,-22.523124,740
84.665094,-22.523124,756
85.538779,-22.523124,773
86.412463,-22.523124,807
87.286147,-22.523124,823
BREAK
68.938779,-25.144177,1968
68.938779,-26.017861,2212
68.938779,-26.891545,2229
68.938779,-28.638914,2245
68.938779,-29.512598,2262
68.938779,-30.386282,2279
68.938779,-32.13365,2295
68.938779,-33.007335,2312
68.938779,-33.881019,2329
68.938779,-34.754703,2346
68.938779,-35.628387,2379
68.938779,-36.502071,2413
69.812463,-36.502071,2429
69.812463,-38.24944,2446
69.812463,-39.123124,2463
68.938779,-39.123124,3132
68.065094,-39.123124,3149
67.19141,-39.123124,3199
66.317726,-39.123124,3232
65.444042,-39.123124,3249
64.570357,-39.123124,3266
63.696673,-39.123124,3282
62.822989,-39.123124,3299
61.075621,-39.123124,3316
60.201936,-39.123124,3333
58.454568,-39.123124,3366
57.580884,-39.123124,3383
56.7072,-39.123124,3416
55.833515,-39.123124,3433
54.959831,-39.123124,3450
54.086147,-39.123124,3466
53.212463,-39.123124,3483
52.338779,-39.123124,3517
51.465094,-39.123124,3533
50.59141,-39.123124,3550
49.717726,-39.123124,3584
48.844042,-39.123124,3600
47.970357,-39.123124,3617
47.096673,-39.123124,3650
46.222989,-39.123124,3684
46.222989,-39.996808,3701
45.349305,-39.996808,3717
44.475621,-39.996808,3767
44.475621,-40.870492,3784
42.728252,-40.870492,3818
42.728252,-42.617861,3834
41.854568,-42.617861,3868
40.980884,-44.365229,3901
40.980884,-45.238914,3935
40.980884,-46.112598,3951
40.1072,-46.112598,3968
40.1072,-47.859966,4002
40.1072,-48.73365,4018
40.1072,-49.607335,4052
40.1072,-50.481019,4069
40.1072,-51.354703,4102
40.1072,-52.228387,4136
40.1072,-53.102071,4152
40.980884,-53.975756,4169
40.980884,-54.84944,4186
41.854568,-54.84944,4202
41.854568,-55.723124,4236
42.728252,-55.723124,4253
43.601936,-55.723124,4269
44.475621,-55.723124,4286
44.475621,-57.470492,4303
45.349305,-57.470492,4320
46.222989,-57.470492,4336
47.096673,-57.470492,4353
47.970357,-57.470492,4370
49.717726,-57.470492,4386
50.59141,-57.470492,4403
52.338779,-57.470492,4437
53.212463,-57.470492,4453
54.959831,-57.470492,4487
55.833515,-57.470492,4504
56.7072,-57.470492,4520
57.580884,-57.470492,4537
58.454568,-57.470492,4554
59.328252,-57.470492,4570
60.201936,-57.470492,4587
61.075621,-57.470492,4621
61.949305,-57.470492,4637
62.822989,-57.470492,4654
63.696673,-56.596808,4671
64.570357,-56.596808,4687
66.317726,-56.596808,4704
67.19141,-55.723124,4721
68.065094,-55.723124,4738
68.938779,-55.723124,4754
69.812463,-55.723124,4788
70.686147,-55.723124,4821
71.559831,-55.723124,4838
72.433515,-55.723124,4872
73.3072,-55.723124,4888
74.180884,-55.723124,4905
75.054568,-56.596808,4938
75.054568,-57.470492,4955
75.928252,-57.470492,4972
75.928252,-58.344177,4989
75.928252,-59.217861,5022
76.801936,-60.091545,5056
76.801936,-60.965229,5089
77.675621,-61.838914,5123
77.675621,-62.712598,5156
77.675621,-63.586282,5173
78.549305,-63.586282,5206
78.549305,-65.33365,5240
78.549305,-66.207335,5256
78.549305,-67.081019,5273
78.549305,-68.828387,5290
78.549305,-69.702071,5306
78.549305,-70.575756,5323
78.549305,-71.44944,5340
78.549305,-72.323124,5373
78.549305,-73.196808,5390
78.549305,-74.070492,5424
78.549305,-74.944177,5440
77.675621,-75.817861,5457
77.675621,-76.691545,5474
76.801936,-76.691545,5491
76.801936,-78.438914,5507
75.928252,-78.438914,5524
75.928252,-80.186282,5541
75.054568,-80.186282,5557
75.054568,-81.059966,5591
73.3072,-81.059966,5608
71.559831,-81.93365,5624
70.686147,-81.93365,5641
68.938779,-81.93365,5658
67.19141,-81.93365,5675
65.444042,-82.807335,5691
63.696673,-82.807335,5708
61.949305,-82.807335,5725
60.201936,-83.681019,5741
59.328252,-83.681019,5758
57.580884,-83.681019,5775
56.7072,-83.681019,5792
55.833515,-83.681019,5808
54.959831,-83.681019,5825
54.086147,-83.681019,5859
53.212463,-83.681019,5875
52.338779,-83.681019,5892
50.59141,-83.681019,5909
49.717726,-83.681019,5925
48.844042,-83.681019,5942
47.970357,-83.681019,5959
47.096673,-83.681019,5992
46.222989,-83.681019,6026
45.349305,-82.807335,6059
44.475621,-82.807335,6093
43.601936,-81.93365,6110
42.728252,-81.059966,6243
41.854568,-80.186282,6260
40.1072,-80.186282,6277
BREAK
