START
39.603093,-21.091769,0
39.603093,-20.184553,55
40.510309,-19.277336,79
42.324742,-18.37012,86
44.139175,-17.462903,95
45.953608,-17.462903,103
45.953608,-16.555687,111
46.860825,-15.64847,127
47.768041,-15.64847,135
48.675258,-14.741254,183
49.582474,-14.741254,199
50.489691,-14.741254,231
52.304124,-14.741254,247
53.21134,-13.834037,271
53.21134,-14.741254,447
53.21134,-15.64847,455
53.21134,-16.555687,462
53.21134,-17.462903,471
53.21134,-18.37012,487
53.21134,-19.277336,495
53.21134,-20.184553,511
53.21134,-21.091769,519
53.21134,-21.998986,535
53.21134,-22.906202,551
53.21134,-24.720635,559
52.304124,-24.720635,575
51.396907,-26.535068,583
51.396907,-27.442285,591
50.489691,-28.349501,599
50.489691,-29.256718,607
49.582474,-29.256718,615
48.675258,-31.071151,623
47.768041,-31.978367,639
47.768041,-32.885584,647
46.860825,-33.7928,655
45.953608,-35.607233,671
45.046392,-36.51445,679
45.046392,-37.421666,703
44.139175,-37.421666,711
44.139175,-38.328883,719
43.231959,-40.143316,727
42.324742,-41.050532,751
41.417526,-42.864965,759
40.510309,-43.772182,775
39.603093,-44.679398,783
39.603093,-46.493831,799
38.695876,-47.401047,807
37.78866,-48.308264,832
36.881443,-49.21548,839
36.881443,-50.122697,847
35.06701,-51.93713,863
34.159794,-52.844346,871
33.252577,-52.844346,887
32.345361,-54.658779,903
31.438144,-55.565996,927
31.438144,-56.473212,943
31.438144,-57.380429,951
30.530928,-57.380429,967
29.623711,-58.287645,983
28.716495,-59.194862,991
27.809278,-60.102078,1007
26.902062,-60.102078,1015
26.902062,-61.009295,1039
26.902062,-61.916511,1047
25.994845,-62.823728,1055
25.994845,-63.730944,1063
25.087629,-64.638161,1079
24.180412,-65.545377,1087
23.273196,-66.452594,1095
22.365979,-67.35981,1103
22.365979,-69.174243,1119
21.458763,-69.174243,1128
20.551546,-70.08146,1159
19.64433,-70.988676,1175
18.737113,-72.803109,1183
16.92268,-74.617542,1199
16.015464,-74.617542,1231
16.015464,-75.524759,1255
15.108247,-75.524759,1271
16.015464,-75.524759,1519
16.92268,-75.524759,1527
18.737113,-74.617542,1536
20.551546,-73.710326,1551
23.273196,-73.710326,1559
28.716495,-70.988676,1575
29.623711,-70.988676,1584
30.530928,-70.988676,1591
33.252577,-70.08146,1599
35.06701,-70.08146,1607
35.974227,-69.174243,1624
36.881443,-69.174243,1631
38.695876,-69.174243,1647
40.510309,-69.174243,1655
41.417526,-69.174243,1664
42.324742,-69.174243,1671
44.139175,-69.174243,1679
45.046392,-69.174243,1687
45.953608,-69.174243,1695
47.768041,-69.174243,1703
49.582474,-69.174243,1719
51.396907,-69.174243,1727
52.304124,-69.174243,1735
53.21134,-69.174243,1743
54.118557,-69.174243,1767
57.747423,-69.174243,1775
58.654639,-69.174243,1783
59.561856,-69.174243,1792
60.469072,-69.174243,1799
61.376289,-70.08146,1807
62.283505,-70.08146,1815
63.190722,-70.08146,1823
64.097938,-70.08146,1832
65.912371,-70.08146,1839
66.819588,-70.08146,1847
67.726804,-70.08146,1855
69.541237,-70.08146,1872
70.448454,-70.988676,1912
71.35567,-70.988676,1920
72.262887,-70.988676,1952
72.262887,-70.08146,1975
73.170103,-70.08146,1991
74.984536,-70.08146,2015
75.891753,-70.08146,2031
76.798969,-70.08146,2087
BREAK
22.365979,-44.679398,5608
BREAK
52.304124,-52.844346,6400
BREAK
