START
67.726804,-16.555687,0
66.819588,-16.555687,64
66.819588,-17.462903,81
66.819588,-18.37012,91
67.726804,-19.277336,102
67.726804,-20.184553,111
67.726804,-21.091769,121
68.634021,-21.998986,132
68.634021,-22.906202,142
69.541237,-23.813419,152
69.541237,-26.535068,162
69.541237,-29.256718,172
69.541237,-30.163934,183
69.541237,-31.071151,192
70.448454,-33.7928,203
70.448454,-34.700017,213
70.448454,-35.607233,223
70.448454,-38.328883,233
70.448454,-41.957749,243
70.448454,-42.864965,254
70.448454,-46.493831,264
70.448454,-50.122697,274
70.448454,-51.029913,284
70.448454,-51.93713,294
70.448454,-54.658779,305
69.541237,-55.565996,315
69.541237,-58.287645,324
68.634021,-59.194862,335
67.726804,-60.102078,345
66.819588,-61.009295,356
65.912371,-63.730944,365
65.005155,-64.638161,375
64.097938,-65.545377,386
60.469072,-65.545377,396
59.561856,-66.452594,406
56.840206,-66.452594,416
54.118557,-67.35981,426
50.489691,-68.267027,437
47.768041,-69.174243,446
45.046392,-70.08146,457
42.324742,-70.988676,467
41.417526,-71.895893,477
40.510309,-72.803109,497
40.510309,-73.710326,507
39.603093,-73.710326,517
38.695876,-74.617542,528
37.78866,-74.617542,537
37.78866,-75.524759,548
36.881443,-75.524759,558
36.881443,-76.431975,569
35.974227,-77.339192,578
35.974227,-78.246408,588
35.974227,-79.153625,599
35.974227,-80.060841,609
35.06701,-80.968058,619
35.06701,-81.875274,691
35.974227,-81.875274,741
36.881443,-81.875274,763
37.78866,-81.875274,773
38.695876,-80.968058,791
39.603093,-80.968058,802
40.510309,-80.968058,812
41.417526,-80.060841,822
42.324742,-79.153625,842
43.231959,-78.246408,853
44.139175,-78.246408,863
45.046392,-78.246408,873
45.953608,-77.339192,883
48.675258,-77.339192,893
52.304124,-77.339192,904
55.93299,-77.339192,913
58.654639,-77.339192,923
62.283505,-77.339192,934
63.190722,-77.339192,944
66.819588,-77.339192,953
70.448454,-77.339192,964
74.07732,-76.431975,974
74.984536,-75.524759,985
75.891753,-75.524759,994
76.798969,-75.524759,1005
77.706186,-74.617542,1015
78.613402,-74.617542,1025
81.335052,-74.617542,1035
84.963918,-74.617542,1045
88.592784,-74.617542,1055
92.221649,-74.617542,1066
93.128866,-74.617542,1075
93.128866,-75.524759,1152
92.221649,-75.524759,1162
91.314433,-75.524759,1174
90.407216,-75.524759,1183
90.407216,-74.617542,1289
BREAK
36.881443,-57.380429,1802
BREAK
85.871134,-59.194862,2624
BREAK
