START
28.75,-23.859438,0
28.75,-25.859438,238
28.75,-26.859438,249
28.75,-28.859438,258
28.75,-31.859438,269
28.75,-34.859438,288
28.75,-35.859438,309
28.75,-36.859438,318
28.75,-37.859438,328
28.75,-38.859438,338
28.75,-39.859438,358
28.75,-40.859438,378
28.75,-42.859438,388
28.75,-43.859438,408
28.75,-44.859438,417
28.75,-45.859438,438
28.75,-46.859438,457
28.75,-47.859438,467
28.75,-48.859438,477
28.75,-50.859438,487
28.75,-51.859438,508
28.75,-52.859438,527
28.75,-53.859438,537
28.75,-54.859438,576
28.75,-55.859438,606
28.75,-56.859438,646
28.75,-57.859438,686
28.75,-59.859438,726
28.75,-60.859438,765
28.75,-61.859438,775
28.75,-62.859438,795
28.75,-63.859438,805
28.75,-64.859438,845
28.75,-65.859438,885
27.75,-67.859438,974
27.75,-68.859438,994
27.75,-69.859438,1024
27.75,-70.859438,1064
27.75,-71.859438,1223
27.75,-69.859438,2118
27.75,-68.859438,2157
27.75,-67.859438,2187
27.75,-66.859438,2207
27.75,-65.859438,2227
27.75,-64.859438,2257
27.75,-63.859438,2267
27.75,-61.859438,2297
27.75,-60.859438,2337
27.75,-59.859438,2367
27.75,-58.859438,2386
27.75,-57.859438,2416
27.75,-56.859438,2436
27.75,-55.859438,2456
27.75,-53.859438,2476
27.75,-52.859438,2485
27.75,-51.859438,2505
27.75,-50.859438,2525
27.75,-49.859438,2545
27.75,-48.859438,2575
27.75,-47.859438,2605
28.75,-45.859438,2644
28.75,-44.859438,2684
28.75,-43.859438,2704
29.75,-43.859438,2714
29.75,-42.859438,2734
30.75,-41.859438,2744
30.75,-40.859438,2764
31.75,-39.859438,2784
31.75,-38.859438,2794
31.75,-36.859438,2814
32.75,-35.859438,2853
33.75,-34.859438,2923
34.75,-34.859438,3003
36.75,-34.859438,3033
37.75,-33.859438,3072
38.75,-33.859438,3093
39.75,-33.859438,3112
40.75,-33.859438,3132
40.75,-32.859438,3142
41.75,-32.859438,3162
42.75,-32.859438,3172
44.75,-32.859438,3211
45.75,-32.859438,3251
46.75,-32.859438,3271
47.75,-32.859438,3311
48.75,-32.859438,3351
49.75,-32.859438,3390
50.75,-32.859438,3430
52.75,-32.859438,3470
53.75,-32.859438,3510
53.75,-33.859438,3530
54.75,-33.859438,3550
54.75,-34.859438,3569
55.75,-34.859438,3579
55.75,-35.859438,3609
56.75,-35.859438,3629
56.75,-36.859438,3639
56.75,-37.859438,3659
56.75,-38.859438,3679
56.75,-39.859438,3699
57.75,-39.859438,3709
57.75,-41.859438,3718
57.75,-42.859438,3738
57.75,-43.859438,3758
58.75,-44.859438,3778
58.75,-45.859438,3798
58.75,-46.859438,3808
58.75,-47.859438,3828
58.75,-49.859438,3848
58.75,-50.859438,3887
58.75,-51.859438,3927
58.75,-52.859438,3947
59.75,-52.859438,3977
59.75,-53.859438,3987
59.75,-54.859438,4007
59.75,-55.859438,4037
59.75,-57.859438,4057
59.75,-58.859438,4067
59.75,-59.859438,4087
59.75,-60.859438,4107
59.75,-61.859438,4147
59.75,-62.859438,4187
59.75,-63.859438,4236
59.75,-64.859438,4266
59.75,-66.859438,4306
59.75,-67.859438,4534
59.75,-68.859438,4554
59.75,-69.859438,4584
57.75,-69.859438,4604
57.75,-70.859438,4624
57.75,-73.859438,5092
BREAK
