START
17.254717,-40.827309,0
BREAK
17.254717,-40.827309,216
BREAK
17.254717,-40.827309,528
17.254717,-39.827309,568
18.254717,-39.827309,584
18.254717,-38.827309,608
BREAK
18.254717,-38.827309,856
18.254717,-36.827309,1175
18.254717,-35.827309,1184
18.254717,-34.827309,1192
18.254717,-33.827309,1208
18.254717,-32.827309,1224
18.254717,-30.827309,1232
18.254717,-29.827309,1240
18.254717,-28.827309,1256
19.254717,-27.827309,1272
18.254717,-27.827309,1280
18.254717,-26.827309,1296
18.254717,-25.827309,1336
18.254717,-24.827309,1352
19.254717,-23.827309,1368
20.254717,-22.827309,1376
20.254717,-21.827309,1384
22.254717,-21.827309,1400
23.254717,-20.827309,1416
26.254717,-20.827309,1424
28.254717,-20.827309,1432
29.254717,-20.827309,1440
31.254717,-20.827309,1448
32.254717,-20.827309,1456
33.254717,-20.827309,1472
34.254717,-20.827309,1480
35.254717,-20.827309,1488
36.254717,-20.827309,1496
37.254717,-20.827309,1504
38.254717,-20.827309,1512
39.254717,-20.827309,1520
40.254717,-20.827309,1528
43.254717,-20.827309,1536
45.254717,-21.827309,1545
47.254717,-21.827309,1552
48.254717,-22.827309,1560
49.254717,-22.827309,1568
50.254717,-22.827309,1576
51.254717,-22.827309,1592
52.254717,-23.827309,1600
53.254717,-24.827309,1608
54.254717,-24.827309,1616
54.254717,-25.827309,1632
54.254717,-26.827309,1648
54.254717,-27.827309,1656
55.254717,-27.827309,1672
56.254717,-28.827309,1680
56.254717,-29.827309,1688
56.254717,-30.827309,1696
57.254717,-31.827309,1705
57.254717,-33.827309,1712
58.254717,-33.827309,1728
58.254717,-34.827309,1736
58.254717,-35.827309,1745
59.254717,-35.827309,1752
60.254717,-37.827309,1760
60.254717,-39.827309,1768
62.254717,-42.827309,1784
62.254717,-43.827309,1793
62.254717,-46.827309,1801
63.254717,-49.827309,1809
64.254717,-51.827309,1817
66.254717,-52.827309,1825
68.254717,-54.827309,1833
69.254717,-57.827309,1841
70.254717,-59.827309,1849
71.254717,-60.827309,1857
72.254717,-62.827309,1865
73.254717,-64.827309,1873
74.254717,-65.827309,1889
74.254717,-67.827309,1937
73.254717,-67.827309,1945
73.254717,-69.827309,1953
73.254717,-71.827309,1961
73.254717,-73.827309,1969
73.254717,-74.827309,1977
73.254717,-75.827309,1985
72.254717,-76.827309,2001
72.254717,-78.827309,2033
72.254717,-77.827309,2041
72.254717,-78.827309,2057
72.254717,-79.827309,2073
71.254717,-80.827309,2081
71.254717,-81.827309,2089
69.254717,-82.827309,2097
68.254717,-82.827309,2105
67.254717,-84.827309,2121
67.254717,-85.827309,2129
66.254717,-85.827309,2137
65.254717,-85.827309,2145
64.254717,-85.827309,2153
63.254717,-86.827309,2169
61.254717,-86.827309,2177
60.254717,-86.827309,2185
58.254717,-85.827309,2193
58.254717,-86.827309,2201
56.254717,-86.827309,2209
55.254717,-86.827309,2217
54.254717,-87.827309,2225
53.254717,-87.827309,2241
51.254717,-87.827309,2257
50.254717,-87.827309,2265
49.254717,-87.827309,2272
47.254717,-87.827309,2281
44.254717,-87.827309,2297
42.254717,-87.827309,2305
40.254717,-87.827309,2313
36.254717,-87.827309,2321
35.254717,-87.827309,2329
31.254717,-87.827309,2337
29.254717,-87.827309,2345
28.254717,-87.827309,2353
26.254717,-87.827309,2361
26.254717,-86.827309,2377
25.254717,-86.827309,2441
24.254717,-86.827309,2449
24.254717,-85.827309,2489
23.254717,-85.827309,2529
22.254717,-85.827309,2569
21.254717,-85.827309,2577
20.254717,-85.827309,2585
20.254717,-84.827309,2593
18.254717,-83.827309,2601
17.254717,-83.827309,2609
16.254717,-83.827309,2617
15.254717,-83.827309,2625
14.254717,-82.827309,2633
14.254717,-81.827309,2649
13.254717,-81.827309,2657
12.254717,-80.827309,2665
11.254717,-79.827309,2673
11.254717,-78.827309,2689
10.254717,-78.827309,2697
9.254717,-78.827309,2753
8.254717,-78.827309,2761
8.254717,-77.827309,2769
8.254717,-76.827309,2785
8.254717,-75.827309,2793
8.254717,-74.827309,2817
8.254717,-73.827309,2833
8.254717,-72.827309,2849
8.254717,-71.827309,2866
8.254717,-70.827309,2873
8.254717,-68.827309,2889
8.254717,-67.827309,2897
8.254717,-66.827309,2913
8.254717,-65.827309,2921
8.254717,-64.827309,2937
9.254717,-63.827309,2961
10.254717,-62.827309,2977
10.254717,-61.827309,3001
11.254717,-60.827309,3057
11.254717,-59.827309,3065
12.254717,-58.827309,3073
14.254717,-58.827309,3089
14.254717,-57.827309,3097
14.254717,-56.827309,3105
13.254717,-56.827309,3114
13.254717,-55.827309,3137
14.254717,-55.827309,3153
15.254717,-54.827309,3169
16.254717,-53.827309,3185
17.254717,-52.827309,3193
17.254717,-51.827309,3209
18.254717,-51.827309,3233
19.254717,-51.827309,3282
18.254717,-51.827309,3289
19.254717,-50.827309,3313
20.254717,-51.827309,3569
21.254717,-53.827309,3577
23.254717,-54.827309,3585
24.254717,-55.827309,3601
26.254717,-57.827309,3609
26.254717,-58.827309,3617
27.254717,-59.827309,3625
28.254717,-61.827309,3633
29.254717,-61.827309,3641
30.254717,-63.827309,3649
32.254717,-63.827309,3658
33.254717,-63.827309,3673
34.254717,-63.827309,3737
34.254717,-62.827309,3929
36.254717,-60.827309,3937
35.254717,-59.827309,3945
36.254717,-57.827309,3953
37.254717,-56.827309,3961
38.254717,-56.827309,3969
38.254717,-55.827309,3977
40.254717,-53.827309,3985
40.254717,-52.827309,4001
41.254717,-52.827309,4018
41.254717,-51.827309,4026
42.254717,-51.827309,4298
46.254717,-55.827309,4305
47.254717,-56.827309,4313
50.254717,-58.827309,4321
52.254717,-60.827309,4330
53.254717,-61.827309,4338
55.254717,-63.827309,4346
55.254717,-62.827309,4354
56.254717,-62.827309,4362
57.254717,-63.827309,4378
58.254717,-63.827309,4418
59.254717,-64.827309,4434
61.254717,-64.827309,4442
61.254717,-65.827309,4450
62.254717,-65.827309,4458
62.254717,-64.827309,4490
BREAK
