START
16.598165,-62.385243,0
16.598165,-61.599788,192
17.383619,-61.599788,228
17.383619,-60.814334,245
17.383619,-60.028879,264
17.383619,-59.243425,289
17.383619,-58.45797,310
17.383619,-57.672516,330
17.383619,-56.887061,341
17.383619,-56.101606,367
17.383619,-55.316152,396
17.383619,-54.530697,426
17.383619,-53.745243,444
17.383619,-52.959788,473
17.383619,-52.174334,498
17.383619,-51.388879,532
17.383619,-50.603425,543
17.383619,-49.81797,572
17.383619,-49.032516,613
17.383619,-48.247061,637
17.383619,-47.461606,669
17.383619,-46.676152,690
17.383619,-45.890697,721
17.383619,-45.105243,757
17.383619,-44.319788,781
17.383619,-43.534334,800
17.383619,-42.748879,823
17.383619,-41.963425,846
17.383619,-41.17797,868
18.169074,-41.17797,888
18.169074,-40.392516,899
18.169074,-39.607061,909
18.954528,-39.607061,942
18.954528,-38.821606,953
18.954528,-38.036152,963
19.739983,-38.036152,1005
20.525437,-37.250697,1044
20.525437,-36.465243,1055
21.310892,-36.465243,1067
22.096346,-36.465243,1228
22.096346,-37.250697,1250
22.881801,-37.250697,1261
22.881801,-38.036152,1271
22.881801,-38.821606,1302
22.881801,-39.607061,1322
22.881801,-41.17797,1343
23.667256,-41.17797,1363
23.667256,-41.963425,1374
23.667256,-42.748879,1384
23.667256,-43.534334,1404
23.667256,-44.319788,1430
23.667256,-45.890697,1452
24.45271,-45.890697,1462
24.45271,-46.676152,1484
24.45271,-47.461606,1504
24.45271,-48.247061,1526
25.238165,-49.032516,1549
25.238165,-49.81797,1570
25.238165,-50.603425,1600
25.238165,-51.388879,1634
26.023619,-52.174334,1655
26.023619,-52.959788,1683
26.023619,-53.745243,1707
26.023619,-54.530697,1739
26.809074,-54.530697,1749
26.809074,-55.316152,1763
26.809074,-56.101606,1774
26.809074,-56.887061,1809
26.809074,-57.672516,1837
27.594528,-57.672516,1858
27.594528,-58.45797,1868
27.594528,-59.243425,1893
28.379983,-59.243425,1924
28.379983,-60.028879,1934
28.379983,-60.814334,1955
29.165437,-61.599788,1975
29.165437,-62.385243,2003
29.950892,-62.385243,2023
29.950892,-63.170697,2045
30.736346,-63.956152,2085
31.521801,-63.956152,2131
32.307256,-63.956152,2182
33.09271,-63.956152,2192
33.878165,-63.956152,2219
34.663619,-63.956152,2240
35.449074,-63.956152,2264
35.449074,-63.170697,2277
35.449074,-62.385243,2290
36.234528,-62.385243,2301
36.234528,-61.599788,2315
37.019983,-60.814334,2325
37.019983,-60.028879,2345
37.805437,-59.243425,2384
38.590892,-59.243425,2400
38.590892,-58.45797,2410
38.590892,-57.672516,2424
39.376346,-57.672516,2448
39.376346,-56.887061,2472
39.376346,-56.101606,2498
39.376346,-55.316152,2520
40.161801,-53.745243,2543
40.161801,-52.959788,2564
40.161801,-52.174334,2574
40.161801,-51.388879,2584
40.947256,-51.388879,2605
40.947256,-49.81797,2615
40.947256,-49.032516,2637
40.947256,-47.461606,2657
40.947256,-46.676152,2667
40.947256,-45.890697,2688
40.947256,-45.105243,2699
40.947256,-44.319788,2709
40.947256,-43.534334,2736
40.947256,-42.748879,2746
40.947256,-41.963425,2767
40.947256,-41.17797,2794
40.947256,-40.392516,2834
40.947256,-39.607061,2848
40.947256,-38.821606,2877
40.947256,-38.036152,2901
40.947256,-37.250697,2953
40.947256,-36.465243,2992
40.161801,-36.465243,3004
40.161801,-35.679788,3014
40.161801,-34.894334,3036
39.376346,-34.894334,3080
38.590892,-34.108879,3090
38.590892,-33.323425,3109
38.590892,-32.53797,3148
37.805437,-32.53797,3158
37.019983,-31.752516,3168
37.019983,-30.967061,3196
36.234528,-30.967061,3210
35.449074,-30.181606,3281
35.449074,-29.396152,3346
36.234528,-29.396152,3645
37.019983,-29.396152,3655
37.805437,-30.181606,3666
38.590892,-30.181606,3676
39.376346,-30.967061,3686
40.161801,-30.967061,3697
40.947256,-30.967061,3715
42.518165,-30.967061,3760
42.518165,-31.752516,3782
43.303619,-31.752516,3793
44.089074,-31.752516,3804
44.874528,-31.752516,3814
44.874528,-32.53797,3824
45.659983,-32.53797,3839
45.659983,-33.323425,3849
46.445437,-33.323425,3860
46.445437,-34.108879,3881
47.230892,-34.108879,3891
47.230892,-34.894334,3923
48.016346,-34.894334,3933
48.016346,-35.679788,3943
48.801801,-36.465243,3974
48.801801,-37.250697,3995
48.801801,-38.036152,4015
49.587256,-38.821606,4036
49.587256,-39.607061,4057
49.587256,-41.17797,4078
49.587256,-41.963425,4098
49.587256,-42.748879,4108
49.587256,-43.534334,4120
50.37271,-44.319788,4145
50.37271,-45.105243,4156
50.37271,-45.890697,4166
50.37271,-46.676152,4186
51.158165,-47.461606,4197
51.158165,-48.247061,4207
51.158165,-49.032516,4217
51.158165,-49.81797,4228
51.943619,-49.81797,4238
51.943619,-51.388879,4248
51.943619,-52.174334,4269
52.729074,-52.174334,4279
52.729074,-52.959788,4289
53.514528,-52.959788,4310
53.514528,-53.745243,4320
53.514528,-54.530697,4341
54.299983,-55.316152,4351
54.299983,-56.101606,4362
54.299983,-56.887061,4382
54.299983,-57.672516,4394
54.299983,-58.45797,4405
54.299983,-60.028879,4415
54.299983,-60.814334,4425
54.299983,-62.385243,4446
54.299983,-63.170697,4456
54.299983,-63.956152,4466
55.085437,-65.527061,4477
55.085437,-66.312516,4497
55.085437,-67.883425,4507
55.085437,-68.668879,4528
55.085437,-70.239788,4538
55.085437,-71.025243,4559
55.085437,-71.810697,4569
55.085437,-72.596152,4579
55.085437,-73.381606,4600
55.085437,-74.167061,4621
55.085437,-74.952516,4645
55.085437,-75.73797,4655
55.085437,-76.523425,4684
54.299983,-76.523425,4694
53.514528,-76.523425,4705
53.514528,-77.308879,4715
53.514528,-78.094334,4738
52.729074,-78.879788,4760
52.729074,-79.665243,4781
52.729074,-80.450697,4791
51.943619,-81.236152,4813
51.943619,-82.021606,4834
51.943619,-82.807061,4865
51.943619,-83.592516,4889
51.943619,-84.37797,4924
51.943619,-85.163425,5032
BREAK
