START
26.641509,-20.859438,0
27.641509,-20.859438,182
28.641509,-20.859438,254
28.641509,-20.859438,286
29.641509,-20.859438,753
31.641509,-20.859438,768
33.641509,-20.859438,778
33.641509,-20.859438,795
34.641509,-20.859438,810
35.641509,-20.859438,822
36.641509,-20.859438,836
37.641509,-20.859438,847
38.641509,-20.859438,870
39.641509,-20.859438,896
41.641509,-20.859438,917
42.641509,-20.859438,937
44.641509,-20.859438,947
45.641509,-20.859438,958
46.641509,-20.859438,967
47.641509,-20.859438,978
47.641509,-21.859438,988
48.641509,-21.859438,1000
48.641509,-21.859438,1010
49.641509,-21.859438,1021
50.641509,-21.859438,1042
51.641509,-21.859438,1052
52.641509,-21.859438,1062
53.641509,-21.859438,1073
54.641509,-21.859438,1184
55.641509,-21.859438,1195
56.641509,-21.859438,1207
57.641509,-21.859438,1226
58.641509,-21.859438,1237
58.641509,-21.859438,1310
58.641509,-20.859438,1321
60.641509,-19.859438,1331
61.641509,-19.859438,1346
63.641509,-17.859438,1436
64.641509,-16.859438,1484
63.641509,-16.859438,1608
BREAK
33.641509,-21.859438,9573
33.641509,-22.859438,10079
33.641509,-23.859438,10091
33.641509,-24.859438,10122
34.641509,-25.859438,10139
34.641509,-25.859438,10158
34.641509,-26.859438,10196
34.641509,-27.859438,10207
34.641509,-29.859438,10255
34.641509,-30.859438,10267
35.641509,-30.859438,10278
36.641509,-30.859438,10342
36.641509,-30.859438,10393
36.641509,-31.859438,10444
36.641509,-32.859438,10462
36.641509,-33.859438,10521
36.641509,-34.859438,10532
36.641509,-35.859438,10553
36.641509,-35.859438,10570
36.641509,-37.859438,10581
36.641509,-38.859438,10598
36.641509,-39.859438,10609
36.641509,-40.859438,10624
36.641509,-40.859438,10639
36.641509,-41.859438,10649
36.641509,-42.859438,10666
36.641509,-44.859438,10675
36.641509,-45.859438,10696
36.641509,-45.859438,10718
36.641509,-46.859438,10730
36.641509,-47.859438,10795
36.641509,-48.859438,10806
36.641509,-49.859438,10834
36.641509,-50.859438,10845
36.641509,-51.859438,10856
36.641509,-52.859438,10866
36.641509,-53.859438,10876
36.641509,-54.859438,10886
36.641509,-56.859438,10897
36.641509,-57.859438,10910
36.641509,-58.859438,10920
36.641509,-59.859438,10930
36.641509,-60.859438,10941
36.641509,-60.859438,10959
36.641509,-61.859438,11273
36.641509,-62.859438,11291
37.641509,-62.859438,11308
38.641509,-62.859438,11319
38.641509,-63.859438,11335
38.641509,-64.859438,11351
38.641509,-64.859438,11372
38.641509,-65.859438,11430
39.641509,-65.859438,11580
39.641509,-66.859438,11625
39.641509,-67.859438,11665
39.641509,-68.859438,11674
40.641509,-68.859438,11685
41.641509,-68.859438,11695
38.641509,-70.859438,11714
38.641509,-70.859438,11746
38.641509,-71.859438,11770
38.641509,-73.859438,11819
38.641509,-74.859438,11844
BREAK
41.641509,-71.859438,18253
43.641509,-71.859438,18625
43.641509,-71.859438,18641
44.641509,-71.859438,18659
45.641509,-70.859438,18669
48.641509,-69.859438,18715
48.641509,-69.859438,18762
49.641509,-69.859438,18780
50.641509,-67.859438,18872
53.641509,-66.859438,18884
53.641509,-66.859438,18923
54.641509,-66.859438,18950
55.641509,-65.859438,18966
56.641509,-64.859438,18986
57.641509,-64.859438,18997
58.641509,-64.859438,19025
59.641509,-64.859438,19041
59.641509,-62.859438,19050
60.641509,-62.859438,19063
60.641509,-60.859438,19082
62.641509,-60.859438,19111
62.641509,-59.859438,19122
63.641509,-59.859438,19371
63.641509,-59.859438,19408
64.641509,-59.859438,19434
65.641509,-59.859438,19462
66.641509,-59.859438,19473
66.641509,-57.859438,19513
66.641509,-56.859438,19534
67.641509,-56.859438,19545
68.641509,-56.859438,19556
BREAK
68.641509,-25.859438,28852
68.641509,-25.859438,29253
69.641509,-25.859438,29264
70.641509,-25.859438,29324
71.641509,-25.859438,29334
72.641509,-25.859438,29473
73.641509,-25.859438,29502
74.641509,-25.859438,29519
75.641509,-25.859438,29532
76.641509,-25.859438,29542
77.641509,-25.859438,29566
78.641509,-25.859438,29601
78.641509,-25.859438,29612
79.641509,-25.859438,29634
82.641509,-25.859438,29681
83.641509,-25.859438,29709
83.641509,-25.859438,29719
84.641509,-25.859438,29735
85.641509,-25.859438,29760
87.641509,-25.859438,29842
88.641509,-25.859438,29859
88.641509,-25.859438,29870
89.641509,-23.859438,29886
90.641509,-22.859438,29896
91.641509,-22.859438,29922
92.641509,-22.859438,29987
93.641509,-22.859438,30042
94.641509,-22.859438,30125
95.641509,-22.859438,30136
96.641509,-22.859438,30262
97.641509,-22.859438,30280
98.641509,-22.859438,30294
98.641509,-22.859438,30343
99.641509,-22.859438,30430
BREAK
99.641509,-20.859438,31132
BREAK
104.64151,-20.859438,31919
104.64151,-20.859438,31990
BREAK
100.64151,-19.859438,36659
BREAK
75.641509,-25.859438,39080
BREAK
70.641509,-25.859438,49423
71.641509,-25.859438,49537
71.641509,-26.859438,49587
71.641509,-29.859438,49681
71.641509,-30.859438,49694
71.641509,-31.859438,49704
71.641509,-32.859438,49732
71.641509,-33.859438,49742
71.641509,-34.859438,49775
71.641509,-35.859438,49799
71.641509,-35.859438,49809
71.641509,-37.859438,49847
71.641509,-38.859438,49873
71.641509,-39.859438,49939
71.641509,-40.859438,49996
71.641509,-40.859438,50005
71.641509,-41.859438,50039
71.641509,-42.859438,50049
71.641509,-44.859438,50079
71.641509,-45.859438,50117
71.641509,-45.859438,50151
71.641509,-46.859438,50174
72.641509,-48.859438,50291
72.641509,-50.859438,50345
72.641509,-50.859438,50367
72.641509,-51.859438,50402
73.641509,-52.859438,50430
73.641509,-52.859438,50460
74.641509,-52.859438,50503
75.641509,-52.859438,50523
75.641509,-53.859438,50534
75.641509,-55.859438,50586
75.641509,-55.859438,50599
75.641509,-56.859438,50632
75.641509,-57.859438,50647
75.641509,-59.859438,50716
75.641509,-60.859438,50727
75.641509,-60.859438,50765
75.641509,-61.859438,50801
75.641509,-62.859438,50811
73.641509,-63.859438,50872
73.641509,-64.859438,50908
73.641509,-65.859438,50940
73.641509,-66.859438,50997
73.641509,-67.859438,51070
73.641509,-68.859438,51495
73.641509,-69.859438,51531
73.641509,-69.859438,52079
74.641509,-70.859438,52116
BREAK
74.641509,-70.859438,52535
75.641509,-70.859438,52702
76.641509,-70.859438,52773
76.641509,-70.859438,52785
77.641509,-70.859438,52830
77.641509,-71.859438,52840
78.641509,-71.859438,52866
78.641509,-71.859438,52910
79.641509,-71.859438,52931
80.641509,-71.859438,52942
81.641509,-71.859438,52973
81.641509,-72.859438,52988
82.641509,-72.859438,52998
82.641509,-73.859438,53008
83.641509,-73.859438,53023
83.641509,-73.859438,53045
85.641509,-73.859438,53084
86.641509,-73.859438,53096
86.641509,-71.859438,53115
87.641509,-71.859438,53190
88.641509,-71.859438,53213
88.641509,-71.859438,53248
90.641509,-71.859438,53269
91.641509,-71.859438,53286
93.641509,-71.859438,53334
93.641509,-71.859438,53345
94.641509,-71.859438,53365
95.641509,-71.859438,53376
96.641509,-71.859438,53421
97.641509,-71.859438,53432
98.641509,-71.859438,53451
100.64151,-71.859438,53511
101.64151,-71.859438,53548
102.64151,-71.859438,53578
103.64151,-71.859438,53593
103.64151,-71.859438,53620
105.64151,-71.859438,53652
106.64151,-71.859438,53682
107.64151,-71.859438,53786
107.64151,-71.859438,53844
107.64151,-70.859438,54087
108.64151,-70.859438,54103
109.64151,-70.859438,54183
110.64151,-68.859438,54228
111.64151,-67.859438,54253
BREAK
106.64151,-65.859438,57866
BREAK
106.64151,-65.859438,58425
107.64151,-65.859438,58522
BREAK
109.64151,-65.859438,58923
BREAK
111.64151,-66.859438,59256
BREAK
101.64151,-65.859438,67849
BREAK
101.64151,-65.859438,68421
BREAK
101.64151,-68.859438,71126
BREAK
