START
13.449749,-63.720859,0
13.053464,-63.324574,76
12.657179,-62.928289,80
12.260894,-62.532004,88
12.260894,-62.135719,97
11.864609,-61.739435,104
11.864609,-61.34315,111
11.864609,-60.946865,119
11.468325,-60.55058,127
11.468325,-60.154295,135
11.468325,-59.361726,143
11.07204,-58.965441,151
11.07204,-58.569156,159
11.07204,-58.172871,167
11.07204,-57.776586,176
11.07204,-56.984017,183
11.468325,-56.587732,192
11.468325,-56.191447,199
11.864609,-55.795162,208
12.260894,-55.795162,215
12.657179,-55.398877,223
13.053464,-55.002592,231
13.449749,-55.002592,239
13.846034,-55.002592,247
14.242318,-55.002592,255
14.638603,-54.606308,263
15.034888,-54.606308,271
15.431173,-54.606308,279
15.827458,-54.606308,287
16.223743,-54.606308,295
16.620027,-54.606308,303
17.016312,-54.606308,312
17.412597,-54.606308,319
17.808882,-55.002592,327
18.205167,-55.398877,335
18.601452,-55.398877,343
18.601452,-55.795162,352
19.394021,-56.191447,359
19.394021,-56.587732,367
19.790306,-56.587732,376
20.186591,-57.380301,384
20.186591,-57.776586,400
20.186591,-58.172871,408
20.582876,-58.569156,415
20.582876,-58.965441,424
20.582876,-59.361726,432
20.582876,-59.75801,439
20.582876,-60.154295,447
20.582876,-60.55058,455
20.582876,-60.946865,463
20.186591,-60.946865,472
19.790306,-61.739435,479
19.394021,-62.135719,495
18.997736,-62.135719,503
18.601452,-62.532004,512
18.205167,-62.928289,527
17.808882,-62.928289,543
17.412597,-62.928289,552
17.016312,-62.928289,567
16.620027,-62.928289,583
16.223743,-62.928289,592
15.827458,-62.928289,600
15.034888,-62.928289,615
14.638603,-62.928289,632
14.242318,-62.928289,639
13.846034,-62.928289,647
13.449749,-62.532004,655
13.053464,-62.532004,672
12.657179,-62.532004,680
12.260894,-62.532004,688
11.864609,-62.135719,704
11.468325,-62.135719,712
11.07204,-61.739435,728
11.07204,-61.34315,736
10.27947,-61.34315,744
10.27947,-60.946865,752
9.8831853,-60.946865,760
9.8831853,-60.154295,768
9.4869005,-60.154295,776
9.0906157,-59.361726,784
8.6943309,-58.965441,800
8.298046,-58.172871,808
8.298046,-57.776586,816
8.298046,-56.984017,825
8.298046,-56.587732,832
7.9017612,-55.795162,840
7.9017612,-55.398877,848
7.5054764,-54.606308,856
7.5054764,-54.210023,864
7.5054764,-53.813738,872
7.5054764,-53.417453,880
7.5054764,-53.021168,888
7.5054764,-52.228599,896
7.5054764,-51.832314,912
7.5054764,-51.436029,920
7.5054764,-51.039744,928
7.5054764,-50.247174,936
7.5054764,-49.85089,944
7.9017612,-49.85089,952
7.9017612,-49.05832,960
7.9017612,-48.662035,968
7.9017612,-48.26575,976
7.9017612,-47.869465,984
7.9017612,-47.076896,1000
8.298046,-47.076896,1009
8.298046,-46.284326,1016
8.298046,-45.888041,1032
8.298046,-45.095472,1040
8.6943309,-45.095472,1048
8.6943309,-44.302902,1056
9.0906157,-44.302902,1064
9.0906157,-43.906617,1072
9.0906157,-43.510332,1080
9.4869005,-43.114048,1088
9.4869005,-42.717763,1104
9.8831853,-42.321478,1112
10.27947,-41.925193,1120
10.675755,-41.528908,1136
11.07204,-41.528908,1152
11.468325,-41.132623,1160
11.864609,-40.736339,1168
12.657179,-40.736339,1176
13.053464,-40.736339,1192
13.846034,-40.340054,1200
14.242318,-40.340054,1209
15.034888,-40.340054,1216
15.431173,-40.340054,1224
16.223743,-40.340054,1240
16.620027,-40.340054,1248
17.016312,-40.340054,1256
17.808882,-40.340054,1264
18.601452,-40.340054,1272
18.997736,-40.340054,1280
19.394021,-40.340054,1288
19.790306,-40.340054,1296
20.186591,-40.340054,1304
20.979161,-40.340054,1312
21.375445,-40.340054,1320
21.77173,-40.736339,1328
22.5643,-40.736339,1336
22.960585,-41.132623,1344
23.35687,-41.528908,1352
24.149439,-41.528908,1360
24.545724,-41.925193,1368
25.338294,-42.321478,1376
25.734579,-42.321478,1384
26.130863,-42.321478,1393
26.527148,-42.717763,1400
26.923433,-43.114048,1409
27.319718,-43.114048,1416
27.716003,-43.510332,1425
28.112288,-43.906617,1432
28.508572,-43.906617,1440
28.904857,-44.302902,1449
29.301142,-44.699187,1456
29.697427,-45.095472,1464
30.093712,-45.888041,1480
30.489996,-46.284326,1496
30.886281,-46.284326,1504
30.886281,-47.076896,1512
30.886281,-47.473181,1528
31.282566,-47.869465,1536
31.282566,-48.26575,1544
31.282566,-48.662035,1552
31.282566,-49.05832,1560
31.282566,-49.454605,1568
31.282566,-50.247174,1576
31.282566,-51.039744,1584
31.282566,-51.436029,1592
31.282566,-52.228599,1600
31.282566,-52.624883,1609
31.282566,-53.417453,1616
31.282566,-54.210023,1625
31.282566,-54.606308,1632
30.886281,-55.002592,1640
30.886281,-55.795162,1648
30.489996,-56.191447,1656
30.093712,-56.984017,1664
30.093712,-57.380301,1672
29.697427,-58.172871,1688
29.697427,-58.569156,1696
29.697427,-58.965441,1704
29.301142,-59.361726,1712
29.301142,-59.75801,1720
29.301142,-60.154295,1728
29.301142,-60.55058,1744
29.301142,-60.946865,1752
29.301142,-61.34315,1760
29.301142,-61.739435,1776
29.301142,-62.135719,1792
BREAK
41.189687,-55.002592,2336
41.189687,-54.606308,2343
41.585972,-54.606308,2351
41.982257,-54.210023,2359
42.378541,-53.813738,2367
42.378541,-53.417453,2375
42.774826,-53.417453,2383
43.171111,-53.021168,2392
43.963681,-52.624883,2399
44.75625,-52.624883,2415
45.152535,-52.624883,2425
45.54882,-52.624883,2431
45.945105,-52.624883,2439
47.133959,-52.624883,2447
47.926529,-52.624883,2463
48.322814,-53.021168,2471
48.719099,-53.021168,2479
49.115383,-53.813738,2487
49.511668,-54.210023,2503
49.907953,-55.002592,2511
49.907953,-55.398877,2519
49.907953,-56.191447,2527
50.304238,-56.191447,2535
50.304238,-56.587732,2543
50.304238,-57.380301,2552
50.304238,-57.776586,2559
50.304238,-58.172871,2567
50.304238,-58.965441,2575
49.907953,-59.361726,2583
49.115383,-60.154295,2592
49.115383,-60.55058,2600
48.322814,-60.946865,2607
47.926529,-61.34315,2615
47.530244,-61.739435,2624
46.34139,-62.135719,2632
45.945105,-62.135719,2639
45.54882,-62.135719,2647
44.75625,-62.135719,2655
44.359966,-62.135719,2664
43.963681,-62.135719,2672
43.171111,-62.135719,2679
42.774826,-62.135719,2687
42.378541,-62.135719,2695
41.982257,-62.135719,2712
41.585972,-62.135719,2727
41.189687,-62.135719,2735
40.793402,-61.739435,2743
40.793402,-61.34315,2752
40.000832,-60.946865,2759
40.000832,-60.55058,2767
40.000832,-59.75801,2775
39.604548,-59.361726,2783
39.208263,-58.569156,2792
38.811978,-58.172871,2799
38.811978,-57.776586,2808
38.811978,-56.984017,2815
38.811978,-56.587732,2824
38.811978,-56.191447,2832
38.811978,-55.795162,2839
38.811978,-55.002592,2847
38.811978,-54.210023,2855
38.811978,-53.813738,2863
38.811978,-53.417453,2872
38.811978,-53.021168,2879
39.208263,-52.228599,2887
39.208263,-51.832314,2895
39.208263,-51.436029,2903
39.604548,-50.643459,2912
40.000832,-50.247174,2919
40.397117,-49.85089,2927
40.397117,-49.05832,2935
40.793402,-48.662035,2943
40.793402,-48.26575,2952
41.189687,-47.869465,2959
41.585972,-47.076896,2968
41.982257,-46.680611,2976
42.378541,-46.284326,2984
42.774826,-45.491756,2992
43.171111,-45.095472,3000
43.171111,-44.302902,3008
43.963681,-44.302902,3016
43.963681,-43.510332,3024
44.75625,-43.510332,3032
45.152535,-42.717763,3040
45.945105,-42.321478,3048
46.34139,-42.321478,3056
47.133959,-42.321478,3064
47.926529,-42.321478,3072
48.719099,-41.925193,3079
49.115383,-41.925193,3088
49.907953,-41.925193,3096
50.700523,-41.925193,3104
51.493092,-41.925193,3112
52.285662,-41.925193,3120
52.681947,-41.925193,3128
53.474517,-41.925193,3136
54.267086,-41.925193,3144
54.663371,-41.925193,3152
55.455941,-41.925193,3160
56.24851,-41.925193,3168
56.644795,-42.321478,3176
57.437365,-42.717763,3184
57.83365,-42.717763,3200
58.229935,-43.114048,3208
58.626219,-43.510332,3216
59.022504,-43.906617,3225
59.418789,-44.302902,3241
59.815074,-44.699187,3248
59.815074,-45.095472,3256
60.607644,-45.491756,3264
60.607644,-45.888041,3272
60.607644,-46.284326,3280
61.003928,-46.680611,3288
61.400213,-47.473181,3304
61.400213,-48.26575,3320
61.400213,-48.662035,3336
61.796498,-49.05832,3344
61.796498,-49.454605,3352
61.796498,-49.85089,3368
61.796498,-50.247174,3376
61.796498,-50.643459,3384
61.796498,-51.039744,3400
61.796498,-51.436029,3408
61.796498,-51.832314,3416
61.796498,-52.228599,3425
61.796498,-52.624883,3432
61.400213,-53.021168,3441
61.400213,-53.417453,3448
61.400213,-53.813738,3456
61.003928,-54.210023,3464
60.607644,-54.606308,3480
60.211359,-55.002592,3488
60.211359,-55.398877,3496
60.211359,-55.795162,3504
59.815074,-55.795162,3512
59.815074,-56.191447,3520
59.418789,-56.191447,3528
59.418789,-56.587732,3536
59.022504,-56.587732,3544
58.626219,-56.984017,3552
58.229935,-57.380301,3568
57.83365,-57.380301,3576
57.437365,-57.776586,3584
57.04108,-57.776586,3600
57.04108,-58.172871,3608
56.644795,-58.172871,3616
56.24851,-58.569156,3625
55.852226,-58.569156,3648
55.852226,-58.965441,3664
56.24851,-58.965441,3720
56.644795,-58.965441,3728
57.04108,-58.965441,3744
57.83365,-58.965441,3760
58.626219,-58.965441,3768
59.022504,-58.965441,3776
59.815074,-58.965441,3784
60.607644,-58.965441,3792
61.796498,-58.965441,3800
62.589068,-58.965441,3808
63.381637,-58.965441,3816
64.570492,-58.965441,3825
64.966777,-58.965441,3832
66.155631,-58.965441,3842
66.948201,-58.965441,3848
67.344486,-58.965441,3856
68.137055,-58.965441,3864
68.929625,-58.965441,3872
69.722195,-58.965441,3880
70.118479,-58.965441,3888
70.911049,-58.965441,3896
71.307334,-58.965441,3904
71.703619,-58.965441,3912
72.099904,-58.965441,3920
72.496188,-58.965441,3928
72.892473,-58.965441,3936
73.288758,-58.965441,3944
73.685043,-58.965441,3952
74.081328,-58.965441,3960
74.477613,-58.965441,3976
75.270182,-58.965441,3984
75.666467,-58.965441,4000
76.062752,-58.965441,4008
76.459037,-58.965441,4016
76.855322,-58.965441,4040
76.855322,-58.569156,4128
76.855322,-58.172871,4144
76.459037,-58.172871,4160
76.459037,-57.776586,4168
76.062752,-57.776586,4176
75.666467,-57.380301,4184
75.666467,-56.984017,4192
75.270182,-56.984017,4200
75.270182,-56.587732,4209
74.873897,-56.191447,4216
74.477613,-55.795162,4225
74.081328,-55.398877,4241
74.081328,-55.002592,4248
73.685043,-54.606308,4257
73.288758,-54.606308,4264
73.288758,-54.210023,4272
72.892473,-54.210023,4280
72.892473,-53.813738,4288
72.496188,-53.417453,4296
72.099904,-53.021168,4304
71.703619,-52.624883,4320
71.703619,-52.228599,4328
71.307334,-51.832314,4344
70.911049,-51.436029,4360
70.911049,-51.039744,4368
70.911049,-50.643459,4384
70.911049,-50.247174,4393
70.911049,-49.85089,4400
70.514764,-49.85089,4408
70.514764,-49.454605,4416
70.514764,-49.05832,4425
70.514764,-48.662035,4432
70.514764,-48.26575,4441
70.514764,-47.869465,4449
70.514764,-47.473181,4458
70.514764,-47.076896,4464
70.514764,-46.680611,4480
70.514764,-46.284326,4488
70.911049,-45.888041,4496
71.307334,-45.888041,4504
71.307334,-45.491756,4512
71.307334,-45.095472,4520
71.703619,-44.699187,4528
72.099904,-44.302902,4544
72.496188,-43.906617,4552
72.892473,-43.906617,4560
72.892473,-43.510332,4568
73.685043,-43.510332,4576
74.081328,-42.717763,4584
74.873897,-42.321478,4592
75.270182,-42.321478,4600
75.666467,-42.321478,4608
76.062752,-41.925193,4616
76.459037,-41.528908,4625
77.251606,-41.528908,4632
78.044176,-41.132623,4648
78.440461,-41.132623,4657
79.233031,-41.132623,4672
79.629315,-41.132623,4680
80.0256,-41.132623,4688
80.81817,-41.132623,4696
81.61074,-41.132623,4704
82.403309,-41.132623,4720
82.799594,-41.132623,4728
83.195879,-41.132623,4736
83.592164,-41.132623,4744
83.988449,-41.528908,4752
84.384733,-41.925193,4760
85.177303,-42.717763,4776
85.573588,-43.114048,4792
85.969873,-43.510332,4800
86.366157,-43.906617,4808
86.762442,-44.699187,4816
86.762442,-45.095472,4825
87.555012,-45.888041,4832
87.555012,-46.284326,4841
87.951297,-47.076896,4848
87.951297,-47.869465,4858
88.347582,-48.26575,4864
88.743866,-49.05832,4872
89.140151,-49.85089,4880
89.140151,-50.643459,4888
89.536436,-51.039744,4896
89.536436,-51.832314,4904
89.932721,-52.228599,4912
89.932721,-53.021168,4920
90.329006,-53.417453,4928
90.329006,-53.813738,4936
90.725291,-54.210023,4944
90.725291,-54.606308,4952
90.725291,-55.002592,4960
90.725291,-55.795162,4968
91.121575,-56.191447,4976
91.121575,-56.984017,4984
91.121575,-57.380301,5000
91.121575,-57.776586,5008
91.121575,-58.172871,5016
91.121575,-58.569156,5024
90.725291,-58.965441,5042
90.329006,-59.361726,5048
89.932721,-59.361726,5057
89.932721,-59.75801,5064
89.536436,-59.75801,5073
88.743866,-60.154295,5088
88.347582,-60.154295,5096
87.555012,-60.154295,5113
87.158727,-60.154295,5120
86.762442,-60.154295,5128
86.366157,-60.154295,5136
85.969873,-60.154295,5144
85.573588,-60.154295,5153
84.781018,-59.75801,5168
84.384733,-59.361726,5176
83.988449,-59.361726,5184
83.988449,-58.965441,5193
83.195879,-58.569156,5200
82.799594,-58.569156,5216
82.799594,-58.172871,5225
82.799594,-57.776586,5232
82.403309,-57.380301,5242
82.007024,-56.984017,5249
82.007024,-56.587732,5257
81.61074,-55.795162,5264
81.214455,-55.795162,5273
81.214455,-55.398877,5280
81.214455,-54.606308,5288
81.214455,-54.210023,5296
81.214455,-53.813738,5304
80.81817,-53.021168,5313
80.81817,-52.624883,5320
80.81817,-52.228599,5328
80.81817,-51.832314,5336
80.81817,-51.436029,5344
80.81817,-50.643459,5353
81.214455,-50.247174,5360
81.61074,-49.85089,5368
81.61074,-49.05832,5376
82.007024,-49.05832,5384
82.403309,-48.26575,5393
82.799594,-47.473181,5409
83.195879,-47.076896,5424
83.592164,-46.680611,5433
83.988449,-45.888041,5441
84.781018,-45.888041,5449
84.781018,-45.491756,5457
85.177303,-45.491756,5464
85.573588,-45.095472,5473
85.969873,-45.095472,5480
86.366157,-44.699187,5488
86.762442,-44.699187,5496
87.158727,-44.302902,5504
87.555012,-43.906617,5513
87.951297,-43.906617,5520
88.347582,-43.510332,5528
88.743866,-43.114048,5545
89.140151,-43.114048,5553
89.140151,-42.717763,5560
89.536436,-42.717763,5569
89.932721,-42.321478,5577
90.329006,-42.321478,5584
90.725291,-41.925193,5593
91.121575,-41.528908,5600
91.51786,-41.528908,5609
91.914145,-41.528908,5625
92.31043,-41.528908,5633
92.706715,-41.528908,5649
93.103,-41.528908,5665
93.499284,-41.528908,5673
93.895569,-41.528908,5681
94.688139,-41.528908,5689
95.084424,-41.528908,5697
95.876993,-41.528908,5705
96.273278,-41.528908,5713
96.669563,-41.925193,5721
97.462133,-42.321478,5729
97.858418,-42.321478,5737
98.254702,-42.321478,5745
99.047272,-42.717763,5753
99.443557,-42.717763,5761
99.839842,-43.114048,5769
100.63241,-43.114048,5777
101.0287,-43.114048,5785
101.42498,-43.114048,5793
102.21755,-43.510332,5809
102.61384,-43.510332,5825
102.61384,-43.906617,5833
BREAK
97.462133,-44.302902,6247
97.462133,-43.906617,6335
97.462133,-44.699187,6415
97.462133,-45.491756,6431
97.462133,-46.284326,6440
97.462133,-47.076896,6447
97.462133,-47.869465,6455
97.462133,-48.662035,6463
97.462133,-49.454605,6471
97.462133,-50.643459,6479
97.462133,-51.039744,6487
97.462133,-51.832314,6495
97.462133,-52.624883,6503
97.462133,-53.417453,6511
97.462133,-54.210023,6519
97.462133,-54.606308,6527
97.462133,-55.398877,6535
97.462133,-56.191447,6543
97.462133,-56.984017,6551
97.462133,-57.380301,6559
97.462133,-57.776586,6567
97.462133,-58.172871,6575
97.462133,-58.569156,6583
97.462133,-58.965441,6591
97.462133,-59.75801,6607
97.462133,-60.154295,6624
97.462133,-60.55058,6640
97.462133,-60.946865,6655
97.462133,-61.34315,6671
97.462133,-61.739435,6695
97.462133,-62.135719,6727
97.462133,-62.532004,6735
97.462133,-62.928289,6775
BREAK
