START
45.683962,-27.859438,0
45.683962,-28.859438,236
45.683962,-30.859438,246
45.683962,-33.859438,256
44.683962,-34.859438,266
44.683962,-36.859438,277
43.683962,-37.859438,286
42.683962,-39.859438,296
42.683962,-40.859438,306
42.683962,-41.859438,317
42.683962,-42.859438,336
42.683962,-43.859438,357
41.683962,-43.859438,366
41.683962,-44.859438,376
41.683962,-45.859438,386
40.683962,-45.859438,396
40.683962,-46.859438,406
40.683962,-47.859438,416
40.683962,-48.859438,426
39.683962,-48.859438,436
39.683962,-49.859438,446
39.683962,-50.859438,466
38.683962,-50.859438,476
38.683962,-51.859438,485
38.683962,-52.859438,496
38.683962,-53.859438,516
37.683962,-54.859438,527
37.683962,-55.859438,546
37.683962,-56.859438,556
36.683962,-58.859438,566
36.683962,-59.859438,586
35.683962,-59.859438,596
35.683962,-60.859438,606
34.683962,-61.859438,626
34.683962,-62.859438,636
33.683962,-63.859438,646
32.683962,-64.859438,666
32.683962,-65.859438,676
31.683962,-66.859438,696
31.683962,-67.859438,716
30.683962,-67.859438,726
30.683962,-68.859438,738
29.683962,-68.859438,748
29.683962,-69.859438,770
28.683962,-69.859438,791
28.683962,-70.859438,801
27.683962,-70.859438,811
27.683962,-71.859438,820
26.683962,-71.859438,831
26.683962,-72.859438,841
26.683962,-73.859438,851
26.683962,-74.859438,860
25.683962,-74.859438,871
24.683962,-75.859438,881
23.683962,-76.859438,902
23.683962,-77.859438,941
23.683962,-78.859438,966
22.683962,-78.859438,1004
22.683962,-79.859438,1262
22.683962,-80.859438,1478
22.683962,-81.859438,1487
22.683962,-82.859438,1497
23.683962,-82.859438,1885
30.683962,-82.859438,1896
34.683962,-82.859438,1905
39.683962,-82.859438,1915
40.683962,-82.859438,1925
41.683962,-82.859438,1936
42.683962,-82.859438,2008
43.683962,-82.859438,2018
45.683962,-82.859438,2028
46.683962,-82.859438,2038
47.683962,-82.859438,2048
48.683962,-82.859438,2096
49.683962,-82.859438,2115
51.683962,-82.859438,2125
53.683962,-82.859438,2135
55.683962,-82.859438,2145
56.683962,-82.859438,2155
58.683962,-82.859438,2165
59.683962,-82.859438,2175
60.683962,-82.859438,2211
61.683962,-82.859438,2220
62.683962,-82.859438,2241
63.683962,-82.859438,2261
64.683962,-82.859438,2285
65.683962,-82.859438,2296
66.683962,-82.859438,2326
67.683962,-82.859438,2360
68.683962,-82.859438,2401
69.683962,-82.859438,2421
70.683962,-82.859438,2482
72.683962,-82.859438,2501
73.683962,-82.859438,2521
74.683962,-82.859438,2535
76.683962,-82.859438,2763
75.683962,-82.859438,2985
75.683962,-80.859438,2994
75.683962,-79.859438,3005
BREAK
47.683962,-25.859438,4223
48.683962,-25.859438,4440
49.683962,-26.859438,4449
50.683962,-27.859438,4459
52.683962,-28.859438,4470
52.683962,-30.859438,4480
53.683962,-30.859438,4489
54.683962,-31.859438,4499
54.683962,-32.859438,4510
55.683962,-33.859438,4520
55.683962,-34.859438,4553
55.683962,-35.859438,4604
55.683962,-36.859438,4634
56.683962,-37.859438,4644
56.683962,-38.859438,4663
56.683962,-39.859438,4674
56.683962,-40.859438,4693
56.683962,-41.859438,4734
57.683962,-41.859438,4743
57.683962,-42.859438,4753
57.683962,-44.859438,4774
58.683962,-44.859438,4785
58.683962,-45.859438,4795
58.683962,-46.859438,4826
58.683962,-47.859438,4847
58.683962,-48.859438,4857
58.683962,-49.859438,4866
58.683962,-50.859438,4887
58.683962,-51.859438,4906
58.683962,-52.859438,4937
58.683962,-53.859438,4956
59.683962,-54.859438,4966
59.683962,-55.859438,4977
59.683962,-56.859438,5018
60.683962,-57.859438,5027
61.683962,-58.859438,5047
61.683962,-59.859438,5058
61.683962,-61.859438,5068
62.683962,-61.859438,5077
63.683962,-63.859438,5087
64.683962,-64.859438,5108
65.683962,-66.859438,5127
66.683962,-67.859438,5138
67.683962,-67.859438,5157
67.683962,-68.859438,5167
68.683962,-68.859438,5178
68.683962,-69.859438,5197
69.683962,-69.859438,5207
70.683962,-69.859438,5237
70.683962,-70.859438,5248
71.683962,-70.859438,5278
71.683962,-71.859438,5298
71.683962,-72.859438,5318
72.683962,-72.859438,5340
72.683962,-73.859438,5369
73.683962,-73.859438,5389
73.683962,-74.859438,5427
73.683962,-75.859438,5492
74.683962,-76.859438,5523
75.683962,-77.859438,5542
76.683962,-77.859438,5552
76.683962,-78.859438,5562
76.683962,-79.859438,5593
76.683962,-80.859438,5617
76.683962,-81.859438,5895
77.683962,-81.859438,6077
78.683962,-81.859438,6097
BREAK
