START
48.683962,-25.859438,0
48.683962,-26.859438,40
49.683962,-26.859438,64
49.683962,-27.859438,72
50.683962,-28.859438,80
51.683962,-29.859438,88
51.683962,-30.859438,96
52.683962,-32.859438,104
53.683962,-33.859438,112
55.683962,-35.859438,120
56.683962,-38.859438,128
58.683962,-40.859438,136
60.683962,-42.859438,144
62.683962,-45.859438,152
65.683962,-47.859438,161
67.683962,-49.859438,169
69.683962,-53.859438,177
72.683962,-55.859438,185
73.683962,-57.859438,193
76.683962,-59.859438,201
77.683962,-61.859438,209
78.683962,-63.859438,217
80.683962,-65.859438,225
81.683962,-68.859438,233
82.683962,-69.859438,241
83.683962,-71.859438,249
84.683962,-73.859438,257
84.683962,-74.859438,265
85.683962,-75.859438,273
86.683962,-77.859438,281
86.683962,-78.859438,296
86.683962,-79.859438,312
BREAK
48.683962,-25.859438,1113
47.683962,-25.859438,1208
46.683962,-26.859438,1224
46.683962,-27.859438,1232
45.683962,-28.859438,1240
44.683962,-30.859438,1248
43.683962,-32.859438,1256
43.683962,-34.859438,1264
42.683962,-36.859438,1272
41.683962,-39.859438,1280
40.683962,-41.859438,1288
39.683962,-44.859438,1296
38.683962,-46.859438,1304
37.683962,-47.859438,1312
35.683962,-49.859438,1320
35.683962,-51.859438,1328
34.683962,-53.859438,1336
33.683962,-54.859438,1344
33.683962,-56.859438,1352
32.683962,-56.859438,1360
31.683962,-57.859438,1368
31.683962,-58.859438,1384
31.683962,-59.859438,1496
30.683962,-59.859438,1504
30.683962,-60.859438,1528
30.683962,-61.859438,1544
29.683962,-62.859438,1552
29.683962,-63.859438,1560
29.683962,-65.859438,1568
28.683962,-66.859438,1576
28.683962,-68.859438,1584
28.683962,-69.859438,1592
27.683962,-71.859438,1600
27.683962,-73.859438,1608
27.683962,-74.859438,1624
27.683962,-75.859438,1641
27.683962,-76.859438,1777
27.683962,-77.859438,1816
26.683962,-77.859438,1840
26.683962,-78.859438,1872
26.683962,-79.859438,2081
27.683962,-79.859438,2208
28.683962,-79.859438,2224
29.683962,-79.859438,2233
30.683962,-79.859438,2240
32.683962,-79.859438,2248
34.683962,-79.859438,2256
35.683962,-79.859438,2264
37.683962,-79.859438,2272
39.683962,-79.859438,2280
40.683962,-79.859438,2288
42.683962,-79.859438,2296
43.683962,-79.859438,2304
45.683962,-79.859438,2312
46.683962,-79.859438,2320
47.683962,-79.859438,2328
48.683962,-79.859438,2336
50.683962,-79.859438,2344
51.683962,-79.859438,2353
52.683962,-79.859438,2361
53.683962,-79.859438,2369
54.683962,-79.859438,2377
55.683962,-79.859438,2385
57.683962,-79.859438,2393
59.683962,-79.859438,2401
60.683962,-79.859438,2409
61.683962,-79.859438,2417
64.683962,-79.859438,2425
65.683962,-79.859438,2433
66.683962,-79.859438,2441
68.683962,-79.859438,2448
69.683962,-79.859438,2464
71.683962,-79.859438,2473
72.683962,-79.859438,2488
74.683962,-79.859438,2496
75.683962,-79.859438,2504
77.683962,-80.859438,2513
78.683962,-80.859438,2520
81.683962,-80.859438,2562
86.683962,-80.859438,2571
87.683962,-80.859438,3028
70.683962,-69.859438,3036
71.683962,-70.859438,3192
74.683962,-72.859438,3200
77.683962,-73.859438,3208
80.683962,-73.859438,3216
83.683962,-73.859438,3224
87.683962,-73.859438,3232
BREAK
