START
47.683962,-20.859438,0
47.683962,-21.859438,256
47.683962,-22.859438,280
46.683962,-22.859438,288
46.683962,-23.859438,304
46.683962,-24.859438,336
45.683962,-24.859438,344
45.683962,-25.859438,360
44.683962,-26.859438,376
44.683962,-27.859438,400
44.683962,-28.859438,424
44.683962,-29.859438,448
43.683962,-29.859438,456
43.683962,-30.859438,480
42.683962,-30.859438,488
42.683962,-31.859438,512
42.683962,-32.859438,536
41.683962,-33.859438,544
41.683962,-34.859438,560
41.683962,-35.859438,576
40.683962,-36.859438,600
40.683962,-37.859438,616
40.683962,-38.859438,632
40.683962,-39.859438,648
40.683962,-40.859438,664
39.683962,-40.859438,672
39.683962,-41.859438,680
39.683962,-42.859438,712
38.683962,-42.859438,720
38.683962,-43.859438,736
38.683962,-44.859438,760
38.683962,-45.859438,768
37.683962,-45.859438,784
37.683962,-46.859438,792
37.683962,-47.859438,808
37.683962,-48.859438,816
37.683962,-49.859438,832
37.683962,-50.859438,848
36.683962,-50.859438,856
36.683962,-51.859438,872
36.683962,-52.859438,888
36.683962,-53.859438,896
36.683962,-54.859438,921
35.683962,-54.859438,928
35.683962,-55.859438,936
35.683962,-56.859438,952
34.683962,-57.859438,960
34.683962,-58.859438,976
34.683962,-59.859438,992
33.683962,-60.859438,1008
33.683962,-61.859438,1032
33.683962,-62.859438,1056
33.683962,-63.859438,1080
32.683962,-63.859438,1088
32.683962,-64.859438,1105
32.683962,-65.859438,1112
31.683962,-65.859438,1120
31.683962,-66.859438,1136
31.683962,-67.859438,1152
31.683962,-68.859438,1176
31.683962,-69.859438,1184
30.683962,-69.859438,1200
30.683962,-70.859438,1208
30.683962,-71.859438,1216
30.683962,-72.859438,1232
30.683962,-73.859438,1248
29.683962,-73.859438,1256
28.683962,-74.859438,1272
28.683962,-75.859438,1288
28.683962,-76.859438,1305
27.683962,-76.859438,1312
27.683962,-77.859438,1328
27.683962,-78.859438,1352
27.683962,-79.859438,1368
26.683962,-79.859438,1384
26.683962,-80.859438,1400
26.683962,-81.859438,1480
25.683962,-82.859438,1520
25.683962,-83.859438,1568
BREAK
50.683962,-18.859438,2352
51.683962,-19.859438,2400
52.683962,-19.859438,2456
52.683962,-20.859438,2464
53.683962,-21.859438,2480
54.683962,-23.859438,2504
55.683962,-23.859438,2512
55.683962,-24.859438,2528
56.683962,-24.859438,2544
56.683962,-25.859438,2552
56.683962,-26.859438,2560
57.683962,-26.859438,2568
58.683962,-27.859438,2576
58.683962,-28.859438,2592
59.683962,-29.859438,2600
59.683962,-30.859438,2616
60.683962,-31.859438,2624
61.683962,-32.859438,2656
62.683962,-33.859438,2664
62.683962,-34.859438,2672
63.683962,-35.859438,2688
63.683962,-36.859438,2696
64.683962,-36.859438,2704
64.683962,-37.859438,2712
65.683962,-38.859438,2720
65.683962,-39.859438,2736
65.683962,-40.859438,2744
66.683962,-40.859438,2752
66.683962,-41.859438,2760
66.683962,-42.859438,2768
67.683962,-42.859438,2776
67.683962,-43.859438,2792
68.683962,-43.859438,2800
68.683962,-44.859438,2808
69.683962,-44.859438,2824
69.683962,-45.859438,2832
69.683962,-46.859438,2840
70.683962,-47.859438,2856
70.683962,-48.859438,2864
70.683962,-49.859438,2872
71.683962,-50.859438,2880
72.683962,-51.859438,2897
72.683962,-52.859438,2912
72.683962,-53.859438,2920
73.683962,-53.859438,2928
73.683962,-54.859438,2936
74.683962,-55.859438,2952
74.683962,-56.859438,2968
74.683962,-57.859438,2976
75.683962,-57.859438,2984
75.683962,-58.859438,2992
76.683962,-59.859438,3024
76.683962,-60.859438,3048
76.683962,-61.859438,3064
77.683962,-62.859438,3088
77.683962,-63.859438,3112
78.683962,-64.859438,3136
78.683962,-65.859438,3144
78.683962,-66.859438,3160
78.683962,-67.859438,3176
79.683962,-67.859438,3184
79.683962,-68.859438,3193
79.683962,-69.859438,3200
80.683962,-70.859438,3216
80.683962,-71.859438,3240
81.683962,-72.859438,3265
81.683962,-73.859438,3273
81.683962,-74.859438,3305
82.683962,-74.859438,3328
82.683962,-75.859438,3345
82.683962,-76.859438,3369
83.683962,-77.859438,3384
83.683962,-78.859438,3481
BREAK
26.683962,-78.859438,4264
27.683962,-78.859438,4392
28.683962,-79.859438,4432
29.683962,-79.859438,4440
31.683962,-79.859438,4448
32.683962,-79.859438,4456
34.683962,-79.859438,4464
35.683962,-80.859438,4472
36.683962,-80.859438,4480
37.683962,-80.859438,4488
38.683962,-80.859438,4496
38.683962,-81.859438,4504
38.683962,-80.859438,4512
39.683962,-80.859438,4544
40.683962,-80.859438,4560
41.683962,-80.859438,4584
42.683962,-80.859438,4592
43.683962,-80.859438,4640
44.683962,-80.859438,4648
44.683962,-81.859438,4656
45.683962,-80.859438,4664
46.683962,-80.859438,4672
47.683962,-80.859438,4688
49.683962,-80.859438,4696
49.683962,-81.859438,4704
50.683962,-81.859438,4712
52.683962,-81.859438,4720
53.683962,-81.859438,4728
54.683962,-81.859438,4736
55.683962,-81.859438,4744
56.683962,-81.859438,4752
57.683962,-81.859438,4760
58.683962,-81.859438,4776
59.683962,-81.859438,4784
60.683962,-81.859438,4800
61.683962,-81.859438,4808
62.683962,-81.859438,4816
63.683962,-82.859438,4832
64.683962,-82.859438,4848
65.683962,-82.859438,4856
66.683962,-82.859438,4872
67.683962,-82.859438,4896
68.683962,-82.859438,4904
69.683962,-82.859438,4920
70.683962,-82.859438,4944
71.683962,-82.859438,4960
72.683962,-82.859438,4992
73.683962,-81.859438,5024
73.683962,-80.859438,5048
74.683962,-80.859438,5056
75.683962,-80.859438,5080
76.683962,-80.859438,5096
77.683962,-80.859438,5136
77.683962,-79.859438,5160
78.683962,-79.859438,5184
79.683962,-79.859438,5208
80.683962,-79.859438,5225
81.683962,-79.859438,5240
81.683962,-78.859438,5288
82.683962,-78.859438,5296
82.683962,-77.859438,5304
82.683962,-76.859438,5320
83.683962,-76.859438,5338
84.683962,-76.859438,5352
84.683962,-77.859438,5528
85.683962,-77.859438,5536
86.683962,-77.859438,5552
87.683962,-78.859438,5560
BREAK
