START
25.683962,-19.859438,0
25.683962,-18.859438,93
26.683962,-18.859438,120
27.683962,-18.859438,129
29.683962,-18.859438,139
31.683962,-20.859438,150
33.683962,-21.859438,159
34.683962,-23.859438,170
35.683962,-24.859438,181
36.683962,-25.859438,192
37.683962,-26.859438,203
38.683962,-27.859438,215
38.683962,-29.859438,225
39.683962,-30.859438,235
40.683962,-32.859438,245
42.683962,-34.859438,255
43.683962,-37.859438,265
46.683962,-39.859438,275
47.683962,-41.859438,285
49.683962,-43.859438,294
51.683962,-44.859438,304
52.683962,-46.859438,314
54.683962,-47.859438,325
55.683962,-48.859438,335
57.683962,-49.859438,345
58.683962,-51.859438,355
59.683962,-53.859438,366
60.683962,-54.859438,376
61.683962,-55.859438,387
62.683962,-58.859438,398
63.683962,-59.859438,418
63.683962,-60.859438,428
64.683962,-61.859438,438
65.683962,-63.859438,448
66.683962,-64.859438,468
67.683962,-66.859438,478
68.683962,-67.859438,488
68.683962,-68.859438,499
70.683962,-69.859438,510
70.683962,-70.859438,522
71.683962,-70.859438,532
71.683962,-71.859438,542
72.683962,-71.859438,552
73.683962,-72.859438,562
75.683962,-73.859438,572
75.683962,-74.859438,582
76.683962,-75.859438,592
76.683962,-76.859438,632
77.683962,-76.859438,642
78.683962,-76.859438,662
78.683962,-77.859438,672
79.683962,-78.859438,692
79.683962,-79.859438,723
BREAK
25.683962,-81.859438,1422
26.683962,-81.859438,1573
27.683962,-80.859438,1613
27.683962,-79.859438,1623
27.683962,-78.859438,1633
28.683962,-77.859438,1643
29.683962,-75.859438,1655
29.683962,-73.859438,1663
30.683962,-72.859438,1674
31.683962,-71.859438,1684
31.683962,-69.859438,1696
32.683962,-67.859438,1707
33.683962,-66.859438,1718
34.683962,-64.859438,1728
35.683962,-62.859438,1738
37.683962,-60.859438,1748
38.683962,-58.859438,1758
40.683962,-55.859438,1768
41.683962,-53.859438,1778
42.683962,-52.859438,1788
43.683962,-49.859438,1798
45.683962,-48.859438,1808
45.683962,-47.859438,1819
47.683962,-45.859438,1830
47.683962,-44.859438,1841
48.683962,-43.859438,1851
49.683962,-41.859438,1861
50.683962,-39.859438,1881
51.683962,-38.859438,1891
51.683962,-37.859438,1901
51.683962,-36.859438,1911
52.683962,-36.859438,1921
52.683962,-34.859438,1931
53.683962,-33.859438,1941
53.683962,-32.859438,1951
55.683962,-30.859438,1961
55.683962,-29.859438,1972
55.683962,-28.859438,1984
56.683962,-27.859438,1993
56.683962,-26.859438,2004
57.683962,-26.859438,2013
58.683962,-25.859438,2023
58.683962,-24.859438,2033
60.683962,-23.859438,2043
61.683962,-22.859438,2063
61.683962,-21.859438,2083
62.683962,-21.859438,2093
63.683962,-20.859438,2113
64.683962,-19.859438,2123
64.683962,-18.859438,2133
65.683962,-18.859438,2143
65.683962,-17.859438,2153
66.683962,-16.859438,2163
66.683962,-15.859438,2183
67.683962,-15.859438,2193
67.683962,-14.859438,2223
68.683962,-14.859438,2252
BREAK
45.683962,-10.859438,2950
45.683962,-11.859438,2972
45.683962,-12.859438,3075
45.683962,-13.859438,3095
45.683962,-14.859438,3115
45.683962,-15.859438,3125
45.683962,-16.859438,3135
45.683962,-17.859438,3155
45.683962,-18.859438,3165
46.683962,-18.859438,3176
46.683962,-19.859438,3186
46.683962,-20.859438,3205
46.683962,-22.859438,3215
46.683962,-23.859438,3235
47.683962,-23.859438,3245
47.683962,-24.859438,3255
47.683962,-25.859438,3265
47.683962,-26.859438,3285
47.683962,-27.859438,3297
47.683962,-28.859438,3305
47.683962,-29.859438,3315
47.683962,-30.859438,3335
48.683962,-30.859438,3345
48.683962,-31.859438,3366
48.683962,-32.859438,3386
48.683962,-33.859438,3397
49.683962,-34.859438,3416
49.683962,-35.859438,3426
49.683962,-36.859438,3446
49.683962,-37.859438,3476
49.683962,-38.859438,3506
50.683962,-39.859438,3536
BREAK
