START
28.683962,-14.859438,0
30.683962,-19.859438,97
31.683962,-21.859438,103
32.683962,-22.859438,114
33.683962,-25.859438,125
35.683962,-28.859438,137
36.683962,-30.859438,148
38.683962,-30.859438,159
40.683962,-32.859438,171
41.683962,-34.859438,182
43.683962,-36.859438,194
45.683962,-36.859438,205
47.683962,-38.859438,216
49.683962,-40.859438,228
51.683962,-42.859438,239
52.683962,-45.859438,250
54.683962,-47.859438,261
56.683962,-48.859438,273
57.683962,-50.859438,284
58.683962,-52.859438,295
60.683962,-54.859438,307
61.683962,-54.859438,318
63.683962,-56.859438,329
64.683962,-58.859438,341
66.683962,-60.859438,352
68.683962,-63.859438,363
69.683962,-65.859438,374
70.683962,-66.859438,386
71.683962,-68.859438,397
72.683962,-71.859438,409
73.683962,-72.859438,431
73.683962,-74.859438,442
74.683962,-75.859438,454
75.683962,-76.859438,465
75.683962,-77.859438,476
76.683962,-79.859438,499
76.683962,-81.859438,522
77.683962,-82.859438,533
78.683962,-84.859438,562
BREAK
72.683962,-16.859438,1297
71.683962,-16.859438,1446
71.683962,-17.859438,1458
71.683962,-19.859438,1469
70.683962,-23.859438,1481
68.683962,-26.859438,1492
68.683962,-27.859438,1503
67.683962,-28.859438,1514
66.683962,-32.859438,1525
66.683962,-33.859438,1537
66.683962,-35.859438,1548
64.683962,-37.859438,1559
64.683962,-39.859438,1571
64.683962,-41.859438,1582
63.683962,-44.859438,1593
63.683962,-46.859438,1605
62.683962,-48.859438,1616
61.683962,-50.859438,1627
60.683962,-52.859438,1639
60.683962,-55.859438,1650
60.683962,-57.859438,1661
59.683962,-59.859438,1673
58.683962,-62.859438,1684
57.683962,-63.859438,1695
57.683962,-66.859438,1707
56.683962,-67.859438,1718
54.683962,-68.859438,1729
54.683962,-70.859438,1740
53.683962,-70.859438,1752
52.683962,-72.859438,1763
51.683962,-73.859438,1774
51.683962,-74.859438,1785
50.683962,-75.859438,1797
49.683962,-75.859438,1808
49.683962,-77.859438,1819
48.683962,-77.859438,1830
48.683962,-78.859438,1842
47.683962,-79.859438,1853
47.683962,-80.859438,1864
46.683962,-80.859438,1876
45.683962,-81.859438,1887
45.683962,-82.859438,1898
44.683962,-83.859438,1909
44.683962,-84.859438,1932
43.683962,-84.859438,1975
BREAK
51.683962,-17.859438,2919
51.683962,-18.859438,3004
51.683962,-19.859438,3026
51.683962,-20.859438,3037
51.683962,-22.859438,3049
52.683962,-23.859438,3060
52.683962,-25.859438,3071
52.683962,-26.859438,3082
53.683962,-28.859438,3094
53.683962,-29.859438,3105
53.683962,-30.859438,3116
54.683962,-31.859438,3128
54.683962,-33.859438,3139
54.683962,-34.859438,3161
54.683962,-36.859438,3173
54.683962,-37.859438,3195
54.683962,-38.859438,3206
55.683962,-38.859438,3218
55.683962,-39.859438,3240
55.683962,-40.859438,3288
55.683962,-41.859438,3317
56.683962,-41.859438,3372
56.683962,-42.859438,3397
BREAK
