START
30.683962,-16.859438,0
29.683962,-16.859438,15
29.683962,-17.859438,95
30.683962,-18.859438,120
31.683962,-19.859438,135
32.683962,-20.859438,151
32.683962,-22.859438,159
33.683962,-24.859438,167
34.683962,-26.859438,175
37.683962,-29.859438,191
38.683962,-31.859438,199
39.683962,-34.859438,207
41.683962,-38.859438,223
43.683962,-43.859438,231
45.683962,-48.859438,240
47.683962,-52.859438,247
49.683962,-57.859438,263
51.683962,-62.859438,272
54.683962,-67.859438,280
56.683962,-71.859438,288
59.683962,-75.859438,304
60.683962,-76.859438,311
61.683962,-78.859438,320
62.683962,-79.859438,328
63.683962,-80.859438,343
64.683962,-82.859438,352
65.683962,-83.859438,360
66.683962,-85.859438,376
66.683962,-86.859438,383
67.683962,-88.859438,392
68.683962,-89.859438,400
69.683962,-91.859438,416
70.683962,-92.859438,424
70.683962,-93.859438,432
71.683962,-93.859438,440
72.683962,-94.859438,464
72.683962,-95.859438,496
71.683962,-94.859438,544
BREAK
76.683962,-24.859438,1024
76.683962,-23.859438,1048
75.683962,-23.859438,1103
74.683962,-24.859438,1119
74.683962,-25.859438,1135
73.683962,-26.859438,1144
72.683962,-28.859438,1151
71.683962,-29.859438,1159
70.683962,-31.859438,1175
69.683962,-32.859438,1183
68.683962,-34.859438,1191
65.683962,-38.859438,1199
63.683962,-42.859438,1215
60.683962,-46.859438,1224
58.683962,-49.859438,1231
56.683962,-53.859438,1239
53.683962,-57.859438,1256
51.683962,-61.859438,1264
49.683962,-65.859438,1271
47.683962,-69.859438,1288
45.683962,-73.859438,1295
44.683962,-75.859438,1304
44.683962,-77.859438,1312
43.683962,-79.859438,1328
42.683962,-81.859438,1335
41.683962,-82.859438,1343
41.683962,-84.859438,1352
40.683962,-85.859438,1368
40.683962,-87.859438,1375
39.683962,-88.859438,1383
38.683962,-90.859438,1400
37.683962,-92.859438,1416
37.683962,-93.859438,1439
36.683962,-93.859438,1456
36.683962,-94.859438,1464
36.683962,-95.859438,1520
BREAK
54.683962,-16.859438,2560
54.683962,-17.859438,2615
54.683962,-18.859438,2647
54.683962,-19.859438,2664
54.683962,-20.859438,2687
54.683962,-22.859438,2695
54.683962,-23.859438,2703
54.683962,-25.859438,2719
54.683962,-26.859438,2728
54.683962,-28.859438,2735
54.683962,-29.859438,2744
54.683962,-30.859438,2759
53.683962,-32.859438,2768
53.683962,-33.859438,2775
53.683962,-34.859438,2784
53.683962,-35.859438,2799
53.683962,-36.859438,2807
53.683962,-37.859438,2816
53.683962,-38.859438,2839
53.683962,-39.859438,2847
53.683962,-40.859438,2871
53.683962,-41.859438,2887
53.683962,-42.859438,2911
53.683962,-43.859438,2927
53.683962,-44.859438,2951
53.683962,-45.859438,2967
53.683962,-46.859438,2999
52.683962,-47.859438,3023
52.683962,-48.859438,3039
52.683962,-49.859438,3063
51.683962,-49.859438,3071
51.683962,-50.859438,3080
51.683962,-51.859438,3111
51.683962,-52.859438,3143
51.683962,-53.859438,3160
52.683962,-54.859438,3183
52.683962,-55.859438,3231
BREAK
