START
33.877358,-72.859438,0
32.877358,-72.859438,8
32.877358,-73.859438,16
32.877358,-75.859438,32
32.877358,-76.859438,48
32.877358,-77.859438,56
32.877358,-78.859438,64
32.877358,-79.859438,72
32.877358,-80.859438,80
33.877358,-82.859438,88
35.877358,-83.859438,104
36.877358,-85.859438,112
38.877358,-86.859438,120
39.877358,-87.859438,128
41.877358,-88.859438,136
44.877358,-89.859438,144
46.877358,-89.859438,152
48.877358,-90.859438,160
50.877358,-91.859438,168
53.877358,-91.859438,176
56.877358,-91.859438,184
57.877358,-91.859438,194
58.877358,-91.859438,200
60.877358,-91.859438,209
62.877358,-89.859438,224
62.877358,-88.859438,232
62.877358,-87.859438,240
63.877358,-85.859438,248
64.877358,-83.859438,256
64.877358,-81.859438,264
64.877358,-79.859438,272
64.877358,-75.859438,280
64.877358,-72.859438,288
64.877358,-69.859438,296
64.877358,-65.859438,304
64.877358,-62.859438,312
64.877358,-60.859438,320
63.877358,-58.859438,328
63.877358,-55.859438,336
62.877358,-53.859438,344
62.877358,-52.859438,352
62.877358,-50.859438,360
62.877358,-48.859438,368
62.877358,-45.859438,376
62.877358,-44.859438,384
62.877358,-42.859438,393
62.877358,-41.859438,400
62.877358,-38.859438,409
62.877358,-37.859438,416
62.877358,-36.859438,424
62.877358,-34.859438,432
62.877358,-33.859438,440
62.877358,-32.859438,456
62.877358,-31.859438,464
BREAK
67.877358,-58.859438,840
67.877358,-59.859438,904
68.877358,-59.859438,912
69.877358,-59.859438,928
72.877358,-59.859438,936
73.877358,-59.859438,944
75.877358,-59.859438,952
77.877358,-60.859438,960
78.877358,-60.859438,968
80.877358,-60.859438,984
81.877358,-60.859438,1000
82.877358,-60.859438,1010
82.877358,-61.859438,1016
83.877358,-61.859438,1024
83.877358,-62.859438,1032
83.877358,-63.859438,1040
84.877358,-64.859438,1056
84.877358,-65.859438,1064
85.877358,-66.859438,1072
85.877358,-68.859438,1080
85.877358,-70.859438,1096
85.877358,-71.859438,1112
86.877358,-72.859438,1128
86.877358,-73.859438,1136
86.877358,-74.859438,1152
BREAK
