START
54.877358,-16.859438,0
54.877358,-17.859438,135
54.877358,-18.859438,159
54.877358,-19.859438,167
54.877358,-20.859438,175
54.877358,-21.859438,191
54.877358,-23.859438,201
54.877358,-24.859438,210
54.877358,-25.859438,215
54.877358,-27.859438,223
54.877358,-28.859438,232
54.877358,-29.859438,239
54.877358,-31.859438,247
54.877358,-32.859438,255
54.877358,-33.859438,263
54.877358,-34.859438,271
54.877358,-36.859438,279
54.877358,-38.859438,299
54.877358,-39.859438,311
54.877358,-40.859438,319
54.877358,-41.859438,327
54.877358,-42.859438,343
54.877358,-43.859438,359
54.877358,-44.859438,367
54.877358,-45.859438,383
54.877358,-46.859438,391
54.877358,-47.859438,399
54.877358,-48.859438,423
54.877358,-49.859438,439
54.877358,-51.859438,455
54.877358,-52.859438,471
54.877358,-53.859438,479
54.877358,-54.859438,487
54.877358,-55.859438,495
54.877358,-56.859438,503
54.877358,-57.859438,511
54.877358,-58.859438,519
54.877358,-59.859438,527
54.877358,-60.859438,535
54.877358,-61.859438,551
54.877358,-62.859438,559
54.877358,-63.859438,567
54.877358,-65.859438,583
54.877358,-66.859438,599
53.877358,-68.859438,615
53.877358,-69.859438,631
53.877358,-71.859438,647
53.877358,-73.859438,671
53.877358,-74.859438,687
53.877358,-75.859438,703
53.877358,-76.859438,711
52.877358,-76.859438,737
52.877358,-77.859438,799
51.877358,-77.859438,815
50.877358,-78.859438,839
50.877358,-79.859438,848
49.877358,-79.859438,887
48.877358,-80.859438,927
47.877358,-81.859438,951
46.877358,-81.859438,967
46.877358,-82.859438,975
45.877358,-83.859438,983
44.877358,-83.859438,999
44.877358,-84.859438,1007
43.877358,-84.859438,1015
42.877358,-84.859438,1031
41.877358,-84.859438,1063
41.877358,-85.859438,1071
40.877358,-85.859438,1095
39.877358,-85.859438,1103
38.877358,-85.859438,1127
37.877358,-85.859438,1151
36.877358,-85.859438,1167
35.877358,-85.859438,1175
34.877358,-85.859438,1183
33.877358,-85.859438,1207
32.877358,-85.859438,1215
32.877358,-84.859438,1311
31.877358,-83.859438,1359
31.877358,-82.859438,1367
31.877358,-81.859438,1447
31.877358,-80.859438,1463
30.877358,-79.859438,1471
30.877358,-78.859438,1487
29.877358,-78.859438,1503
29.877358,-77.859438,1511
29.877358,-76.859438,1519
29.877358,-75.859438,1575
29.877358,-74.859438,1671
29.877358,-72.859438,1687
29.877358,-71.859438,1704
29.877358,-70.859438,1711
29.877358,-69.859438,1719
29.877358,-68.859438,1735
28.877358,-68.859438,1743
28.877358,-67.859438,1775
28.877358,-66.859438,1888
28.877358,-65.859438,1903
28.877358,-64.859438,1911
28.877358,-63.859438,1921
28.877358,-62.859438,1927
28.877358,-61.859438,1935
28.877358,-60.859438,1943
28.877358,-59.859438,1959
BREAK
56.877358,-44.859438,3729
57.877358,-44.859438,3799
58.877358,-44.859438,3815
60.877358,-44.859438,3830
61.877358,-44.859438,3839
63.877358,-44.859438,3847
64.877358,-44.859438,3855
65.877358,-44.859438,3863
66.877358,-44.859438,3871
67.877358,-44.859438,3879
68.877358,-44.859438,3903
69.877358,-44.859438,4030
70.877358,-44.859438,4063
71.877358,-44.859438,4087
72.877358,-44.859438,4103
73.877358,-44.859438,4127
73.877358,-45.859438,4471
73.877358,-46.859438,4479
73.877358,-47.859438,4487
73.877358,-48.859438,4495
73.877358,-49.859438,4503
73.877358,-51.859438,4511
73.877358,-53.859438,4527
73.877358,-54.859438,4535
73.877358,-55.859438,4543
73.877358,-56.859438,4551
73.877358,-57.859438,4559
BREAK
