START
30.641509,-36.859438,0
31.641509,-37.859438,95
31.641509,-38.859438,109
33.641509,-40.859438,119
35.641509,-45.859438,131
37.641509,-49.859438,144
39.641509,-55.859438,156
41.641509,-60.859438,168
43.641509,-63.859438,181
43.641509,-65.859438,192
44.641509,-66.859438,205
44.641509,-68.859438,218
44.641509,-69.859438,230
44.641509,-70.859438,241
44.641509,-71.859438,253
44.641509,-72.859438,279
44.641509,-73.859438,290
44.641509,-74.859438,301
44.641509,-75.859438,329
44.641509,-76.859438,341
44.641509,-77.859438,352
44.641509,-78.859438,362
45.641509,-79.859438,387
45.641509,-80.859438,399
BREAK
43.641509,-57.859438,1187
44.641509,-57.859438,1198
46.641509,-57.859438,1212
47.641509,-56.859438,1223
49.641509,-55.859438,1234
52.641509,-54.859438,1247
54.641509,-54.859438,1259
57.641509,-54.859438,1272
60.641509,-53.859438,1282
63.641509,-52.859438,1295
64.641509,-52.859438,1307
65.641509,-51.859438,1320
66.641509,-51.859438,1332
67.641509,-51.859438,1356
68.641509,-51.859438,1368
69.641509,-51.859438,1393
BREAK
50.641509,-78.859438,2096
49.641509,-78.859438,2167
50.641509,-78.859438,2313
52.641509,-78.859438,2323
54.641509,-77.859438,2337
57.641509,-77.859438,2349
59.641509,-77.859438,2362
62.641509,-77.859438,2373
64.641509,-77.859438,2385
66.641509,-77.859438,2397
67.641509,-77.859438,2421
BREAK
72.641509,-27.859438,3076
71.641509,-28.859438,3149
71.641509,-31.859438,3160
70.641509,-34.859438,3172
70.641509,-37.859438,3184
69.641509,-40.859438,3197
69.641509,-45.859438,3208
69.641509,-49.859438,3222
69.641509,-53.859438,3234
69.641509,-56.859438,3246
69.641509,-59.859438,3256
69.641509,-60.859438,3270
69.641509,-61.859438,3283
69.641509,-62.859438,3294
69.641509,-63.859438,3306
69.641509,-64.859438,3319
69.641509,-65.859438,3329
69.641509,-66.859438,3342
69.641509,-67.859438,3379
69.641509,-68.859438,3391
69.641509,-69.859438,3403
69.641509,-70.859438,3414
69.641509,-71.859438,3427
69.641509,-72.859438,3439
69.641509,-73.859438,3464
69.641509,-74.859438,3476
69.641509,-75.859438,3513
69.641509,-76.859438,3548
69.641509,-77.859438,3597
BREAK
