START
35.254717,-13.827309,0
36.254717,-13.827309,607
36.254717,-14.827309,639
37.254717,-14.827309,647
37.254717,-15.827309,655
37.254717,-16.827309,727
38.254717,-16.827309,751
38.254717,-17.827309,767
39.254717,-17.827309,799
39.254717,-18.827309,815
39.254717,-19.827309,839
39.254717,-20.827309,855
40.254717,-20.827309,863
40.254717,-21.827309,871
40.254717,-22.827309,887
40.254717,-23.827309,919
40.254717,-24.827309,943
41.254717,-24.827309,951
41.254717,-25.827309,983
42.254717,-25.827309,991
42.254717,-26.827309,1007
42.254717,-27.827309,1055
42.254717,-28.827309,1071
42.254717,-29.827309,1079
42.254717,-30.827309,1103
42.254717,-31.827309,1135
42.254717,-32.827309,1199
42.254717,-33.827309,1215
41.254717,-34.827309,1231
40.254717,-35.827309,1255
40.254717,-36.827309,1271
39.254717,-37.827309,1311
38.254717,-37.827309,1327
37.254717,-38.827309,1359
37.254717,-39.827309,1383
36.254717,-39.827309,1424
35.254717,-39.827309,1439
34.254717,-39.827309,1471
33.254717,-39.827309,1495
33.254717,-40.827309,1591
32.254717,-40.827309,1615
31.254717,-40.827309,1672
31.254717,-39.827309,1679
31.254717,-38.827309,1711
31.254717,-37.827309,1735
30.254717,-37.827309,1743
30.254717,-36.827309,1768
30.254717,-35.827309,1800
30.254717,-34.827309,1848
30.254717,-33.827309,1904
31.254717,-33.827309,1976
32.254717,-33.827309,1984
33.254717,-33.827309,2040
34.254717,-33.827309,2064
35.254717,-33.827309,2080
36.254717,-33.827309,2088
37.254717,-33.827309,2096
38.254717,-33.827309,2112
39.254717,-33.827309,2120
40.254717,-33.827309,2136
41.254717,-33.827309,2152
42.254717,-33.827309,2160
43.254717,-33.827309,2192
44.254717,-33.827309,2232
45.254717,-33.827309,2240
46.254717,-33.827309,2256
47.254717,-33.827309,2320
48.254717,-33.827309,2336
49.254717,-33.827309,2344
50.254717,-33.827309,2352
51.254717,-33.827309,2368
52.254717,-33.827309,2408
52.254717,-35.827309,2418
53.254717,-35.827309,2424
54.254717,-36.827309,2440
55.254717,-36.827309,2448
56.254717,-37.827309,2504
57.254717,-38.827309,2520
58.254717,-39.827309,2536
58.254717,-40.827309,2584
58.254717,-41.827309,2600
58.254717,-42.827309,2608
59.254717,-43.827309,2624
59.254717,-44.827309,2632
60.254717,-44.827309,2640
60.254717,-45.827309,2648
61.254717,-45.827309,2656
61.254717,-46.827309,2672
61.254717,-47.827309,2696
61.254717,-48.827309,2712
62.254717,-48.827309,2736
62.254717,-49.827309,2784
62.254717,-50.827309,2816
62.254717,-51.827309,2840
62.254717,-52.827309,2896
62.254717,-53.827309,2912
62.254717,-54.827309,2928
61.254717,-54.827309,2936
62.254717,-54.827309,2944
62.254717,-55.827309,2960
62.254717,-56.827309,2992
61.254717,-56.827309,3008
60.254717,-56.827309,3024
60.254717,-57.827309,3032
59.254717,-57.827309,3072
59.254717,-58.827309,3080
58.254717,-58.827309,3096
57.254717,-58.827309,3120
56.254717,-58.827309,3128
55.254717,-58.827309,3136
54.254717,-58.827309,3152
53.254717,-58.827309,3168
52.254717,-58.827309,3176
52.254717,-59.827309,3192
51.254717,-59.827309,3200
50.254717,-59.827309,3208
49.254717,-59.827309,3216
48.254717,-59.827309,3232
47.254717,-59.827309,3240
46.254717,-59.827309,3248
45.254717,-59.827309,3264
45.254717,-60.827309,3280
44.254717,-60.827309,3288
43.254717,-60.827309,3320
42.254717,-60.827309,3328
41.254717,-60.827309,3344
40.254717,-60.827309,3376
39.254717,-60.827309,3384
38.254717,-60.827309,3417
37.254717,-60.827309,3520
37.254717,-59.827309,3584
36.254717,-59.827309,3608
36.254717,-58.827309,3640
36.254717,-57.827309,3656
36.254717,-56.827309,3672
36.254717,-55.827309,3696
37.254717,-55.827309,3704
37.254717,-54.827309,3712
39.254717,-54.827309,3744
39.254717,-53.827309,3752
40.254717,-53.827309,3776
40.254717,-52.827309,3792
41.254717,-52.827309,3800
42.254717,-52.827309,3848
43.254717,-52.827309,3856
45.254717,-52.827309,3872
46.254717,-52.827309,3888
47.254717,-52.827309,3904
48.254717,-52.827309,3920
49.254717,-52.827309,3944
50.254717,-52.827309,3976
51.254717,-52.827309,3992
52.254717,-53.827309,4016
53.254717,-53.827309,4024
53.254717,-54.827309,4056
53.254717,-55.827309,4064
53.254717,-56.827309,4080
53.254717,-57.827309,4096
54.254717,-58.827309,4104
54.254717,-59.827309,4120
55.254717,-60.827309,4136
55.254717,-61.827309,4152
55.254717,-62.827309,4160
55.254717,-63.827309,4184
56.254717,-63.827309,4200
56.254717,-65.827309,4208
56.254717,-66.827309,4256
56.254717,-67.827309,4280
56.254717,-68.827309,4304
56.254717,-69.827309,4320
56.254717,-70.827309,4352
56.254717,-71.827309,4376
56.254717,-72.827309,4400
56.254717,-73.827309,4432
55.254717,-74.827309,4440
54.254717,-75.827309,4456
54.254717,-76.827309,4472
53.254717,-76.827309,4480
52.254717,-76.827309,4488
51.254717,-77.827309,4496
51.254717,-78.827309,4504
50.254717,-79.827309,4520
48.254717,-80.827309,4536
48.254717,-81.827309,4544
47.254717,-81.827309,4552
46.254717,-81.827309,4568
45.254717,-81.827309,4592
45.254717,-82.827309,4608
44.254717,-82.827309,4616
43.254717,-82.827309,4632
42.254717,-82.827309,4640
42.254717,-83.827309,4648
41.254717,-84.827309,4656
39.254717,-84.827309,4664
38.254717,-84.827309,4680
37.254717,-84.827309,4720
36.254717,-84.827309,4736
35.254717,-84.827309,4760
34.254717,-84.827309,4768
33.254717,-84.827309,4776
32.254717,-83.827309,4792
31.254717,-83.827309,4808
30.254717,-83.827309,4824
29.254717,-83.827309,4856
28.254717,-82.827309,4872
27.254717,-81.827309,4888
26.254717,-81.827309,4896
25.254717,-79.827309,4905
24.254717,-79.827309,4912
23.254717,-79.827309,4921
22.254717,-78.827309,4928
21.254717,-78.827309,4945
21.254717,-77.827309,4953
20.254717,-77.827309,4961
19.254717,-76.827309,4985
19.254717,-75.827309,5024
19.254717,-74.827309,5049
19.254717,-73.827309,5073
19.254717,-72.827309,5089
19.254717,-71.827309,5113
19.254717,-70.827309,5153
19.254717,-71.827309,5425
20.254717,-71.827309,5433
20.254717,-72.827309,5441
20.254717,-73.827309,5457
BREAK
