START
66.061321,-81.718876,0
67.061321,-81.718876,68
66.061321,-81.718876,83
65.061321,-81.718876,93
64.061321,-81.718876,111
62.061321,-81.718876,121
60.061321,-80.718876,139
59.061321,-80.718876,149
56.061321,-80.718876,158
55.061321,-80.718876,167
54.061321,-80.718876,176
53.061321,-80.718876,186
52.061321,-80.718876,195
50.061321,-80.718876,204
49.061321,-80.718876,214
47.061321,-80.718876,223
45.061321,-80.718876,232
44.061321,-80.718876,242
43.061321,-80.718876,251
42.061321,-80.718876,316
41.061321,-80.718876,326
40.061321,-80.718876,335
38.061321,-80.718876,344
36.061321,-80.718876,363
35.061321,-80.718876,372
34.061321,-80.718876,447
33.061321,-80.718876,456
32.061321,-80.718876,484
32.061321,-79.718876,848
32.061321,-78.718876,867
32.061321,-77.718876,885
32.061321,-75.718876,904
32.061321,-74.718876,923
32.061321,-73.718876,932
32.061321,-72.718876,941
32.061321,-71.718876,951
32.061321,-69.718876,969
32.061321,-67.718876,979
32.061321,-65.718876,988
32.061321,-64.718876,997
32.061321,-62.718876,1016
32.061321,-60.718876,1025
32.061321,-59.718876,1034
32.061321,-58.718876,1044
32.061321,-57.718876,1053
32.061321,-55.718876,1062
32.061321,-54.718876,1072
32.061321,-52.718876,1081
32.061321,-50.718876,1090
32.061321,-49.718876,1100
32.061321,-48.718876,1109
32.061321,-46.718876,1118
32.061321,-45.718876,1128
32.061321,-44.718876,1137
32.061321,-43.718876,1156
32.061321,-42.718876,1165
32.061321,-41.718876,1174
32.061321,-39.718876,1184
32.061321,-38.718876,1212
32.061321,-37.718876,1230
32.061321,-36.718876,1240
32.061321,-35.718876,1249
32.061321,-34.718876,1268
32.061321,-33.718876,1277
32.061321,-32.718876,1286
32.061321,-31.718876,1296
32.061321,-30.718876,1314
32.061321,-29.718876,1324
32.061321,-28.718876,1333
32.061321,-27.718876,1342
32.061321,-26.718876,1361
32.061321,-25.718876,1370
32.061321,-24.718876,1389
32.061321,-23.718876,1408
32.061321,-22.718876,1436
32.061321,-21.718876,1454
32.061321,-20.718876,1669
32.061321,-19.718876,1678
BREAK
32.061321,-31.718876,2303
33.061321,-30.718876,2461
34.061321,-29.718876,2470
35.061321,-29.718876,2480
36.061321,-28.718876,2489
37.061321,-27.718876,2508
38.061321,-26.718876,2517
39.061321,-26.718876,2526
40.061321,-25.718876,2536
40.061321,-24.718876,2554
41.061321,-24.718876,2573
41.061321,-23.718876,2582
42.061321,-23.718876,2601
42.061321,-22.718876,2610
43.061321,-21.718876,2629
44.061321,-21.718876,2638
45.061321,-21.718876,2666
46.061321,-21.718876,2713
46.061321,-20.718876,2722
47.061321,-20.718876,2731
48.061321,-20.718876,2741
48.061321,-19.718876,2769
49.061321,-19.718876,2955
50.061321,-19.718876,2965
51.061321,-19.718876,2974
52.061321,-19.718876,3030
53.061321,-19.718876,3076
54.061321,-19.718876,3095
55.061321,-19.718876,3104
55.061321,-20.718876,3114
56.061321,-20.718876,3132
56.061321,-21.718876,3160
57.061321,-21.718876,3188
57.061321,-22.718876,3207
58.061321,-22.718876,3226
58.061321,-23.718876,3235
58.061321,-24.718876,3244
58.061321,-25.718876,3254
58.061321,-26.718876,3282
59.061321,-27.718876,3300
59.061321,-28.718876,3319
59.061321,-29.718876,3338
59.061321,-30.718876,3366
59.061321,-31.718876,3375
59.061321,-32.718876,3394
59.061321,-33.718876,3403
59.061321,-34.718876,3431
59.061321,-35.718876,3450
59.061321,-36.718876,3459
59.061321,-37.718876,3478
59.061321,-38.718876,3506
59.061321,-39.718876,3515
59.061321,-40.718876,3524
59.061321,-41.718876,3534
59.061321,-42.718876,3562
59.061321,-43.718876,3580
59.061321,-44.718876,3608
59.061321,-45.718876,3664
59.061321,-46.718876,3795
59.061321,-47.718876,3851
59.061321,-48.718876,3925
58.061321,-48.718876,3944
57.061321,-48.718876,3963
56.061321,-48.718876,3981
55.061321,-48.718876,3991
54.061321,-48.718876,4009
53.061321,-48.718876,4056
52.061321,-48.718876,4065
51.061321,-48.718876,4075
50.061321,-48.718876,4084
49.061321,-48.718876,4224
48.061321,-48.718876,4261
49.061321,-48.718876,4317
50.061321,-48.718876,4327
52.061321,-48.718876,4336
55.061321,-48.718876,4345
56.061321,-48.718876,4354
58.061321,-48.718876,4364
59.061321,-48.718876,4373
60.061321,-48.718876,4401
61.061321,-48.718876,4812
BREAK
