START
25.061321,-29.718876,0
23.061321,-28.718876,1012
BREAK
23.061321,-27.718876,1042
54.061321,-10.718876,1052
BREAK
55.061321,-10.718876,1092
58.061321,-35.718876,1112
58.061321,-37.718876,1122
56.061321,-39.718876,1142
55.061321,-42.718876,1172
54.061321,-44.718876,1182
53.061321,-47.718876,1192
53.061321,-49.718876,1212
52.061321,-52.718876,1232
51.061321,-54.718876,1252
50.061321,-54.718876,1262
50.061321,-55.718876,1272
48.061321,-59.718876,1312
48.061321,-60.718876,1322
48.061321,-61.718876,1332
47.061321,-61.718876,1352
47.061321,-63.718876,1382
46.061321,-64.718876,1392
45.061321,-65.718876,1412
45.061321,-66.718876,1422
45.061321,-67.718876,1453
45.061321,-68.718876,1463
44.061321,-68.718876,1473
44.061321,-69.718876,1493
43.061321,-71.718876,1523
43.061321,-72.718876,1533
43.061321,-73.718876,1543
43.061321,-74.718876,1583
44.061321,-74.718876,1673
45.061321,-74.718876,1683
46.061321,-74.718876,1723
47.061321,-74.718876,1743
48.061321,-74.718876,1773
49.061321,-74.718876,1793
50.061321,-74.718876,1823
51.061321,-74.718876,1843
52.061321,-74.718876,1853
53.061321,-74.718876,1873
54.061321,-74.718876,1893
55.061321,-74.718876,1923
57.061321,-74.718876,1933
59.061321,-74.718876,1963
60.061321,-74.718876,1983
61.061321,-74.718876,1993
62.061321,-74.718876,2003
63.061321,-74.718876,2023
65.061321,-74.718876,2033
67.061321,-74.718876,2053
68.061321,-74.718876,2093
69.061321,-74.718876,2113
70.061321,-74.718876,2133
71.061321,-74.718876,2164
72.061321,-74.718876,2194
74.061321,-74.718876,2204
75.061321,-74.718876,2234
76.061321,-74.718876,2254
77.061321,-74.718876,2304
78.061321,-74.718876,2354
78.061321,-73.718876,2364
79.061321,-72.718876,2514
BREAK
