START
22.061321,-32.718876,0
22.061321,-31.718876,201
21.061321,-30.718876,214
22.061321,-29.718876,235
22.061321,-28.718876,247
22.061321,-27.718876,269
22.061321,-26.718876,280
23.061321,-26.718876,303
23.061321,-25.718876,314
24.061321,-23.718876,337
24.061321,-22.718876,363
24.061321,-22.718876,386
24.061321,-21.718876,397
25.061321,-20.718876,420
26.061321,-20.718876,444
26.061321,-19.718876,456
27.061321,-19.718876,467
27.061321,-19.718876,478
27.061321,-18.718876,490
28.061321,-18.718876,501
29.061321,-18.718876,513
30.061321,-17.718876,524
31.061321,-16.718876,535
31.061321,-16.718876,547
33.061321,-15.718876,569
35.061321,-14.718876,581
37.061321,-14.718876,592
40.061321,-14.718876,603
42.061321,-14.718876,615
44.061321,-14.718876,626
46.061321,-14.718876,637
47.061321,-14.718876,649
47.061321,-14.718876,660
50.061321,-16.718876,671
52.061321,-16.718876,683
55.061321,-16.718876,694
56.061321,-17.718876,705
57.061321,-17.718876,717
58.061321,-18.718876,728
59.061321,-18.718876,750
60.061321,-19.718876,773
60.061321,-19.718876,799
61.061321,-20.718876,822
62.061321,-22.718876,844
63.061321,-22.718876,855
64.061321,-24.718876,867
64.061321,-26.718876,878
64.061321,-26.718876,890
64.061321,-28.718876,901
64.061321,-29.718876,924
64.061321,-30.718876,946
64.061321,-32.718876,958
64.061321,-32.718876,981
64.061321,-34.718876,992
63.061321,-36.718876,1015
62.061321,-36.718876,1038
61.061321,-37.718876,1049
61.061321,-38.718876,1061
61.061321,-39.718876,1072
60.061321,-39.718876,1083
59.061321,-39.718876,1095
59.061321,-40.718876,1106
58.061321,-42.718876,1117
57.061321,-43.718876,1129
57.061321,-44.718876,1140
57.061321,-45.718876,1151
56.061321,-45.718876,1163
55.061321,-46.718876,1174
55.061321,-47.718876,1185
54.061321,-47.718876,1197
54.061321,-48.718876,1208
53.061321,-48.718876,1219
52.061321,-49.718876,1231
51.061321,-49.718876,1242
51.061321,-50.718876,1253
50.061321,-51.718876,1265
50.061321,-52.718876,1276
49.061321,-52.718876,1287
48.061321,-52.718876,1299
47.061321,-53.718876,1310
46.061321,-54.718876,1333
44.061321,-55.718876,1344
42.061321,-55.718876,1355
41.061321,-56.718876,1367
40.061321,-57.718876,1378
37.061321,-59.718876,1445
35.061321,-60.718876,1453
34.061321,-61.718876,1462
34.061321,-62.718876,1470
33.061321,-62.718876,1482
32.061321,-62.718876,1492
31.061321,-63.718876,1519
31.061321,-64.718876,1556
31.061321,-64.718876,1567
31.061321,-65.718876,1583
31.061321,-65.718876,1594
29.061321,-66.718876,1605
29.061321,-67.718876,1617
29.061321,-68.718876,1629
28.061321,-68.718876,1675
27.061321,-68.718876,1692
27.061321,-68.718876,1734
28.061321,-69.718876,1745
28.061321,-70.718876,1768
29.061321,-71.718876,1779
30.061321,-72.718876,1837
31.061321,-72.718876,1877
33.061321,-73.718876,1896
34.061321,-73.718876,1907
34.061321,-73.718876,1919
35.061321,-73.718876,1942
37.061321,-73.718876,1953
40.061321,-73.718876,1976
42.061321,-73.718876,1987
44.061321,-73.718876,1998
47.061321,-73.718876,2010
50.061321,-73.718876,2021
53.061321,-73.718876,2032
54.061321,-73.718876,2044
56.061321,-73.718876,2055
57.061321,-73.718876,2066
61.061321,-73.718876,2078
64.061321,-73.718876,2089
66.061321,-73.718876,2100
67.061321,-73.718876,2112
70.061321,-73.718876,2123
70.061321,-73.718876,2135
71.061321,-73.718876,2146
72.061321,-73.718876,2157
73.061321,-73.718876,2169
73.061321,-73.718876,2180
BREAK
