START
67.75,-27.859438,0
66.75,-27.859438,408
65.75,-27.859438,428
64.75,-27.859438,470
63.75,-27.859438,480
59.75,-27.859438,601
58.75,-27.859438,620
58.75,-26.859438,640
57.75,-26.859438,662
56.75,-26.859438,684
55.75,-25.859438,727
54.75,-25.859438,757
53.75,-25.859438,777
52.75,-25.859438,817
51.75,-25.859438,827
50.75,-25.859438,838
48.75,-25.859438,850
46.75,-25.859438,870
45.75,-25.859438,880
44.75,-25.859438,890
43.75,-25.859438,923
42.75,-25.859438,933
41.75,-25.859438,963
41.75,-26.859438,973
40.75,-26.859438,993
40.75,-27.859438,1003
39.75,-27.859438,1013
38.75,-27.859438,1033
38.75,-28.859438,1043
37.75,-28.859438,1063
36.75,-29.859438,1083
35.75,-29.859438,1103
35.75,-30.859438,1113
35.75,-31.859438,1123
34.75,-31.859438,1153
34.75,-32.859438,1164
34.75,-33.859438,1211
34.75,-34.859438,1222
33.75,-35.859438,1242
33.75,-36.859438,1252
32.75,-37.859438,1262
32.75,-38.859438,1272
32.75,-39.859438,1292
32.75,-40.859438,1302
32.75,-41.859438,1322
31.75,-43.859438,1332
31.75,-44.859438,1352
31.75,-45.859438,1372
31.75,-46.859438,1382
31.75,-47.859438,1402
31.75,-48.859438,1432
31.75,-49.859438,1442
31.75,-50.859438,1462
31.75,-51.859438,1482
31.75,-52.859438,1512
31.75,-53.859438,1522
31.75,-54.859438,1552
31.75,-55.859438,1572
31.75,-56.859438,1592
31.75,-57.859438,1622
31.75,-58.859438,1662
32.75,-58.859438,1682
33.75,-59.859438,1722
34.75,-59.859438,1732
34.75,-60.859438,1762
35.75,-60.859438,1772
36.75,-60.859438,1792
37.75,-60.859438,1812
38.75,-60.859438,1832
39.75,-60.859438,1842
40.75,-60.859438,1852
41.75,-61.859438,1862
42.75,-61.859438,1872
43.75,-61.859438,1882
44.75,-61.859438,1902
45.75,-61.859438,1922
46.75,-61.859438,1932
47.75,-61.859438,1952
48.75,-61.859438,1982
49.75,-61.859438,2012
50.75,-61.859438,2022
51.75,-61.859438,2042
52.75,-61.859438,2062
53.75,-61.859438,2072
54.75,-61.859438,2092
55.75,-61.859438,2132
56.75,-61.859438,2172
57.75,-61.859438,2192
57.75,-60.859438,2201
58.75,-59.859438,2221
59.75,-59.859438,2234
60.75,-59.859438,2241
60.75,-58.859438,2252
61.75,-58.859438,2261
63.75,-57.859438,2271
63.75,-56.859438,2281
64.75,-56.859438,2291
65.75,-56.859438,2302
65.75,-55.859438,2311
66.75,-55.859438,2351
66.75,-54.859438,2361
66.75,-53.859438,2381
67.75,-52.859438,2391
68.75,-51.859438,2411
68.75,-50.859438,2433
68.75,-49.859438,2507
68.75,-48.859438,2578
68.75,-47.859438,2588
69.75,-45.859438,2598
69.75,-44.859438,2608
69.75,-42.859438,2628
70.75,-41.859438,2640
70.75,-40.859438,2651
70.75,-39.859438,2671
70.75,-38.859438,2731
70.75,-37.859438,2771
70.75,-36.859438,2825
70.75,-35.859438,2868
70.75,-34.859438,2878
70.75,-33.859438,2898
70.75,-32.859438,2928
70.75,-31.859438,2968
70.75,-30.859438,2987
70.75,-29.859438,3037
70.75,-28.859438,3087
70.75,-27.859438,3107
70.75,-26.859438,3288
70.75,-25.859438,3401
70.75,-24.859438,3453
70.75,-23.859438,3484
70.75,-22.859438,3617
70.75,-21.859438,3639
70.75,-20.859438,3669
70.75,-19.859438,3729
70.75,-20.859438,3992
70.75,-21.859438,4032
70.75,-22.859438,4062
70.75,-23.859438,4082
70.75,-24.859438,4092
70.75,-25.859438,4112
70.75,-26.859438,4134
70.75,-27.859438,4154
70.75,-28.859438,4164
70.75,-29.859438,4174
70.75,-30.859438,4194
70.75,-31.859438,4204
70.75,-32.859438,4225
70.75,-33.859438,4246
70.75,-34.859438,4256
70.75,-35.859438,4266
70.75,-36.859438,4286
70.75,-37.859438,4296
70.75,-38.859438,4316
70.75,-39.859438,4336
70.75,-40.859438,4356
70.75,-41.859438,4366
70.75,-42.859438,4376
70.75,-43.859438,4396
70.75,-44.859438,4406
70.75,-45.859438,4426
70.75,-47.859438,4446
70.75,-48.859438,4467
70.75,-49.859438,4476
70.75,-50.859438,4486
70.75,-51.859438,4506
70.75,-52.859438,4526
70.75,-53.859438,4536
70.75,-54.859438,4546
70.75,-55.859438,4557
70.75,-56.859438,4568
70.75,-57.859438,4589
70.75,-58.859438,4599
70.75,-59.859438,4609
70.75,-61.859438,4619
70.75,-62.859438,4629
70.75,-63.859438,4639
70.75,-64.859438,4649
70.75,-66.859438,4669
70.75,-67.859438,4699
70.75,-68.859438,4719
70.75,-69.859438,4730
70.75,-70.859438,4753
70.75,-71.859438,4785
70.75,-72.859438,4815
70.75,-73.859438,4825
70.75,-74.859438,4845
70.75,-75.859438,4875
70.75,-77.859438,4895
69.75,-77.859438,4905
69.75,-78.859438,4915
69.75,-79.859438,4925
69.75,-80.859438,4935
68.75,-81.859438,4957
68.75,-82.859438,4967
68.75,-83.859438,5007
67.75,-83.859438,5027
66.75,-84.859438,5037
66.75,-85.859438,5057
65.75,-86.859438,5067
65.75,-87.859438,5113
64.75,-87.859438,5123
63.75,-87.859438,5162
62.75,-88.859438,5173
61.75,-88.859438,5202
61.75,-89.859438,5212
60.75,-89.859438,5233
59.75,-89.859438,5255
58.75,-89.859438,5275
57.75,-89.859438,5295
56.75,-89.859438,5325
55.75,-89.859438,5335
55.75,-90.859438,5345
54.75,-90.859438,5355
53.75,-90.859438,5365
52.75,-90.859438,5375
51.75,-90.859438,5385
50.75,-90.859438,5395
49.75,-90.859438,5405
48.75,-90.859438,5425
47.75,-90.859438,5455
46.75,-90.859438,5465
45.75,-90.859438,5505
44.75,-90.859438,5535
43.75,-90.859438,5557
42.75,-90.859438,5577
41.75,-90.859438,5597
40.75,-90.859438,5627
39.75,-90.859438,5647
38.75,-90.859438,5727
38.75,-89.859438,5857
38.75,-88.859438,5917
37.75,-88.859438,6017
37.75,-87.859438,6027
36.75,-86.859438,6117
36.75,-85.859438,6156
36.75,-84.859438,6206
36.75,-83.859438,6236
35.75,-83.859438,6266
35.75,-82.859438,6276
35.75,-81.859438,6307
BREAK
