START
71.683962,-6.8594378,0
66.683962,-7.8594378,96
64.683962,-8.8594378,105
62.683962,-9.8594378,112
61.683962,-10.859438,120
60.683962,-11.859438,128
59.683962,-11.859438,136
57.683962,-12.859438,144
56.683962,-13.859438,152
55.683962,-13.859438,160
54.683962,-13.859438,168
53.683962,-14.859438,176
52.683962,-14.859438,184
52.683962,-15.859438,192
51.683962,-15.859438,200
50.683962,-16.859438,208
49.683962,-16.859438,216
49.683962,-17.859438,224
47.683962,-17.859438,232
45.683962,-18.859438,248
44.683962,-19.859438,264
43.683962,-20.859438,280
42.683962,-20.859438,288
42.683962,-21.859438,296
41.683962,-21.859438,312
39.683962,-21.859438,336
38.683962,-23.859438,352
37.683962,-23.859438,752
37.683962,-24.859438,800
38.683962,-24.859438,808
40.683962,-26.859438,824
41.683962,-27.859438,848
43.683962,-27.859438,856
44.683962,-28.859438,872
45.683962,-29.859438,888
46.683962,-30.859438,896
47.683962,-31.859438,912
49.683962,-31.859438,920
49.683962,-32.859438,928
50.683962,-32.859438,936
51.683962,-33.859438,944
52.683962,-34.859438,952
54.683962,-34.859438,968
55.683962,-35.859438,984
55.683962,-36.859438,992
56.683962,-36.859438,1008
57.683962,-36.859438,1016
58.683962,-37.859438,1040
59.683962,-37.859438,1048
60.683962,-37.859438,1056
62.683962,-38.859438,1093
62.683962,-39.859438,1096
63.683962,-39.859438,1112
64.683962,-39.859438,1152
64.683962,-40.859438,1176
66.683962,-40.859438,1200
67.683962,-40.859438,1224
67.683962,-41.859438,1488
67.683962,-42.859438,1496
67.683962,-43.859438,1512
66.683962,-45.859438,1528
66.683962,-46.859438,1544
64.683962,-48.859438,1552
63.683962,-50.859438,1568
62.683962,-52.859438,1576
61.683962,-53.859438,1584
60.683962,-55.859438,1592
59.683962,-56.859438,1600
59.683962,-58.859438,1608
58.683962,-59.859438,1616
57.683962,-60.859438,1624
55.683962,-63.859438,1632
54.683962,-64.859438,1640
53.683962,-66.859438,1648
52.683962,-67.859438,1656
50.683962,-70.859438,1664
49.683962,-71.859438,1672
48.683962,-72.859438,1680
48.683962,-74.859438,1688
46.683962,-75.859438,1696
46.683962,-76.859438,1712
45.683962,-77.859438,1720
44.683962,-78.859438,1728
43.683962,-79.859438,1752
43.683962,-80.859438,1760
42.683962,-81.859438,1768
41.683962,-83.859438,1776
40.683962,-84.859438,1800
39.683962,-85.859438,1816
38.683962,-86.859438,1856
38.683962,-87.859438,1888
37.683962,-88.859438,1912
36.683962,-88.859438,1936
35.683962,-89.859438,2016
BREAK
