START
59.061321,-16.718876,0
59.061321,-17.718876,189
61.061321,-17.718876,213
63.061321,-20.718876,242
63.061321,-22.718876,262
64.061321,-28.718876,347
65.061321,-31.718876,350
66.061321,-35.718876,361
67.061321,-37.718876,375
68.061321,-40.718876,386
68.061321,-44.718876,397
68.061321,-50.718876,408
68.061321,-54.718876,419
68.061321,-58.718876,431
68.061321,-60.718876,441
68.061321,-62.718876,452
68.061321,-63.718876,474
68.061321,-64.718876,485
68.061321,-65.718876,496
68.061321,-67.718876,582
68.061321,-68.718876,597
68.061321,-69.718876,610
68.061321,-72.718876,621
68.061321,-75.718876,632
68.061321,-77.718876,643
68.061321,-78.718876,654
68.061321,-80.718876,665
68.061321,-81.718876,676
68.061321,-83.718876,687
68.061321,-84.718876,709
68.061321,-86.718876,720
68.061321,-87.718876,731
67.061321,-87.718876,742
66.061321,-87.718876,753
66.061321,-88.718876,778
65.061321,-88.718876,867
64.061321,-88.718876,878
62.061321,-88.718876,889
61.061321,-88.718876,911
60.061321,-88.718876,922
58.061321,-88.718876,933
57.061321,-88.718876,944
56.061321,-88.718876,1010
56.061321,-87.718876,1050
55.061321,-87.718876,1066
55.061321,-86.718876,1076
52.061321,-84.718876,1088
50.061321,-82.718876,1099
49.061321,-79.718876,1110
47.061321,-77.718876,1121
46.061321,-75.718876,1132
46.061321,-74.718876,1142
44.061321,-73.718876,1154
44.061321,-72.718876,1166
44.061321,-71.718876,1188
44.061321,-69.718876,1210
43.061321,-69.718876,1265
42.061321,-69.718876,1276
BREAK
