START
23.051887,-96.859438,0
23.051887,-95.859438,153
23.051887,-94.859438,158
23.051887,-93.859438,177
23.051887,-92.859438,181
23.051887,-91.859438,190
23.051887,-91.859438,193
23.051887,-90.859438,203
23.051887,-89.859438,205
23.051887,-88.859438,209
23.051887,-87.859438,211
23.051887,-86.859438,215
23.051887,-85.859438,220
23.051887,-84.859438,224
23.051887,-83.859438,226
23.051887,-82.859438,229
23.051887,-82.859438,237
23.051887,-81.859438,239
23.051887,-80.859438,241
23.051887,-79.859438,245
23.051887,-78.859438,247
23.051887,-77.859438,254
23.051887,-76.859438,257
23.051887,-75.859438,259
23.051887,-74.859438,261
23.051887,-73.859438,269
23.051887,-73.859438,274
23.051887,-72.859438,277
23.051887,-71.859438,279
23.051887,-70.859438,283
23.051887,-69.859438,293
23.051887,-68.859438,297
23.051887,-67.859438,299
23.051887,-66.859438,308
23.051887,-65.859438,316
23.051887,-64.859438,320
23.051887,-64.859438,327
23.051887,-63.859438,330
23.051887,-62.859438,340
23.051887,-61.859438,344
23.051887,-60.859438,349
23.051887,-59.859438,354
23.051887,-58.859438,360
23.051887,-57.859438,371
23.051887,-56.859438,375
23.051887,-55.859438,380
23.051887,-55.859438,386
23.051887,-54.859438,391
23.051887,-53.859438,399
23.051887,-52.859438,402
23.051887,-51.859438,411
23.051887,-50.859438,416
23.051887,-49.859438,430
23.051887,-48.859438,436
23.051887,-47.859438,458
23.051887,-46.859438,465
23.051887,-46.859438,484
23.051887,-45.859438,492
23.051887,-44.859438,498
23.051887,-43.859438,503
23.051887,-42.859438,512
23.051887,-41.859438,541
23.051887,-40.859438,552
23.051887,-39.859438,567
23.051887,-38.859438,586
23.051887,-37.859438,602
23.051887,-37.859438,606
23.051887,-36.859438,609
23.051887,-35.859438,629
23.051887,-34.859438,642
23.051887,-33.859438,647
23.051887,-32.859438,655
23.051887,-31.859438,659
23.051887,-30.859438,672
23.051887,-29.859438,682
23.051887,-28.859438,685
23.051887,-28.859438,690
23.051887,-27.859438,698
24.051887,-27.859438,710
24.051887,-26.859438,712
24.051887,-25.859438,714
24.051887,-24.859438,721
24.051887,-23.859438,725
25.051887,-22.859438,730
26.051887,-22.859438,741
26.051887,-21.859438,743
26.051887,-20.859438,749
26.051887,-19.859438,756
26.051887,-19.859438,768
27.051887,-18.859438,780
28.051887,-18.859438,789
28.051887,-17.859438,793
28.051887,-16.859438,801
29.051887,-16.859438,806
29.051887,-15.859438,808
29.051887,-15.859438,820
29.051887,-14.859438,822
30.051887,-14.859438,826
30.051887,-13.859438,865
31.051887,-13.859438,867
32.051887,-13.859438,871
32.051887,-12.859438,878
33.051887,-12.859438,913
33.051887,-11.859438,922
34.051887,-11.859438,924
35.051887,-11.859438,934
36.051887,-11.859438,938
37.051887,-11.859438,941
37.051887,-10.859438,944
38.051887,-10.859438,948
38.051887,-10.859438,951
39.051887,-10.859438,962
39.051887,-10.859438,964
40.051887,-10.859438,969
41.051887,-10.859438,975
42.051887,-10.859438,978
43.051887,-10.859438,994
44.051887,-10.859438,998
45.051887,-10.859438,1009
46.051887,-10.859438,1011
47.051887,-10.859438,1021
47.051887,-9.8594378,1028
47.051887,-9.8594378,1030
48.051887,-9.8594378,1032
49.051887,-9.8594378,1036
50.051887,-9.8594378,1041
51.051887,-9.8594378,1046
52.051887,-9.8594378,1048
53.051887,-9.8594378,1052
54.051887,-9.8594378,1057
55.051887,-9.8594378,1065
56.051887,-9.8594378,1068
56.051887,-9.8594378,1072
57.051887,-9.8594378,1075
58.051887,-9.8594378,1083
59.051887,-9.8594378,1093
60.051887,-9.8594378,1101
61.051887,-9.8594378,1107
62.051887,-9.8594378,1113
62.051887,-10.859438,1118
63.051887,-10.859438,1129
64.051887,-10.859438,1137
65.051887,-10.859438,1140
65.051887,-10.859438,1146
66.051887,-10.859438,1158
66.051887,-10.859438,1160
67.051887,-10.859438,1167
68.051887,-10.859438,1176
69.051887,-10.859438,1180
70.051887,-10.859438,1185
70.051887,-11.859438,1190
71.051887,-11.859438,1194
71.051887,-12.859438,1198
72.051887,-12.859438,1202
73.051887,-12.859438,1210
73.051887,-13.859438,1215
74.051887,-13.859438,1224
74.051887,-14.859438,1238
74.051887,-15.859438,1250
74.051887,-15.859438,1254
74.051887,-16.859438,1256
75.051887,-16.859438,1262
75.051887,-17.859438,1264
75.051887,-18.859438,1267
76.051887,-18.859438,1277
76.051887,-19.859438,1282
77.051887,-19.859438,1291
76.051887,-21.859438,1301
76.051887,-22.859438,1308
76.051887,-23.859438,1311
76.051887,-24.859438,1328
76.051887,-25.859438,1331
76.051887,-26.859438,1335
76.051887,-27.859438,1339
76.051887,-28.859438,1342
76.051887,-28.859438,1351
76.051887,-29.859438,1355
76.051887,-30.859438,1362
76.051887,-31.859438,1370
BREAK
