START
50.528302,-13.686747,0
50.528302,-14.686747,229
50.528302,-16.686747,241
50.528302,-18.686747,253
50.528302,-22.686747,265
50.528302,-25.686747,277
51.528302,-29.686747,289
51.528302,-32.686747,301
52.528302,-35.686747,313
52.528302,-37.686747,325
53.528302,-39.686747,337
53.528302,-42.686747,349
53.528302,-44.686747,361
54.528302,-46.686747,373
54.528302,-48.686747,387
55.528302,-49.686747,399
55.528302,-51.686747,411
55.528302,-52.686747,423
55.528302,-53.686747,435
55.528302,-54.686747,447
56.528302,-54.686747,460
56.528302,-55.686747,472
56.528302,-56.686747,484
56.528302,-58.686747,496
56.528302,-59.686747,508
56.528302,-60.686747,520
56.528302,-62.686747,532
57.528302,-64.686747,544
57.528302,-65.686747,568
57.528302,-67.686747,580
57.528302,-68.686747,594
57.528302,-69.686747,606
57.528302,-71.686747,618
57.528302,-72.686747,630
57.528302,-73.686747,642
57.528302,-75.686747,654
57.528302,-77.686747,666
57.528302,-78.686747,678
57.528302,-79.686747,690
57.528302,-80.686747,702
57.528302,-82.686747,714
57.528302,-83.686747,726
57.528302,-84.686747,738
57.528302,-85.686747,750
57.528302,-86.686747,762
57.528302,-87.686747,774
57.528302,-88.686747,786
57.528302,-89.686747,810
57.528302,-90.686747,822
57.528302,-91.686747,834
57.528302,-92.686747,846
57.528302,-93.686747,858
BREAK
