START
60.230964,-34.72702,0
60.230964,-33.823466,8
60.230964,-32.919913,40
61.134518,-32.919913,64
61.134518,-32.01636,152
61.134518,-31.112807,184
61.134518,-30.209253,200
62.038071,-30.209253,232
62.038071,-29.3057,248
62.941624,-29.3057,304
62.941624,-28.402147,312
63.845178,-28.402147,320
64.748731,-28.402147,336
65.652284,-28.402147,352
66.555838,-28.402147,369
67.459391,-28.402147,376
68.362944,-28.402147,392
68.362944,-27.498593,400
69.266497,-27.498593,408
69.266497,-26.59504,416
70.170051,-26.59504,424
71.073604,-26.59504,440
71.977157,-26.59504,464
72.880711,-26.59504,488
73.784264,-26.59504,496
73.784264,-27.498593,560
74.687817,-27.498593,576
75.591371,-28.402147,592
76.494924,-29.3057,624
76.494924,-30.209253,648
77.398477,-31.112807,656
77.398477,-32.01636,688
77.398477,-32.919913,712
77.398477,-33.823466,736
77.398477,-34.72702,752
77.398477,-35.630573,768
77.398477,-36.534126,784
76.494924,-36.534126,792
76.494924,-37.43768,800
75.591371,-38.341233,816
75.591371,-39.244786,840
74.687817,-39.244786,848
74.687817,-40.14834,856
74.687817,-41.051893,872
73.784264,-41.051893,888
73.784264,-41.955446,920
72.880711,-41.955446,928
71.977157,-41.955446,936
71.977157,-42.858999,968
71.073604,-42.858999,976
70.170051,-42.858999,1016
69.266497,-42.858999,1048
68.362944,-43.762553,1064
67.459391,-43.762553,1080
66.555838,-43.762553,1096
65.652284,-43.762553,1104
64.748731,-43.762553,1113
64.748731,-44.666106,1128
63.845178,-44.666106,1145
62.941624,-45.569659,1200
62.038071,-45.569659,1240
62.941624,-45.569659,1352
63.845178,-44.666106,1408
64.748731,-44.666106,1448
BREAK
64.748731,-47.376766,11520
65.652284,-48.280319,11728
66.555838,-49.183873,11743
67.459391,-50.087426,11760
68.362944,-51.894532,11776
69.266497,-51.894532,11784
69.266497,-52.798086,11800
70.170051,-52.798086,11832
70.170051,-53.701639,11864
70.170051,-54.605192,11888
71.073604,-55.508746,11912
71.977157,-56.412299,11936
71.977157,-57.315852,11968
71.977157,-58.219406,11976
72.880711,-59.122959,12000
72.880711,-60.930065,12016
72.880711,-61.833619,12035
72.880711,-62.737172,12056
72.880711,-63.640725,12064
72.880711,-64.544279,12072
72.880711,-65.447832,12096
72.880711,-66.351385,12112
72.880711,-67.254939,12128
72.880711,-68.158492,12136
72.880711,-69.062045,12152
71.977157,-69.062045,12160
71.977157,-69.965598,12176
71.977157,-70.869152,12184
71.073604,-71.772705,12192
71.073604,-72.676258,12216
71.073604,-74.483365,12248
70.170051,-74.483365,12256
70.170051,-75.386918,12272
69.266497,-75.386918,12296
69.266497,-76.290472,12304
69.266497,-77.194025,12328
68.362944,-78.097578,12336
67.459391,-78.097578,12344
67.459391,-77.194025,12352
66.555838,-78.097578,12360
65.652284,-78.097578,12369
64.748731,-78.097578,12376
64.748731,-79.001131,12384
63.845178,-79.904685,12392
62.038071,-79.904685,12400
61.134518,-79.904685,12408
60.230964,-79.904685,12416
59.327411,-80.808238,12424
58.423858,-80.808238,12432
56.616751,-81.711791,12440
55.713198,-81.711791,12456
53.906091,-81.711791,12464
53.002538,-81.711791,12472
52.098985,-81.711791,12480
51.195431,-81.711791,12488
50.291878,-81.711791,12496
49.388325,-81.711791,12504
47.581218,-81.711791,12512
46.677665,-81.711791,12528
45.774112,-81.711791,12536
44.870558,-81.711791,12544
43.967005,-81.711791,12561
42.159898,-81.711791,12568
41.256345,-81.711791,12584
39.449239,-80.808238,12592
38.545685,-80.808238,12608
38.545685,-79.904685,12616
37.642132,-79.904685,12624
36.738579,-79.904685,12632
35.835025,-79.904685,12657
35.835025,-79.001131,12664
34.931472,-79.001131,12672
34.027919,-78.097578,12680
33.124365,-77.194025,12689
32.220812,-76.290472,12697
31.317259,-75.386918,12705
30.413706,-74.483365,12721
30.413706,-73.579812,12729
29.510152,-73.579812,12737
29.510152,-72.676258,12745
29.510152,-71.772705,12753
28.606599,-70.869152,12760
27.703046,-69.062045,12777
27.703046,-68.158492,12785
27.703046,-67.254939,12793
27.703046,-66.351385,12801
27.703046,-64.544279,12817
26.799492,-63.640725,12833
26.799492,-61.833619,12840
26.799492,-60.930065,12857
26.799492,-60.026512,12864
26.799492,-59.122959,12873
26.799492,-57.315852,12880
27.703046,-57.315852,12889
27.703046,-56.412299,12897
27.703046,-54.605192,12905
27.703046,-53.701639,12921
27.703046,-51.894532,12929
27.703046,-50.990979,12937
27.703046,-50.087426,12945
28.606599,-49.183873,12953
28.606599,-48.280319,12961
28.606599,-47.376766,12969
29.510152,-45.569659,12976
29.510152,-44.666106,12984
29.510152,-43.762553,12992
29.510152,-41.955446,13000
30.413706,-41.051893,13017
30.413706,-39.244786,13024
30.413706,-38.341233,13040
31.317259,-37.43768,13048
32.220812,-36.534126,13056
32.220812,-34.72702,13064
33.124365,-34.72702,13073
33.124365,-33.823466,13080
34.027919,-32.01636,13088
34.931472,-30.209253,13104
34.931472,-29.3057,13121
35.835025,-28.402147,13129
35.835025,-27.498593,13137
36.738579,-26.59504,13153
37.642132,-25.691487,13169
38.545685,-24.787933,13185
38.545685,-23.88438,13193
39.449239,-23.88438,13201
40.352792,-22.980827,13209
41.256345,-22.077274,13217
42.159898,-21.17372,13225
43.063452,-21.17372,13233
43.063452,-20.270167,13241
43.967005,-19.366614,13249
44.870558,-19.366614,13257
44.870558,-18.46306,13265
45.774112,-17.559507,13281
46.677665,-17.559507,13297
46.677665,-16.655954,13305
48.484772,-15.7524,13313
49.388325,-15.7524,13321
50.291878,-14.848847,13329
51.195431,-14.848847,13345
52.098985,-13.945294,13353
53.002538,-13.945294,13361
53.002538,-13.041741,13370
53.906091,-13.041741,13377
55.713198,-13.041741,13393
55.713198,-12.138187,13401
56.616751,-12.138187,13409
57.520305,-12.138187,13417
58.423858,-12.138187,13425
59.327411,-12.138187,13433
60.230964,-12.138187,13449
61.134518,-12.138187,13473
62.038071,-12.138187,13481
62.941624,-12.138187,13497
63.845178,-12.138187,13513
65.652284,-12.138187,13529
66.555838,-12.138187,13537
67.459391,-12.138187,13545
68.362944,-12.138187,13561
69.266497,-12.138187,13577
70.170051,-12.138187,13608
71.073604,-13.041741,13639
BREAK
