START
73.784264,-18.46306,0
72.880711,-18.46306,118
71.977157,-17.559507,119
71.073604,-17.559507,134
70.170051,-16.655954,135
69.266497,-15.7524,150
68.362944,-15.7524,166
67.459391,-14.848847,167
66.555838,-13.945294,182
65.652284,-13.945294,183
63.845178,-13.945294,206
62.941624,-13.041741,207
62.038071,-13.041741,222
61.134518,-13.041741,223
60.230964,-13.041741,238
59.327411,-13.041741,239
57.520305,-13.041741,254
55.713198,-13.041741,255
54.809645,-13.041741,270
53.002538,-13.041741,271
51.195431,-13.041741,286
49.388325,-13.041741,287
47.581218,-13.041741,302
46.677665,-13.041741,303
44.870558,-13.041741,318
43.063452,-13.041741,319
41.256345,-13.041741,334
40.352792,-13.041741,335
39.449239,-13.041741,350
37.642132,-13.041741,351
36.738579,-13.945294,366
35.835025,-13.945294,367
34.931472,-14.848847,382
34.027919,-14.848847,383
33.124365,-14.848847,398
32.220812,-15.7524,399
31.317259,-15.7524,414
30.413706,-15.7524,415
29.510152,-15.7524,430
28.606599,-16.655954,431
27.703046,-17.559507,446
26.799492,-18.46306,447
25.895939,-18.46306,462
24.992386,-19.366614,463
24.088832,-20.270167,478
23.185279,-21.17372,479
22.281726,-22.077274,494
20.474619,-22.980827,510
20.474619,-23.88438,511
19.571066,-24.787933,526
18.667513,-24.787933,527
17.763959,-26.59504,542
16.860406,-27.498593,558
15.956853,-27.498593,559
15.956853,-28.402147,574
15.053299,-28.402147,575
15.053299,-29.3057,590
14.149746,-30.209253,591
13.246193,-31.112807,606
12.34264,-31.112807,622
12.34264,-32.01636,623
12.34264,-32.919913,638
11.439086,-33.823466,639
11.439086,-34.72702,654
10.535533,-35.630573,655
9.6319797,-36.534126,670
9.6319797,-37.43768,671
8.7284264,-38.341233,686
7.8248731,-40.14834,687
7.8248731,-41.955446,702
6.9213198,-41.955446,718
6.0177665,-42.858999,719
6.0177665,-43.762553,734
6.0177665,-44.666106,735
6.0177665,-45.569659,750
5.1142132,-45.569659,751
5.1142132,-46.473213,766
5.1142132,-47.376766,782
5.1142132,-48.280319,783
5.1142132,-50.087426,798
5.1142132,-50.990979,814
5.1142132,-52.798086,815
5.1142132,-53.701639,830
5.1142132,-55.508746,846
5.1142132,-56.412299,862
5.1142132,-57.315852,863
5.1142132,-58.219406,878
5.1142132,-60.026512,879
5.1142132,-61.833619,894
6.0177665,-62.737172,910
6.0177665,-63.640725,912
6.9213198,-64.544279,926
6.9213198,-65.447832,927
7.8248731,-67.254939,950
7.8248731,-68.158492,966
7.8248731,-69.062045,967
7.8248731,-70.869152,982
8.7284264,-70.869152,998
8.7284264,-71.772705,999
9.6319797,-72.676258,1014
9.6319797,-73.579812,1016
10.535533,-74.483365,1030
11.439086,-75.386918,1038
12.34264,-76.290472,1054
13.246193,-77.194025,1070
13.246193,-78.097578,1072
14.149746,-79.001131,1086
15.956853,-80.808238,1102
15.956853,-81.711791,1118
16.860406,-82.615345,1120
18.667513,-84.422451,1134
20.474619,-86.229558,1150
21.378173,-87.133111,1166
23.185279,-87.133111,1182
24.088832,-88.036664,1184
26.799492,-89.843771,1199
27.703046,-89.843771,1214
28.606599,-89.843771,1216
29.510152,-89.843771,1230
30.413706,-90.747324,1232
31.317259,-90.747324,1246
32.220812,-90.747324,1248
34.931472,-91.650878,1262
36.738579,-92.554431,1278
38.545685,-92.554431,1280
40.352792,-93.457984,1294
42.159898,-94.361538,1296
43.063452,-94.361538,1310
43.967005,-94.361538,1312
44.870558,-95.265091,1326
45.774112,-95.265091,1328
46.677665,-95.265091,1342
47.581218,-95.265091,1344
48.484772,-95.265091,1358
50.291878,-95.265091,1374
51.195431,-95.265091,1390
52.098985,-95.265091,1406
53.002538,-95.265091,1408
53.906091,-95.265091,1422
54.809645,-95.265091,1424
55.713198,-95.265091,1438
56.616751,-95.265091,1454
57.520305,-95.265091,1478
58.423858,-95.265091,1480
59.327411,-95.265091,1494
60.230964,-95.265091,1510
61.134518,-95.265091,1526
62.038071,-95.265091,1528
62.941624,-95.265091,1542
62.941624,-94.361538,1544
63.845178,-94.361538,1558
64.748731,-94.361538,1560
65.652284,-94.361538,1574
66.555838,-94.361538,1576
66.555838,-93.457984,1590
67.459391,-93.457984,1592
68.362944,-93.457984,1606
69.266497,-93.457984,1622
69.266497,-92.554431,1624
70.170051,-92.554431,1638
70.170051,-91.650878,1662
70.170051,-90.747324,1678
70.170051,-89.843771,1694
71.073604,-89.843771,1710
71.073604,-88.940218,1726
71.073604,-88.036664,1728
71.073604,-87.133111,1750
71.977157,-87.133111,1774
71.977157,-86.229558,1776
71.977157,-85.326005,1798
72.880711,-84.422451,1822
73.784264,-83.518898,1847
73.784264,-82.615345,1862
73.784264,-81.711791,1886
73.784264,-80.808238,1910
73.784264,-79.001131,1926
74.687817,-79.001131,1928
74.687817,-78.097578,1950
74.687817,-77.194025,1952
74.687817,-76.290472,1966
74.687817,-75.386918,1982
74.687817,-74.483365,2015
74.687817,-73.579812,2046
74.687817,-72.676258,2048
74.687817,-71.772705,2063
74.687817,-70.869152,2078
74.687817,-69.965598,2110
74.687817,-69.062045,2191
74.687817,-68.158492,2231
74.687817,-67.254939,2280
73.784264,-67.254939,2302
73.784264,-66.351385,2304
72.880711,-66.351385,2327
72.880711,-65.447832,2328
71.977157,-65.447832,2351
71.073604,-64.544279,2374
71.073604,-63.640725,2398
70.170051,-63.640725,2400
69.266497,-63.640725,2431
68.362944,-62.737172,2446
67.459391,-62.737172,2470
67.459391,-61.833619,2472
66.555838,-61.833619,2486
65.652284,-61.833619,2488
64.748731,-61.833619,2502
63.845178,-61.833619,2526
62.941624,-61.833619,2528
62.038071,-60.930065,2559
61.134518,-60.930065,2591
62.038071,-60.930065,2863
62.941624,-60.930065,2886
63.845178,-60.930065,2902
64.748731,-60.930065,2927
65.652284,-60.930065,2942
66.555838,-60.930065,2975
67.459391,-60.930065,2976
68.362944,-60.930065,2991
69.266497,-60.930065,2992
69.266497,-60.026512,3007
70.170051,-60.026512,3030
70.170051,-59.122959,3032
71.073604,-59.122959,3062
71.073604,-58.219406,3086
71.073604,-57.315852,3088
71.977157,-57.315852,3102
72.880711,-55.508746,3104
72.880711,-54.605192,3127
72.880711,-53.701639,3143
72.880711,-52.798086,3159
72.880711,-51.894532,3179
73.784264,-50.990979,3191
73.784264,-50.087426,3207
73.784264,-49.183873,3223
73.784264,-48.280319,3238
73.784264,-47.376766,3254
72.880711,-45.569659,3270
71.977157,-44.666106,3279
71.073604,-44.666106,3302
71.073604,-43.762553,3304
70.170051,-42.858999,3319
70.170051,-41.955446,3321
69.266497,-41.955446,3334
68.362944,-41.051893,3336
67.459391,-40.14834,3351
66.555838,-40.14834,3375
65.652284,-39.244786,3390
65.652284,-38.341233,3392
64.748731,-38.341233,3415
64.748731,-37.43768,3417
63.845178,-36.534126,3430
62.941624,-36.534126,3432
62.941624,-35.630573,3446
62.038071,-35.630573,3463
62.038071,-34.72702,3465
61.134518,-33.823466,3479
60.230964,-33.823466,3481
60.230964,-32.919913,3494
59.327411,-32.919913,3503
58.423858,-32.01636,3505
58.423858,-31.112807,3519
57.520305,-31.112807,3535
56.616751,-31.112807,3537
56.616751,-30.209253,3551
55.713198,-30.209253,3553
54.809645,-30.209253,3567
53.906091,-29.3057,3568
53.002538,-29.3057,3591
52.098985,-29.3057,3627
51.195431,-29.3057,3647
50.291878,-29.3057,3679
49.388325,-29.3057,3695
BREAK
