START
37.616601,-21.989817,0
36.77668,-21.989817,259
35.936759,-21.989817,275
35.096838,-21.989817,292
34.256917,-22.829738,309
33.416996,-22.829738,325
33.416996,-23.669659,342
31.737154,-23.669659,358
30.897233,-23.669659,374
30.057312,-23.669659,391
30.057312,-25.349501,408
29.217391,-25.349501,424
28.37747,-25.349501,441
28.37747,-27.029343,458
27.537549,-27.029343,474
27.537549,-28.709185,491
27.537549,-29.549106,525
27.537549,-30.389026,540
26.697628,-31.228947,558
26.697628,-32.068868,591
26.697628,-32.908789,608
26.697628,-33.74871,623
26.697628,-34.588631,641
26.697628,-35.428552,691
27.537549,-35.428552,723
28.37747,-35.428552,740
29.217391,-35.428552,757
30.057312,-34.588631,773
30.897233,-33.74871,790
31.737154,-33.74871,807
32.577075,-33.74871,823
34.256917,-32.068868,840
35.096838,-32.068868,856
35.936759,-32.068868,872
36.77668,-32.068868,890
37.616601,-32.068868,906
38.456522,-32.068868,939
39.296443,-31.228947,956
40.136364,-31.228947,990
40.976285,-31.228947,1023
41.816206,-31.228947,1039
42.656126,-31.228947,1056
43.496047,-31.228947,1089
45.175889,-31.228947,1105
46.855731,-31.228947,1122
49.375494,-31.228947,1139
51.895257,-31.228947,1155
54.41502,-31.228947,1172
56.094862,-32.068868,1189
57.774704,-32.068868,1206
58.614625,-32.068868,1222
58.614625,-32.908789,1238
59.454545,-32.908789,1255
60.294466,-32.908789,1289
60.294466,-34.588631,1304
61.974308,-34.588631,1338
62.814229,-34.588631,1355
62.814229,-35.428552,1389
63.65415,-35.428552,1404
64.494071,-35.428552,1421
65.333992,-35.428552,1437
65.333992,-36.268473,1471
67.013834,-36.268473,1505
67.853755,-36.268473,1521
68.693676,-36.268473,1571
69.533597,-36.268473,1604
70.373518,-36.268473,1637
71.213439,-37.108394,1770
71.213439,-37.948315,1886
70.373518,-38.788236,1902
70.373518,-39.628157,1919
69.533597,-40.468078,1936
68.693676,-41.307999,1952
68.693676,-42.14792,1970
67.853755,-42.987841,2003
67.853755,-44.667683,2019
67.013834,-46.347524,2036
67.013834,-47.187445,2053
67.013834,-48.867287,2069
67.013834,-49.707208,2086
66.173913,-51.38705,2102
66.173913,-52.226971,2119
64.494071,-53.906813,2135
64.494071,-54.746734,2152
64.494071,-55.586655,2169
64.494071,-56.426576,2185
64.494071,-57.266497,2201
62.814229,-57.266497,2218
62.814229,-58.946339,2252
62.814229,-59.78626,2269
61.974308,-60.626181,2285
61.974308,-62.306023,2301
61.134387,-63.145943,2318
61.134387,-64.825785,2334
61.134387,-65.665706,2368
61.134387,-66.505627,2401
61.134387,-67.345548,2451
60.294466,-68.185469,2467
60.294466,-69.865311,2483
60.294466,-70.705232,2500
60.294466,-71.545153,2518
60.294466,-72.385074,2534
60.294466,-73.224995,2550
59.454545,-74.064916,2567
59.454545,-75.744758,2584
59.454545,-76.584679,2617
59.454545,-75.744758,2700
59.454545,-74.904837,2717
59.454545,-74.064916,2732
59.454545,-73.224995,2749
59.454545,-72.385074,2784
58.614625,-71.545153,2817
57.774704,-71.545153,2833
56.934783,-71.545153,2866
56.094862,-70.705232,2899
54.41502,-70.705232,2933
52.735178,-69.865311,2948
51.895257,-69.865311,2965
51.055336,-69.865311,2981
49.375494,-69.865311,3016
48.535573,-69.02539,3049
47.695652,-69.02539,3065
46.855731,-69.02539,3099
46.855731,-68.185469,3114
46.01581,-68.185469,3131
44.335968,-68.185469,3165
43.496047,-68.185469,3182
42.656126,-68.185469,3198
41.816206,-68.185469,3230
40.976285,-68.185469,3247
40.136364,-68.185469,3264
39.296443,-68.185469,3281
38.456522,-68.185469,3315
37.616601,-68.185469,3331
36.77668,-68.185469,3364
35.936759,-68.185469,3398
35.096838,-68.185469,3414
34.256917,-68.185469,3448
33.416996,-68.185469,3481
32.577075,-68.185469,3496
31.737154,-68.185469,3513
30.897233,-68.185469,3529
30.057312,-68.185469,3547
29.217391,-68.185469,3563
28.37747,-68.185469,3597
27.537549,-68.185469,3613
26.697628,-68.185469,3663
25.857708,-68.185469,3713
25.017787,-68.185469,3830
24.177866,-69.02539,3846
23.337945,-69.865311,3879
23.337945,-70.705232,3912
23.337945,-71.545153,3945
22.498024,-72.385074,3962
22.498024,-73.224995,3979
21.658103,-74.904837,3995
21.658103,-75.744758,4011
21.658103,-77.4246,4028
20.818182,-78.264521,4046
20.818182,-79.104441,4061
20.818182,-79.944362,4077
19.978261,-79.944362,4112
19.13834,-81.624204,4162
19.13834,-82.464125,4212
BREAK
