START
43.496047,-31.228947,0
42.656126,-30.389026,29
41.816206,-30.389026,59
40.976285,-31.228947,89
40.976285,-32.068868,199
40.976285,-33.74871,219
40.976285,-34.588631,239
40.976285,-35.428552,259
40.976285,-36.268473,299
41.816206,-37.108394,308
42.656126,-37.108394,329
43.496047,-37.108394,359
44.335968,-37.108394,379
45.175889,-37.108394,388
46.01581,-37.108394,398
46.855731,-37.108394,419
47.695652,-37.108394,438
48.535573,-36.268473,469
49.375494,-36.268473,498
51.895257,-36.268473,509
54.41502,-35.428552,518
56.934783,-35.428552,528
58.614625,-34.588631,538
60.294466,-34.588631,549
61.134387,-34.588631,558
61.974308,-33.74871,568
63.65415,-33.74871,588
64.494071,-33.74871,608
65.333992,-33.74871,619
67.853755,-33.74871,628
70.373518,-33.74871,638
73.733202,-33.74871,648
76.252964,-33.74871,658
77.932806,-33.74871,668
78.772727,-33.74871,678
79.612648,-33.74871,738
81.29249,-34.588631,818
81.29249,-35.428552,847
81.29249,-37.948315,868
81.29249,-38.788236,878
81.29249,-41.307999,887
81.29249,-42.987841,897
81.29249,-45.507604,907
81.29249,-47.187445,918
81.29249,-48.027366,928
81.29249,-50.547129,937
81.29249,-52.226971,947
81.29249,-53.906813,958
81.29249,-54.746734,968
81.29249,-55.586655,987
81.29249,-56.426576,997
81.29249,-57.266497,1008
81.29249,-58.106418,1017
81.29249,-58.946339,1027
81.29249,-59.78626,1037
81.29249,-60.626181,1048
81.29249,-61.466102,1067
81.29249,-63.145943,1077
81.29249,-65.665706,1087
81.29249,-66.505627,1107
81.29249,-67.345548,1197
79.612648,-69.02539,1226
78.772727,-69.02539,1247
77.932806,-69.865311,1257
76.252964,-70.705232,1266
75.413043,-70.705232,1277
74.573123,-71.545153,1287
73.733202,-71.545153,1316
72.893281,-71.545153,1337
72.05336,-71.545153,1346
69.533597,-71.545153,1356
68.693676,-71.545153,1367
66.173913,-71.545153,1377
63.65415,-72.385074,1386
61.974308,-72.385074,1406
60.294466,-73.224995,1427
58.614625,-73.224995,1446
55.254941,-74.064916,1456
51.895257,-74.064916,1467
48.535573,-74.904837,1476
45.175889,-75.744758,1486
44.335968,-76.584679,1496
43.496047,-76.584679,1507
42.656126,-76.584679,1566
41.816206,-76.584679,1596
40.136364,-77.4246,1606
40.136364,-78.264521,1616
38.456522,-79.104441,1626
37.616601,-79.944362,1636
37.616601,-80.784283,1666
37.616601,-81.624204,1676
37.616601,-82.464125,1746
37.616601,-83.304046,1765
37.616601,-84.143967,1776
37.616601,-84.983888,1786
37.616601,-85.823809,1796
38.456522,-86.66373,1895
39.296443,-86.66373,1905
40.136364,-85.823809,1916
40.136364,-84.143967,1926
40.976285,-79.104441,1935
40.976285,-74.904837,1946
BREAK
