START
34.683962,-23.859438,0
35.683962,-23.859438,200
36.683962,-23.859438,250
37.683962,-23.859438,273
38.683962,-23.859438,312
39.683962,-23.859438,337
40.683962,-23.859438,361
41.683962,-23.859438,384
42.683962,-23.859438,399
43.683962,-23.859438,422
45.683962,-23.859438,449
46.683962,-23.859438,472
47.683962,-23.859438,497
48.683962,-23.859438,522
49.683962,-23.859438,535
51.683962,-23.859438,548
52.683962,-23.859438,574
53.683962,-23.859438,585
54.683962,-23.859438,609
55.683962,-23.859438,623
56.683962,-23.859438,645
57.683962,-23.859438,658
58.683962,-23.859438,685
59.683962,-23.859438,697
60.683962,-23.859438,722
61.683962,-23.859438,747
62.683962,-23.859438,759
63.683962,-23.859438,772
64.683962,-23.859438,797
65.683962,-23.859438,859
BREAK
38.683962,-60.859438,2267
39.683962,-60.859438,2476
40.683962,-60.859438,2526
41.683962,-60.859438,2563
42.683962,-60.859438,2601
43.683962,-60.859438,2614
44.683962,-60.859438,2638
45.683962,-60.859438,2676
46.683962,-60.859438,2701
47.683962,-60.859438,2712
48.683962,-60.859438,2750
49.683962,-60.859438,2787
50.683962,-60.859438,2813
51.683962,-60.859438,2823
52.683962,-60.859438,2850
53.683962,-60.859438,2875
55.683962,-60.859438,2911
56.683962,-60.859438,2936
57.683962,-60.859438,2950
58.683962,-60.859438,2962
59.683962,-60.859438,2986
60.683962,-60.859438,3037
61.683962,-60.859438,3087
62.683962,-60.859438,3148
63.683962,-60.859438,3173
64.683962,-60.859438,3273
BREAK
39.683962,-85.859438,4593
39.683962,-86.859438,4603
40.683962,-86.859438,4803
41.683962,-86.859438,4890
42.683962,-86.859438,4951
43.683962,-86.859438,5001
44.683962,-86.859438,5016
45.683962,-86.859438,5051
46.683962,-86.859438,5077
47.683962,-86.859438,5102
48.683962,-86.859438,5115
49.683962,-86.859438,5140
50.683962,-86.859438,5164
51.683962,-86.859438,5215
52.683962,-86.859438,5227
53.683962,-86.859438,5255
54.683962,-86.859438,5266
55.683962,-86.859438,5301
56.683962,-86.859438,5326
57.683962,-86.859438,5340
58.683962,-86.859438,5351
60.683962,-86.859438,5439
61.683962,-86.859438,5449
63.683962,-86.859438,5464
64.683962,-86.859438,5475
65.683962,-86.859438,5487
BREAK
33.683962,-26.859438,6893
33.683962,-27.859438,7044
33.683962,-28.859438,7093
33.683962,-29.859438,7142
33.683962,-30.859438,7193
33.683962,-31.859438,7255
33.683962,-32.859438,7281
33.683962,-33.859438,7307
34.683962,-33.859438,7317
34.683962,-34.859438,7329
34.683962,-35.859438,7354
34.683962,-36.859438,7418
34.683962,-37.859438,7452
34.683962,-38.859438,7504
34.683962,-40.859438,7530
34.683962,-41.859438,7553
34.683962,-42.859438,7590
34.683962,-43.859438,7616
34.683962,-44.859438,7639
34.683962,-45.859438,7666
34.683962,-46.859438,7715
34.683962,-47.859438,7741
34.683962,-48.859438,7766
34.683962,-49.859438,7790
34.683962,-50.859438,7840
34.683962,-51.859438,7852
34.683962,-52.859438,7878
34.683962,-53.859438,7902
34.683962,-54.859438,7926
34.683962,-55.859438,7938
34.683962,-56.859438,7964
34.683962,-57.859438,7976
34.683962,-58.859438,7990
34.683962,-59.859438,8004
34.683962,-60.859438,8027
34.683962,-61.859438,8038
34.683962,-62.859438,8063
34.683962,-64.859438,8101
34.683962,-65.859438,8129
34.683962,-66.859438,8150
34.683962,-67.859438,8175
34.683962,-69.859438,8201
34.683962,-71.859438,8225
34.683962,-72.859438,8242
34.683962,-73.859438,8255
34.683962,-74.859438,8273
34.683962,-75.859438,8276
34.683962,-76.859438,8299
34.683962,-77.859438,8311
34.683962,-78.859438,8326
34.683962,-79.859438,8337
34.683962,-80.859438,8378
34.683962,-81.859438,8438
34.683962,-82.859438,8473
34.683962,-83.859438,8573
34.683962,-84.859438,8649
BREAK
34.683962,-83.859438,10130
34.683962,-84.859438,10229
34.683962,-85.859438,10315
34.683962,-86.859438,10379
34.683962,-87.859438,10416
34.683962,-88.859438,10440
BREAK
