START
46.877358,-22.859438,0
46.877358,-23.859438,51
46.877358,-24.859438,58
46.877358,-25.859438,67
46.877358,-27.859438,76
46.877358,-28.859438,90
46.877358,-30.859438,92
46.877358,-31.859438,99
46.877358,-33.859438,109
46.877358,-34.859438,116
46.877358,-35.859438,127
46.877358,-36.859438,131
46.877358,-39.859438,151
47.877358,-41.859438,156
47.877358,-44.859438,168
47.877358,-46.859438,170
51.877358,-79.859438,360
51.877358,-80.859438,362
51.877358,-79.859438,490
BREAK
29.877358,-43.859438,904
29.877358,-44.859438,956
29.877358,-45.859438,962
29.877358,-46.859438,971
29.877358,-47.859438,978
29.877358,-48.859438,986
29.877358,-49.859438,994
29.877358,-50.859438,1003
29.877358,-51.859438,1018
29.877358,-52.859438,1027
30.877358,-52.859438,1034
30.877358,-53.859438,1043
30.877358,-54.859438,1058
31.877358,-54.859438,1074
31.877358,-55.859438,1091
32.877358,-55.859438,1122
33.877358,-55.859438,1138
34.877358,-55.859438,1147
35.877358,-55.859438,1154
36.877358,-55.859438,1163
38.877358,-55.859438,1170
40.877358,-55.859438,1178
41.877358,-55.859438,1186
43.877358,-55.859438,1194
45.877358,-55.859438,1203
46.877358,-55.859438,1210
48.877358,-55.859438,1218
49.877358,-55.859438,1226
50.877358,-55.859438,1234
51.877358,-55.859438,1242
52.877358,-55.859438,1258
52.877358,-54.859438,1266
54.877358,-54.859438,1274
55.877358,-53.859438,1282
56.877358,-53.859438,1291
57.877358,-53.859438,1298
58.877358,-53.859438,1306
60.877358,-53.859438,1314
61.877358,-53.859438,1322
62.877358,-53.859438,1330
63.877358,-53.859438,1338
64.877358,-53.859438,1346
65.877358,-53.859438,1354
66.877358,-53.859438,1362
67.877358,-53.859438,1370
68.877358,-53.859438,1378
70.877358,-53.859438,1387
71.877358,-53.859438,1395
72.877358,-53.859438,1514
72.877358,-54.859438,1522
72.877358,-55.859438,1539
72.877358,-56.859438,1554
72.877358,-57.859438,1570
72.877358,-58.859438,1579
72.877358,-59.859438,1594
72.877358,-60.859438,1603
72.877358,-61.859438,1618
72.877358,-62.859438,1634
72.877358,-63.859438,1666
72.877358,-62.859438,1770
BREAK
