START
51.803226,-16.351459,0
50.813836,-16.351459,145
49.824446,-16.351459,169
49.824446,-17.340849,192
49.824446,-18.330239,216
49.824446,-19.319629,242
49.824446,-20.309019,291
49.824446,-21.298408,301
49.824446,-22.287798,351
50.813836,-22.287798,374
51.803226,-22.287798,400
52.792615,-22.287798,436
53.782005,-22.287798,507
54.771395,-22.287798,531
55.760785,-22.287798,593
56.750175,-22.287798,641
56.750175,-23.277188,811
55.760785,-24.266578,834
54.771395,-25.255968,847
54.771395,-26.245358,859
53.782005,-26.245358,870
53.782005,-27.234748,882
53.782005,-28.224138,897
52.792615,-28.224138,908
51.803226,-29.213528,979
51.803226,-30.202918,1004
BREAK
51.803226,-40.096817,1841
51.803226,-41.086207,1900
52.792615,-42.075597,1912
52.792615,-43.064987,1924
52.792615,-46.033156,1936
52.792615,-49.001326,1948
52.792615,-52.958886,1960
52.792615,-55.927056,1973
52.792615,-57.905836,1985
52.792615,-60.874005,1997
52.792615,-62.852785,2010
52.792615,-64.831565,2021
52.792615,-66.810345,2034
52.792615,-68.789125,2046
52.792615,-70.767905,2057
52.792615,-71.757294,2070
52.792615,-73.736074,2094
51.803226,-74.725464,2107
51.803226,-75.714854,2118
51.803226,-77.693634,2130
51.803226,-78.683024,2155
50.813836,-78.683024,2179
50.813836,-79.672414,2191
50.813836,-80.661804,2216
50.813836,-81.651194,2228
50.813836,-82.640584,2240
49.824446,-82.640584,2252
49.824446,-83.629973,2264
49.824446,-84.619363,2300
49.824446,-85.608753,2324
BREAK
