START
66.644074,-19.319629,0
65.654684,-18.330239,201
64.665295,-17.340849,217
63.675905,-17.340849,233
63.675905,-16.351459,241
62.686515,-14.372679,281
61.697125,-14.372679,297
61.697125,-13.383289,321
60.707735,-13.383289,337
60.707735,-12.393899,409
59.718345,-12.393899,425
57.739565,-12.393899,449
56.750175,-12.393899,481
55.760785,-12.393899,521
54.771395,-12.393899,569
53.782005,-13.383289,593
52.792615,-14.372679,633
52.792615,-15.362069,649
52.792615,-16.351459,657
52.792615,-17.340849,673
51.803226,-19.319629,689
50.813836,-20.309019,705
50.813836,-21.298408,713
50.813836,-22.287798,721
50.813836,-23.277188,729
50.813836,-24.266578,737
50.813836,-25.255968,753
50.813836,-26.245358,769
50.813836,-27.234748,778
50.813836,-29.213528,800
51.803226,-29.213528,809
51.803226,-30.202918,817
52.792615,-31.192308,825
53.782005,-31.192308,833
53.782005,-32.181698,841
54.771395,-32.181698,857
55.760785,-33.171088,873
56.750175,-33.171088,889
57.739565,-33.171088,905
58.728955,-33.171088,945
59.718345,-34.160477,969
60.707735,-34.160477,985
61.697125,-35.149867,1001
62.686515,-35.149867,1017
63.675905,-35.149867,1050
62.686515,-36.139257,1274
61.697125,-36.139257,1505
61.697125,-37.128647,1521
60.707735,-38.118037,1537
59.718345,-38.118037,1577
58.728955,-38.118037,1593
57.739565,-38.118037,1609
55.760785,-38.118037,1649
54.771395,-38.118037,1737
53.782005,-38.118037,1761
52.792615,-38.118037,1793
51.803226,-38.118037,1833
50.813836,-38.118037,1889
BREAK
59.718345,-47.022546,3410
59.718345,-48.011936,3498
59.718345,-49.990716,3505
59.718345,-51.969496,3513
59.718345,-52.958886,3521
59.718345,-53.948276,3529
59.718345,-56.916446,3537
59.718345,-57.905836,3545
59.718345,-59.884615,3553
59.718345,-61.863395,3561
60.707735,-63.842175,3569
61.697125,-65.820955,3577
61.697125,-66.810345,3585
61.697125,-69.778515,3593
61.697125,-70.767905,3601
62.686515,-71.757294,3609
62.686515,-73.736074,3617
62.686515,-74.725464,3634
63.675905,-76.704244,3642
63.675905,-77.693634,3650
63.675905,-78.683024,3658
63.675905,-79.672414,3666
63.675905,-80.661804,3682
63.675905,-81.651194,3690
63.675905,-82.640584,3698
63.675905,-84.619363,3713
63.675905,-85.608753,3729
63.675905,-86.598143,3746
63.675905,-87.587533,3769
63.675905,-88.576923,3786
63.675905,-89.566313,3801
63.675905,-90.555703,3809
63.675905,-91.545093,3825
63.675905,-92.534483,3842
64.665295,-93.523873,3857
64.665295,-94.513263,3865
64.665295,-95.502653,3873
64.665295,-96.492042,3890
64.665295,-97.481432,3897
64.665295,-98.470822,3913
64.665295,-100.4496,3921
64.665295,-101.43899,3938
64.665295,-102.42838,3946
BREAK
