START
44.188679,-31.405622,0
44.188679,-35.405622,143
44.188679,-36.405622,148
44.188679,-39.405622,157
44.188679,-40.405622,168
44.188679,-42.405622,180
44.188679,-43.405622,192
44.188679,-45.405622,204
44.188679,-46.405622,216
44.188679,-47.405622,228
44.188679,-48.405622,240
44.188679,-50.405622,253
44.188679,-51.405622,265
44.188679,-52.405622,277
44.188679,-53.405622,289
44.188679,-54.405622,302
44.188679,-55.405622,313
44.188679,-56.405622,338
44.188679,-57.405622,349
44.188679,-58.405622,362
44.188679,-59.405622,386
44.188679,-60.405622,411
44.188679,-61.405622,426
45.188679,-62.405622,436
45.188679,-63.405622,459
46.188679,-63.405622,471
46.188679,-64.405622,496
47.188679,-64.405622,519
48.188679,-65.405622,532
49.188679,-65.405622,555
50.188679,-65.405622,568
51.188679,-65.405622,582
52.188679,-65.405622,593
53.188679,-65.405622,605
54.188679,-65.405622,617
56.188679,-65.405622,641
57.188679,-65.405622,653
59.188679,-65.405622,676
60.188679,-65.405622,701
61.188679,-65.405622,739
62.188679,-65.405622,773
63.188679,-65.405622,800
63.188679,-64.405622,822
BREAK
