START
43.188679,-18.405622,0
43.188679,-19.405622,341
43.188679,-20.405622,384
43.188679,-21.405622,403
43.188679,-22.405622,413
43.188679,-23.405622,433
43.188679,-25.405622,443
43.188679,-27.405622,463
43.188679,-29.405622,474
43.188679,-30.405622,483
43.188679,-31.405622,493
43.188679,-32.405622,503
43.188679,-34.405622,514
43.188679,-35.405622,536
43.188679,-36.405622,546
43.188679,-37.405622,566
43.188679,-38.405622,586
43.188679,-39.405622,606
43.188679,-40.405622,616
43.188679,-41.405622,636
43.188679,-42.405622,656
43.188679,-43.405622,666
43.188679,-44.405622,676
43.188679,-45.405622,686
43.188679,-46.405622,695
43.188679,-47.405622,705
43.188679,-48.405622,725
43.188679,-49.405622,735
43.188679,-50.405622,766
43.188679,-51.405622,795
43.188679,-52.405622,815
43.188679,-53.405622,835
43.188679,-54.405622,855
43.188679,-55.405622,877
43.188679,-56.405622,887
43.188679,-57.405622,897
43.188679,-58.405622,917
43.188679,-59.405622,937
43.188679,-60.405622,967
43.188679,-61.405622,1007
43.188679,-62.405622,1027
44.188679,-62.405622,1036
44.188679,-63.405622,1077
45.188679,-63.405622,1088
45.188679,-64.405622,1118
45.188679,-65.405622,1168
46.188679,-65.405622,1178
46.188679,-66.405622,1210
47.188679,-66.405622,1251
48.188679,-66.405622,1291
49.188679,-66.405622,1311
50.188679,-66.405622,1361
51.188679,-66.405622,1411
52.188679,-66.405622,1441
53.188679,-66.405622,1481
54.188679,-66.405622,1521
55.188679,-66.405622,1562
56.188679,-66.405622,1591
56.188679,-65.405622,1661
57.188679,-65.405622,1671
57.188679,-64.405622,1720
58.188679,-64.405622,1750
59.188679,-63.405622,1791
60.188679,-63.405622,1860
60.188679,-62.405622,1870
60.188679,-61.405622,1920
61.188679,-61.405622,1983
61.188679,-60.405622,2013
61.188679,-59.405622,2112
BREAK
