START
35.108491,-35.281124,0
35.108491,-34.281124,90
35.108491,-33.281124,120
35.108491,-32.281124,160
35.108491,-31.281124,170
35.108491,-29.281124,180
35.108491,-28.281124,190
35.108491,-26.281124,200
36.108491,-24.281124,210
36.108491,-23.281124,220
36.108491,-22.281124,230
36.108491,-21.281124,240
37.108491,-21.281124,250
38.108491,-19.281124,260
38.108491,-18.281124,270
39.108491,-17.281124,280
40.108491,-16.281124,290
41.108491,-15.281124,310
41.108491,-14.281124,320
42.108491,-14.281124,330
42.108491,-13.281124,340
43.108491,-13.281124,351
44.108491,-13.281124,361
45.108491,-12.281124,383
46.108491,-12.281124,403
48.108491,-12.281124,423
49.108491,-12.281124,444
51.108491,-12.281124,453
52.108491,-12.281124,463
54.108491,-12.281124,483
55.108491,-12.281124,504
56.108491,-12.281124,514
57.108491,-13.281124,526
59.108491,-13.281124,538
60.108491,-15.281124,549
62.108491,-16.281124,559
63.108491,-18.281124,569
64.108491,-18.281124,578
65.108491,-20.281124,588
66.108491,-21.281124,599
67.108491,-22.281124,609
68.108491,-22.281124,621
68.108491,-24.281124,633
69.108491,-24.281124,642
69.108491,-25.281124,652
69.108491,-26.281124,663
70.108491,-27.281124,672
71.108491,-30.281124,682
72.108491,-33.281124,694
72.108491,-35.281124,702
73.108491,-37.281124,712
73.108491,-39.281124,722
73.108491,-41.281124,732
73.108491,-43.281124,742
74.108491,-45.281124,752
74.108491,-46.281124,762
74.108491,-48.281124,772
74.108491,-50.281124,782
74.108491,-52.281124,792
74.108491,-55.281124,802
74.108491,-56.281124,812
74.108491,-57.281124,822
74.108491,-58.281124,833
74.108491,-60.281124,844
74.108491,-61.281124,867
74.108491,-63.281124,878
74.108491,-64.281124,890
74.108491,-65.281124,901
74.108491,-66.281124,911
74.108491,-68.281124,931
74.108491,-69.281124,954
74.108491,-70.281124,977
74.108491,-71.281124,995
74.108491,-72.281124,1005
74.108491,-73.281124,1025
74.108491,-74.281124,1045
73.108491,-74.281124,1055
73.108491,-75.281124,1078
72.108491,-75.281124,1101
72.108491,-76.281124,1112
71.108491,-77.281124,1132
70.108491,-78.281124,1142
69.108491,-79.281124,1152
68.108491,-79.281124,1172
68.108491,-80.281124,1192
67.108491,-80.281124,1212
66.108491,-80.281124,1222
65.108491,-81.281124,1234
64.108491,-82.281124,1253
63.108491,-82.281124,1263
62.108491,-83.281124,1273
61.108491,-83.281124,1295
59.108491,-83.281124,1315
58.108491,-84.281124,1325
56.108491,-84.281124,1334
55.108491,-84.281124,1344
53.108491,-85.281124,1354
52.108491,-85.281124,1364
51.108491,-85.281124,1374
50.108491,-85.281124,1385
49.108491,-85.281124,1404
48.108491,-85.281124,1414
47.108491,-85.281124,1423
45.108491,-85.281124,1443
44.108491,-85.281124,1453
43.108491,-84.281124,1463
42.108491,-83.281124,1473
41.108491,-81.281124,1493
40.108491,-81.281124,1513
40.108491,-80.281124,1523
39.108491,-78.281124,1533
39.108491,-77.281124,1543
38.108491,-76.281124,1554
37.108491,-74.281124,1565
36.108491,-73.281124,1577
36.108491,-71.281124,1588
36.108491,-70.281124,1600
36.108491,-69.281124,1620
36.108491,-68.281124,1639
36.108491,-67.281124,1659
35.108491,-66.281124,1679
35.108491,-64.281124,1699
35.108491,-63.281124,1721
35.108491,-62.281124,1744
35.108491,-61.281124,1779
35.108491,-60.281124,1790
35.108491,-59.281124,1801
35.108491,-58.281124,1811
35.108491,-57.281124,1821
35.108491,-55.281124,1831
35.108491,-54.281124,1851
35.108491,-53.281124,1871
36.108491,-52.281124,1891
36.108491,-51.281124,1901
37.108491,-51.281124,1911
37.108491,-50.281124,1931
38.108491,-50.281124,1941
38.108491,-49.281124,1961
40.108491,-49.281124,1971
40.108491,-48.281124,1981
41.108491,-48.281124,1991
41.108491,-47.281124,2001
42.108491,-47.281124,2011
43.108491,-47.281124,2021
44.108491,-47.281124,2041
46.108491,-47.281124,2051
47.108491,-46.281124,2061
49.108491,-46.281124,2071
50.108491,-46.281124,2081
52.108491,-45.281124,2092
54.108491,-45.281124,2112
55.108491,-45.281124,2132
56.108491,-45.281124,2142
57.108491,-45.281124,2152
58.108491,-45.281124,2162
59.108491,-45.281124,2172
60.108491,-45.281124,2182
61.108491,-45.281124,2211
62.108491,-45.281124,2264
63.108491,-45.281124,2334
64.108491,-45.281124,2366
65.108491,-46.281124,2416
65.108491,-47.281124,2436
66.108491,-47.281124,2446
66.108491,-48.281124,2466
67.108491,-48.281124,2476
67.108491,-49.281124,2496
68.108491,-49.281124,2505
68.108491,-50.281124,2525
69.108491,-51.281124,2574
69.108491,-52.281124,2614
70.108491,-52.281124,2634
70.108491,-53.281124,2677
70.108491,-54.281124,2729
BREAK
