START
37.108491,-22.281124,0
39.108491,-21.281124,9
40.108491,-20.281124,28
41.108491,-20.281124,84
42.108491,-20.281124,103
44.108491,-19.281124,122
46.108491,-19.281124,131
49.108491,-19.281124,141
50.108491,-19.281124,150
53.108491,-19.281124,159
55.108491,-19.281124,169
57.108491,-19.281124,178
60.108491,-20.281124,187
62.108491,-20.281124,197
65.108491,-21.281124,206
65.108491,-22.281124,215
66.108491,-22.281124,225
67.108491,-22.281124,234
68.108491,-22.281124,244
68.108491,-23.281124,253
69.108491,-23.281124,263
69.108491,-24.281124,272
71.108491,-26.281124,281
71.108491,-27.281124,291
73.108491,-29.281124,300
73.108491,-30.281124,309
75.108491,-31.281124,319
75.108491,-33.281124,328
76.108491,-34.281124,356
76.108491,-36.281124,375
77.108491,-37.281124,384
77.108491,-38.281124,394
78.108491,-40.281124,403
78.108491,-41.281124,413
78.108491,-42.281124,422
78.108491,-43.281124,431
78.108491,-46.281124,441
78.108491,-47.281124,450
78.108491,-49.281124,459
78.108491,-50.281124,469
78.108491,-53.281124,478
78.108491,-55.281124,488
78.108491,-57.281124,497
78.108491,-58.281124,506
78.108491,-59.281124,516
77.108491,-62.281124,525
76.108491,-63.281124,535
76.108491,-65.281124,544
75.108491,-66.281124,553
75.108491,-68.281124,563
74.108491,-69.281124,572
73.108491,-70.281124,582
73.108491,-71.281124,591
72.108491,-73.281124,600
71.108491,-74.281124,610
70.108491,-77.281124,619
70.108491,-78.281124,628
70.108491,-79.281124,638
69.108491,-80.281124,647
68.108491,-80.281124,666
67.108491,-80.281124,694
66.108491,-80.281124,703
65.108491,-80.281124,750
64.108491,-80.281124,844
63.108491,-80.281124,854
61.108491,-80.281124,863
59.108491,-79.281124,872
56.108491,-78.281124,882
54.108491,-78.281124,891
49.108491,-76.281124,901
47.108491,-74.281124,910
45.108491,-74.281124,919
44.108491,-73.281124,929
44.108491,-72.281124,985
43.108491,-71.281124,1004
42.108491,-69.281124,1013
41.108491,-68.281124,1032
41.108491,-67.281124,1041
40.108491,-66.281124,1051
40.108491,-65.281124,1060
40.108491,-64.281124,1069
40.108491,-63.281124,1079
40.108491,-62.281124,1097
40.108491,-61.281124,1107
40.108491,-60.281124,1126
40.108491,-59.281124,1135
41.108491,-58.281124,1144
42.108491,-57.281124,1154
43.108491,-57.281124,1163
43.108491,-55.281124,1173
44.108491,-55.281124,1182
44.108491,-54.281124,1201
45.108491,-54.281124,1220
45.108491,-53.281124,1229
46.108491,-53.281124,1238
46.108491,-52.281124,1248
47.108491,-52.281124,1257
49.108491,-52.281124,1266
51.108491,-52.281124,1276
52.108491,-51.281124,1285
54.108491,-51.281124,1295
55.108491,-51.281124,1323
56.108491,-51.281124,1351
57.108491,-51.281124,1360
58.108491,-52.281124,1370
60.108491,-52.281124,1379
62.108491,-53.281124,1388
63.108491,-55.281124,1398
65.108491,-55.281124,1407
66.108491,-57.281124,1417
67.108491,-57.281124,1426
69.108491,-58.281124,1435
69.108491,-59.281124,1445
70.108491,-59.281124,1463
70.108491,-60.281124,1501
70.108491,-61.281124,1510
71.108491,-62.281124,1529
71.108491,-63.281124,1539
72.108491,-63.281124,1548
BREAK
