START
17.641509,-21.859438,0
18.641509,-20.859438,71
20.641509,-20.859438,80
21.641509,-20.859438,88
23.641509,-20.859438,95
25.641509,-20.859438,103
26.641509,-20.859438,111
29.641509,-20.859438,119
32.641509,-20.859438,127
35.641509,-19.859438,135
36.641509,-19.859438,144
38.641509,-19.859438,152
40.641509,-19.859438,160
42.641509,-18.859438,167
44.641509,-18.859438,175
45.641509,-18.859438,183
48.641509,-18.859438,191
51.641509,-17.859438,199
53.641509,-17.859438,207
54.641509,-17.859438,215
56.641509,-17.859438,223
58.641509,-17.859438,231
60.641509,-17.859438,239
62.641509,-17.859438,248
64.641509,-17.859438,255
65.641509,-18.859438,264
66.641509,-18.859438,271
68.641509,-18.859438,280
70.641509,-18.859438,288
71.641509,-17.859438,295
71.641509,-17.859438,303
73.641509,-17.859438,311
74.641509,-16.859438,327
75.641509,-16.859438,336
76.641509,-16.859438,344
77.641509,-16.859438,351
78.641509,-16.859438,359
79.641509,-16.859438,367
80.641509,-16.859438,375
80.641509,-16.859438,391
81.641509,-16.859438,407
82.641509,-16.859438,423
84.641509,-16.859438,447
85.641509,-16.859438,463
86.641509,-16.859438,479
87.641509,-16.859438,543
88.641509,-16.859438,583
89.641509,-16.859438,631
BREAK
44.641509,-18.859438,1631
45.641509,-18.859438,1655
45.641509,-19.859438,1663
45.641509,-21.859438,1695
45.641509,-22.859438,1711
45.641509,-23.859438,1727
45.641509,-23.859438,1736
45.641509,-24.859438,1743
45.641509,-25.859438,1760
45.641509,-26.859438,1767
45.641509,-27.859438,1775
45.641509,-28.859438,1783
45.641509,-29.859438,1791
45.641509,-30.859438,1799
45.641509,-31.859438,1807
45.641509,-32.859438,1815
45.641509,-32.859438,1823
45.641509,-33.859438,1839
45.641509,-34.859438,1847
45.641509,-35.859438,1855
44.641509,-36.859438,1863
44.641509,-37.859438,1871
44.641509,-39.859438,1888
44.641509,-40.859438,1904
44.641509,-41.859438,1911
44.641509,-42.859438,1920
44.641509,-43.859438,1928
44.641509,-44.859438,1935
44.641509,-45.859438,1943
44.641509,-46.859438,1951
44.641509,-48.859438,1959
44.641509,-49.859438,1975
44.641509,-50.859438,1983
44.641509,-51.859438,1991
44.641509,-52.859438,1999
44.641509,-53.859438,2007
44.641509,-54.859438,2023
44.641509,-55.859438,2031
44.641509,-56.859438,2040
43.641509,-58.859438,2047
42.641509,-59.859438,2063
42.641509,-60.859438,2079
42.641509,-62.859438,2095
42.641509,-64.859438,2127
42.641509,-65.859438,2143
42.641509,-66.859438,2175
BREAK
71.641509,-16.859438,3088
71.641509,-17.859438,3103
71.641509,-18.859438,3127
71.641509,-19.859438,3135
71.641509,-19.859438,3151
71.641509,-20.859438,3159
71.641509,-21.859438,3183
71.641509,-23.859438,3192
71.641509,-24.859438,3207
71.641509,-25.859438,3215
72.641509,-27.859438,3231
72.641509,-28.859438,3247
72.641509,-30.859438,3255
72.641509,-31.859438,3271
72.641509,-32.859438,3279
72.641509,-32.859438,3287
72.641509,-34.859438,3295
73.641509,-34.859438,3303
73.641509,-35.859438,3311
73.641509,-37.859438,3319
73.641509,-38.859438,3335
73.641509,-40.859438,3351
73.641509,-41.859438,3367
73.641509,-42.859438,3383
73.641509,-44.859438,3399
73.641509,-45.859438,3415
73.641509,-46.859438,3439
73.641509,-47.859438,3455
73.641509,-48.859438,3471
73.641509,-50.859438,3488
73.641509,-50.859438,3504
72.641509,-50.859438,3512
72.641509,-51.859438,3520
72.641509,-52.859438,3528
72.641509,-54.859438,3544
71.641509,-55.859438,3560
71.641509,-57.859438,3575
71.641509,-58.859438,3591
71.641509,-59.859438,3607
71.641509,-59.859438,3623
71.641509,-60.859438,3640
71.641509,-61.859438,3648
71.641509,-62.859438,3655
71.641509,-63.859438,3671
70.641509,-64.859438,3688
70.641509,-65.859438,3712
70.641509,-67.859438,3815
70.641509,-68.859438,3832
BREAK
