START
29.510152,-26.59504,0
30.413706,-25.691487,6
31.317259,-24.787933,19
32.220812,-24.787933,27
32.220812,-23.88438,35
33.124365,-23.88438,43
33.124365,-22.980827,51
34.027919,-22.980827,59
34.931472,-22.980827,68
35.835025,-22.980827,83
35.835025,-22.077274,91
36.738579,-22.077274,99
37.642132,-22.077274,109
37.642132,-21.17372,118
38.545685,-21.17372,123
39.449239,-21.17372,131
39.449239,-20.270167,139
40.352792,-20.270167,147
41.256345,-20.270167,156
42.159898,-20.270167,163
43.063452,-20.270167,171
43.967005,-20.270167,179
44.870558,-20.270167,195
44.870558,-19.366614,212
45.774112,-19.366614,219
46.677665,-19.366614,227
47.581218,-19.366614,235
48.484772,-19.366614,252
48.484772,-20.270167,260
49.388325,-20.270167,267
50.291878,-21.17372,275
51.195431,-21.17372,283
52.098985,-22.077274,291
52.098985,-22.980827,300
53.002538,-22.980827,307
53.002538,-23.88438,316
53.002538,-24.787933,324
53.002538,-25.691487,340
53.002538,-26.59504,347
53.002538,-27.498593,363
53.002538,-28.402147,371
53.002538,-29.3057,379
53.002538,-30.209253,387
53.002538,-31.112807,395
53.002538,-32.01636,403
52.098985,-32.01636,411
52.098985,-32.919913,419
52.098985,-33.823466,427
51.195431,-34.72702,435
51.195431,-35.630573,443
50.291878,-35.630573,451
50.291878,-36.534126,460
49.388325,-36.534126,467
49.388325,-37.43768,475
48.484772,-38.341233,484
47.581218,-38.341233,491
46.677665,-39.244786,500
45.774112,-40.14834,507
44.870558,-40.14834,515
44.870558,-41.051893,524
43.967005,-41.051893,531
43.063452,-41.955446,539
42.159898,-41.955446,547
40.352792,-42.858999,556
39.449239,-42.858999,564
38.545685,-43.762553,571
37.642132,-44.666106,579
36.738579,-44.666106,587
34.931472,-45.569659,595
34.027919,-45.569659,605
34.027919,-46.473213,611
33.124365,-46.473213,619
33.124365,-47.376766,627
32.220812,-47.376766,635
32.220812,-48.280319,645
32.220812,-49.183873,660
31.317259,-49.183873,668
31.317259,-50.087426,675
30.413706,-50.990979,683
29.510152,-50.990979,691
29.510152,-51.894532,699
29.510152,-52.798086,708
28.606599,-52.798086,715
28.606599,-53.701639,723
28.606599,-54.605192,732
27.703046,-54.605192,748
27.703046,-55.508746,757
27.703046,-56.412299,763
27.703046,-57.315852,771
27.703046,-58.219406,779
27.703046,-59.122959,787
28.606599,-59.122959,795
28.606599,-60.026512,803
29.510152,-60.026512,813
29.510152,-60.930065,821
30.413706,-60.930065,827
30.413706,-61.833619,836
31.317259,-61.833619,843
32.220812,-62.737172,851
33.124365,-62.737172,860
34.027919,-63.640725,868
34.931472,-63.640725,876
35.835025,-63.640725,883
37.642132,-64.544279,891
38.545685,-64.544279,900
39.449239,-64.544279,907
41.256345,-64.544279,916
42.159898,-64.544279,923
43.063452,-64.544279,931
43.967005,-64.544279,940
44.870558,-64.544279,947
45.774112,-64.544279,956
46.677665,-64.544279,963
47.581218,-64.544279,971
48.484772,-64.544279,980
50.291878,-64.544279,987
51.195431,-63.640725,995
52.098985,-63.640725,1004
53.906091,-63.640725,1011
54.809645,-63.640725,1021
56.616751,-63.640725,1028
57.520305,-63.640725,1035
58.423858,-62.737172,1044
59.327411,-62.737172,1052
60.230964,-61.833619,1060
61.134518,-61.833619,1068
62.038071,-60.930065,1076
62.941624,-60.026512,1084
63.845178,-59.122959,1092
64.748731,-58.219406,1099
64.748731,-57.315852,1108
65.652284,-56.412299,1116
66.555838,-54.605192,1124
67.459391,-53.701639,1132
67.459391,-51.894532,1140
68.362944,-50.990979,1148
68.362944,-50.087426,1156
69.266497,-48.280319,1164
69.266497,-47.376766,1172
70.170051,-45.569659,1180
70.170051,-43.762553,1188
70.170051,-41.955446,1196
70.170051,-40.14834,1204
70.170051,-38.341233,1212
70.170051,-36.534126,1220
70.170051,-34.72702,1228
70.170051,-33.823466,1236
70.170051,-32.01636,1244
70.170051,-30.209253,1252
70.170051,-29.3057,1260
70.170051,-27.498593,1268
70.170051,-25.691487,1276
70.170051,-24.787933,1284
70.170051,-22.980827,1292
70.170051,-22.077274,1300
70.170051,-21.17372,1308
70.170051,-20.270167,1317
69.266497,-20.270167,1324
69.266497,-21.17372,1396
69.266497,-22.077274,1404
69.266497,-22.980827,1412
68.362944,-24.787933,1420
68.362944,-25.691487,1428
68.362944,-27.498593,1436
68.362944,-29.3057,1444
68.362944,-30.209253,1452
68.362944,-31.112807,1460
67.459391,-32.919913,1468
67.459391,-33.823466,1476
67.459391,-34.72702,1484
67.459391,-36.534126,1492
67.459391,-37.43768,1500
67.459391,-38.341233,1508
67.459391,-39.244786,1516
67.459391,-40.14834,1524
66.555838,-41.051893,1532
66.555838,-41.955446,1540
66.555838,-42.858999,1549
66.555838,-44.666106,1556
66.555838,-45.569659,1564
66.555838,-46.473213,1572
66.555838,-47.376766,1580
66.555838,-48.280319,1588
66.555838,-49.183873,1596
66.555838,-50.087426,1604
66.555838,-50.990979,1612
66.555838,-51.894532,1620
66.555838,-52.798086,1628
67.459391,-52.798086,1636
67.459391,-53.701639,1644
67.459391,-54.605192,1653
67.459391,-55.508746,1668
68.362944,-55.508746,1679
68.362944,-56.412299,1686
69.266497,-57.315852,1695
69.266497,-58.219406,1703
69.266497,-59.122959,1710
70.170051,-60.026512,1718
71.073604,-60.930065,1726
71.073604,-61.833619,1735
71.977157,-62.737172,1743
72.880711,-63.640725,1750
72.880711,-64.544279,1766
73.784264,-64.544279,1775
73.784264,-65.447832,1783
74.687817,-65.447832,1790
74.687817,-66.351385,1799
75.591371,-66.351385,1806
75.591371,-67.254939,1815
76.494924,-67.254939,1824
77.398477,-67.254939,1831
77.398477,-68.158492,1838
78.30203,-68.158492,1846
78.30203,-69.062045,1856
79.205584,-69.062045,1861
80.109137,-69.062045,1868
81.01269,-69.965598,1876
81.916244,-69.965598,1884
82.819797,-69.965598,1892
83.72335,-70.869152,1900
84.626904,-70.869152,1908
86.43401,-70.869152,1917
87.337563,-71.772705,1924
88.241117,-71.772705,1932
89.14467,-71.772705,1941
90.048223,-71.772705,1949
90.048223,-70.869152,2005
90.048223,-69.965598,2013
BREAK
