START
81.254717,-79.827309,0
79.254717,-80.827309,258
76.254717,-80.827309,267
73.254717,-81.827309,278
71.254717,-81.827309,288
69.254717,-81.827309,299
67.254717,-81.827309,310
64.254717,-81.827309,320
61.254717,-81.827309,330
60.254717,-81.827309,340
59.254717,-81.827309,350
57.254717,-81.827309,360
56.254717,-81.827309,370
55.254717,-81.827309,390
54.254717,-81.827309,400
53.254717,-81.827309,430
52.254717,-81.827309,450
51.254717,-81.827309,460
50.254717,-81.827309,470
48.254717,-81.827309,480
47.254717,-81.827309,490
46.254717,-81.827309,500
45.254717,-81.827309,510
44.254717,-81.827309,520
43.254717,-81.827309,540
42.254717,-81.827309,580
41.254717,-81.827309,590
40.254717,-81.827309,600
39.254717,-81.827309,622
38.254717,-81.827309,673
37.254717,-81.827309,703
36.254717,-81.827309,733
35.254717,-81.827309,773
34.254717,-81.827309,804
33.254717,-81.827309,835
32.254717,-81.827309,905
32.254717,-80.827309,925
32.254717,-79.827309,1080
32.254717,-78.827309,1123
32.254717,-77.827309,1153
32.254717,-76.827309,1173
32.254717,-75.827309,1213
32.254717,-74.827309,1273
32.254717,-73.827309,1283
32.254717,-71.827309,1293
32.254717,-69.827309,1304
32.254717,-68.827309,1315
32.254717,-67.827309,1327
32.254717,-65.827309,1337
32.254717,-64.827309,1357
32.254717,-63.827309,1387
32.254717,-62.827309,1407
32.254717,-61.827309,1447
32.254717,-60.827309,1456
32.254717,-59.827309,1467
32.254717,-58.827309,1500
32.254717,-56.827309,1510
32.254717,-55.827309,1520
32.254717,-54.827309,1530
32.254717,-53.827309,1540
32.254717,-52.827309,1551
32.254717,-51.827309,1560
32.254717,-49.827309,1570
32.254717,-48.827309,1580
32.254717,-47.827309,1590
32.254717,-46.827309,1610
32.254717,-45.827309,1640
32.254717,-44.827309,1650
32.254717,-43.827309,1670
31.254717,-43.827309,1680
31.254717,-42.827309,1690
31.254717,-41.827309,1700
30.254717,-40.827309,1710
30.254717,-38.827309,1730
30.254717,-36.827309,1740
30.254717,-35.827309,1750
29.254717,-35.827309,1760
29.254717,-34.827309,1770
29.254717,-33.827309,1781
29.254717,-32.827309,1831
29.254717,-31.827309,2149
29.254717,-30.827309,2492
29.254717,-29.827309,2636
29.254717,-28.827309,2735
29.254717,-27.827309,2785
29.254717,-26.827309,2825
30.254717,-26.827309,3038
31.254717,-26.827309,3049
33.254717,-26.827309,3060
36.254717,-26.827309,3069
39.254717,-25.827309,3079
42.254717,-25.827309,3089
44.254717,-24.827309,3101
45.254717,-24.827309,3113
46.254717,-24.827309,3124
47.254717,-23.827309,3136
48.254717,-23.827309,3148
49.254717,-23.827309,3159
50.254717,-23.827309,3169
51.254717,-23.827309,3179
52.254717,-23.827309,3189
53.254717,-23.827309,3209
54.254717,-23.827309,3230
55.254717,-23.827309,3240
56.254717,-23.827309,3275
57.254717,-23.827309,3286
58.254717,-23.827309,3298
59.254717,-23.827309,3321
60.254717,-23.827309,3343
61.254717,-23.827309,3372
62.254717,-23.827309,3383
63.254717,-23.827309,3443
64.254717,-23.827309,3472
65.254717,-23.827309,3482
66.254717,-23.827309,3492
67.254717,-23.827309,3512
68.254717,-23.827309,3522
69.254717,-23.827309,3552
70.254717,-23.827309,3584
71.254717,-23.827309,3615
72.254717,-23.827309,3625
73.254717,-23.827309,3655
74.254717,-23.827309,3685
75.254717,-23.827309,3695
76.254717,-23.827309,3735
77.254717,-23.827309,3819
77.254717,-24.827309,3960
77.254717,-25.827309,4030
77.254717,-26.827309,4070
77.254717,-27.827309,4100
77.254717,-28.827309,4143
77.254717,-30.827309,4153
77.254717,-32.827309,4163
77.254717,-35.827309,4173
77.254717,-37.827309,4183
77.254717,-38.827309,4193
77.254717,-40.827309,4203
77.254717,-41.827309,4223
77.254717,-42.827309,4253
77.254717,-43.827309,4283
77.254717,-44.827309,4333
77.254717,-45.827309,4373
77.254717,-46.827309,4393
77.254717,-47.827309,4423
77.254717,-48.827309,4433
77.254717,-49.827309,4443
77.254717,-50.827309,4473
77.254717,-51.827309,4503
77.254717,-52.827309,4523
77.254717,-53.827309,4543
77.254717,-54.827309,4563
77.254717,-55.827309,4596
77.254717,-56.827309,4607
77.254717,-57.827309,4638
77.254717,-58.827309,4679
77.254717,-59.827309,4860
75.254717,-59.827309,4871
74.254717,-60.827309,4881
73.254717,-60.827309,4891
72.254717,-60.827309,4911
71.254717,-60.827309,4951
70.254717,-60.827309,4971
69.254717,-60.827309,5011
68.254717,-60.827309,5031
67.254717,-60.827309,5041
66.254717,-60.827309,5071
65.254717,-60.827309,5103
64.254717,-60.827309,5125
63.254717,-60.827309,5134
61.254717,-60.827309,5145
60.254717,-60.827309,5165
59.254717,-60.827309,5174
58.254717,-60.827309,5184
57.254717,-60.827309,5205
56.254717,-60.827309,5247
55.254717,-60.827309,5278
54.254717,-60.827309,5287
53.254717,-60.827309,5298
52.254717,-60.827309,5328
51.254717,-60.827309,5361
50.254717,-60.827309,5411
49.254717,-60.827309,5461
48.254717,-60.827309,5503
47.254717,-60.827309,5586
47.254717,-59.827309,5719
47.254717,-58.827309,5759
47.254717,-57.827309,5769
47.254717,-56.827309,5799
47.254717,-55.827309,5829
47.254717,-54.827309,5851
47.254717,-53.827309,5871
47.254717,-52.827309,5891
47.254717,-51.827309,5911
47.254717,-50.827309,5931
47.254717,-49.827309,5981
47.254717,-47.827309,6025
47.254717,-46.827309,6048
47.254717,-45.827309,6070
47.254717,-44.827309,6082
47.254717,-43.827309,6122
47.254717,-42.827309,6218
BREAK
46.254717,-36.827309,7662
45.254717,-36.827309,7901
45.254717,-37.827309,8001
45.254717,-38.827309,8041
44.254717,-38.827309,8051
44.254717,-39.827309,8101
44.254717,-40.827309,8161
43.254717,-40.827309,8181
43.254717,-41.827309,8211
43.254717,-42.827309,8416
44.254717,-42.827309,8545
45.254717,-42.827309,8589
46.254717,-42.827309,8661
47.254717,-42.827309,8746
49.254717,-42.827309,8791
50.254717,-42.827309,8811
51.254717,-41.827309,8851
51.254717,-40.827309,8891
51.254717,-39.827309,9001
51.254717,-38.827309,9107
51.254717,-37.827309,9136
50.254717,-37.827309,9167
49.254717,-37.827309,9216
48.254717,-37.827309,9279
48.254717,-36.827309,9299
47.254717,-36.827309,9329
47.254717,-35.827309,9431
BREAK
