START
29.033515,-32.810747,0
29.033515,-32.028792,338
29.033515,-31.246837,388
30.597425,-30.464882,421
31.37938,-29.682927,505
32.161335,-29.682927,537
32.94329,-29.682927,554
32.94329,-28.119017,570
33.725245,-28.119017,587
34.5072,-27.337063,604
35.289154,-27.337063,637
36.071109,-26.555108,670
37.635019,-26.555108,704
38.416974,-26.555108,737
39.198929,-26.555108,770
39.980884,-26.555108,803
40.762839,-26.555108,836
41.544794,-26.555108,869
41.544794,-28.119017,886
42.326748,-28.119017,903
43.108703,-28.900972,919
43.108703,-29.682927,936
43.890658,-30.464882,952
44.672613,-31.246837,969
44.672613,-32.028792,1003
44.672613,-32.810747,1069
44.672613,-33.592702,1102
44.672613,-34.374657,1119
44.672613,-35.156611,1152
44.672613,-35.938566,1185
44.672613,-36.720521,1202
44.672613,-37.502476,1235
44.672613,-38.284431,1252
44.672613,-39.066386,1285
43.890658,-39.066386,1301
43.108703,-39.066386,1334
42.326748,-39.848341,1352
41.544794,-39.848341,1368
40.762839,-40.630296,1384
39.980884,-41.412251,1401
39.198929,-41.412251,1451
39.198929,-42.194205,1501
38.416974,-42.194205,1517
37.635019,-42.97616,1550
36.853064,-42.97616,1567
36.853064,-43.758115,1584
36.071109,-43.758115,1650
35.289154,-43.758115,1700
34.5072,-44.54007,1733
34.5072,-45.322025,1750
33.725245,-45.322025,1766
32.94329,-45.322025,1899
32.94329,-46.10398,1915
32.161335,-46.10398,1932
32.161335,-46.885935,2065
31.37938,-46.885935,2082
31.37938,-47.66789,2398
31.37938,-48.449844,2414
30.597425,-48.449844,2447
30.597425,-50.013754,2464
30.597425,-50.795709,2514
29.81547,-51.577664,2547
29.033515,-51.577664,2564
29.033515,-53.141574,2580
29.033515,-53.923529,2613
29.033515,-54.705484,2663
28.251561,-55.487438,2679
28.251561,-56.269393,2697
28.251561,-57.051348,2713
28.251561,-57.833303,2746
28.251561,-58.615258,2780
28.251561,-59.397213,2829
28.251561,-60.179168,2846
28.251561,-60.961123,2863
28.251561,-62.525032,2879
29.033515,-63.306987,2896
29.81547,-63.306987,2913
29.81547,-64.870897,2929
30.597425,-65.652852,2946
31.37938,-66.434807,2962
32.161335,-66.434807,2978
32.161335,-67.998717,2995
33.725245,-68.780672,3028
34.5072,-68.780672,3045
36.071109,-70.344581,3062
36.853064,-70.344581,3078
37.635019,-70.344581,3095
38.416974,-71.126536,3111
39.198929,-71.126536,3128
39.980884,-71.126536,3145
40.762839,-71.126536,3161
41.544794,-71.126536,3194
43.108703,-71.126536,3211
43.890658,-71.126536,3228
45.454568,-71.126536,3244
47.018478,-71.126536,3260
47.800433,-71.126536,3277
49.364342,-71.126536,3294
50.928252,-70.344581,3311
51.710207,-69.562626,3328
52.492162,-69.562626,3344
54.056072,-68.780672,3361
55.619982,-68.780672,3377
58.747801,-67.216762,3394
61.093666,-65.652852,3411
63.43953,-64.870897,3427
65.785395,-63.306987,3444
67.349305,-61.743078,3460
68.913215,-60.179168,3476
69.69517,-59.397213,3494
71.259079,-57.833303,3510
72.822989,-56.269393,3526
73.604944,-55.487438,3543
76.732764,-52.359619,3560
77.514718,-52.359619,3576
78.296673,-51.577664,3593
78.296673,-50.795709,3610
79.860583,-50.795709,3626
79.860583,-50.013754,3643
80.642538,-50.013754,3660
80.642538,-49.231799,3676
80.642538,-48.449844,3693
80.642538,-46.885935,3709
80.642538,-45.322025,3726
79.860583,-42.194205,3742
79.860583,-40.630296,3759
79.860583,-39.066386,3776
79.860583,-37.502476,3792
79.078628,-36.720521,3809
78.296673,-35.156611,3826
75.950809,-33.592702,3842
74.386899,-32.810747,3859
72.041034,-32.028792,3876
69.69517,-31.246837,3892
68.13126,-30.464882,3909
66.56735,-30.464882,3926
66.56735,-28.900972,3942
65.00344,-28.900972,3975
64.221485,-28.900972,4025
64.221485,-28.119017,4041
63.43953,-28.119017,4075
62.657576,-28.119017,4125
62.657576,-27.337063,4258
BREAK
