START
36.071109,-32.810747,0
36.853064,-32.810747,136
37.635019,-32.810747,151
38.416974,-32.810747,159
39.198929,-32.810747,175
39.980884,-32.810747,191
40.762839,-32.810747,199
41.544794,-33.592702,207
42.326748,-33.592702,215
43.108703,-34.374657,263
43.108703,-35.156611,287
43.108703,-35.938566,311
43.108703,-36.720521,328
43.890658,-36.720521,335
43.890658,-37.502476,343
43.890658,-38.284431,367
43.890658,-39.066386,383
43.108703,-39.848341,407
43.108703,-40.630296,415
42.326748,-41.412251,431
42.326748,-42.194205,447
41.544794,-42.194205,463
40.762839,-42.194205,471
40.762839,-42.97616,479
39.980884,-42.97616,488
39.980884,-43.758115,511
39.198929,-43.758115,519
38.416974,-43.758115,536
37.635019,-43.758115,575
36.853064,-43.758115,871
36.853064,-44.54007,895
36.071109,-44.54007,935
35.289154,-44.54007,967
34.5072,-44.54007,991
33.725245,-44.54007,1023
33.725245,-45.322025,1319
33.725245,-46.10398,1329
32.94329,-46.885935,1335
32.94329,-47.66789,1343
32.94329,-48.449844,1351
32.94329,-49.231799,1359
32.161335,-50.013754,1375
32.161335,-50.795709,1383
32.161335,-51.577664,1391
32.161335,-52.359619,1399
32.161335,-53.923529,1407
32.161335,-55.487438,1423
32.161335,-56.269393,1431
32.161335,-57.051348,1439
32.161335,-57.833303,1447
32.94329,-58.615258,1455
33.725245,-58.615258,1463
35.289154,-59.397213,1471
36.071109,-60.179168,1479
36.853064,-60.961123,1487
37.635019,-62.525032,1495
38.416974,-62.525032,1504
39.198929,-62.525032,1512
39.980884,-62.525032,1520
40.762839,-63.306987,1527
41.544794,-64.088942,1536
43.108703,-64.870897,1544
43.890658,-65.652852,1552
45.454568,-65.652852,1560
47.018478,-65.652852,1568
47.800433,-66.434807,1576
49.364342,-67.216762,1584
50.928252,-67.216762,1591
51.710207,-67.216762,1600
53.274117,-67.998717,1608
54.838027,-67.998717,1622
55.619982,-67.998717,1628
56.401936,-68.780672,1633
57.965846,-68.780672,1640
58.747801,-68.780672,1648
60.311711,-67.998717,1656
61.093666,-67.998717,1664
61.875621,-67.216762,1672
61.875621,-66.434807,1680
62.657576,-66.434807,1688
63.43953,-65.652852,1696
64.221485,-64.870897,1704
65.00344,-64.088942,1712
65.00344,-62.525032,1720
65.785395,-61.743078,1728
66.56735,-60.961123,1736
63.43953,-28.119017,2049
62.657576,-28.119017,2057
BREAK
