START
31.37938,-32.810747,0
32.161335,-32.810747,149
32.94329,-32.810747,169
33.725245,-32.810747,229
34.5072,-32.810747,249
35.289154,-32.810747,289
36.071109,-33.592702,308
36.853064,-34.374657,329
36.853064,-35.938566,398
36.853064,-36.720521,419
36.853064,-38.284431,438
36.853064,-39.066386,458
36.853064,-40.630296,469
36.853064,-41.412251,488
36.853064,-42.194205,508
36.853064,-42.97616,528
36.853064,-43.758115,538
36.071109,-43.758115,548
35.289154,-44.54007,558
35.289154,-45.322025,578
34.5072,-46.10398,597
34.5072,-46.885935,608
33.725245,-46.885935,618
32.94329,-47.66789,628
31.37938,-48.449844,648
30.597425,-48.449844,678
29.033515,-49.231799,698
28.251561,-48.449844,798
27.469606,-47.66789,847
26.687651,-47.66789,918
25.905696,-47.66789,1008
25.123741,-47.66789,1017
24.341786,-47.66789,1027
23.559831,-47.66789,1047
23.559831,-48.449844,1087
23.559831,-49.231799,1117
23.559831,-50.795709,1137
23.559831,-51.577664,1157
23.559831,-52.359619,1177
23.559831,-53.141574,1186
23.559831,-53.923529,1197
24.341786,-54.705484,1207
24.341786,-55.487438,1217
25.123741,-57.051348,1237
25.905696,-57.833303,1247
26.687651,-58.615258,1257
27.469606,-58.615258,1276
27.469606,-59.397213,1297
28.251561,-59.397213,1306
28.251561,-60.179168,1316
29.033515,-60.179168,1327
30.597425,-61.743078,1337
31.37938,-63.306987,1346
32.94329,-64.088942,1356
33.725245,-64.088942,1366
35.289154,-65.652852,1377
36.071109,-65.652852,1396
36.853064,-65.652852,1417
37.635019,-65.652852,1427
38.416974,-65.652852,1436
39.198929,-65.652852,1446
40.762839,-65.652852,1456
42.326748,-65.652852,1467
43.890658,-65.652852,1476
46.236523,-65.652852,1486
47.800433,-65.652852,1496
48.582388,-65.652852,1507
49.364342,-65.652852,1516
50.146297,-65.652852,1526
50.928252,-65.652852,1536
51.710207,-65.652852,1546
53.274117,-64.870897,1556
53.274117,-64.088942,1576
54.838027,-64.088942,1586
55.619982,-64.088942,1596
56.401936,-63.306987,1606
57.183891,-62.525032,1616
57.965846,-61.743078,1646
59.529756,-60.961123,1666
59.529756,-60.179168,1676
61.093666,-58.615258,1686
62.657576,-57.833303,1696
63.43953,-56.269393,1706
63.43953,-55.487438,1716
63.43953,-54.705484,1725
64.221485,-53.141574,1736
64.221485,-52.359619,1746
64.221485,-51.577664,1757
65.00344,-50.795709,1765
65.00344,-49.231799,1786
65.00344,-48.449844,1796
65.00344,-47.66789,1805
65.00344,-46.10398,1815
65.00344,-44.54007,1826
65.00344,-43.758115,1836
64.221485,-42.194205,1845
64.221485,-41.412251,1855
63.43953,-39.066386,1866
63.43953,-38.284431,1886
63.43953,-36.720521,1895
61.875621,-35.156611,1905
61.875621,-34.374657,1916
61.093666,-32.810747,1926
60.311711,-31.246837,1935
59.529756,-29.682927,1945
59.529756,-28.119017,1955
58.747801,-26.555108,1966
58.747801,-25.773153,2035
BREAK
