START
50.641509,-28.859438,0
49.641509,-28.859438,8
48.641509,-28.859438,16
46.641509,-28.859438,31
44.641509,-29.859438,40
43.641509,-29.859438,48
42.641509,-29.859438,56
40.641509,-29.859438,64
38.641509,-30.859438,72
36.641509,-30.859438,80
33.641509,-30.859438,88
32.641509,-30.859438,96
29.641509,-30.859438,104
27.641509,-30.859438,111
26.641509,-30.859438,120
24.641509,-30.859438,128
23.641509,-30.859438,136
22.641509,-30.859438,159
21.641509,-30.859438,168
20.641509,-30.859438,192
21.641509,-30.859438,272
22.641509,-30.859438,279
23.641509,-30.859438,296
24.641509,-30.859438,304
25.641509,-30.859438,319
25.641509,-31.859438,336
26.641509,-32.859438,344
26.641509,-34.859438,360
27.641509,-36.859438,368
27.641509,-37.859438,376
27.641509,-40.859438,384
27.641509,-42.859438,392
27.641509,-44.859438,400
27.641509,-47.859438,407
27.641509,-49.859438,416
27.641509,-51.859438,424
27.641509,-53.859438,432
27.641509,-55.859438,440
27.641509,-57.859438,447
27.641509,-59.859438,456
27.641509,-61.859438,472
27.641509,-62.859438,487
27.641509,-63.859438,504
27.641509,-64.859438,520
28.641509,-64.859438,592
29.641509,-63.859438,600
30.641509,-63.859438,608
33.641509,-62.859438,616
35.641509,-61.859438,624
38.641509,-61.859438,632
41.641509,-61.859438,640
43.641509,-61.859438,648
45.641509,-61.859438,655
48.641509,-60.859438,664
49.641509,-60.859438,672
50.641509,-60.859438,680
52.641509,-60.859438,688
53.641509,-60.859438,712
54.641509,-60.859438,720
55.641509,-60.859438,735
56.641509,-59.859438,752
57.641509,-59.859438,760
BREAK
84.641509,-26.859438,1336
83.641509,-26.859438,1360
82.641509,-26.859438,1367
81.641509,-26.859438,1376
80.641509,-26.859438,1384
78.641509,-26.859438,1392
77.641509,-26.859438,1400
74.641509,-26.859438,1407
71.641509,-26.859438,1415
70.641509,-26.859438,1424
68.641509,-26.859438,1432
67.641509,-26.859438,1440
66.641509,-26.859438,1456
66.641509,-27.859438,1512
66.641509,-28.859438,1520
66.641509,-30.859438,1535
66.641509,-31.859438,1544
66.641509,-33.859438,1552
66.641509,-35.859438,1560
66.641509,-38.859438,1568
66.641509,-41.859438,1575
66.641509,-44.859438,1584
66.641509,-47.859438,1592
66.641509,-50.859438,1600
66.641509,-53.859438,1608
66.641509,-55.859438,1616
66.641509,-57.859438,1623
66.641509,-59.859438,1632
66.641509,-60.859438,1640
66.641509,-62.859438,1648
66.641509,-64.859438,1655
66.641509,-65.859438,1672
67.641509,-65.859438,1760
68.641509,-65.859438,1768
69.641509,-65.859438,1776
71.641509,-65.859438,1783
72.641509,-65.859438,1792
75.641509,-65.859438,1800
77.641509,-65.859438,1808
79.641509,-65.859438,1816
81.641509,-64.859438,1824
82.641509,-64.859438,1832
82.641509,-63.859438,1840
83.641509,-63.859438,1856
84.641509,-63.859438,1936
84.641509,-62.859438,1944
85.641509,-62.859438,1951
86.641509,-62.859438,1960
87.641509,-62.859438,1969
BREAK
