START
22.641509,-28.859438,0
22.641509,-27.859438,80
24.641509,-26.859438,89
25.641509,-26.859438,96
26.641509,-26.859438,104
27.641509,-26.859438,112
28.641509,-25.859438,120
29.641509,-25.859438,129
30.641509,-24.859438,136
31.641509,-24.859438,144
32.641509,-23.859438,152
34.641509,-23.859438,160
35.641509,-23.859438,176
BREAK
24.641509,-29.859438,904
24.641509,-30.859438,920
24.641509,-32.859438,930
24.641509,-36.859438,937
24.641509,-38.859438,944
24.641509,-41.859438,952
24.641509,-44.859438,960
24.641509,-46.859438,968
24.641509,-48.859438,977
24.641509,-50.859438,984
24.641509,-52.859438,992
24.641509,-54.859438,1000
24.641509,-55.859438,1009
24.641509,-57.859438,1016
24.641509,-58.859438,1032
24.641509,-59.859438,1048
24.641509,-60.859438,1056
24.641509,-61.859438,1072
24.641509,-62.859438,1080
24.641509,-63.859438,1088
24.641509,-64.859438,1096
24.641509,-65.859438,1104
24.641509,-66.859438,1112
24.641509,-67.859438,1128
24.641509,-68.859438,1136
25.641509,-67.859438,1240
26.641509,-67.859438,1248
28.641509,-65.859438,1256
29.641509,-65.859438,1264
32.641509,-63.859438,1272
35.641509,-62.859438,1280
38.641509,-61.859438,1288
40.641509,-59.859438,1296
42.641509,-58.859438,1304
43.641509,-57.859438,1312
45.641509,-56.859438,1320
45.641509,-54.859438,1328
46.641509,-54.859438,1336
47.641509,-53.859438,1352
47.641509,-52.859438,1448
47.641509,-51.859438,1464
47.641509,-49.859438,1480
BREAK
56.641509,-20.859438,2352
57.641509,-20.859438,2384
59.641509,-20.859438,2392
60.641509,-19.859438,2400
61.641509,-17.859438,2408
63.641509,-17.859438,2416
64.641509,-17.859438,2424
65.641509,-17.859438,2432
BREAK
54.641509,-24.859438,2737
54.641509,-26.859438,2744
54.641509,-27.859438,2752
55.641509,-29.859438,2760
55.641509,-31.859438,2768
55.641509,-32.859438,2776
56.641509,-33.859438,2784
56.641509,-36.859438,2792
56.641509,-37.859438,2800
56.641509,-38.859438,2808
56.641509,-41.859438,2816
57.641509,-41.859438,2824
57.641509,-42.859438,2832
57.641509,-43.859438,2840
57.641509,-44.859438,2848
57.641509,-45.859438,2856
58.641509,-45.859438,2864
58.641509,-47.859438,2872
58.641509,-48.859438,2889
58.641509,-49.859438,2896
58.641509,-50.859438,2904
58.641509,-51.859438,2912
59.641509,-52.859438,2920
59.641509,-53.859438,2928
59.641509,-55.859438,2944
60.641509,-56.859438,2960
60.641509,-57.859438,2984
62.641509,-57.859438,3161
63.641509,-56.859438,3169
65.641509,-54.859438,3177
66.641509,-54.859438,3185
69.641509,-52.859438,3192
72.641509,-51.859438,3200
74.641509,-50.859438,3216
76.641509,-49.859438,3224
77.641509,-48.859438,3240
BREAK
