START
37.75048,-31.641447,0
38.716581,-31.641447,463
39.682683,-31.641447,671
40.648785,-31.641447,695
41.614886,-31.641447,727
42.580988,-31.641447,775
43.54709,-31.641447,823
44.513192,-31.641447,863
45.479293,-31.641447,887
46.445395,-31.641447,959
47.411497,-31.641447,975
49.3437,-30.675345,991
50.309802,-30.675345,1015
51.275903,-30.675345,1135
52.242005,-30.675345,1191
53.208107,-30.675345,1207
54.174209,-30.675345,1231
55.14031,-30.675345,1263
56.106412,-30.675345,1408
56.106412,-29.709244,1415
57.072514,-29.709244,1439
58.038615,-30.675345,1455
59.004717,-30.675345,1471
59.970819,-30.675345,1487
60.93692,-30.675345,1519
61.903022,-30.675345,1551
62.869124,-30.675345,1599
63.835225,-30.675345,1623
64.801327,-30.675345,1655
65.767429,-30.675345,1807
66.733531,-30.675345,1824
67.699632,-30.675345,1831
68.665734,-30.675345,1847
69.631836,-30.675345,1911
69.631836,-29.709244,1959
69.631836,-28.743142,1983
70.597937,-28.743142,2119
71.564039,-28.743142,2143
72.530141,-28.743142,2168
72.530141,-29.709244,2455
73.496242,-29.709244,2463
73.496242,-30.675345,2472
BREAK
51.275903,-33.573651,8056
51.275903,-34.539752,8503
51.275903,-35.505854,8511
51.275903,-36.471956,8543
51.275903,-37.438057,8583
51.275903,-38.404159,8623
51.275903,-39.370261,8655
51.275903,-40.336362,8759
51.275903,-41.302464,8815
51.275903,-42.268566,8895
51.275903,-43.234667,8919
51.275903,-44.200769,8943
52.242005,-44.200769,8991
52.242005,-45.166871,9039
52.242005,-46.132973,9071
52.242005,-47.099074,9087
52.242005,-48.065176,9111
53.208107,-49.031278,9135
52.242005,-49.031278,9143
52.242005,-49.997379,9191
51.275903,-49.997379,9207
51.275903,-50.963481,9231
51.275903,-51.929583,9255
50.309802,-51.929583,9279
49.3437,-51.929583,9295
49.3437,-52.895684,9311
48.377598,-52.895684,9359
48.377598,-53.861786,9424
47.411497,-53.861786,9439
46.445395,-53.861786,9495
45.479293,-52.895684,9648
44.513192,-52.895684,9671
44.513192,-51.929583,9799
45.479293,-51.929583,9808
46.445395,-51.929583,9823
46.445395,-50.963481,9831
47.411497,-50.963481,9840
48.377598,-50.963481,9847
49.3437,-50.963481,9864
50.309802,-50.963481,9880
51.275903,-50.963481,9888
52.242005,-50.963481,9928
52.242005,-49.997379,9952
53.208107,-49.997379,9959
54.174209,-49.997379,9977
55.14031,-49.997379,9984
55.14031,-49.031278,9991
56.106412,-49.031278,10007
57.072514,-49.031278,10039
58.038615,-49.031278,10064
59.004717,-49.031278,10072
59.970819,-49.031278,10087
60.93692,-49.997379,10103
61.903022,-49.997379,10135
62.869124,-49.997379,10151
63.835225,-49.997379,10168
64.801327,-49.997379,10200
65.767429,-50.963481,10304
66.733531,-50.963481,10312
67.699632,-51.929583,10336
70.597937,-54.827888,10506
71.564039,-54.827888,10543
71.564039,-55.79399,10551
71.564039,-56.760091,10567
71.564039,-57.726193,10583
72.530141,-58.692295,10616
72.530141,-59.658396,10672
72.530141,-60.624498,10704
72.530141,-61.5906,10720
71.564039,-61.5906,10768
71.564039,-62.556701,10776
70.597937,-62.556701,10808
69.631836,-62.556701,10824
68.665734,-63.522803,10848
67.699632,-64.488905,10872
67.699632,-65.455006,10888
66.733531,-65.455006,10904
65.767429,-66.421108,10928
64.801327,-66.421108,10936
63.835225,-66.421108,10968
63.835225,-65.455006,10984
62.869124,-65.455006,11000
61.903022,-65.455006,11024
60.93692,-65.455006,11032
60.93692,-66.421108,11056
59.970819,-66.421108,11064
59.004717,-66.421108,11080
58.038615,-66.421108,11096
57.072514,-66.421108,11104
57.072514,-67.38721,11120
56.106412,-67.38721,11128
55.14031,-67.38721,11192
54.174209,-67.38721,11224
53.208107,-67.38721,11232
52.242005,-67.38721,11264
51.275903,-67.38721,11296
50.309802,-67.38721,11344
49.3437,-67.38721,11352
48.377598,-67.38721,11368
48.377598,-68.353312,11376
47.411497,-68.353312,11384
46.445395,-68.353312,11408
45.479293,-68.353312,11424
44.513192,-67.38721,11504
45.479293,-67.38721,11848
46.445395,-67.38721,11928
47.411497,-67.38721,12000
47.411497,-68.353312,12040
48.377598,-68.353312,12056
49.3437,-69.319413,12072
50.309802,-69.319413,12096
50.309802,-70.285515,12104
51.275903,-70.285515,12112
51.275903,-71.251617,12136
52.242005,-72.217718,12152
53.208107,-72.217718,12160
53.208107,-73.18382,12176
54.174209,-73.18382,12184
55.14031,-74.149922,12208
56.106412,-75.116023,12224
57.072514,-75.116023,12240
57.072514,-76.082125,12248
58.038615,-76.082125,12264
59.004717,-77.048227,12280
59.970819,-77.048227,12288
60.93692,-77.048227,12304
60.93692,-78.014329,12312
61.903022,-78.98043,12360
62.869124,-78.98043,12376
63.835225,-78.98043,12392
63.835225,-79.946532,12424
64.801327,-79.946532,12448
64.801327,-80.912634,12464
65.767429,-80.912634,12496
65.767429,-81.878735,12515
66.733531,-82.844837,12544
66.733531,-83.810939,12552
67.699632,-83.810939,12568
67.699632,-84.77704,12576
67.699632,-85.743142,12624
68.665734,-86.709244,12665
68.665734,-87.675345,12672
68.665734,-88.641447,12688
68.665734,-89.607549,12712
67.699632,-89.607549,12776
67.699632,-90.573651,12824
67.699632,-91.539752,12865
66.733531,-91.539752,12896
66.733531,-92.505854,13040
67.699632,-92.505854,13096
67.699632,-91.539752,13104
68.665734,-90.573651,13112
BREAK
36.784378,-8.4550065,15119
36.784378,-9.4211082,15263
36.784378,-8.4550065,15271
37.75048,-8.4550065,15327
37.75048,-9.4211082,15335
38.716581,-10.38721,15359
39.682683,-11.353312,15375
40.648785,-11.353312,15399
40.648785,-12.319413,15415
41.614886,-12.319413,15471
41.614886,-13.285515,15487
42.580988,-13.285515,15495
43.54709,-13.285515,15503
44.513192,-13.285515,15511
45.479293,-13.285515,15519
46.445395,-13.285515,15527
47.411497,-13.285515,15536
48.377598,-14.251617,15543
49.3437,-13.285515,15559
49.3437,-12.319413,15575
50.309802,-12.319413,15599
51.275903,-12.319413,15615
52.242005,-12.319413,15631
53.208107,-12.319413,15647
54.174209,-12.319413,15655
55.14031,-12.319413,15679
56.106412,-12.319413,15735
56.106412,-13.285515,15743
57.072514,-12.319413,15752
58.038615,-12.319413,15759
58.038615,-13.285515,15775
59.004717,-13.285515,15783
59.970819,-13.285515,15896
60.93692,-14.251617,15919
61.903022,-14.251617,15936
62.869124,-15.217718,15999
63.835225,-15.217718,16048
63.835225,-16.18382,16111
64.801327,-16.18382,16120
64.801327,-17.149922,16136
65.767429,-17.149922,16176
65.767429,-18.116023,16232
66.733531,-18.116023,16239
66.733531,-19.082125,16264
67.699632,-19.082125,16280
67.699632,-20.048227,16288
67.699632,-21.014329,16296
68.665734,-21.98043,16384
68.665734,-22.946532,16416
68.665734,-23.912634,16440
68.665734,-24.878735,16448
68.665734,-25.844837,16496
68.665734,-26.810939,16576
68.665734,-27.77704,16616
68.665734,-28.743142,16624
68.665734,-29.709244,16664
BREAK
