START
18.428446,-44.200769,0
46.445395,-44.200769,252
49.3437,-44.200769,256
51.275903,-44.200769,266
52.242005,-44.200769,277
53.208107,-44.200769,288
54.174209,-44.200769,299
56.106412,-44.200769,321
57.072514,-44.200769,331
59.004717,-44.200769,341
59.970819,-44.200769,352
60.93692,-44.200769,438
61.903022,-44.200769,448
62.869124,-44.200769,459
65.767429,-44.200769,469
66.733531,-44.200769,480
68.665734,-44.200769,501
69.631836,-44.200769,512
71.564039,-44.200769,522
72.530141,-44.200769,533
74.462344,-44.200769,543
75.428446,-44.200769,566
76.394547,-44.200769,617
77.360649,-44.200769,628
78.326751,-44.200769,639
79.292853,-44.200769,649
80.258954,-44.200769,674
BREAK
39.682683,-45.166871,1768
40.648785,-45.166871,2051
42.580988,-46.132973,2061
44.513192,-47.099074,2083
45.479293,-47.099074,2114
46.445395,-48.065176,2155
47.411497,-49.031278,2188
48.377598,-49.031278,2209
48.377598,-49.997379,2227
49.3437,-49.997379,2247
49.3437,-50.963481,2274
50.309802,-51.929583,2285
51.275903,-51.929583,2332
51.275903,-52.895684,2343
51.275903,-53.861786,2365
51.275903,-54.827888,2386
52.242005,-56.760091,2408
52.242005,-57.726193,2437
53.208107,-57.726193,2459
53.208107,-58.692295,2517
54.174209,-58.692295,2527
54.174209,-59.658396,2538
54.174209,-60.624498,2573
54.174209,-61.5906,2584
53.208107,-62.556701,2691
52.242005,-63.522803,2702
51.275903,-64.488905,2735
51.275903,-65.455006,2756
50.309802,-65.455006,2778
49.3437,-66.421108,2809
48.377598,-66.421108,2818
48.377598,-67.38721,2839
47.411497,-67.38721,2901
46.445395,-67.38721,2975
45.479293,-67.38721,3024
44.513192,-66.421108,3321
44.513192,-65.455006,3340
44.513192,-64.488905,3445
43.54709,-64.488905,3480
42.580988,-63.522803,3523
42.580988,-62.556701,3682
42.580988,-61.5906,3722
43.54709,-60.624498,3743
44.513192,-59.658396,3754
44.513192,-58.692295,3775
45.479293,-57.726193,3786
46.445395,-57.726193,3845
47.411497,-57.726193,3868
48.377598,-57.726193,3880
49.3437,-57.726193,3924
49.3437,-56.760091,3935
49.3437,-55.79399,3945
51.275903,-55.79399,3966
52.242005,-55.79399,3989
53.208107,-55.79399,4012
54.174209,-55.79399,4022
55.14031,-55.79399,4033
56.106412,-55.79399,4044
57.072514,-55.79399,4055
58.038615,-55.79399,4090
59.004717,-55.79399,4114
59.970819,-56.760091,4124
60.93692,-56.760091,4135
61.903022,-56.760091,4146
62.869124,-57.726193,4213
63.835225,-58.692295,4234
64.801327,-59.658396,4255
65.767429,-60.624498,4266
65.767429,-61.5906,4277
65.767429,-62.556701,4316
65.767429,-63.522803,4327
65.767429,-64.488905,4338
66.733531,-64.488905,4348
66.733531,-65.455006,4359
66.733531,-66.421108,4381
67.699632,-67.38721,4391
67.699632,-68.353312,4422
67.699632,-69.319413,4444
67.699632,-70.285515,4455
67.699632,-71.251617,4483
67.699632,-72.217718,4511
67.699632,-73.18382,4540
67.699632,-74.149922,4562
67.699632,-75.116023,4573
66.733531,-75.116023,4594
66.733531,-76.082125,4633
66.733531,-77.048227,4659
65.767429,-77.048227,4669
64.801327,-78.014329,4680
64.801327,-78.98043,4691
63.835225,-79.946532,4701
61.903022,-79.946532,4712
61.903022,-80.912634,4745
60.93692,-80.912634,4755
59.970819,-80.912634,4766
59.970819,-81.878735,4787
59.004717,-81.878735,4829
58.038615,-81.878735,4847
57.072514,-82.844837,4868
55.14031,-83.810939,4900
54.174209,-84.77704,4937
53.208107,-84.77704,4948
52.242005,-85.743142,4969
51.275903,-85.743142,5069
49.3437,-85.743142,5090
49.3437,-86.709244,5100
47.411497,-86.709244,5111
46.445395,-87.675345,5135
45.479293,-87.675345,5150
44.513192,-87.675345,5219
43.54709,-87.675345,5282
42.580988,-88.641447,5303
42.580988,-87.675345,6245
43.54709,-86.709244,6255
44.513192,-86.709244,6272
44.513192,-85.743142,6308
45.479293,-85.743142,6318
45.479293,-84.77704,6329
46.445395,-84.77704,6342
47.411497,-83.810939,6360
48.377598,-83.810939,6371
49.3437,-83.810939,6407
51.275903,-82.844837,6478
53.208107,-82.844837,6488
54.174209,-81.878735,6499
55.14031,-80.912634,6510
56.106412,-80.912634,6531
57.072514,-80.912634,6564
58.038615,-80.912634,6589
59.970819,-80.912634,6600
61.903022,-80.912634,6621
62.869124,-80.912634,6632
63.835225,-80.912634,6642
64.801327,-80.912634,6668
65.767429,-80.912634,6693
66.733531,-80.912634,6730
67.699632,-80.912634,6741
67.699632,-81.878735,6762
69.631836,-81.878735,6773
70.597937,-81.878735,6783
71.564039,-82.844837,6794
72.530141,-82.844837,6815
73.496242,-83.810939,6825
74.462344,-83.810939,6862
75.428446,-84.77704,6872
76.394547,-84.77704,6894
77.360649,-84.77704,6915
77.360649,-85.743142,6925
78.326751,-85.743142,6936
79.292853,-85.743142,6957
80.258954,-86.709244,6968
81.225056,-87.675345,6978
82.191158,-88.641447,6999
83.157259,-88.641447,7021
84.123361,-88.641447,7050
85.089463,-88.641447,7060
86.055564,-88.641447,7071
86.055564,-89.607549,7094
86.055564,-90.573651,7113
BREAK
76.394547,-84.77704,8980
77.360649,-85.743142,9199
78.326751,-85.743142,9216
79.292853,-85.743142,9238
79.292853,-86.709244,9251
80.258954,-86.709244,9284
81.225056,-86.709244,9344
82.191158,-86.709244,9392
83.157259,-86.709244,9469
84.123361,-86.709244,9543
85.089463,-87.675345,9553
85.089463,-88.641447,9574
86.055564,-88.641447,9585
87.021666,-88.641447,9607
87.987768,-88.641447,9643
87.987768,-89.607549,9668
88.95387,-89.607549,9719
88.95387,-90.573651,9730
89.919971,-90.573651,9740
90.886073,-92.505854,9751
92.818276,-93.471956,9761
93.784378,-94.438057,9772
94.75048,-95.404159,9782
94.75048,-96.370261,9798
BREAK
60.93692,-38.404159,12091
60.93692,-37.438057,12414
60.93692,-36.471956,12424
60.93692,-35.505854,12435
60.93692,-33.573651,12445
60.93692,-32.607549,12456
60.93692,-31.641447,12466
60.93692,-29.709244,12477
60.93692,-28.743142,12488
60.93692,-27.77704,12498
59.970819,-27.77704,12510
59.004717,-27.77704,12521
59.004717,-26.810939,12568
59.004717,-25.844837,12590
59.004717,-24.878735,12611
58.038615,-24.878735,12622
58.038615,-23.912634,12693
57.072514,-23.912634,12706
57.072514,-22.946532,12716
56.106412,-21.98043,12812
55.14031,-21.98043,12828
55.14031,-21.014329,12874
54.174209,-21.014329,12884
53.208107,-21.014329,12896
52.242005,-21.014329,12933
51.275903,-21.014329,12954
50.309802,-21.014329,13010
49.3437,-21.014329,13023
48.377598,-21.014329,13052
48.377598,-20.048227,13090
47.411497,-20.048227,13104
46.445395,-20.048227,13125
45.479293,-20.048227,13136
44.513192,-20.048227,13212
43.54709,-20.048227,13233
42.580988,-20.048227,13244
40.648785,-20.048227,13255
39.682683,-20.048227,13265
37.75048,-20.048227,13276
36.784378,-20.048227,13297
34.852175,-20.048227,13318
33.886073,-20.048227,13344
32.919971,-20.048227,13369
31.95387,-20.048227,13390
30.987768,-19.082125,13405
30.987768,-18.116023,13432
30.021666,-18.116023,13449
29.055564,-17.149922,13460
28.089463,-16.18382,13470
27.123361,-16.18382,13492
26.157259,-15.217718,13502
25.191158,-14.251617,13513
24.225056,-13.285515,13541
24.225056,-12.319413,13552
23.258954,-12.319413,13562
22.292853,-12.319413,13583
21.326751,-11.353312,13599
21.326751,-10.38721,13610
20.360649,-10.38721,13629
20.360649,-9.4211082,13668
19.394547,-9.4211082,13693
BREAK
