START
50.683962,-14.859438,0
50.683962,-15.859438,163
50.683962,-16.859438,174
50.683962,-17.859438,184
50.683962,-19.859438,194
50.683962,-22.859438,204
50.683962,-25.859438,214
50.683962,-27.859438,224
50.683962,-29.859438,234
50.683962,-31.859438,244
50.683962,-32.859438,254
50.683962,-34.859438,264
50.683962,-36.859438,274
50.683962,-38.859438,285
50.683962,-40.859438,296
50.683962,-41.859438,306
50.683962,-42.859438,316
50.683962,-45.859438,326
50.683962,-46.859438,337
51.683962,-48.859438,347
51.683962,-49.859438,357
51.683962,-51.859438,369
51.683962,-53.859438,379
51.683962,-54.859438,390
51.683962,-56.859438,400
52.683962,-58.859438,410
52.683962,-60.859438,420
52.683962,-61.859438,430
52.683962,-63.859438,440
52.683962,-64.859438,450
53.683962,-67.859438,460
53.683962,-68.859438,470
53.683962,-69.859438,480
53.683962,-71.859438,489
53.683962,-72.859438,500
53.683962,-73.859438,509
53.683962,-74.859438,519
53.683962,-76.859438,529
54.683962,-77.859438,540
54.683962,-78.859438,549
54.683962,-79.859438,559
54.683962,-80.859438,569
54.683962,-81.859438,579
54.683962,-82.859438,599
54.683962,-84.859438,628
54.683962,-85.859438,658
54.683962,-86.859438,678
54.683962,-87.859438,718
54.683962,-88.859438,758
55.683962,-88.859438,768
BREAK
31.683962,-50.859438,1274
32.683962,-50.859438,1392
33.683962,-49.859438,1402
35.683962,-49.859438,1412
38.683962,-49.859438,1422
41.683962,-49.859438,1432
44.683962,-49.859438,1443
47.683962,-48.859438,1452
49.683962,-48.859438,1462
52.683962,-48.859438,1474
53.683962,-47.859438,1483
54.683962,-47.859438,1493
55.683962,-47.859438,1504
56.683962,-47.859438,1515
57.683962,-47.859438,1526
58.683962,-47.859438,1536
60.683962,-47.859438,1556
60.683962,-46.859438,1566
61.683962,-46.859438,1576
62.683962,-46.859438,1586
63.683962,-46.859438,1597
64.683962,-46.859438,1605
65.683962,-46.859438,1625
66.683962,-46.859438,1645
67.683962,-46.859438,1667
BREAK
