START
50.683962,-25.859438,0
50.683962,-26.859438,103
50.683962,-28.859438,112
50.683962,-30.859438,121
50.683962,-32.859438,131
50.683962,-34.859438,140
50.683962,-37.859438,149
50.683962,-39.859438,159
50.683962,-41.859438,168
51.683962,-44.859438,177
51.683962,-46.859438,187
51.683962,-48.859438,196
51.683962,-49.859438,206
51.683962,-50.859438,215
51.683962,-52.859438,234
51.683962,-53.859438,252
51.683962,-54.859438,271
51.683962,-55.859438,281
51.683962,-56.859438,290
51.683962,-57.859438,309
51.683962,-58.859438,318
51.683962,-59.859438,328
51.683962,-60.859438,337
51.683962,-61.859438,356
51.683962,-62.859438,375
51.683962,-63.859438,384
51.683962,-64.859438,412
51.683962,-65.859438,421
51.683962,-66.859438,431
51.683962,-67.859438,440
52.683962,-68.859438,450
52.683962,-69.859438,459
52.683962,-70.859438,468
52.683962,-71.859438,478
52.683962,-72.859438,487
52.683962,-73.859438,525
52.683962,-74.859438,656
BREAK
53.683962,-68.859438,1472
53.683962,-69.859438,1604
53.683962,-70.859438,1613
53.683962,-71.859438,1622
53.683962,-72.859438,1641
53.683962,-73.859438,1660
53.683962,-74.859438,1725
53.683962,-75.859438,1763
53.683962,-76.859438,1782
53.683962,-77.859438,1810
53.683962,-78.859438,1838
53.683962,-79.859438,1875
53.683962,-80.859438,1894
53.683962,-81.859438,1932
53.683962,-82.859438,2016
53.683962,-83.859438,2044
53.683962,-84.859438,2054
53.683962,-85.859438,2072
BREAK
39.683962,-54.859438,2833
40.683962,-54.859438,3029
42.683962,-54.859438,3039
44.683962,-54.859438,3048
47.683962,-54.859438,3057
50.683962,-54.859438,3067
54.683962,-54.859438,3076
57.683962,-54.859438,3086
61.683962,-54.859438,3095
63.683962,-54.859438,3104
67.683962,-55.859438,3114
69.683962,-55.859438,3123
71.683962,-55.859438,3133
73.683962,-55.859438,3142
74.683962,-55.859438,3151
75.683962,-55.859438,3161
76.683962,-55.859438,3189
77.683962,-55.859438,3217
BREAK
29.683962,-53.859438,4624
30.683962,-53.859438,4699
31.683962,-53.859438,4708
32.683962,-53.859438,4718
33.683962,-53.859438,4727
35.683962,-53.859438,4736
37.683962,-53.859438,4755
38.683962,-53.859438,4764
39.683962,-53.859438,4783
40.683962,-53.859438,4868
BREAK
