START
23.188679,-32.405622,0
24.188679,-32.405622,104
26.188679,-32.405622,105
28.188679,-31.405622,127
29.188679,-31.405622,128
30.188679,-30.405622,144
32.188679,-30.405622,177
32.188679,-31.405622,216
32.188679,-32.405622,239
32.188679,-33.405622,240
31.188679,-35.405622,272
31.188679,-37.405622,295
31.188679,-40.405622,327
31.188679,-41.405622,328
31.188679,-43.405622,352
31.188679,-44.405622,367
31.188679,-45.405622,368
31.188679,-46.405622,400
31.188679,-47.405622,400
31.188679,-48.405622,432
31.188679,-49.405622,432
31.188679,-51.405622,465
32.188679,-53.405622,488
33.188679,-55.405622,488
33.188679,-56.405622,524
35.188679,-58.405622,546
36.188679,-59.405622,568
37.188679,-60.405622,569
37.188679,-62.405622,591
37.188679,-63.405622,592
38.188679,-65.405622,608
39.188679,-66.405622,644
39.188679,-67.405622,664
40.188679,-68.405622,689
41.188679,-69.405622,707
42.188679,-70.405622,729
43.188679,-71.405622,753
44.188679,-72.405622,777
46.188679,-73.405622,800
47.188679,-74.405622,800
48.188679,-74.405622,840
49.188679,-75.405622,840
51.188679,-75.405622,872
52.188679,-75.405622,904
54.188679,-75.405622,904
55.188679,-75.405622,929
56.188679,-74.405622,944
57.188679,-73.405622,945
60.188679,-71.405622,984
61.188679,-69.405622,1008
62.188679,-68.405622,1031
63.188679,-67.405622,1032
64.188679,-65.405622,1056
65.188679,-64.405622,1056
66.188679,-63.405622,1087
66.188679,-61.405622,1088
67.188679,-60.405622,1104
68.188679,-59.405622,1105
69.188679,-58.405622,1127
69.188679,-57.405622,1128
70.188679,-55.405622,1155
70.188679,-52.405622,1184
70.188679,-51.405622,1216
70.188679,-50.405622,1216
70.188679,-49.405622,1239
70.188679,-48.405622,1240
70.188679,-46.405622,1256
70.188679,-45.405622,1256
70.188679,-44.405622,1279
70.188679,-43.405622,1280
70.188679,-42.405622,1305
70.188679,-41.405622,1327
70.188679,-40.405622,1328
70.188679,-39.405622,1353
70.188679,-38.405622,1375
70.188679,-36.405622,1376
71.188679,-35.405622,1425
72.188679,-35.405622,1462
72.188679,-34.405622,1496
73.188679,-34.405622,1565
74.188679,-34.405622,1593
75.188679,-34.405622,1624
76.188679,-34.405622,1649
74.188679,-33.405622,1696
BREAK
52.188679,-22.405622,2208
52.188679,-23.405622,2304
53.188679,-25.405622,2304
53.188679,-26.405622,2327
53.188679,-28.405622,2327
53.188679,-30.405622,2344
53.188679,-32.405622,2344
53.188679,-34.405622,2367
53.188679,-35.405622,2375
53.188679,-38.405622,2376
53.188679,-40.405622,2400
53.188679,-41.405622,2400
53.188679,-43.405622,2415
53.188679,-45.405622,2416
53.188679,-49.405622,2440
53.188679,-51.405622,2455
53.188679,-52.405622,2456
53.188679,-53.405622,2480
53.188679,-54.405622,2480
53.188679,-56.405622,2495
53.188679,-57.405622,2520
53.188679,-58.405622,2520
53.188679,-61.405622,2535
53.188679,-62.405622,2560
53.188679,-64.405622,2560
53.188679,-66.405622,2575
53.188679,-67.405622,2575
53.188679,-68.405622,2600
53.188679,-69.405622,2600
53.188679,-71.405622,2615
54.188679,-72.405622,2616
54.188679,-73.405622,2640
54.188679,-75.405622,2640
54.188679,-76.405622,2655
54.188679,-78.405622,2655
54.188679,-80.405622,2688
54.188679,-81.405622,2688
55.188679,-79.405622,2743
BREAK
52.188679,-77.405622,4004
52.188679,-78.405622,4124
53.188679,-81.405622,4143
54.188679,-83.405622,4158
54.188679,-84.405622,4159
54.188679,-86.405622,4183
54.188679,-88.405622,4183
54.188679,-90.405622,4198
54.188679,-91.405622,4198
54.188679,-93.405622,4223
54.188679,-95.405622,4255
54.188679,-96.405622,4279
BREAK
