START
34.865094,-23.396808,0
35.738779,-23.396808,32
36.612463,-23.396808,80
37.486147,-23.396808,88
38.359831,-23.396808,109
40.1072,-23.396808,120
41.854568,-23.396808,128
42.728252,-23.396808,136
43.601936,-23.396808,145
44.475621,-23.396808,152
46.222989,-23.396808,160
47.970357,-23.396808,176
48.844042,-23.396808,189
49.717726,-23.396808,192
51.465094,-23.396808,200
53.212463,-23.396808,208
54.086147,-23.396808,216
54.959831,-23.396808,224
56.7072,-23.396808,233
57.580884,-23.396808,248
58.454568,-23.396808,270
59.328252,-23.396808,272
60.201936,-23.396808,288
61.075621,-23.396808,296
61.949305,-23.396808,309
62.822989,-23.396808,312
62.822989,-22.523124,320
63.696673,-22.523124,328
64.570357,-22.523124,336
65.444042,-22.523124,353
66.317726,-22.523124,360
67.19141,-22.523124,368
68.065094,-22.523124,376
69.812463,-22.523124,385
71.559831,-21.64944,392
74.180884,-21.64944,400
76.801936,-21.64944,408
79.422989,-21.64944,416
79.422989,-20.775756,448
BREAK
65.444042,-24.270492,1048
65.444042,-25.144177,1072
65.444042,-26.017861,1088
66.317726,-26.017861,1096
66.317726,-27.765229,1106
66.317726,-28.638914,1112
66.317726,-30.386282,1120
66.317726,-32.13365,1128
66.317726,-34.754703,1136
66.317726,-36.502071,1149
66.317726,-37.375756,1152
66.317726,-39.123124,1160
66.317726,-40.870492,1168
66.317726,-41.744177,1176
66.317726,-42.617861,1184
66.317726,-44.365229,1194
65.444042,-46.112598,1200
65.444042,-46.986282,1208
65.444042,-48.73365,1216
65.444042,-51.354703,1226
65.444042,-53.975756,1232
65.444042,-55.723124,1240
65.444042,-57.470492,1248
65.444042,-58.344177,1256
65.444042,-60.091545,1270
65.444042,-60.965229,1272
65.444042,-61.838914,1280
65.444042,-62.712598,1288
65.444042,-64.459966,1307
65.444042,-65.33365,1320
65.444042,-67.081019,1328
65.444042,-67.954703,1336
65.444042,-68.828387,1345
65.444042,-69.702071,1352
65.444042,-70.575756,1360
65.444042,-71.44944,1376
65.444042,-72.323124,1392
65.444042,-73.196808,1400
65.444042,-74.070492,1416
BREAK
65.444042,-40.870492,1992
64.570357,-40.870492,2072
63.696673,-40.870492,2088
63.696673,-39.996808,2096
62.822989,-39.996808,2105
61.949305,-39.996808,2112
61.075621,-39.996808,2120
59.328252,-39.996808,2128
57.580884,-39.996808,2136
55.833515,-39.996808,2149
54.959831,-39.123124,2151
53.212463,-39.123124,2160
52.338779,-39.123124,2168
51.465094,-39.123124,2176
50.59141,-39.123124,2185
49.717726,-39.123124,2192
48.844042,-39.123124,2200
47.970357,-39.123124,2208
46.222989,-39.123124,2229
45.349305,-39.123124,2240
44.475621,-39.996808,2248
43.601936,-39.996808,2256
42.728252,-40.870492,2272
41.854568,-40.870492,2288
40.980884,-41.744177,2296
40.980884,-42.617861,2311
40.1072,-43.491545,2320
40.1072,-44.365229,2336
40.1072,-45.238914,2349
39.233515,-46.112598,2352
39.233515,-46.986282,2360
38.359831,-47.859966,2368
38.359831,-48.73365,2385
38.359831,-49.607335,2392
38.359831,-50.481019,2400
38.359831,-51.354703,2416
38.359831,-52.228387,2433
38.359831,-53.102071,2448
38.359831,-53.975756,2474
39.233515,-53.975756,2480
39.233515,-54.84944,2488
40.1072,-54.84944,2496
40.980884,-55.723124,2512
40.980884,-56.596808,2520
41.854568,-56.596808,2528
42.728252,-56.596808,2536
43.601936,-56.596808,2552
44.475621,-57.470492,2560
45.349305,-57.470492,2568
46.222989,-57.470492,2576
47.096673,-57.470492,2592
47.970357,-57.470492,2600
49.717726,-57.470492,2608
50.59141,-57.470492,2630
52.338779,-57.470492,2632
54.086147,-56.596808,2640
54.959831,-56.596808,2648
56.7072,-56.596808,2656
57.580884,-55.723124,2664
59.328252,-55.723124,2674
59.328252,-54.84944,2680
60.201936,-54.84944,2688
60.201936,-53.975756,2696
61.075621,-53.975756,2710
61.075621,-53.102071,2712
61.075621,-52.228387,2720
61.075621,-50.481019,2736
61.949305,-49.607335,2752
61.949305,-48.73365,2768
61.949305,-47.859966,2784
62.822989,-46.986282,2794
62.822989,-46.112598,2808
62.822989,-45.238914,2834
62.822989,-44.365229,2840
BREAK
47.096673,-39.996808,3266
47.096673,-40.870492,3280
47.970357,-41.744177,3288
48.844042,-41.744177,3296
49.717726,-43.491545,3310
49.717726,-44.365229,3312
50.59141,-45.238914,3320
51.465094,-46.112598,3328
52.338779,-46.986282,3336
52.338779,-47.859966,3349
53.212463,-48.73365,3352
54.086147,-49.607335,3360
54.959831,-50.481019,3376
54.959831,-51.354703,3386
55.833515,-52.228387,3400
56.7072,-52.228387,3408
56.7072,-53.102071,3429
57.580884,-53.102071,3432
BREAK
