START
66.173913,-22.829738,0
65.333992,-22.829738,39
64.494071,-23.669659,59
64.494071,-24.50958,70
64.494071,-25.349501,80
63.65415,-26.189422,90
61.134387,-27.869264,99
60.294466,-28.709185,110
59.454545,-28.709185,120
57.774704,-29.549106,130
56.934783,-32.068868,139
56.094862,-32.068868,149
55.254941,-32.068868,159
54.41502,-32.908789,169
52.735178,-33.74871,179
51.895257,-33.74871,188
51.055336,-33.74871,207
BREAK
56.934783,-32.068868,918
56.934783,-32.908789,954
56.934783,-33.74871,963
56.094862,-33.74871,971
56.094862,-34.588631,982
56.094862,-35.428552,1002
56.094862,-36.268473,1011
56.094862,-37.948315,1030
56.094862,-39.628157,1041
56.094862,-41.307999,1051
56.094862,-42.987841,1059
56.094862,-43.827762,1070
55.254941,-44.667683,1080
55.254941,-45.507604,1090
54.41502,-47.187445,1099
54.41502,-48.027366,1107
54.41502,-48.867287,1137
53.575099,-49.707208,1147
53.575099,-50.547129,1178
53.575099,-51.38705,1187
53.575099,-52.226971,1207
53.575099,-53.066892,1227
53.575099,-52.226971,1367
53.575099,-51.38705,1387
53.575099,-50.547129,1395
54.41502,-49.707208,1407
54.41502,-48.867287,1427
55.254941,-48.867287,1467
56.094862,-48.867287,1475
56.094862,-48.027366,1486
57.774704,-48.027366,1496
58.614625,-48.027366,1507
60.294466,-48.027366,1516
61.974308,-48.027366,1523
62.814229,-48.027366,1531
63.65415,-48.027366,1539
64.494071,-48.027366,1550
65.333992,-48.027366,1560
65.333992,-48.867287,1671
65.333992,-49.707208,1681
66.173913,-50.547129,1691
67.013834,-51.38705,1699
67.853755,-52.226971,1707
67.853755,-53.066892,1718
68.693676,-53.066892,1728
68.693676,-53.906813,1749
68.693676,-54.746734,1789
67.853755,-55.586655,1827
67.013834,-56.426576,1876
67.013834,-57.266497,1915
66.173913,-57.266497,1923
66.173913,-58.106418,1953
65.333992,-58.946339,1963
64.494071,-58.946339,1971
63.65415,-59.78626,1980
63.65415,-60.626181,1991
62.814229,-60.626181,2001
62.814229,-61.466102,2010
61.974308,-61.466102,2021
61.134387,-61.466102,2031
61.134387,-62.306023,2041
60.294466,-63.145943,2061
60.294466,-63.985864,2080
59.454545,-63.985864,2091
59.454545,-64.825785,2099
58.614625,-64.825785,2119
57.774704,-64.825785,2130
56.934783,-65.665706,2139
56.094862,-65.665706,2147
55.254941,-65.665706,2158
54.41502,-65.665706,2169
54.41502,-66.505627,2179
52.735178,-66.505627,2187
53.575099,-66.505627,2435
54.41502,-66.505627,2475
55.254941,-66.505627,2484
56.094862,-66.505627,2523
56.094862,-65.665706,2743
55.254941,-65.665706,2753
54.41502,-65.665706,2765
54.41502,-64.825785,2775
54.41502,-63.985864,2794
53.575099,-63.985864,2803
BREAK
51.895257,-61.466102,3059
51.895257,-62.306023,3100
51.895257,-63.145943,3120
51.055336,-63.985864,3131
51.055336,-64.825785,3162
51.055336,-65.665706,3179
49.375494,-75.744758,3426
49.375494,-77.4246,3446
49.375494,-78.264521,3473
49.375494,-79.104441,3483
BREAK
35.096838,-84.983888,4199
35.096838,-84.143967,4238
35.936759,-84.143967,4269
36.77668,-83.304046,4278
37.616601,-83.304046,4288
38.456522,-83.304046,4298
39.296443,-82.464125,4307
40.136364,-82.464125,4317
40.136364,-81.624204,4328
40.976285,-81.624204,4338
42.656126,-81.624204,4347
43.496047,-80.784283,4355
44.335968,-80.784283,4363
45.175889,-80.784283,4373
46.855731,-80.784283,4383
46.855731,-79.944362,4394
48.535573,-79.944362,4403
49.375494,-79.944362,4413
50.215415,-79.104441,4424
51.895257,-79.104441,4434
53.575099,-78.264521,4443
54.41502,-77.4246,4464
55.254941,-77.4246,4483
56.094862,-77.4246,4493
56.934783,-76.584679,4523
57.774704,-76.584679,4562
60.294466,-76.584679,4571
61.134387,-75.744758,4579
61.974308,-75.744758,4590
62.814229,-75.744758,4600
63.65415,-75.744758,4609
65.333992,-75.744758,4619
67.013834,-75.744758,4627
67.853755,-75.744758,4637
68.693676,-74.904837,4647
69.533597,-74.904837,4657
71.213439,-74.064916,4667
72.05336,-74.064916,4675
72.893281,-73.224995,4686
73.733202,-73.224995,4706
73.733202,-74.064916,4866
73.733202,-74.904837,4885
73.733202,-75.744758,4915
72.893281,-76.584679,5003
72.893281,-77.4246,5022
72.05336,-77.4246,5043
71.213439,-78.264521,5051
71.213439,-79.104441,5059
70.373518,-79.104441,5080
BREAK
