START
37.616601,-27.029343,0
38.456522,-27.029343,73
38.456522,-26.189422,83
39.296443,-26.189422,93
40.136364,-26.189422,103
40.136364,-25.349501,114
40.976285,-24.50958,124
41.816206,-24.50958,134
42.656126,-23.669659,154
43.496047,-22.829738,164
45.175889,-22.829738,174
45.175889,-21.989817,184
46.01581,-21.989817,194
46.855731,-21.149896,204
47.695652,-21.149896,225
47.695652,-20.309975,235
48.535573,-19.470054,245
49.375494,-18.630133,265
50.215415,-18.630133,275
51.055336,-18.630133,285
51.895257,-18.630133,295
51.895257,-17.790212,305
52.735178,-16.950291,315
53.575099,-16.950291,326
54.41502,-16.11037,346
55.254941,-16.11037,366
55.254941,-15.270449,376
56.094862,-15.270449,390
56.094862,-14.430528,401
56.934783,-14.430528,421
56.934783,-13.590607,431
57.774704,-12.750687,441
58.614625,-11.910766,461
59.454545,-11.070845,471
60.294466,-11.070845,481
61.134387,-11.070845,503
BREAK
49.375494,-22.829738,1660
48.535573,-22.829738,1759
47.695652,-23.669659,1793
47.695652,-24.50958,1803
47.695652,-25.349501,1823
47.695652,-26.189422,1833
47.695652,-27.869264,1843
47.695652,-28.709185,1853
47.695652,-29.549106,1874
47.695652,-30.389026,1894
47.695652,-31.228947,1904
47.695652,-32.068868,1914
47.695652,-32.908789,1924
47.695652,-33.74871,1934
47.695652,-34.588631,1955
47.695652,-35.428552,1975
47.695652,-36.268473,1995
47.695652,-37.108394,2016
47.695652,-37.948315,2050
47.695652,-38.788236,2085
47.695652,-39.628157,2107
47.695652,-40.468078,2149
47.695652,-41.307999,2164
47.695652,-40.468078,2511
48.535573,-40.468078,2532
48.535573,-39.628157,2555
49.375494,-39.628157,2575
50.215415,-39.628157,2602
50.215415,-38.788236,2617
51.055336,-38.788236,2638
51.895257,-38.788236,2693
52.735178,-38.788236,2740
52.735178,-37.948315,2761
53.575099,-37.948315,2799
54.41502,-37.948315,2831
55.254941,-37.948315,2937
56.094862,-37.948315,2957
56.094862,-38.788236,2988
56.934783,-38.788236,3007
56.934783,-39.628157,3018
56.934783,-40.468078,3038
57.774704,-40.468078,3048
57.774704,-41.307999,3088
57.774704,-42.14792,3098
57.774704,-42.987841,3119
57.774704,-43.827762,3141
57.774704,-44.667683,3160
57.774704,-45.507604,3191
57.774704,-46.347524,3221
57.774704,-47.187445,3241
57.774704,-48.027366,3288
57.774704,-48.867287,3298
57.774704,-49.707208,3324
57.774704,-50.547129,3346
57.774704,-51.38705,3375
57.774704,-52.226971,3392
57.774704,-53.066892,3415
57.774704,-53.906813,3437
57.774704,-54.746734,3462
57.774704,-55.586655,3492
57.774704,-56.426576,3522
56.934783,-57.266497,3554
56.934783,-58.106418,3583
56.934783,-58.946339,3611
56.934783,-59.78626,3631
56.094862,-59.78626,3651
56.094862,-60.626181,3672
55.254941,-60.626181,3689
55.254941,-61.466102,3738
55.254941,-62.306023,3767
54.41502,-62.306023,3776
54.41502,-63.145943,3807
53.575099,-63.145943,3816
52.735178,-63.145943,3826
52.735178,-63.985864,3844
51.895257,-63.985864,3854
51.055336,-63.985864,3878
50.215415,-63.985864,3898
49.375494,-63.985864,3923
48.535573,-63.985864,3963
47.695652,-63.985864,3997
46.855731,-63.985864,4018
46.855731,-63.145943,4050
46.855731,-62.306023,4088
46.01581,-61.466102,4141
45.175889,-60.626181,4161
45.175889,-59.78626,4182
45.175889,-58.946339,4211
45.175889,-58.106418,4919
45.175889,-58.946339,5243
45.175889,-59.78626,5273
45.175889,-60.626181,5274
46.01581,-61.466102,5284
46.01581,-62.306023,5294
46.01581,-63.145943,5304
46.01581,-63.985864,5324
46.01581,-64.825785,5346
46.01581,-65.665706,5405
46.01581,-66.505627,5434
46.01581,-67.345548,5461
46.01581,-68.185469,5496
46.01581,-69.02539,5556
46.01581,-69.865311,5580
46.01581,-70.705232,5601
46.01581,-71.545153,5621
46.01581,-72.385074,5715
46.01581,-73.224995,5743
46.01581,-74.064916,5781
46.01581,-74.904837,5833
45.175889,-74.904837,6546
BREAK
46.01581,-73.224995,8578
46.01581,-74.064916,8660
46.01581,-74.904837,8691
46.01581,-75.744758,8723
46.01581,-76.584679,8823
46.01581,-77.4246,8861
46.01581,-78.264521,8911
46.01581,-79.104441,9012
BREAK
39.296443,-80.784283,10208
40.136364,-80.784283,10410
40.976285,-80.784283,10430
40.976285,-79.944362,10440
41.816206,-79.944362,10450
42.656126,-79.944362,10461
43.496047,-79.944362,10488
44.335968,-79.944362,10508
45.175889,-79.944362,10528
46.01581,-79.944362,10548
46.855731,-79.944362,10559
47.695652,-79.944362,10569
49.375494,-79.104441,10579
50.215415,-79.104441,10589
51.055336,-79.104441,10609
51.895257,-79.104441,10619
52.735178,-79.104441,10629
52.735178,-78.264521,10639
53.575099,-78.264521,10649
54.41502,-78.264521,10675
54.41502,-77.4246,10685
55.254941,-77.4246,10708
55.254941,-76.584679,10717
56.094862,-76.584679,10727
56.934783,-76.584679,10737
57.774704,-76.584679,10748
58.614625,-76.584679,10768
59.454545,-76.584679,10778
60.294466,-76.584679,10798
61.134387,-76.584679,10818
61.134387,-75.744758,10828
61.974308,-75.744758,10861
61.974308,-74.904837,10870
62.814229,-74.904837,10890
62.814229,-74.064916,10900
63.65415,-74.064916,10910
63.65415,-73.224995,10920
64.494071,-73.224995,10933
64.494071,-72.385074,10950
65.333992,-72.385074,10973
65.333992,-71.545153,10983
66.173913,-70.705232,11003
67.013834,-69.865311,11023
67.853755,-69.02539,11043
68.693676,-69.02539,11115
68.693676,-68.185469,11189
69.533597,-68.185469,11223
68.693676,-68.185469,11567
68.693676,-69.02539,11606
68.693676,-69.865311,11627
68.693676,-70.705232,11647
68.693676,-71.545153,11667
68.693676,-72.385074,11687
68.693676,-73.224995,11707
68.693676,-74.064916,11727
68.693676,-74.904837,11748
67.853755,-75.744758,11771
67.853755,-76.584679,11790
67.853755,-77.4246,11813
67.853755,-78.264521,11837
67.853755,-79.104441,11858
67.853755,-79.944362,11883
67.853755,-80.784283,11911
67.013834,-80.784283,11977
BREAK
