START
26.697628,-23.669659,0
27.537549,-23.669659,297
28.37747,-23.669659,321
29.217391,-23.669659,330
30.057312,-23.669659,338
30.057312,-23.669659,355
30.897233,-23.669659,372
31.737154,-23.669659,385
31.737154,-24.50958,402
33.416996,-24.50958,404
33.416996,-25.349501,429
34.256917,-25.349501,439
34.256917,-25.349501,451
35.096838,-25.349501,458
35.936759,-25.349501,469
36.77668,-25.349501,475
36.77668,-26.189422,518
37.616601,-26.189422,520
37.616601,-26.189422,572
38.456522,-26.189422,579
39.296443,-26.189422,591
40.136364,-26.189422,601
40.976285,-26.189422,678
41.816206,-26.189422,710
42.656126,-26.189422,726
43.496047,-26.189422,740
44.335968,-26.189422,781
44.335968,-27.029343,789
45.175889,-27.029343,796
45.175889,-27.029343,810
46.01581,-27.029343,819
46.855731,-27.029343,833
47.695652,-27.029343,881
48.535573,-27.029343,899
49.375494,-27.029343,921
49.375494,-27.869264,1019
48.535573,-27.869264,1157
48.535573,-28.709185,1158
48.535573,-29.549106,1160
48.535573,-30.389026,1179
46.855731,-30.389026,1183
46.855731,-31.228947,1185
46.855731,-32.068868,1201
46.855731,-32.908789,1212
46.01581,-32.908789,1228
46.01581,-32.908789,1231
46.01581,-33.74871,1235
45.175889,-33.74871,1238
45.175889,-34.588631,1258
45.175889,-35.428552,1267
45.175889,-36.268473,1289
45.175889,-37.108394,1312
45.175889,-37.108394,1317
45.175889,-37.948315,1351
44.335968,-37.948315,1352
44.335968,-38.788236,1359
44.335968,-39.628157,1386
44.335968,-40.468078,1402
44.335968,-40.468078,1417
43.496047,-40.468078,1432
44.335968,-40.468078,1741
45.175889,-40.468078,1765
45.175889,-40.468078,1799
46.01581,-40.468078,1815
46.01581,-40.468078,1829
46.855731,-40.468078,1831
47.695652,-40.468078,1840
47.695652,-39.628157,1842
48.535573,-39.628157,1846
49.375494,-39.628157,1852
50.215415,-39.628157,1868
50.215415,-38.788236,1873
51.055336,-38.788236,1886
51.895257,-38.788236,1889
51.895257,-37.948315,1911
52.735178,-37.948315,1914
52.735178,-37.948315,1923
53.575099,-37.948315,1959
54.41502,-37.948315,1966
55.254941,-37.948315,2001
56.094862,-37.948315,2006
56.934783,-37.948315,2055
57.774704,-37.948315,2083
57.774704,-37.108394,2100
58.614625,-37.108394,2103
59.454545,-37.108394,2130
60.294466,-37.108394,2160
60.294466,-37.108394,2185
61.134387,-37.108394,2234
61.974308,-37.108394,2246
61.974308,-37.948315,2260
61.974308,-38.788236,2269
62.814229,-38.788236,2271
62.814229,-39.628157,2316
63.65415,-39.628157,2319
63.65415,-40.468078,2324
64.494071,-40.468078,2342
64.494071,-40.468078,2345
64.494071,-41.307999,2358
64.494071,-42.14792,2366
65.333992,-42.14792,2373
65.333992,-42.987841,2375
65.333992,-43.827762,2384
66.173913,-43.827762,2387
66.173913,-44.667683,2396
66.173913,-45.507604,2403
66.173913,-46.347524,2411
66.173913,-47.187445,2424
66.173913,-48.027366,2431
66.173913,-48.027366,2450
67.013834,-48.027366,2457
67.013834,-48.867287,2459
67.013834,-49.707208,2472
67.013834,-50.547129,2489
67.013834,-51.38705,2511
67.013834,-52.226971,2519
67.013834,-53.066892,2531
67.013834,-53.906813,2544
66.173913,-53.906813,2558
66.173913,-54.746734,2567
66.173913,-55.586655,2571
65.333992,-55.586655,2574
65.333992,-55.586655,2579
64.494071,-55.586655,2586
64.494071,-56.426576,2593
64.494071,-57.266497,2601
63.65415,-57.266497,2605
63.65415,-58.106418,2614
63.65415,-58.946339,2625
63.65415,-59.78626,2631
62.814229,-59.78626,2633
61.974308,-59.78626,2636
61.974308,-60.626181,2639
61.134387,-60.626181,2654
61.134387,-61.466102,2659
61.134387,-62.306023,2667
60.294466,-62.306023,2672
60.294466,-62.306023,2681
60.294466,-63.145943,2696
60.294466,-63.145943,2698
59.454545,-63.145943,2707
58.614625,-63.145943,2714
58.614625,-63.985864,2720
57.774704,-63.985864,2727
56.934783,-63.985864,2734
56.934783,-64.825785,2739
56.934783,-65.665706,2753
56.094862,-65.665706,2765
55.254941,-65.665706,2780
55.254941,-66.505627,2781
54.41502,-66.505627,2809
54.41502,-67.345548,2856
53.575099,-67.345548,2857
52.735178,-67.345548,2933
52.735178,-67.345548,3013
52.735178,-68.185469,3019
51.895257,-68.185469,3035
51.895257,-69.02539,3042
51.055336,-69.02539,3062
50.215415,-69.02539,3080
50.215415,-69.865311,3108
49.375494,-69.865311,3128
48.535573,-69.865311,3147
47.695652,-69.865311,3158
46.855731,-69.865311,3186
46.01581,-69.865311,3202
45.175889,-69.865311,3266
45.175889,-69.865311,3282
44.335968,-69.865311,3324
43.496047,-69.865311,3340
43.496047,-69.02539,3358
42.656126,-69.02539,3374
42.656126,-68.185469,3384
41.816206,-68.185469,3386
40.976285,-68.185469,3402
40.976285,-67.345548,3412
40.136364,-67.345548,3440
39.296443,-67.345548,3450
39.296443,-66.505627,3528
38.456522,-66.505627,3538
38.456522,-65.665706,3548
37.616601,-65.665706,3558
37.616601,-65.665706,3571
37.616601,-64.825785,3573
36.77668,-64.825785,3582
36.77668,-63.985864,3598
35.936759,-63.985864,3666
35.096838,-63.985864,3706
35.096838,-63.145943,3712
35.096838,-63.145943,3742
34.256917,-62.306023,3748
33.416996,-62.306023,3776
33.416996,-61.466102,3778
32.577075,-61.466102,3821
32.577075,-60.626181,3927
32.577075,-61.466102,4492
32.577075,-62.306023,4500
31.737154,-62.306023,4505
31.737154,-63.145943,4514
31.737154,-63.145943,4528
30.897233,-63.145943,4531
30.897233,-63.985864,4533
30.897233,-64.825785,4545
30.057312,-64.825785,4547
30.057312,-65.665706,4551
30.057312,-65.665706,4557
30.057312,-66.505627,4559
29.217391,-66.505627,4573
29.217391,-67.345548,4586
29.217391,-68.185469,4592
29.217391,-69.02539,4603
28.37747,-69.02539,4613
28.37747,-70.705232,4616
28.37747,-71.545153,4697
28.37747,-72.385074,4739
28.37747,-73.224995,4768
28.37747,-74.064916,4820
28.37747,-74.904837,4832
28.37747,-75.744758,4868
28.37747,-76.584679,4894
28.37747,-77.4246,4928
28.37747,-78.264521,4965
28.37747,-78.264521,5015
28.37747,-79.104441,5022
28.37747,-79.944362,5038
28.37747,-80.784283,5082
28.37747,-81.624204,5176
29.217391,-81.624204,5202
29.217391,-82.464125,5229
30.057312,-82.464125,5246
30.057312,-83.304046,5256
30.057312,-83.304046,5266
30.897233,-83.304046,5308
31.737154,-83.304046,5331
32.577075,-83.304046,5413
33.416996,-83.304046,5464
34.256917,-83.304046,5544
35.096838,-83.304046,5571
35.936759,-83.304046,5634
36.77668,-83.304046,5679
37.616601,-83.304046,5737
37.616601,-83.304046,5800
37.616601,-82.464125,5802
38.456522,-82.464125,5813
38.456522,-81.624204,5821
39.296443,-81.624204,5877
39.296443,-80.784283,5897
40.136364,-80.784283,5902
40.136364,-79.944362,5917
40.136364,-79.104441,5932
40.976285,-79.104441,5942
40.976285,-78.264521,5952
41.816206,-78.264521,6051
41.816206,-78.264521,6067
41.816206,-77.4246,6086
41.816206,-76.584679,6095
BREAK
77.092885,-36.268473,7588
77.092885,-37.108394,7732
77.092885,-37.948315,7750
76.252964,-37.948315,7754
76.252964,-38.788236,7756
75.413043,-38.788236,7759
BREAK
