START
45.152535,-39.547484,0
44.75625,-39.547484,16
BREAK
44.75625,-39.547484,32
44.359966,-39.547484,40
43.963681,-39.547484,63
43.567396,-39.547484,80
43.171111,-39.547484,88
42.774826,-39.943769,96
42.378541,-40.340054,104
41.585972,-40.340054,112
41.189687,-40.736339,120
40.793402,-40.736339,128
40.397117,-40.736339,136
40.000832,-40.736339,144
39.604548,-40.736339,152
39.208263,-40.736339,160
38.415693,-40.736339,168
37.623123,-40.736339,176
36.037984,-40.736339,184
33.660275,-40.340054,192
32.075136,-40.340054,200
30.489996,-40.340054,208
28.904857,-40.340054,216
27.319718,-40.340054,224
25.734579,-40.340054,232
23.35687,-40.340054,240
22.168015,-40.340054,248
21.375445,-40.340054,256
20.582876,-40.340054,264
20.186591,-40.340054,280
20.186591,-40.736339,480
20.186591,-41.528908,488
20.186591,-41.925193,496
20.186591,-42.717763,504
20.186591,-43.114048,512
20.186591,-44.302902,520
20.186591,-45.491756,528
20.186591,-46.284326,536
20.186591,-47.473181,544
20.186591,-48.662035,552
20.186591,-49.85089,560
20.186591,-51.039744,568
20.186591,-52.228599,576
20.186591,-53.021168,584
20.186591,-53.813738,592
20.186591,-55.002592,600
20.186591,-55.795162,608
20.186591,-56.587732,616
20.186591,-57.380301,624
20.186591,-58.172871,632
20.186591,-59.361726,640
20.186591,-59.75801,648
20.186591,-60.154295,656
20.186591,-60.55058,664
20.186591,-61.34315,672
20.186591,-61.739435,688
20.186591,-61.34315,800
20.186591,-60.55058,816
20.186591,-60.154295,824
BREAK
37.623123,-41.528908,1752
37.623123,-41.925193,1888
37.623123,-42.321478,1904
37.623123,-42.717763,1919
37.623123,-43.114048,1952
37.623123,-43.510332,1967
37.623123,-43.906617,1983
37.623123,-44.302902,1991
37.623123,-44.699187,1999
37.623123,-45.095472,2015
37.623123,-45.491756,2023
37.623123,-45.888041,2031
37.623123,-46.284326,2047
37.623123,-46.680611,2055
37.623123,-47.076896,2071
37.623123,-47.473181,2079
37.623123,-51.832314,2243
37.623123,-52.228599,2247
37.623123,-52.624883,2264
37.623123,-53.021168,2271
37.623123,-53.417453,2295
37.623123,-53.813738,2311
37.623123,-54.210023,2327
37.623123,-54.606308,2335
37.623123,-55.002592,2351
37.623123,-55.398877,2359
37.623123,-56.191447,2375
37.623123,-56.587732,2391
37.623123,-56.984017,2407
37.623123,-57.380301,2415
37.623123,-57.776586,2431
37.623123,-58.172871,2455
37.623123,-58.569156,2471
37.623123,-58.965441,2487
37.623123,-59.361726,2519
37.623123,-59.75801,2559
37.226839,-59.75801,2664
36.830554,-59.75801,2671
36.037984,-59.75801,2679
34.84913,-59.75801,2687
34.05656,-59.75801,2695
33.26399,-60.154295,2703
32.471421,-60.154295,2711
32.075136,-60.154295,2719
31.678851,-60.154295,2735
31.282566,-60.154295,2800
30.886281,-60.154295,2816
30.489996,-60.154295,2824
29.301142,-60.154295,2832
28.508572,-60.154295,2839
28.112288,-60.154295,2855
28.112288,-59.75801,2992
28.112288,-59.361726,3000
28.112288,-58.965441,3015
28.112288,-58.172871,3023
28.112288,-57.776586,3031
28.112288,-57.380301,3039
28.112288,-56.587732,3048
28.112288,-55.398877,3055
28.112288,-54.606308,3063
28.112288,-53.813738,3071
28.112288,-52.624883,3080
28.112288,-52.228599,3087
28.112288,-51.832314,3095
28.112288,-51.039744,3103
28.112288,-50.643459,3128
28.112288,-50.247174,3144
28.508572,-50.247174,3288
28.904857,-50.247174,3304
29.697427,-50.247174,3320
30.093712,-50.247174,3327
30.489996,-50.247174,3336
32.075136,-50.643459,3344
32.867705,-51.039744,3352
34.84913,-51.436029,3360
35.245414,-51.436029,3368
36.037984,-51.436029,3376
36.830554,-51.436029,3384
37.226839,-51.436029,3392
37.623123,-51.436029,3544
38.019408,-51.832314,3552
38.415693,-51.832314,3560
39.604548,-52.228599,3568
40.397117,-52.228599,3576
40.793402,-52.228599,3584
41.189687,-52.228599,3592
41.585972,-52.228599,3600
BREAK
40.000832,-52.228599,5208
BREAK
40.000832,-52.228599,5328
40.397117,-52.228599,5375
40.793402,-52.228599,5391
41.585972,-52.228599,5407
41.982257,-52.228599,5415
42.378541,-52.228599,5431
42.774826,-52.228599,5439
43.567396,-52.228599,5447
43.963681,-52.228599,5455
44.75625,-52.228599,5471
45.152535,-52.228599,5487
45.54882,-52.228599,5535
45.945105,-52.228599,5575
46.34139,-52.228599,5591
46.737675,-52.228599,5623
46.737675,-51.832314,5631
BREAK
50.700523,-37.169775,7136
50.700523,-37.56606,7207
50.700523,-37.962345,7223
50.304238,-38.35863,7231
50.304238,-38.754914,7239
49.907953,-39.547484,7255
49.907953,-39.943769,7263
49.511668,-40.736339,7271
49.511668,-41.132623,7279
49.511668,-41.528908,7287
49.115383,-42.321478,7295
48.719099,-42.717763,7303
48.719099,-43.114048,7311
48.719099,-43.906617,7319
48.719099,-44.699187,7327
48.719099,-45.095472,7335
48.719099,-45.491756,7343
48.719099,-46.284326,7351
48.719099,-47.076896,7359
48.719099,-47.473181,7367
48.719099,-47.869465,7375
48.719099,-48.662035,7383
48.719099,-49.05832,7391
48.719099,-49.85089,7407
48.719099,-50.247174,7415
48.719099,-50.643459,7423
48.719099,-51.039744,7431
48.719099,-51.436029,7439
48.719099,-51.832314,7447
48.719099,-52.228599,7455
48.719099,-53.021168,7463
48.719099,-53.813738,7479
48.719099,-54.210023,7495
48.719099,-54.606308,7503
48.719099,-55.002592,7511
48.719099,-55.398877,7519
48.322814,-55.795162,7535
48.322814,-56.191447,7543
48.322814,-56.587732,7551
48.322814,-56.984017,7567
48.322814,-57.380301,7575
48.322814,-57.776586,7599
48.322814,-58.172871,7607
48.322814,-58.569156,7623
48.322814,-58.965441,7655
48.719099,-59.361726,7671
49.115383,-59.75801,7679
49.511668,-59.75801,7695
49.907953,-59.75801,7703
49.907953,-60.154295,7719
50.304238,-60.154295,7727
50.700523,-60.154295,7743
51.096808,-60.154295,7751
51.889377,-60.154295,7759
52.681947,-60.154295,7767
53.474517,-60.154295,7775
54.267086,-60.154295,7783
54.663371,-60.154295,7791
55.059656,-60.154295,7799
55.455941,-60.154295,7807
55.852226,-60.154295,7863
56.24851,-59.75801,7880
56.644795,-59.75801,7895
57.04108,-59.361726,7904
57.437365,-58.965441,7919
57.83365,-58.569156,7935
57.83365,-58.172871,7943
58.229935,-58.172871,7951
58.229935,-57.776586,7959
58.229935,-57.380301,7967
58.626219,-57.380301,7976
59.418789,-57.380301,7984
59.815074,-57.380301,7992
60.211359,-56.984017,8000
60.211359,-56.587732,8007
60.607644,-55.795162,8024
61.003928,-55.002592,8040
61.003928,-54.606308,8048
61.400213,-53.813738,8064
61.796498,-53.417453,8072
61.796498,-52.624883,8080
61.796498,-51.832314,8088
61.796498,-51.436029,8096
61.796498,-50.643459,8104
61.796498,-50.247174,8112
61.796498,-49.05832,8120
61.796498,-48.662035,8128
61.796498,-48.26575,8136
61.796498,-47.869465,8144
61.796498,-46.680611,8152
61.796498,-46.284326,8160
61.796498,-45.888041,8168
61.796498,-45.491756,8176
61.796498,-45.095472,8184
61.796498,-44.699187,8192
61.796498,-44.302902,8200
61.796498,-43.906617,8208
61.796498,-43.510332,8216
61.796498,-43.114048,8224
61.796498,-42.717763,8232
61.796498,-42.321478,8240
61.796498,-41.925193,8256
61.796498,-41.528908,8264
61.400213,-41.528908,8272
61.400213,-41.132623,8280
61.400213,-40.736339,8288
61.003928,-40.340054,8304
61.003928,-39.943769,8320
60.607644,-39.547484,8336
60.607644,-39.151199,8344
60.607644,-38.754914,8376
BREAK
