START
24.149439,-41.925193,0
24.149439,-42.321478,78
24.149439,-42.717763,98
24.149439,-43.114048,127
24.149439,-43.510332,147
24.149439,-43.906617,157
24.149439,-44.302902,177
24.149439,-45.095472,206
24.149439,-45.491756,236
24.149439,-45.888041,255
24.149439,-46.284326,285
24.149439,-46.680611,305
24.149439,-47.076896,344
24.149439,-47.473181,373
24.149439,-47.869465,383
24.149439,-48.26575,393
24.149439,-48.662035,413
24.149439,-49.05832,423
24.149439,-49.454605,432
24.149439,-49.85089,442
24.149439,-50.247174,452
24.149439,-50.643459,472
24.149439,-51.436029,482
24.149439,-51.832314,501
24.149439,-52.228599,511
24.149439,-52.624883,521
24.149439,-53.021168,531
24.149439,-53.417453,551
24.149439,-53.813738,570
24.149439,-54.210023,580
24.149439,-54.606308,600
24.149439,-55.002592,629
24.149439,-55.398877,639
24.149439,-55.795162,659
24.149439,-56.191447,669
24.149439,-56.587732,679
24.149439,-56.984017,698
24.149439,-57.380301,708
24.149439,-57.776586,718
24.149439,-58.172871,728
24.149439,-58.569156,748
24.149439,-58.965441,767
24.149439,-59.361726,777
24.149439,-59.75801,797
24.149439,-60.154295,826
24.149439,-60.55058,836
24.149439,-60.946865,846
24.149439,-61.34315,866
24.149439,-61.739435,895
24.149439,-62.135719,935
BREAK
24.545724,-41.925193,1900
24.545724,-42.321478,1958
24.942009,-42.321478,1968
25.338294,-42.321478,1978
25.734579,-42.321478,1998
26.130863,-42.321478,2008
26.527148,-42.321478,2017
26.923433,-42.321478,2027
27.716003,-42.321478,2037
28.904857,-42.321478,2047
29.301142,-42.321478,2057
30.093712,-42.321478,2076
30.489996,-42.321478,2086
30.886281,-42.321478,2106
31.282566,-42.321478,2136
31.678851,-42.321478,2165
32.075136,-42.321478,2176
32.471421,-42.321478,2185
33.26399,-42.321478,2195
34.05656,-42.321478,2204
34.452845,-42.321478,2214
34.84913,-42.321478,2224
35.245414,-42.321478,2234
35.641699,-42.321478,2244
36.037984,-42.321478,2254
36.434269,-42.321478,2273
36.830554,-42.321478,2303
37.623123,-42.321478,2313
38.415693,-42.321478,2333
39.208263,-42.321478,2342
40.000832,-42.321478,2352
40.397117,-42.321478,2362
40.793402,-42.321478,2372
41.189687,-42.321478,2382
41.585972,-42.321478,2392
41.982257,-42.321478,2401
42.378541,-42.321478,2411
42.774826,-42.321478,2421
43.171111,-42.321478,2441
43.567396,-42.321478,2460
44.359966,-42.321478,2480
44.75625,-42.321478,2490
45.152535,-42.321478,2500
45.54882,-42.321478,2510
45.945105,-42.321478,2519
46.34139,-42.321478,2529
46.737675,-42.321478,2539
47.133959,-42.321478,2559
47.133959,-41.925193,2569
47.530244,-41.925193,2579
47.926529,-41.925193,2588
48.322814,-41.925193,2618
49.115383,-41.925193,2647
BREAK
39.604548,-43.510332,3623
39.604548,-43.906617,3632
39.604548,-44.302902,3652
39.604548,-44.699187,3671
39.604548,-45.095472,3691
39.604548,-45.491756,3711
39.604548,-45.888041,3750
39.604548,-46.284326,3779
39.604548,-46.680611,3799
39.604548,-47.076896,3819
39.604548,-47.473181,3848
39.604548,-47.869465,3858
39.604548,-48.26575,3868
39.604548,-48.662035,3898
39.604548,-49.05832,3907
39.604548,-49.454605,3927
39.604548,-49.85089,3957
39.604548,-50.247174,3996
39.604548,-50.643459,4006
39.604548,-51.039744,4026
39.604548,-51.436029,4045
39.604548,-51.832314,4055
39.604548,-52.228599,4065
39.604548,-52.624883,4075
39.604548,-53.021168,4094
39.604548,-53.417453,4104
39.604548,-53.813738,4124
39.604548,-54.210023,4154
39.604548,-54.606308,4183
39.604548,-55.002592,4193
39.604548,-55.398877,4222
39.604548,-55.795162,4242
39.604548,-56.191447,4262
39.604548,-56.587732,4272
39.604548,-56.984017,4301
39.604548,-57.380301,4331
39.604548,-57.776586,4341
39.604548,-58.172871,4350
39.604548,-58.569156,4380
39.604548,-58.965441,4400
39.604548,-59.361726,4449
39.604548,-59.75801,4478
39.604548,-60.154295,4528
39.208263,-60.154295,4784
38.811978,-60.154295,4803
38.415693,-60.154295,4833
38.019408,-60.154295,4843
37.623123,-60.154295,4853
37.226839,-60.154295,4902
36.830554,-60.154295,4932
36.434269,-60.154295,4991
36.037984,-60.154295,5010
35.641699,-60.154295,5020
35.245414,-60.154295,5109
34.84913,-60.154295,5138
34.452845,-60.154295,5207
34.05656,-60.154295,5217
34.05656,-59.75801,5443
34.05656,-59.361726,5453
34.05656,-58.965441,5483
34.05656,-58.569156,5492
34.05656,-58.172871,5502
34.05656,-57.776586,5512
34.05656,-57.380301,5522
34.05656,-56.984017,5532
34.05656,-56.587732,5542
34.05656,-56.191447,5581
34.05656,-55.795162,5620
34.05656,-55.398877,5640
34.05656,-55.002592,5670
34.05656,-54.606308,5946
34.452845,-54.606308,5955
34.84913,-54.606308,5965
35.245414,-54.606308,5975
35.641699,-54.606308,5985
35.641699,-54.210023,5995
36.037984,-54.210023,6004
36.434269,-54.210023,6014
36.830554,-54.210023,6024
37.226839,-54.210023,6034
37.623123,-54.210023,6054
38.019408,-54.210023,6063
38.415693,-54.210023,6083
38.811978,-54.210023,6113
39.208263,-54.210023,6132
39.604548,-54.210023,6142
40.000832,-54.210023,6162
40.397117,-54.210023,6172
40.793402,-54.210023,6182
41.189687,-54.210023,6191
41.585972,-54.210023,6211
41.982257,-54.210023,6221
42.378541,-54.210023,6231
42.774826,-54.210023,6241
43.171111,-54.210023,6260
43.963681,-54.210023,6270
44.75625,-54.210023,6290
45.152535,-54.210023,6300
45.945105,-54.210023,6310
46.34139,-54.210023,6319
47.133959,-54.210023,6329
47.530244,-54.210023,6339
47.926529,-54.210023,6359
48.322814,-54.210023,6379
48.719099,-54.210023,6388
49.115383,-54.210023,6398
49.511668,-54.210023,6457
49.907953,-54.210023,6467
50.304238,-54.210023,6497
50.700523,-54.210023,6516
51.493092,-54.210023,6526
51.889377,-54.210023,6536
52.681947,-54.210023,6546
53.078232,-54.210023,6556
53.474517,-54.210023,6566
53.870801,-54.210023,6575
54.267086,-54.210023,6605
54.663371,-54.210023,6634
55.059656,-54.210023,6753
55.455941,-54.210023,6762
55.852226,-54.210023,6812
56.24851,-54.210023,6831
56.644795,-54.210023,6841
BREAK
63.777922,-39.943769,7826
63.777922,-40.340054,7885
63.381637,-40.340054,7894
63.381637,-40.736339,7924
62.985353,-40.736339,7934
62.985353,-41.132623,7944
62.589068,-41.132623,7953
62.192783,-41.528908,7983
62.192783,-41.925193,8013
61.796498,-42.321478,8022
61.400213,-42.717763,8032
60.607644,-43.114048,8052
60.211359,-43.510332,8072
59.815074,-43.906617,8081
59.815074,-44.302902,8091
59.418789,-44.302902,8101
59.418789,-44.699187,8111
59.418789,-45.095472,8121
59.022504,-45.491756,8131
58.626219,-45.491756,8141
58.626219,-45.888041,8150
58.229935,-46.284326,8160
58.229935,-46.680611,8170
57.83365,-47.076896,8180
57.83365,-47.473181,8200
57.437365,-47.869465,8209
57.04108,-48.26575,8219
57.04108,-48.662035,8239
57.04108,-49.05832,8269
56.644795,-49.454605,8278
56.644795,-49.85089,8288
56.24851,-49.85089,8298
56.24851,-50.643459,8318
56.24851,-51.039744,8338
55.852226,-51.436029,8357
55.852226,-51.832314,8367
55.852226,-52.228599,8387
55.852226,-52.624883,8406
55.852226,-53.021168,8446
55.852226,-53.417453,8456
55.852226,-53.813738,8475
55.852226,-54.606308,8485
55.852226,-55.002592,8505
56.24851,-55.398877,8525
56.24851,-55.795162,8564
56.644795,-55.795162,8584
56.644795,-56.191447,8593
57.04108,-56.587732,8633
57.04108,-56.984017,8662
57.437365,-56.984017,8672
57.83365,-56.984017,8692
57.83365,-57.380301,8702
58.229935,-57.380301,8712
59.418789,-58.172871,8755
60.211359,-58.569156,8771
60.607644,-58.569156,8781
61.003928,-58.569156,8790
61.400213,-58.569156,8810
61.796498,-58.965441,8820
62.192783,-58.965441,8830
62.589068,-58.965441,8840
62.985353,-58.965441,8860
63.381637,-58.965441,8869
63.777922,-58.965441,8879
64.174207,-58.965441,8889
64.570492,-58.965441,8899
65.363062,-59.361726,8909
66.155631,-59.361726,8918
66.948201,-59.361726,8938
67.344486,-59.361726,8968
67.74077,-59.361726,8977
68.137055,-59.361726,8997
68.53334,-59.361726,9007
68.929625,-59.361726,9017
69.32591,-59.361726,9027
69.722195,-59.361726,9037
70.514764,-59.361726,9046
71.307334,-59.361726,9056
72.099904,-59.361726,9066
72.496188,-59.361726,9076
72.892473,-59.361726,9086
73.288758,-59.361726,9096
74.081328,-59.361726,9105
74.477613,-59.361726,9115
74.477613,-58.965441,9125
74.873897,-58.965441,9135
75.666467,-58.965441,9145
75.666467,-58.569156,9155
76.062752,-58.172871,9165
76.855322,-58.172871,9174
76.855322,-57.776586,9184
77.251606,-57.380301,9194
77.647891,-56.984017,9214
78.440461,-56.191447,9233
78.440461,-55.398877,9243
79.629315,-54.210023,9253
80.0256,-53.417453,9263
80.81817,-52.624883,9273
80.81817,-52.228599,9283
81.214455,-51.832314,9293
81.214455,-51.436029,9312
81.214455,-51.039744,9332
81.214455,-50.643459,9342
81.214455,-50.247174,9371
81.214455,-49.85089,9381
81.214455,-49.454605,9391
81.214455,-48.662035,9401
81.214455,-48.26575,9411
80.81817,-47.473181,9421
80.81817,-47.076896,9430
80.421885,-47.076896,9440
80.421885,-46.680611,9450
80.0256,-46.680611,9460
79.629315,-46.284326,9470
78.836746,-45.491756,9490
78.836746,-45.095472,9499
78.044176,-44.302902,9509
77.647891,-43.906617,9519
77.251606,-43.906617,9578
76.855322,-43.510332,9618
76.855322,-43.114048,9627
76.855322,-42.717763,9637
76.062752,-42.321478,9647
76.062752,-41.925193,9657
75.666467,-41.925193,9667
75.666467,-41.528908,9677
BREAK
