START
43.877358,-13.859438,0
42.877358,-13.859438,47
42.877358,-14.859438,63
42.877358,-15.859438,79
42.877358,-16.859438,87
42.877358,-17.859438,95
42.877358,-18.859438,103
42.877358,-20.859438,119
42.877358,-21.859438,135
42.877358,-22.859438,151
42.877358,-23.859438,167
43.877358,-23.859438,399
44.877358,-23.859438,415
45.877358,-23.859438,423
46.877358,-23.859438,447
47.877358,-23.859438,455
48.877358,-22.859438,463
49.877358,-22.859438,471
51.877358,-22.859438,487
52.877358,-22.859438,503
54.877358,-22.859438,511
55.877358,-22.859438,519
56.877358,-22.859438,528
58.877358,-22.859438,535
59.877358,-22.859438,544
60.877358,-22.859438,551
61.877358,-23.859438,559
62.877358,-23.859438,575
63.877358,-24.859438,583
64.877358,-24.859438,591
65.877358,-25.859438,599
65.877358,-26.859438,607
66.877358,-26.859438,615
67.877358,-27.859438,623
68.877358,-28.859438,631
69.877358,-29.859438,639
70.877358,-30.859438,647
71.877358,-31.859438,655
72.877358,-32.859438,663
72.877358,-33.859438,671
73.877358,-34.859438,679
74.877358,-36.859438,695
75.877358,-37.859438,703
75.877358,-38.859438,711
75.877358,-39.859438,719
76.877358,-40.859438,727
76.877358,-42.859438,735
76.877358,-43.859438,744
77.877358,-44.859438,751
77.877358,-45.859438,760
77.877358,-46.859438,767
77.877358,-47.859438,775
77.877358,-48.859438,783
77.877358,-49.859438,791
77.877358,-50.859438,799
77.877358,-51.859438,807
76.877358,-52.859438,815
76.877358,-53.859438,831
75.877358,-54.859438,839
75.877358,-55.859438,847
74.877358,-55.859438,865
73.877358,-56.859438,871
72.877358,-56.859438,887
72.877358,-57.859438,895
70.877358,-57.859438,903
70.877358,-58.859438,911
69.877358,-58.859438,919
68.877358,-58.859438,927
67.877358,-58.859438,935
65.877358,-58.859438,944
64.877358,-58.859438,960
62.877358,-58.859438,967
61.877358,-58.859438,977
60.877358,-58.859438,983
58.877358,-58.859438,991
56.877358,-58.859438,999
55.877358,-58.859438,1007
54.877358,-58.859438,1015
52.877358,-58.859438,1031
51.877358,-58.859438,1047
50.877358,-57.859438,1063
49.877358,-57.859438,1079
48.877358,-56.859438,1087
47.877358,-56.859438,1103
47.877358,-55.859438,1111
47.877358,-54.859438,1127
46.877358,-54.859438,1135
45.877358,-54.859438,1160
45.877358,-53.859438,1167
45.877358,-52.859438,1231
45.877358,-51.859438,1263
44.877358,-51.859438,1279
44.877358,-50.859438,1287
43.877358,-50.859438,1399
43.877358,-49.859438,1423
42.877358,-49.859438,1471
BREAK
