START
22.803306,-26.984768,0
23.507913,-26.984768,158
24.21252,-26.984768,167
24.917127,-26.984768,176
25.621734,-26.984768,186
26.326341,-26.984768,195
27.735555,-26.984768,204
28.440162,-26.984768,214
29.144769,-26.984768,223
29.849376,-26.984768,242
30.553983,-26.984768,260
31.25859,-26.984768,270
31.963197,-26.984768,279
32.667804,-26.984768,288
32.667804,-27.689375,307
32.667804,-28.393982,316
32.667804,-29.098589,325
32.667804,-29.803197,335
32.667804,-30.507804,363
32.667804,-31.212411,372
32.667804,-31.917018,381
32.667804,-32.621625,391
32.667804,-33.326232,409
32.667804,-34.735446,419
32.667804,-35.440053,428
32.667804,-36.14466,447
32.667804,-37.553874,456
32.667804,-38.258481,465
32.667804,-39.667695,475
31.963197,-39.667695,484
31.963197,-40.372302,493
31.25859,-41.076909,503
31.25859,-41.781516,531
30.553983,-41.781516,549
30.553983,-42.486123,577
31.963197,-42.486123,717
34.781626,-43.19073,727
38.304661,-43.19073,736
40.418482,-43.895337,745
41.827696,-43.895337,754
42.532303,-43.895337,764
43.23691,-43.895337,773
43.941517,-43.895337,801
43.941517,-44.599944,810
43.941517,-45.304552,820
44.646124,-45.304552,829
44.646124,-46.009159,838
44.646124,-46.713766,866
45.350731,-48.12298,885
45.350731,-48.827587,894
45.350731,-50.236801,913
45.350731,-51.646015,922
46.055338,-53.055229,932
46.055338,-53.759836,941
46.055338,-55.16905,950
46.055338,-56.578264,960
46.055338,-57.282871,969
46.055338,-57.987478,978
46.055338,-59.396692,988
46.055338,-60.1013,997
46.055338,-60.805907,1016
46.055338,-61.510514,1025
46.055338,-62.215121,1034
46.055338,-62.919728,1044
45.350731,-63.624335,1053
44.646124,-63.624335,1062
43.941517,-65.033549,1072
43.23691,-65.738156,1081
42.532303,-66.442763,1090
42.532303,-67.14737,1100
41.123089,-67.14737,1109
39.713875,-67.851977,1118
38.304661,-68.556584,1128
37.600054,-68.556584,1137
36.19084,-68.556584,1146
34.781626,-69.261191,1156
33.372411,-69.261191,1174
32.667804,-69.261191,1184
31.963197,-69.261191,1193
31.25859,-69.261191,1202
30.553983,-69.261191,1212
29.849376,-69.261191,1221
28.440162,-69.261191,1230
27.030948,-69.261191,1240
25.621734,-69.261191,1249
24.917127,-69.261191,1258
23.507913,-69.261191,1267
22.098699,-69.261191,1277
20.689485,-69.261191,1295
20.689485,-69.965798,1351
20.689485,-70.670405,1370
19.984878,-71.375012,1389
19.28027,-71.375012,1398
BREAK
36.19084,-34.735446,2302
36.19084,-34.030839,2395
36.19084,-33.326232,2404
36.19084,-32.621625,2413
36.19084,-31.917018,2432
36.19084,-31.212411,2441
36.895447,-29.803197,2451
37.600054,-29.098589,2460
38.304661,-29.098589,2469
39.009268,-29.098589,2479
39.009268,-28.393982,2488
40.418482,-27.689375,2497
40.418482,-26.984768,2507
41.123089,-26.280161,2525
41.827696,-26.280161,2535
42.532303,-26.280161,2544
43.23691,-25.575554,2553
43.941517,-25.575554,2563
44.646124,-25.575554,2572
45.350731,-24.870947,2581
46.759945,-24.870947,2591
47.464552,-24.870947,2609
48.169159,-24.870947,2619
48.873766,-24.870947,2628
49.578373,-24.870947,2656
50.282981,-24.870947,2674
50.987588,-24.870947,2693
51.692195,-24.870947,2702
52.396802,-24.870947,2712
53.101409,-24.870947,2740
53.806016,-24.870947,2749
54.510623,-25.575554,2768
55.21523,-25.575554,2777
55.21523,-26.280161,2796
55.919837,-26.984768,2805
56.624444,-27.689375,2814
56.624444,-28.393982,2824
57.329051,-29.098589,2842
57.329051,-29.803197,2852
57.329051,-30.507804,2861
57.329051,-31.212411,2870
58.033658,-31.917018,2889
58.033658,-33.326232,2898
58.033658,-34.030839,2908
58.738265,-34.030839,2917
58.738265,-34.735446,2926
58.738265,-36.14466,2936
58.738265,-36.849267,2945
59.442872,-38.258481,2954
59.442872,-39.667695,2973
59.442872,-40.372302,2982
59.442872,-41.781516,2992
59.442872,-42.486123,3001
59.442872,-43.19073,3020
59.442872,-43.895337,3029
59.442872,-44.599944,3048
59.442872,-45.304552,3057
59.442872,-46.009159,3104
59.442872,-46.713766,3132
60.147479,-46.713766,3150
60.852086,-47.418373,3169
61.556693,-47.418373,3178
62.2613,-47.418373,3197
62.965907,-47.418373,3206
63.670514,-47.418373,3215
64.375121,-47.418373,3225
65.079728,-47.418373,3234
65.784336,-47.418373,3243
66.488943,-47.418373,3262
67.898157,-47.418373,3272
68.602764,-47.418373,3290
69.307371,-47.418373,3309
70.011978,-47.418373,3346
70.716585,-46.713766,3374
70.716585,-46.009159,3411
70.716585,-45.304552,3421
70.716585,-44.599944,3439
BREAK
