START
33.29717,-14.389558,0
32.29717,-14.389558,79
31.29717,-14.389558,95
29.29717,-14.389558,151
28.29717,-14.389558,175
27.29717,-14.389558,191
26.29717,-14.389558,231
26.29717,-15.389558,247
25.29717,-15.389558,255
25.29717,-16.389558,279
25.29717,-17.389558,311
25.29717,-18.389558,343
25.29717,-19.389558,359
25.29717,-20.389558,399
25.29717,-21.389558,423
26.29717,-22.389558,447
26.29717,-23.389558,463
27.29717,-24.389558,487
28.29717,-24.389558,503
29.29717,-25.389558,519
30.29717,-25.389558,527
31.29717,-25.389558,543
32.29717,-25.389558,575
33.29717,-25.389558,591
34.29717,-25.389558,599
35.29717,-25.389558,615
36.29717,-25.389558,631
37.29717,-25.389558,647
38.29717,-25.389558,655
39.29717,-25.389558,671
40.29717,-25.389558,687
41.29717,-25.389558,719
41.29717,-24.389558,728
42.29717,-24.389558,743
42.29717,-23.389558,751
42.29717,-22.389558,783
43.29717,-22.389558,791
43.29717,-21.389558,807
43.29717,-20.389558,823
43.29717,-19.389558,855
44.29717,-19.389558,871
44.29717,-18.389558,887
44.29717,-17.389558,903
44.29717,-16.389558,927
43.29717,-16.389558,935
42.29717,-15.389558,943
41.29717,-14.389558,959
41.29717,-13.389558,967
39.29717,-12.389558,975
37.29717,-12.389558,991
36.29717,-11.389558,999
34.29717,-10.389558,1015
32.29717,-10.389558,1031
31.29717,-10.389558,1047
30.29717,-10.389558,1071
29.29717,-10.389558,1087
28.29717,-10.389558,1175
28.29717,-11.389558,1192
27.29717,-11.389558,1199
27.29717,-12.389558,1223
26.29717,-12.389558,1231
26.29717,-13.389558,1247
26.29717,-14.389558,1271
26.29717,-15.389558,1279
26.29717,-16.389558,1295
26.29717,-17.389558,1311
26.29717,-18.389558,1343
27.29717,-18.389558,1351
27.29717,-19.389558,1359
28.29717,-19.389558,1367
29.29717,-20.389558,1383
30.29717,-20.389558,1399
31.29717,-21.389558,1407
32.29717,-21.389558,1415
33.29717,-22.389558,1423
34.29717,-22.389558,1431
35.29717,-22.389558,1439
36.29717,-22.389558,1447
37.29717,-22.389558,1455
38.29717,-22.389558,1464
39.29717,-22.389558,1471
40.29717,-22.389558,1480
41.29717,-22.389558,1496
42.29717,-22.389558,1503
42.29717,-21.389558,1567
42.29717,-20.389558,1576
42.29717,-19.389558,1591
42.29717,-18.389558,1607
42.29717,-17.389558,1639
41.29717,-16.389558,1664
40.29717,-16.389558,1679
39.29717,-16.389558,1703
39.29717,-15.389558,1719
38.29717,-15.389558,1728
37.29717,-15.389558,1743
36.29717,-15.389558,1751
35.29717,-15.389558,1767
34.29717,-15.389558,1783
33.29717,-15.389558,1807
32.29717,-15.389558,1832
33.29717,-15.389558,2079
34.29717,-15.389558,2095
35.29717,-15.389558,2111
35.29717,-16.389558,2127
36.29717,-16.389558,2135
37.29717,-16.389558,2144
37.29717,-17.389558,2151
BREAK
72.29717,-13.389558,2847
71.29717,-13.389558,2975
70.29717,-13.389558,2983
69.29717,-13.389558,2991
68.29717,-13.389558,3007
67.29717,-13.389558,3015
66.29717,-13.389558,3031
65.29717,-13.389558,3047
65.29717,-14.389558,3079
64.29717,-14.389558,3087
63.29717,-14.389558,3103
63.29717,-15.389558,3111
63.29717,-16.389558,3135
62.29717,-16.389558,3151
62.29717,-17.389558,3159
62.29717,-18.389558,3175
62.29717,-19.389558,3191
62.29717,-20.389558,3207
63.29717,-21.389558,3239
63.29717,-22.389558,3247
64.29717,-22.389558,3263
65.29717,-22.389558,3279
65.29717,-23.389558,3287
66.29717,-23.389558,3295
67.29717,-23.389558,3303
68.29717,-23.389558,3327
69.29717,-23.389558,3351
70.29717,-23.389558,3383
71.29717,-23.389558,3407
72.29717,-23.389558,3439
73.29717,-23.389558,3495
74.29717,-23.389558,3559
74.29717,-22.389558,3575
75.29717,-22.389558,3583
75.29717,-21.389558,3591
76.29717,-21.389558,3639
76.29717,-20.389558,3647
77.29717,-20.389558,3711
77.29717,-19.389558,3719
77.29717,-18.389558,3735
77.29717,-17.389558,3751
77.29717,-16.389558,3767
77.29717,-15.389558,3799
76.29717,-15.389558,3871
75.29717,-15.389558,3879
74.29717,-15.389558,3895
73.29717,-15.389558,3911
72.29717,-15.389558,3927
71.29717,-15.389558,3935
70.29717,-15.389558,3943
69.29717,-15.389558,3959
68.29717,-15.389558,3967
67.29717,-15.389558,3983
66.29717,-15.389558,4047
65.29717,-15.389558,4071
64.29717,-15.389558,4079
64.29717,-16.389558,4199
64.29717,-17.389558,4231
65.29717,-17.389558,4239
66.29717,-17.389558,4279
66.29717,-18.389558,4311
67.29717,-18.389558,4319
68.29717,-18.389558,4335
69.29717,-18.389558,4351
70.29717,-18.389558,4383
71.29717,-18.389558,4431
71.29717,-19.389558,4439
72.29717,-19.389558,4463
73.29717,-19.389558,4599
73.29717,-18.389558,4607
73.29717,-17.389558,4623
73.29717,-16.389558,4663
74.29717,-16.389558,4671
74.29717,-15.389558,4695
74.29717,-16.389558,4943
74.29717,-17.389558,4959
74.29717,-18.389558,4975
74.29717,-19.389558,4991
74.29717,-20.389558,5023
73.29717,-20.389558,5079
73.29717,-21.389558,5103
72.29717,-21.389558,5111
71.29717,-21.389558,5135
71.29717,-22.389558,5143
70.29717,-22.389558,5191
69.29717,-22.389558,5215
BREAK
30.29717,-71.389558,5991
29.29717,-71.389558,6182
29.29717,-72.389558,6206
28.29717,-72.389558,6214
28.29717,-73.389558,6230
27.29717,-73.389558,6238
27.29717,-74.389558,6246
27.29717,-75.389558,6286
27.29717,-76.389558,6303
27.29717,-77.389558,6334
27.29717,-78.389558,6374
27.29717,-79.389558,6406
27.29717,-80.389558,6422
28.29717,-80.389558,6430
28.29717,-81.389558,6454
29.29717,-82.389558,6470
29.29717,-83.389558,6478
30.29717,-83.389558,6486
31.29717,-83.389558,6495
32.29717,-83.389558,6510
33.29717,-83.389558,6558
34.29717,-83.389558,6574
35.29717,-83.389558,6582
36.29717,-83.389558,6598
38.29717,-83.389558,6606
40.29717,-83.389558,6614
41.29717,-82.389558,6622
42.29717,-82.389558,6630
44.29717,-81.389558,6638
45.29717,-81.389558,6647
46.29717,-81.389558,6654
46.29717,-80.389558,6662
47.29717,-80.389558,6670
47.29717,-79.389558,6678
47.29717,-78.389558,6711
47.29717,-77.389558,6734
47.29717,-76.389558,6750
47.29717,-75.389558,6766
46.29717,-75.389558,6774
45.29717,-75.389558,6790
45.29717,-74.389558,6806
44.29717,-74.389558,6814
43.29717,-74.389558,6830
43.29717,-73.389558,6838
42.29717,-73.389558,6862
41.29717,-72.389558,6870
41.29717,-71.389558,6878
40.29717,-71.389558,6895
39.29717,-71.389558,6919
39.29717,-70.389558,6926
38.29717,-70.389558,6935
37.29717,-70.389558,6951
36.29717,-70.389558,6998
35.29717,-70.389558,7030
34.29717,-70.389558,7054
33.29717,-70.389558,7063
32.29717,-70.389558,7078
31.29717,-70.389558,7095
30.29717,-70.389558,7126
29.29717,-70.389558,7142
29.29717,-71.389558,7182
28.29717,-71.389558,7198
28.29717,-72.389558,7214
27.29717,-72.389558,7230
27.29717,-73.389558,7238
26.29717,-73.389558,7262
26.29717,-74.389558,7270
26.29717,-75.389558,7286
26.29717,-76.389558,7310
26.29717,-77.389558,7326
27.29717,-78.389558,7366
28.29717,-78.389558,7382
28.29717,-79.389558,7398
29.29717,-79.389558,7406
30.29717,-79.389558,7423
31.29717,-79.389558,7431
32.29717,-79.389558,7438
34.29717,-79.389558,7455
35.29717,-79.389558,7471
37.29717,-79.389558,7479
38.29717,-80.389558,7495
39.29717,-80.389558,7511
40.29717,-80.389558,7519
41.29717,-80.389558,7535
42.29717,-80.389558,7550
42.29717,-79.389558,7566
43.29717,-79.389558,7574
44.29717,-79.389558,7582
44.29717,-78.389558,7590
45.29717,-78.389558,7599
46.29717,-78.389558,7614
46.29717,-77.389558,7670
46.29717,-76.389558,7710
45.29717,-76.389558,7726
44.29717,-76.389558,7742
43.29717,-76.389558,7774
42.29717,-76.389558,7790
41.29717,-76.389558,7806
40.29717,-76.389558,7830
39.29717,-76.389558,7846
38.29717,-76.389558,7863
37.29717,-76.389558,7870
36.29717,-76.389558,7886
36.29717,-75.389558,7894
35.29717,-75.389558,7910
34.29717,-75.389558,7926
33.29717,-75.389558,8022
33.29717,-74.389558,8038
32.29717,-74.389558,8047
31.29717,-74.389558,8062
31.29717,-73.389558,8070
31.29717,-72.389558,8086
30.29717,-72.389558,8110
31.29717,-72.389558,8214
32.29717,-72.389558,8230
33.29717,-72.389558,8270
BREAK
