START
33.29717,-14.389558,0
32.29717,-14.389558,7
31.29717,-14.389558,31
30.29717,-15.389558,87
28.29717,-15.389558,95
27.29717,-16.389558,103
26.29717,-16.389558,111
25.29717,-17.389558,127
24.29717,-18.389558,135
24.29717,-19.389558,143
24.29717,-20.389558,151
24.29717,-21.389558,159
25.29717,-22.389558,167
26.29717,-23.389558,175
26.29717,-24.389558,183
28.29717,-25.389558,191
29.29717,-25.389558,199
30.29717,-26.389558,208
32.29717,-26.389558,224
33.29717,-26.389558,240
34.29717,-26.389558,256
34.29717,-25.389558,279
34.29717,-24.389558,287
34.29717,-23.389558,296
34.29717,-22.389558,304
34.29717,-20.389558,312
34.29717,-19.389558,325
34.29717,-17.389558,334
34.29717,-16.389558,338
33.29717,-15.389558,344
32.29717,-14.389558,352
31.29717,-13.389558,360
30.29717,-12.389558,368
29.29717,-12.389558,376
28.29717,-12.389558,392
27.29717,-12.389558,408
26.29717,-12.389558,424
25.29717,-13.389558,432
25.29717,-14.389558,440
24.29717,-15.389558,447
24.29717,-16.389558,455
23.29717,-16.389558,463
23.29717,-18.389558,472
23.29717,-19.389558,488
24.29717,-20.389558,496
25.29717,-20.389558,504
26.29717,-20.389558,512
28.29717,-21.389558,520
29.29717,-21.389558,528
30.29717,-21.389558,536
31.29717,-21.389558,544
32.29717,-22.389558,552
33.29717,-22.389558,560
34.29717,-22.389558,568
35.29717,-22.389558,576
36.29717,-22.389558,584
37.29717,-21.389558,600
38.29717,-20.389558,608
38.29717,-19.389558,616
39.29717,-19.389558,624
39.29717,-18.389558,632
38.29717,-18.389558,640
38.29717,-17.389558,648
37.29717,-17.389558,672
36.29717,-17.389558,688
35.29717,-17.389558,696
33.29717,-17.389558,704
32.29717,-17.389558,712
30.29717,-17.389558,720
28.29717,-17.389558,728
27.29717,-17.389558,736
26.29717,-17.389558,744
25.29717,-17.389558,752
25.29717,-18.389558,784
26.29717,-18.389558,816
27.29717,-18.389558,824
27.29717,-19.389558,833
28.29717,-19.389558,840
29.29717,-19.389558,864
30.29717,-19.389558,912
BREAK
75.29717,-11.389558,1809
73.29717,-17.389558,1813
73.29717,-16.389558,1817
72.29717,-16.389558,1823
72.29717,-15.389558,1831
69.29717,-15.389558,1848
67.29717,-15.389558,1855
66.29717,-15.389558,1863
64.29717,-16.389558,1891
58.29717,-20.389558,1896
56.29717,-21.389558,1903
56.29717,-22.389558,1911
56.29717,-23.389558,1919
56.29717,-24.389558,1927
57.29717,-24.389558,1943
57.29717,-25.389558,1951
58.29717,-25.389558,1959
59.29717,-26.389558,1967
60.29717,-26.389558,1986
61.29717,-26.389558,1990
63.29717,-26.389558,2004
65.29717,-26.389558,2009
67.29717,-26.389558,2015
68.29717,-26.389558,2024
69.29717,-26.389558,2033
70.29717,-26.389558,2039
71.29717,-25.389558,2047
72.29717,-24.389558,2056
73.29717,-22.389558,2063
73.29717,-21.389558,2072
73.29717,-20.389558,2079
73.29717,-19.389558,2087
73.29717,-17.389558,2095
72.29717,-16.389558,2111
71.29717,-16.389558,2135
70.29717,-16.389558,2159
69.29717,-16.389558,2167
68.29717,-16.389558,2183
67.29717,-17.389558,2191
67.29717,-18.389558,2199
66.29717,-19.389558,2207
66.29717,-20.389558,2215
65.29717,-22.389558,2223
65.29717,-23.389558,2231
65.29717,-24.389558,2239
65.29717,-25.389558,2247
66.29717,-26.389558,2255
67.29717,-26.389558,2264
67.29717,-27.389558,2284
68.29717,-27.389558,2303
68.29717,-26.389558,2336
68.29717,-24.389558,2343
69.29717,-23.389558,2351
69.29717,-21.389558,2360
69.29717,-20.389558,2367
69.29717,-19.389558,2375
68.29717,-17.389558,2383
67.29717,-17.389558,2400
66.29717,-17.389558,2416
65.29717,-18.389558,2455
64.29717,-19.389558,2463
63.29717,-20.389558,2480
63.29717,-21.389558,2488
62.29717,-23.389558,2508
62.29717,-25.389558,2741
BREAK
35.29717,-73.389558,3048
35.29717,-74.389558,3079
34.29717,-75.389558,3087
34.29717,-76.389558,3103
34.29717,-77.389558,3119
34.29717,-78.389558,3127
35.29717,-79.389558,3143
36.29717,-79.389558,3167
36.29717,-80.389558,3175
37.29717,-80.389558,3183
37.29717,-79.389558,3231
37.29717,-78.389558,3239
38.29717,-76.389558,3247
38.29717,-75.389558,3255
38.29717,-73.389558,3263
38.29717,-71.389558,3271
37.29717,-69.389558,3282
37.29717,-68.389558,3287
36.29717,-68.389558,3296
35.29717,-68.389558,3303
35.29717,-67.389558,3319
34.29717,-67.389558,3327
33.29717,-68.389558,3336
31.29717,-70.389558,3351
31.29717,-71.389558,3359
31.29717,-72.389558,3367
30.29717,-74.389558,3375
30.29717,-75.389558,3383
30.29717,-77.389558,3391
29.29717,-77.389558,3399
29.29717,-78.389558,3407
29.29717,-79.389558,3415
30.29717,-79.389558,3423
31.29717,-80.389558,3431
32.29717,-80.389558,3439
33.29717,-81.389558,3447
34.29717,-81.389558,3455
35.29717,-81.389558,3463
36.29717,-81.389558,3471
36.29717,-80.389558,3527
36.29717,-79.389558,3536
36.29717,-78.389558,3543
36.29717,-77.389558,3551
37.29717,-76.389558,3559
37.29717,-75.389558,3567
37.29717,-74.389558,3583
36.29717,-74.389558,3591
35.29717,-74.389558,3623
34.29717,-74.389558,3655
33.29717,-74.389558,3671
BREAK
