START
22.633515,-33.007335,0
23.5072,-33.007335,96
24.380884,-33.007335,105
25.254568,-33.007335,124
27.001936,-33.007335,133
28.749305,-33.007335,151
28.749305,-32.13365,162
29.622989,-32.13365,170
31.370357,-32.13365,179
32.244042,-32.13365,189
33.117726,-32.13365,199
34.865094,-32.13365,208
35.738779,-32.13365,216
36.612463,-32.13365,226
37.486147,-32.13365,235
39.233515,-32.13365,244
40.1072,-32.13365,263
40.980884,-32.13365,272
41.854568,-32.13365,282
42.728252,-32.13365,307
43.601936,-32.13365,340
44.475621,-32.13365,377
44.475621,-33.007335,403
45.349305,-33.007335,421
45.349305,-33.881019,431
45.349305,-34.754703,440
45.349305,-36.502071,458
45.349305,-37.375756,478
45.349305,-38.24944,486
45.349305,-39.123124,496
45.349305,-39.996808,514
45.349305,-40.870492,531
44.475621,-41.744177,549
44.475621,-42.617861,558
44.475621,-43.491545,577
44.475621,-44.365229,597
44.475621,-45.238914,605
43.601936,-45.238914,614
43.601936,-46.112598,634
42.728252,-46.986282,642
41.854568,-47.859966,661
41.854568,-48.73365,671
40.980884,-48.73365,680
40.1072,-49.607335,690
40.1072,-50.481019,698
39.233515,-50.481019,707
38.359831,-51.354703,726
37.486147,-51.354703,742
36.612463,-52.228387,770
35.738779,-52.228387,787
35.738779,-53.102071,796
34.865094,-53.102071,805
33.99141,-53.975756,831
34.865094,-53.975756,1094
35.738779,-53.975756,1104
36.612463,-54.84944,1113
37.486147,-54.84944,1122
39.233515,-55.723124,1131
40.980884,-55.723124,1149
41.854568,-55.723124,1168
42.728252,-55.723124,1187
44.475621,-55.723124,1205
46.222989,-55.723124,1224
47.096673,-55.723124,1233
47.970357,-55.723124,1252
48.844042,-55.723124,1261
49.717726,-55.723124,1294
50.59141,-55.723124,1340
51.465094,-55.723124,1375
51.465094,-56.596808,1398
51.465094,-57.470492,1424
51.465094,-58.344177,1443
51.465094,-60.091545,1468
51.465094,-60.965229,1487
51.465094,-61.838914,1512
51.465094,-62.712598,1523
51.465094,-63.586282,1540
51.465094,-64.459966,1558
51.465094,-66.207335,1575
51.465094,-67.081019,1594
51.465094,-67.954703,1603
51.465094,-68.828387,1613
51.465094,-69.702071,1622
51.465094,-71.44944,1641
51.465094,-73.196808,1657
50.59141,-73.196808,1667
50.59141,-74.070492,1675
50.59141,-74.944177,1685
49.717726,-74.944177,1694
49.717726,-75.817861,1703
48.844042,-76.691545,1713
47.970357,-76.691545,1723
47.970357,-77.565229,1731
47.096673,-77.565229,1741
46.222989,-77.565229,1750
46.222989,-78.438914,1759
45.349305,-78.438914,1769
44.475621,-79.312598,1778
43.601936,-79.312598,1787
42.728252,-79.312598,1806
40.980884,-79.312598,1825
40.1072,-79.312598,1850
38.359831,-79.312598,1859
36.612463,-79.312598,1868
34.865094,-79.312598,1878
33.99141,-79.312598,1888
32.244042,-79.312598,1896
30.496673,-79.312598,1906
29.622989,-79.312598,1924
28.749305,-79.312598,1971
27.875621,-78.438914,2003
27.875621,-77.565229,2026
27.001936,-77.565229,2037
27.001936,-76.691545,2046
26.128252,-75.817861,2054
25.254568,-74.944177,2073
24.380884,-74.944177,2082
24.380884,-74.070492,2106
23.5072,-74.070492,2122
23.5072,-73.196808,2131
22.633515,-72.323124,2161
22.633515,-71.44944,2201
22.633515,-70.575756,2234
22.633515,-69.702071,2280
BREAK
19.138779,-29.512598,3620
20.012463,-29.512598,3652
20.886147,-29.512598,3685
21.759831,-29.512598,3710
22.633515,-29.512598,3729
23.5072,-29.512598,3739
25.254568,-29.512598,3748
27.001936,-29.512598,3758
28.749305,-29.512598,3766
30.496673,-29.512598,3776
31.370357,-29.512598,3785
33.117726,-29.512598,3795
35.738779,-29.512598,3804
36.612463,-29.512598,3813
37.486147,-29.512598,3830
38.359831,-29.512598,3839
40.980884,-29.512598,3848
41.854568,-28.638914,3857
42.728252,-28.638914,3866
43.601936,-28.638914,3877
45.349305,-28.638914,3886
47.096673,-28.638914,3895
48.844042,-28.638914,3904
49.717726,-28.638914,3913
51.465094,-28.638914,3923
53.212463,-28.638914,3933
54.086147,-28.638914,3944
56.7072,-28.638914,3953
57.580884,-28.638914,3962
59.328252,-28.638914,3972
61.075621,-28.638914,3980
61.949305,-28.638914,3991
63.696673,-28.638914,3999
65.444042,-28.638914,4009
67.19141,-27.765229,4017
68.065094,-27.765229,4027
68.938779,-26.891545,4037
70.686147,-26.891545,4045
71.559831,-26.017861,4055
72.433515,-26.017861,4073
73.3072,-26.017861,4097
BREAK
