START
7.9581647,-41.963425,0
8.7436192,-41.963425,16
9.5290738,-41.17797,250
9.5290738,-39.607061,250
9.5290738,-38.821606,266
10.314528,-38.036152,281
11.099983,-38.036152,312
11.885437,-37.250697,328
11.885437,-36.465243,344
11.885437,-35.679788,359
12.670892,-34.894334,375
13.456346,-34.894334,391
13.456346,-33.323425,391
13.456346,-32.53797,437
13.456346,-31.752516,469
14.241801,-31.752516,500
14.241801,-30.967061,500
14.241801,-30.181606,516
15.027256,-29.396152,594
15.81271,-28.610697,609
16.598165,-27.825243,672
17.383619,-27.825243,828
17.383619,-28.610697,1016
17.383619,-29.396152,1047
17.383619,-30.181606,1062
18.169074,-30.967061,1078
18.169074,-31.752516,1094
18.169074,-32.53797,1125
18.169074,-33.323425,1141
18.169074,-34.108879,1156
18.169074,-34.894334,1172
18.169074,-35.679788,1187
18.169074,-36.465243,1203
18.169074,-37.250697,1219
18.169074,-38.036152,1234
18.169074,-38.821606,1250
18.169074,-39.607061,1266
18.169074,-40.392516,1266
18.169074,-41.17797,1281
18.169074,-41.963425,1297
18.169074,-43.534334,1312
18.169074,-44.319788,1328
18.169074,-45.105243,1328
18.169074,-45.890697,1359
18.169074,-46.676152,1359
18.169074,-47.461606,1375
18.169074,-48.247061,1391
18.169074,-49.032516,1422
18.169074,-49.81797,1453
18.169074,-51.388879,1453
18.169074,-52.174334,1484
18.169074,-52.959788,1516
18.169074,-53.745243,1531
18.169074,-54.530697,1547
18.169074,-55.316152,1578
18.169074,-56.101606,1641
18.169074,-56.887061,1656
18.169074,-57.672516,1672
18.169074,-58.45797,1687
18.169074,-59.243425,1719
18.169074,-60.028879,1734
18.169074,-60.814334,1750
18.169074,-61.599788,1766
17.383619,-62.385243,1797
17.383619,-63.170697,1812
17.383619,-63.956152,1828
17.383619,-64.741606,1844
17.383619,-65.527061,1859
17.383619,-66.312516,1906
17.383619,-67.883425,1953
17.383619,-68.668879,1969
17.383619,-69.454334,2234
17.383619,-70.239788,2422
17.383619,-71.025243,2625
18.169074,-71.025243,2812
18.954528,-71.025243,2906
18.954528,-71.810697,2937
18.954528,-72.596152,3000
19.739983,-72.596152,3062
20.525437,-72.596152,3125
20.525437,-73.381606,3172
21.310892,-73.381606,3203
22.096346,-73.381606,3219
22.881801,-73.381606,3297
22.881801,-74.167061,3422
23.667256,-74.167061,3422
24.45271,-74.167061,3437
25.238165,-75.73797,3547
26.023619,-75.73797,3578
26.809074,-75.73797,3609
26.809074,-76.523425,3641
27.594528,-76.523425,3672
28.379983,-76.523425,3703
29.165437,-76.523425,3734
29.950892,-76.523425,3875
29.950892,-75.73797,4812
29.950892,-74.952516,4828
29.165437,-74.952516,4844
28.379983,-74.952516,4859
28.379983,-74.167061,4875
28.379983,-73.381606,4891
28.379983,-72.596152,4922
28.379983,-71.810697,4953
28.379983,-71.025243,4953
28.379983,-70.239788,5016
27.594528,-70.239788,5031
26.809074,-70.239788,5047
26.809074,-69.454334,5062
26.809074,-68.668879,5062
26.809074,-67.883425,5078
26.809074,-67.09797,5094
26.809074,-66.312516,5109
26.023619,-66.312516,5125
25.238165,-65.527061,5141
25.238165,-64.741606,5172
25.238165,-63.956152,5203
25.238165,-63.170697,5328
25.238165,-62.385243,5359
25.238165,-61.599788,5437
25.238165,-60.814334,5500
25.238165,-60.028879,5516
25.238165,-59.243425,5547
25.238165,-58.45797,5609
25.238165,-57.672516,5641
25.238165,-56.887061,5656
25.238165,-56.101606,5797
25.238165,-55.316152,5875
25.238165,-54.530697,5937
25.238165,-53.745243,5984
25.238165,-52.959788,6031
25.238165,-52.174334,6078
25.238165,-51.388879,6094
25.238165,-50.603425,6156
25.238165,-49.81797,6219
25.238165,-49.032516,6266
26.023619,-49.032516,6344
26.023619,-48.247061,6375
26.023619,-47.461606,6406
26.023619,-46.676152,6422
26.023619,-45.890697,6453
26.023619,-45.105243,6500
26.023619,-44.319788,6516
26.023619,-43.534334,6531
26.023619,-42.748879,6562
26.809074,-42.748879,6578
26.809074,-41.963425,6609
26.809074,-41.17797,6672
26.809074,-40.392516,6734
26.809074,-39.607061,6766
27.594528,-39.607061,6812
27.594528,-38.821606,6844
27.594528,-38.036152,7016
27.594528,-37.250697,7109
27.594528,-36.465243,7125
27.594528,-35.679788,7187
28.379983,-35.679788,7219
29.165437,-35.679788,7312
29.950892,-35.679788,7359
30.736346,-35.679788,7375
31.521801,-35.679788,7469
32.307256,-35.679788,7625
33.09271,-35.679788,7734
33.878165,-35.679788,7750
33.878165,-34.894334,7828
34.663619,-34.108879,7969
35.449074,-34.108879,8250
36.234528,-34.108879,8266
36.234528,-34.894334,8469
36.234528,-35.679788,8547
36.234528,-36.465243,8562
37.019983,-36.465243,8625
37.019983,-37.250697,8656
37.019983,-38.036152,8656
37.805437,-38.036152,8734
38.590892,-38.821606,8734
38.590892,-39.607061,8781
39.376346,-39.607061,8859
40.161801,-40.392516,8875
40.947256,-41.17797,8984
41.73271,-41.963425,9031
41.73271,-42.748879,9109
42.518165,-42.748879,9156
43.303619,-43.534334,9172
43.303619,-44.319788,9187
43.303619,-45.105243,9297
43.303619,-45.890697,9328
43.303619,-46.676152,9344
43.303619,-47.461606,9500
44.089074,-46.676152,9937
44.874528,-45.890697,10016
45.659983,-45.105243,10094
46.445437,-44.319788,10172
46.445437,-43.534334,10234
47.230892,-43.534334,10250
48.016346,-42.748879,10375
48.801801,-41.963425,10453
49.587256,-41.17797,10484
49.587256,-40.392516,10547
49.587256,-39.607061,11000
49.587256,-38.821606,11000
50.37271,-38.821606,11047
50.37271,-38.036152,11062
50.37271,-37.250697,11078
50.37271,-36.465243,11125
50.37271,-35.679788,11219
51.158165,-34.894334,11250
51.943619,-34.894334,11734
52.729074,-34.894334,11734
53.514528,-34.894334,11828
54.299983,-34.894334,11891
55.085437,-34.108879,11906
55.870892,-33.323425,11922
56.656346,-33.323425,11969
57.441801,-33.323425,12031
58.227256,-33.323425,12047
58.227256,-34.108879,12062
59.01271,-34.108879,12172
59.798165,-34.894334,12187
59.798165,-35.679788,12250
60.583619,-35.679788,12328
61.369074,-36.465243,12344
61.369074,-37.250697,12375
62.154528,-37.250697,12406
62.939983,-38.036152,12422
62.939983,-38.821606,12437
62.939983,-39.607061,12437
62.939983,-40.392516,12484
63.725437,-40.392516,12500
63.725437,-41.17797,12516
63.725437,-41.963425,12578
63.725437,-42.748879,12609
64.510892,-43.534334,12625
64.510892,-44.319788,12656
64.510892,-45.105243,12703
64.510892,-45.890697,12719
64.510892,-46.676152,12734
64.510892,-47.461606,12781
64.510892,-48.247061,12797
64.510892,-49.032516,12812
64.510892,-49.81797,12828
64.510892,-50.603425,12844
65.296346,-51.388879,12844
65.296346,-52.174334,12859
65.296346,-52.959788,12875
65.296346,-53.745243,12891
65.296346,-54.530697,12906
65.296346,-55.316152,12937
65.296346,-56.101606,12969
65.296346,-56.887061,13000
65.296346,-57.672516,13016
65.296346,-58.45797,13031
65.296346,-59.243425,13062
65.296346,-60.028879,13078
65.296346,-60.814334,13094
65.296346,-61.599788,13109
65.296346,-62.385243,13125
65.296346,-63.170697,13172
65.296346,-63.956152,13187
65.296346,-65.527061,13187
65.296346,-66.312516,13203
65.296346,-67.09797,13250
65.296346,-67.883425,13266
65.296346,-68.668879,13281
64.510892,-69.454334,13297
64.510892,-70.239788,13344
63.725437,-71.025243,13375
62.939983,-71.810697,13375
62.939983,-72.596152,13422
62.939983,-73.381606,13531
62.154528,-74.167061,14531
61.369074,-74.167061,14609
60.583619,-74.167061,14672
59.798165,-74.952516,14781
59.01271,-75.73797,14953
58.227256,-75.73797,15016
59.01271,-74.952516,15656
60.583619,-74.167061,15672
61.369074,-74.167061,15687
62.154528,-74.167061,15703
62.939983,-74.167061,15719
63.725437,-74.167061,15797
64.510892,-74.167061,15859
65.296346,-74.167061,15891
66.081801,-74.167061,15906
66.867256,-74.167061,16016
67.65271,-73.381606,16047
68.438165,-73.381606,16078
69.223619,-73.381606,16094
69.223619,-72.596152,16109
69.223619,-71.810697,16125
70.009074,-71.810697,16172
70.794528,-71.025243,16187
71.579983,-70.239788,16234
72.365437,-69.454334,16250
73.150892,-69.454334,16359
73.936346,-68.668879,16375
74.721801,-67.883425,16406
75.507256,-67.09797,16437
75.507256,-66.312516,16484
75.507256,-65.527061,16516
76.29271,-65.527061,16547
76.29271,-63.956152,16562
76.29271,-63.170697,16625
76.29271,-62.385243,16687
76.29271,-61.599788,16687
76.29271,-60.814334,16766
76.29271,-60.028879,16812
76.29271,-59.243425,16844
76.29271,-58.45797,16859
76.29271,-57.672516,16922
76.29271,-56.887061,16969
76.29271,-56.101606,16984
76.29271,-55.316152,17000
76.29271,-54.530697,17047
76.29271,-53.745243,17094
76.29271,-52.959788,17125
76.29271,-52.174334,17141
76.29271,-51.388879,17219
76.29271,-50.603425,17281
76.29271,-49.81797,17312
76.29271,-49.032516,17328
76.29271,-48.247061,17359
76.29271,-47.461606,17391
76.29271,-46.676152,17422
76.29271,-45.890697,17437
76.29271,-45.105243,17469
77.078165,-45.105243,17484
77.078165,-44.319788,17500
77.078165,-43.534334,17516
77.078165,-42.748879,17547
77.078165,-41.963425,17562
77.078165,-41.17797,17578
77.078165,-40.392516,17594
77.078165,-39.607061,17625
77.078165,-38.821606,17641
77.078165,-38.036152,17687
77.078165,-37.250697,17703
77.078165,-36.465243,17719
77.078165,-35.679788,17734
77.078165,-34.894334,17766
77.078165,-34.108879,17797
77.863619,-33.323425,17812
77.863619,-32.53797,17828
78.649074,-31.752516,17891
79.434528,-31.752516,17937
79.434528,-30.967061,17953
80.219983,-30.181606,18000
81.790892,-29.396152,18016
82.576346,-29.396152,18031
83.361801,-29.396152,18062
84.147256,-29.396152,18078
84.147256,-28.610697,18094
84.93271,-27.825243,18109
85.718165,-27.825243,18109
86.503619,-27.825243,18141
87.289074,-27.825243,18156
88.074528,-27.825243,18219
88.859983,-27.825243,18266
89.645437,-27.825243,18328
90.430892,-27.825243,18375
91.216346,-27.825243,18391
92.001801,-27.825243,18437
92.787256,-27.825243,18516
93.57271,-27.825243,18562
93.57271,-28.610697,18609
93.57271,-29.396152,18641
93.57271,-30.181606,18703
93.57271,-30.967061,18734
94.358165,-30.967061,18797
94.358165,-32.53797,18812
95.143619,-32.53797,18844
95.929074,-33.323425,18875
96.714528,-34.108879,18891
96.714528,-34.894334,18906
96.714528,-35.679788,18922
97.499983,-35.679788,18984
98.285437,-36.465243,19000
99.070892,-37.250697,19047
99.856346,-38.036152,19078
99.856346,-38.821606,19125
100.6418,-38.821606,19141
101.42726,-39.607061,19156
101.42726,-40.392516,19172
101.42726,-41.17797,19187
101.42726,-41.963425,19203
102.21271,-42.748879,19234
102.21271,-43.534334,19250
102.21271,-44.319788,19266
102.21271,-45.105243,19281
BREAK
88.859983,-74.167061,22859
89.645437,-74.167061,23391
90.430892,-74.167061,23406
90.430892,-74.952516,23422
91.216346,-74.952516,23453
92.001801,-74.952516,23500
92.787256,-74.952516,23516
93.57271,-74.952516,23531
94.358165,-74.952516,23578
94.358165,-75.73797,23609
95.143619,-75.73797,23672
95.929074,-74.952516,23687
96.714528,-74.952516,23703
96.714528,-74.167061,23719
96.714528,-73.381606,23750
97.499983,-72.596152,23750
97.499983,-71.810697,23766
97.499983,-71.025243,23781
97.499983,-70.239788,23812
97.499983,-69.454334,23828
97.499983,-68.668879,23844
98.285437,-67.883425,23844
98.285437,-67.09797,23875
98.285437,-66.312516,23906
99.070892,-65.527061,23922
99.070892,-64.741606,23937
99.070892,-63.956152,23969
99.070892,-63.170697,24000
99.070892,-62.385243,24016
99.856346,-62.385243,24031
99.856346,-61.599788,24047
99.856346,-60.814334,24062
99.856346,-60.028879,24078
99.856346,-59.243425,24109
99.856346,-58.45797,24109
99.856346,-57.672516,24203
99.856346,-56.887061,24219
99.856346,-56.101606,24266
99.856346,-55.316152,24281
100.6418,-55.316152,24297
100.6418,-54.530697,24312
100.6418,-53.745243,24359
100.6418,-52.959788,24375
100.6418,-52.174334,24391
100.6418,-51.388879,24437
100.6418,-50.603425,24469
100.6418,-49.81797,24531
100.6418,-49.032516,24531
101.42726,-49.032516,24578
101.42726,-48.247061,24687
101.42726,-47.461606,24734
101.42726,-46.676152,24828
101.42726,-45.890697,24875
101.42726,-45.105243,24891
100.6418,-45.105243,24906
99.856346,-45.105243,24922
99.856346,-44.319788,24953
99.856346,-43.534334,25000
99.856346,-42.748879,25031
99.856346,-41.963425,25031
BREAK
