START
40.683962,-18.859438,0
35.683962,-17.859438,199
34.683962,-17.859438,232
33.683962,-17.859438,247
32.683962,-18.859438,295
30.683962,-18.859438,328
30.683962,-19.859438,351
29.683962,-19.859438,367
29.683962,-20.859438,375
29.683962,-22.859438,383
28.683962,-23.859438,400
27.683962,-24.859438,423
27.683962,-25.859438,440
27.683962,-26.859438,455
27.683962,-27.859438,471
26.683962,-28.859438,479
26.683962,-29.859438,495
26.683962,-30.859438,519
26.683962,-31.859438,527
26.683962,-32.859438,535
25.683962,-33.859438,551
25.683962,-34.859438,584
24.683962,-36.859438,601
24.683962,-37.859438,616
24.683962,-38.859438,631
23.683962,-39.859438,647
23.683962,-40.859438,663
23.683962,-41.859438,687
23.683962,-43.859438,695
23.683962,-44.859438,711
23.683962,-45.859438,719
23.683962,-46.859438,727
23.683962,-48.859438,760
23.683962,-49.859438,775
23.683962,-50.859438,791
23.683962,-51.859438,799
23.683962,-52.859438,815
23.683962,-53.859438,831
23.683962,-54.859438,839
23.683962,-55.859438,855
23.683962,-57.859438,879
23.683962,-59.859438,895
23.683962,-60.859438,911
24.683962,-60.859438,919
24.683962,-61.859438,927
24.683962,-62.859438,935
25.683962,-64.859438,959
26.683962,-65.859438,976
27.683962,-66.859438,991
27.683962,-67.859438,1008
28.683962,-69.859438,1023
29.683962,-70.859438,1047
30.683962,-71.859438,1063
31.683962,-73.859438,1087
32.683962,-74.859438,1103
33.683962,-75.859438,1120
34.683962,-75.859438,1127
34.683962,-76.859438,1143
35.683962,-76.859438,1159
36.683962,-78.859438,1176
38.683962,-79.859438,1216
39.683962,-79.859438,1240
40.683962,-80.859438,1263
41.683962,-80.859438,1288
43.683962,-81.859438,1295
43.683962,-82.859438,1320
45.683962,-82.859438,1336
46.683962,-82.859438,1376
48.683962,-82.859438,1408
49.683962,-82.859438,1424
51.683962,-82.859438,1440
52.683962,-82.859438,1455
54.683962,-82.859438,1480
55.683962,-82.859438,1487
56.683962,-82.859438,1495
57.683962,-82.859438,1503
59.683962,-82.859438,1520
59.683962,-81.859438,1536
60.683962,-81.859438,1543
61.683962,-81.859438,1559
62.683962,-80.859438,1568
63.683962,-79.859438,1583
65.683962,-78.859438,1601
66.683962,-77.859438,1615
67.683962,-77.859438,1623
67.683962,-76.859438,1631
68.683962,-75.859438,1648
69.683962,-74.859438,1672
70.683962,-73.859438,1679
71.683962,-72.859438,1696
73.683962,-70.859438,1720
73.683962,-69.859438,1744
73.683962,-68.859438,1760
74.683962,-68.859438,1768
74.683962,-67.859438,1775
74.683962,-66.859438,1792
74.683962,-64.859438,1824
75.683962,-63.859438,1831
75.683962,-62.859438,1848
75.683962,-61.859438,1856
75.683962,-60.859438,1863
76.683962,-59.859438,1871
76.683962,-58.859438,1896
76.683962,-57.859438,1912
77.683962,-56.859438,1919
77.683962,-55.859438,1944
77.683962,-54.859438,1960
77.683962,-53.859438,1976
77.683962,-52.859438,1983
78.683962,-51.859438,1992
78.683962,-50.859438,2024
78.683962,-49.859438,2047
78.683962,-48.859438,2056
79.683962,-48.859438,2063
79.683962,-47.859438,2080
79.683962,-46.859438,2096
79.683962,-45.859438,2136
79.683962,-44.859438,2184
79.683962,-43.859438,2208
79.683962,-41.859438,2224
79.683962,-40.859438,2264
79.683962,-39.859438,2288
78.683962,-38.859438,2296
77.683962,-37.859438,2320
77.683962,-36.859438,2335
76.683962,-35.859438,2344
76.683962,-34.859438,2384
76.683962,-33.859438,2408
75.683962,-32.859438,2415
74.683962,-29.859438,2448
73.683962,-28.859438,2496
72.683962,-28.859438,2519
72.683962,-27.859438,2536
71.683962,-26.859438,2552
70.683962,-25.859438,2576
69.683962,-25.859438,2601
69.683962,-24.859438,2616
68.683962,-23.859438,2624
67.683962,-22.859438,2640
67.683962,-21.859438,2672
66.683962,-20.859438,2688
65.683962,-19.859438,2720
64.683962,-19.859438,2760
63.683962,-17.859438,2784
62.683962,-17.859438,2792
60.683962,-17.859438,2816
59.683962,-16.859438,2856
58.683962,-16.859438,2864
57.683962,-16.859438,2896
56.683962,-16.859438,2904
55.683962,-16.859438,2920
54.683962,-16.859438,2944
53.683962,-16.859438,2960
52.683962,-16.859438,2967
51.683962,-16.859438,2992
50.683962,-16.859438,2999
49.683962,-16.859438,3016
48.683962,-16.859438,3048
47.683962,-16.859438,3072
46.683962,-16.859438,3096
45.683962,-16.859438,3120
43.683962,-16.859438,3144
42.683962,-16.859438,3176
41.683962,-16.859438,3192
40.683962,-16.859438,3199
40.683962,-17.859438,3208
39.683962,-17.859438,3224
38.683962,-17.859438,3240
37.683962,-17.859438,3256
36.683962,-17.859438,3280
35.683962,-17.859438,3312
34.683962,-17.859438,3328
33.683962,-17.859438,3360
32.683962,-17.859438,3376
31.683962,-17.859438,3383
30.683962,-17.859438,3408
29.683962,-17.859438,3415
28.683962,-17.859438,3424
27.683962,-17.859438,3448
BREAK
49.683962,-18.859438,4464
50.683962,-23.859438,4607
50.683962,-24.859438,4615
50.683962,-25.859438,4623
50.683962,-26.859438,4639
50.683962,-27.859438,4647
50.683962,-29.859438,4655
50.683962,-30.859438,4671
50.683962,-31.859438,4679
50.683962,-32.859438,4687
50.683962,-33.859438,4695
50.683962,-34.859438,4703
50.683962,-35.859438,4719
50.683962,-36.859438,4744
50.683962,-37.859438,4759
50.683962,-38.859438,4767
50.683962,-40.859438,4783
51.683962,-41.859438,4791
51.683962,-42.859438,4799
51.683962,-43.859438,4823
51.683962,-44.859438,4831
51.683962,-45.859438,4855
51.683962,-46.859438,4863
51.683962,-47.859438,4879
51.683962,-48.859438,4903
51.683962,-49.859438,4919
51.683962,-50.859438,4927
51.683962,-51.859438,4959
51.683962,-52.859438,4967
51.683962,-53.859438,4983
51.683962,-54.859438,4999
51.683962,-55.859438,5007
51.683962,-56.859438,5015
51.683962,-57.859438,5039
51.683962,-58.859438,5056
51.683962,-59.859438,5064
51.683962,-60.859438,5087
51.683962,-61.859438,5095
51.683962,-62.859438,5112
51.683962,-63.859438,5135
51.683962,-64.859438,5151
51.683962,-65.859438,5159
51.683962,-66.859438,5175
51.683962,-67.859438,5183
51.683962,-68.859438,5191
51.683962,-70.859438,5215
51.683962,-71.859438,5231
51.683962,-72.859438,5239
51.683962,-73.859438,5263
51.683962,-74.859438,5271
51.683962,-75.859438,5287
51.683962,-76.859438,5303
51.683962,-77.859438,5328
51.683962,-78.859438,5343
51.683962,-79.859438,5375
51.683962,-80.859438,5391
51.683962,-81.859438,5415
51.683962,-82.859438,5639
50.683962,-82.859438,5647
49.683962,-82.859438,5655
BREAK
23.683962,-48.859438,6416
28.683962,-48.859438,6527
29.683962,-48.859438,6543
31.683962,-50.859438,6551
32.683962,-50.859438,6559
34.683962,-50.859438,6575
36.683962,-50.859438,6583
38.683962,-50.859438,6602
41.683962,-50.859438,6607
42.683962,-50.859438,6615
43.683962,-50.859438,6623
44.683962,-50.859438,6631
45.683962,-50.859438,6647
46.683962,-50.859438,6671
47.683962,-50.859438,6679
48.683962,-50.859438,6687
50.683962,-50.859438,6703
52.683962,-50.859438,6711
54.683962,-50.859438,6727
55.683962,-50.859438,6735
57.683962,-50.859438,6751
58.683962,-50.859438,6783
59.683962,-50.859438,6791
60.683962,-50.859438,6807
61.683962,-50.859438,6815
62.683962,-50.859438,6823
63.683962,-50.859438,6831
64.683962,-50.859438,6863
65.683962,-50.859438,6871
66.683962,-50.859438,6879
67.683962,-50.859438,6903
68.683962,-50.859438,6911
69.683962,-50.859438,6928
70.683962,-50.859438,6983
71.683962,-50.859438,7047
72.683962,-50.859438,7079
73.683962,-50.859438,7119
74.683962,-50.859438,7159
75.683962,-50.859438,7175
76.683962,-50.859438,7199
77.683962,-50.859438,7263
79.683962,-50.859438,7287
BREAK
