START
62.683962,-19.859438,0
61.683962,-19.859438,23
61.683962,-18.859438,39
60.683962,-18.859438,79
60.683962,-17.859438,95
59.683962,-17.859438,119
58.683962,-17.859438,144
57.683962,-16.859438,175
56.683962,-16.859438,191
55.683962,-16.859438,215
54.683962,-17.859438,231
53.683962,-17.859438,247
53.683962,-18.859438,256
52.683962,-19.859438,263
51.683962,-20.859438,271
50.683962,-21.859438,288
50.683962,-22.859438,295
49.683962,-23.859438,304
48.683962,-23.859438,327
48.683962,-24.859438,335
47.683962,-24.859438,367
47.683962,-25.859438,375
46.683962,-25.859438,383
46.683962,-26.859438,399
45.683962,-28.859438,407
44.683962,-29.859438,415
43.683962,-30.859438,423
43.683962,-31.859438,440
43.683962,-32.859438,456
43.683962,-33.859438,464
42.683962,-34.859438,487
42.683962,-35.859438,511
41.683962,-36.859438,519
41.683962,-37.859438,527
40.683962,-38.859438,535
40.683962,-39.859438,559
39.683962,-40.859438,568
39.683962,-41.859438,591
39.683962,-42.859438,607
39.683962,-43.859438,631
39.683962,-44.859438,640
38.683962,-45.859438,663
38.683962,-46.859438,679
38.683962,-47.859438,704
38.683962,-48.859438,711
38.683962,-49.859438,727
38.683962,-50.859438,751
38.683962,-51.859438,759
38.683962,-52.859438,784
39.683962,-53.859438,792
39.683962,-54.859438,816
39.683962,-55.859438,824
39.683962,-56.859438,839
39.683962,-57.859438,863
40.683962,-58.859438,871
40.683962,-59.859438,896
40.683962,-60.859438,904
40.683962,-61.859438,912
40.683962,-62.859438,928
41.683962,-63.859438,935
41.683962,-64.859438,944
42.683962,-65.859438,951
43.683962,-66.859438,976
43.683962,-67.859438,983
44.683962,-68.859438,991
44.683962,-69.859438,1008
44.683962,-70.859438,1016
44.683962,-71.859438,1032
45.683962,-71.859438,1048
45.683962,-72.859438,1056
45.683962,-73.859438,1079
45.683962,-74.859438,1087
45.683962,-75.859438,1096
45.683962,-76.859438,1104
45.683962,-77.859438,1120
46.683962,-78.859438,1128
46.683962,-79.859438,1136
47.683962,-80.859438,1160
48.683962,-80.859438,1200
49.683962,-81.859438,1208
50.683962,-81.859438,1232
51.683962,-81.859438,1248
52.683962,-81.859438,1272
53.683962,-81.859438,1288
54.683962,-81.859438,1328
55.683962,-81.859438,1352
56.683962,-81.859438,1360
57.683962,-81.859438,1384
58.683962,-81.859438,1392
58.683962,-80.859438,1400
59.683962,-80.859438,1408
60.683962,-80.859438,1424
61.683962,-79.859438,1432
62.683962,-79.859438,1440
64.683962,-78.859438,1448
65.683962,-78.859438,1464
66.683962,-77.859438,1472
67.683962,-76.859438,1480
68.683962,-76.859438,1496
69.683962,-75.859438,1504
70.683962,-74.859438,1512
71.683962,-74.859438,1520
72.683962,-73.859438,1536
73.683962,-72.859438,1544
74.683962,-71.859438,1552
75.683962,-70.859438,1560
76.683962,-69.859438,1576
77.683962,-68.859438,1584
78.683962,-67.859438,1592
78.683962,-66.859438,1608
78.683962,-65.859438,1616
80.683962,-64.859438,1624
81.683962,-63.859438,1648
81.683962,-62.859438,1656
82.683962,-60.859438,1664
83.683962,-59.859438,1672
83.683962,-57.859438,1688
83.683962,-55.859438,1696
85.683962,-53.859438,1704
85.683962,-51.859438,1712
85.683962,-49.859438,1728
85.683962,-48.859438,1736
85.683962,-46.859438,1744
85.683962,-45.859438,1760
85.683962,-44.859438,1768
84.683962,-42.859438,1776
83.683962,-41.859438,1785
82.683962,-39.859438,1800
81.683962,-37.859438,1808
81.683962,-36.859438,1816
80.683962,-34.859438,1824
79.683962,-32.859438,1840
78.683962,-30.859438,1848
77.683962,-29.859438,1856
76.683962,-28.859438,1872
75.683962,-26.859438,1880
74.683962,-25.859438,1888
73.683962,-24.859438,1896
71.683962,-23.859438,1912
70.683962,-22.859438,1920
69.683962,-21.859438,1928
67.683962,-20.859438,1936
66.683962,-20.859438,1952
65.683962,-19.859438,1960
64.683962,-18.859438,1968
63.683962,-18.859438,1976
62.683962,-18.859438,2000
61.683962,-18.859438,2024
60.683962,-18.859438,2032
59.683962,-19.859438,2040
57.683962,-20.859438,2048
56.683962,-21.859438,2064
54.683962,-22.859438,2072
52.683962,-23.859438,2080
51.683962,-24.859438,2104
BREAK
38.683962,-50.859438,2632
37.683962,-52.859438,2640
37.683962,-53.859438,2679
38.683962,-54.859438,2703
39.683962,-54.859438,2711
41.683962,-54.859438,2719
43.683962,-54.859438,2727
46.683962,-54.859438,2743
48.683962,-54.859438,2751
54.683962,-53.859438,2760
59.683962,-52.859438,2767
65.683962,-50.859438,2783
68.683962,-50.859438,2791
74.683962,-48.859438,2799
77.683962,-48.859438,2815
79.683962,-48.859438,2823
82.683962,-48.859438,2832
84.683962,-48.859438,2839
86.683962,-48.859438,2855
87.683962,-48.859438,2863
88.683962,-48.859438,2871
89.683962,-48.859438,2880
BREAK
66.683962,-20.859438,3576
65.683962,-19.859438,3584
65.683962,-18.859438,3599
64.683962,-18.859438,3624
64.683962,-19.859438,3775
63.683962,-21.859438,3807
62.683962,-22.859438,3824
62.683962,-23.859438,3839
62.683962,-25.859438,3847
62.683962,-26.859438,3855
61.683962,-28.859438,3863
61.683962,-31.859438,3879
61.683962,-33.859438,3888
61.683962,-35.859438,3895
61.683962,-37.859438,3904
61.683962,-39.859438,3920
61.683962,-41.859438,3927
61.683962,-43.859438,3936
61.683962,-45.859438,3951
61.683962,-46.859438,3959
61.683962,-48.859438,3967
61.683962,-49.859438,3975
61.683962,-51.859438,3991
61.683962,-52.859438,3999
61.683962,-54.859438,4008
61.683962,-55.859438,4015
61.683962,-57.859438,4032
61.683962,-58.859438,4040
61.683962,-59.859438,4047
61.683962,-60.859438,4056
61.683962,-61.859438,4072
62.683962,-62.859438,4079
62.683962,-63.859438,4087
62.683962,-64.859438,4104
62.683962,-65.859438,4119
62.683962,-66.859438,4127
62.683962,-67.859438,4151
62.683962,-68.859438,4167
62.683962,-69.859438,4191
61.683962,-70.859438,4208
61.683962,-71.859438,4256
61.683962,-72.859438,4271
61.683962,-73.859438,4304
BREAK
59.683962,-80.859438,6040
59.683962,-79.859438,6047
60.683962,-79.859438,6063
60.683962,-78.859438,6087
61.683962,-77.859438,6103
62.683962,-77.859438,6127
62.683962,-76.859438,6143
62.683962,-75.859438,6175
63.683962,-75.859438,6191
63.683962,-74.859438,6199
64.683962,-73.859438,6208
64.683962,-72.859438,6231
64.683962,-71.859438,6255
64.683962,-70.859438,6279
BREAK
