START
31.528302,-16.686747,0
31.528302,-17.686747,62
31.528302,-19.686747,72
31.528302,-20.686747,93
31.528302,-21.686747,103
31.528302,-22.686747,114
31.528302,-23.686747,124
31.528302,-24.686747,135
31.528302,-25.686747,145
31.528302,-26.686747,156
31.528302,-28.686747,176
31.528302,-29.686747,197
31.528302,-31.686747,208
31.528302,-32.686747,218
31.528302,-33.686747,229
31.528302,-35.686747,239
31.528302,-38.686747,250
31.528302,-39.686747,260
32.528302,-40.686747,271
33.528302,-43.686747,281
33.528302,-45.686747,302
33.528302,-46.686747,313
33.528302,-47.686747,323
33.528302,-48.686747,333
33.528302,-49.686747,344
33.528302,-50.686747,354
33.528302,-51.686747,367
33.528302,-52.686747,375
33.528302,-54.686747,385
33.528302,-56.686747,396
33.528302,-57.686747,406
33.528302,-59.686747,417
33.528302,-60.686747,427
33.528302,-61.686747,448
33.528302,-62.686747,459
33.528302,-63.686747,479
33.528302,-64.686747,490
33.528302,-65.686747,500
33.528302,-66.686747,511
33.528302,-67.686747,521
33.528302,-68.686747,532
33.528302,-69.686747,542
33.528302,-71.686747,553
33.528302,-72.686747,574
33.528302,-73.686747,584
33.528302,-74.686747,605
33.528302,-75.686747,615
33.528302,-76.686747,626
33.528302,-77.686747,636
33.528302,-79.686747,657
33.528302,-80.686747,678
33.528302,-81.686747,688
33.528302,-83.686747,699
33.528302,-84.686747,720
33.528302,-85.686747,730
33.528302,-87.686747,751
33.528302,-88.686747,762
33.528302,-89.686747,772
33.528302,-90.686747,793
33.528302,-91.686747,803
33.528302,-92.686747,824
33.528302,-93.686747,835
33.528302,-94.686747,866
33.528302,-92.686747,992
33.528302,-91.686747,1002
33.528302,-88.686747,1013
34.528302,-86.686747,1023
36.528302,-82.686747,1033
BREAK
33.528302,-15.686747,2653
34.528302,-15.686747,2705
35.528302,-15.686747,2778
36.528302,-16.686747,2809
38.528302,-16.686747,2830
38.528302,-17.686747,2841
39.528302,-17.686747,2851
40.528302,-18.686747,2861
41.528302,-19.686747,2872
42.528302,-19.686747,2882
43.528302,-19.686747,2893
44.528302,-20.686747,2903
45.528302,-20.686747,2914
46.528302,-21.686747,2945
47.528302,-21.686747,2966
47.528302,-22.686747,2977
48.528302,-22.686747,2987
49.528302,-22.686747,2997
50.528302,-22.686747,3018
50.528302,-23.686747,3039
51.528302,-23.686747,3060
51.528302,-24.686747,3091
52.528302,-24.686747,3102
53.528302,-24.686747,3123
53.528302,-25.686747,3144
54.528302,-25.686747,3154
55.528302,-25.686747,3196
BREAK
55.528302,-24.686747,3656
56.528302,-24.686747,3802
56.528302,-23.686747,3812
57.528302,-22.686747,3823
58.528302,-22.686747,3844
59.528302,-22.686747,3854
60.528302,-22.686747,3864
61.528302,-21.686747,3875
62.528302,-21.686747,3896
63.528302,-21.686747,3906
64.528302,-20.686747,3927
65.528302,-20.686747,3959
65.528302,-19.686747,3980
66.528302,-19.686747,3990
66.528302,-18.686747,4000
67.528302,-18.686747,4042
67.528302,-17.686747,4074
68.528302,-17.686747,4115
68.528302,-16.686747,4168
69.528302,-16.686747,4178
69.528302,-15.686747,4209
70.528302,-15.686747,4293
70.528302,-14.686747,4304
70.528302,-15.686747,4492
BREAK
31.528302,-35.686747,5642
32.528302,-35.686747,5725
33.528302,-36.686747,5766
34.528302,-36.686747,5787
35.528302,-36.686747,5797
36.528302,-37.686747,5808
37.528302,-38.686747,5829
38.528302,-38.686747,5839
39.528302,-39.686747,5850
39.528302,-40.686747,5860
40.528302,-40.686747,5870
41.528302,-40.686747,5933
42.528302,-41.686747,5944
43.528302,-41.686747,5965
43.528302,-42.686747,5986
44.528302,-42.686747,5996
45.528302,-42.686747,6059
46.528302,-42.686747,6079
46.528302,-43.686747,6090
47.528302,-43.686747,6121
48.528302,-43.686747,6173
49.528302,-44.686747,6194
50.528302,-44.686747,6215
51.528302,-45.686747,6237
50.528302,-45.686747,6498
BREAK
56.528302,-23.686747,8713
57.528302,-23.686747,8859
60.528302,-22.686747,8869
61.528302,-22.686747,8880
63.528302,-22.686747,8890
64.528302,-22.686747,8900
65.528302,-22.686747,8911
65.528302,-21.686747,8921
66.528302,-21.686747,8932
BREAK
