START
31.528302,-17.686747,0
31.528302,-18.686747,65
31.528302,-19.686747,113
31.528302,-20.686747,128
31.528302,-24.686747,147
32.528302,-29.686747,167
33.528302,-32.686747,189
33.528302,-33.686747,207
33.528302,-34.686747,225
34.528302,-36.686747,244
34.528302,-37.686747,266
34.528302,-38.686747,287
34.528302,-39.686747,307
34.528302,-42.686747,326
34.528302,-44.686747,342
34.528302,-48.686747,365
34.528302,-53.686747,384
34.528302,-59.686747,409
34.528302,-62.686747,428
34.528302,-65.686747,450
34.528302,-67.686747,466
34.528302,-68.686747,499
34.528302,-69.686747,520
34.528302,-70.686747,564
34.528302,-71.686747,586
34.528302,-72.686747,609
34.528302,-73.686747,629
34.528302,-74.686747,653
34.528302,-75.686747,672
34.528302,-77.686747,689
34.528302,-78.686747,714
35.528302,-78.686747,760
35.528302,-79.686747,764
35.528302,-80.686747,788
35.528302,-81.686747,800
35.528302,-82.686747,812
36.528302,-82.686747,825
36.528302,-83.686747,837
36.528302,-84.686747,898
36.528302,-85.686747,913
36.528302,-86.686747,990
36.528302,-87.686747,1152
BREAK
34.528302,-16.686747,2511
34.528302,-17.686747,2532
35.528302,-18.686747,2576
38.528302,-20.686747,2593
39.528302,-21.686747,2635
40.528302,-22.686747,2678
41.528302,-23.686747,2696
43.528302,-24.686747,2715
44.528302,-25.686747,2730
45.528302,-25.686747,2743
46.528302,-26.686747,2757
48.528302,-27.686747,2777
50.528302,-27.686747,2800
52.528302,-29.686747,2819
54.528302,-29.686747,2840
55.528302,-29.686747,2860
56.528302,-30.686747,2876
57.528302,-31.686747,2913
58.528302,-31.686747,2932
59.528302,-31.686747,2997
61.528302,-30.686747,3108
64.528302,-27.686747,3129
66.528302,-26.686747,3151
66.528302,-25.686747,3172
67.528302,-24.686747,3194
69.528302,-23.686747,3212
70.528302,-21.686747,3228
71.528302,-21.686747,3244
73.528302,-18.686747,3265
74.528302,-17.686747,3290
76.528302,-16.686747,3309
BREAK
35.528302,-38.686747,4712
36.528302,-38.686747,4751
36.528302,-39.686747,4765
37.528302,-39.686747,4786
40.528302,-40.686747,4807
43.528302,-41.686747,4826
44.528302,-42.686747,4848
45.528302,-42.686747,4871
46.528302,-42.686747,4891
47.528302,-42.686747,4913
47.528302,-43.686747,4930
48.528302,-43.686747,4946
50.528302,-45.686747,4981
52.528302,-45.686747,5004
52.528302,-46.686747,5045
53.528302,-46.686747,5065
54.528302,-46.686747,5136
54.528302,-47.686747,5280
BREAK
