START
20.525437,-45.105243,0
20.525437,-44.319788,159
20.525437,-43.534334,185
20.525437,-42.748879,209
20.525437,-41.963425,234
20.525437,-41.17797,262
20.525437,-40.392516,291
20.525437,-39.607061,316
20.525437,-38.821606,355
20.525437,-38.036152,384
20.525437,-37.250697,406
21.310892,-36.465243,426
21.310892,-35.679788,446
21.310892,-34.894334,456
22.096346,-34.894334,477
22.096346,-34.108879,487
22.881801,-33.323425,497
23.667256,-33.323425,519
23.667256,-32.53797,538
24.45271,-32.53797,559
24.45271,-31.752516,569
25.238165,-31.752516,590
26.023619,-31.752516,753
26.809074,-32.53797,773
27.594528,-32.53797,783
28.379983,-32.53797,803
29.950892,-32.53797,813
29.950892,-33.323425,824
30.736346,-33.323425,833
30.736346,-34.108879,927
30.736346,-34.894334,937
31.521801,-34.894334,947
31.521801,-35.679788,957
31.521801,-36.465243,977
31.521801,-37.250697,1014
31.521801,-38.036152,1067
31.521801,-38.821606,1087
31.521801,-39.607061,1107
31.521801,-40.392516,1117
31.521801,-41.17797,1138
31.521801,-41.963425,1161
31.521801,-42.748879,1183
31.521801,-43.534334,1203
31.521801,-44.319788,1224
31.521801,-45.105243,1244
31.521801,-45.890697,1254
31.521801,-46.676152,1264
31.521801,-47.461606,1284
31.521801,-48.247061,1304
31.521801,-49.032516,1325
31.521801,-49.81797,1345
31.521801,-50.603425,1355
31.521801,-51.388879,1375
31.521801,-52.174334,1385
31.521801,-52.959788,1405
31.521801,-54.530697,1426
31.521801,-55.316152,1436
31.521801,-56.101606,1456
31.521801,-56.887061,1476
31.521801,-57.672516,1497
31.521801,-58.45797,1519
31.521801,-59.243425,1541
30.736346,-59.243425,1551
30.736346,-60.028879,1561
30.736346,-60.814334,1571
30.736346,-61.599788,1581
30.736346,-62.385243,1591
30.736346,-63.170697,1612
30.736346,-63.956152,1654
30.736346,-64.741606,1674
31.521801,-64.741606,1684
31.521801,-65.527061,1705
31.521801,-66.312516,1725
32.307256,-66.312516,1735
32.307256,-67.09797,1745
32.307256,-67.883425,1755
32.307256,-68.668879,1775
33.09271,-68.668879,1785
33.878165,-68.668879,1816
33.878165,-69.454334,1826
33.878165,-70.239788,1846
34.663619,-70.239788,1856
35.449074,-70.239788,1886
35.449074,-71.025243,1897
36.234528,-71.025243,1907
37.019983,-71.025243,1917
37.805437,-71.025243,1937
37.805437,-70.239788,2371
37.805437,-69.454334,2440
37.805437,-68.668879,2465
37.805437,-67.883425,2485
37.019983,-67.883425,2495
37.019983,-67.09797,2505
37.019983,-66.312516,2525
37.019983,-65.527061,2545
37.019983,-64.741606,2556
37.019983,-63.956152,2576
37.019983,-63.170697,2597
37.019983,-62.385243,2617
37.019983,-61.599788,2637
37.019983,-60.814334,2661
37.019983,-60.028879,2687
37.019983,-59.243425,2715
37.019983,-58.45797,2733
37.019983,-57.672516,2760
37.019983,-56.101606,2790
37.019983,-55.316152,2810
37.019983,-54.530697,2836
37.805437,-53.745243,2870
37.805437,-52.959788,2880
37.805437,-52.174334,2910
37.805437,-51.388879,2920
37.805437,-50.603425,2941
37.805437,-49.81797,2964
37.805437,-49.032516,2997
37.805437,-48.247061,3007
37.805437,-47.461606,3027
37.805437,-46.676152,3048
37.805437,-45.890697,3069
37.805437,-45.105243,3089
38.590892,-44.319788,3109
38.590892,-43.534334,3143
39.376346,-42.748879,3163
39.376346,-41.963425,3177
40.161801,-41.963425,3196
40.161801,-41.17797,3205
40.161801,-40.392516,3229
40.161801,-39.607061,3259
40.947256,-39.607061,3291
41.73271,-39.607061,3323
41.73271,-38.821606,3333
42.518165,-38.821606,3343
43.303619,-38.036152,3353
44.089074,-37.250697,3373
44.874528,-37.250697,3457
45.659983,-37.250697,3480
46.445437,-37.250697,3501
48.016346,-37.250697,3511
48.801801,-37.250697,3521
49.587256,-37.250697,3531
50.37271,-37.250697,3541
51.158165,-37.250697,3551
51.943619,-37.250697,3603
52.729074,-37.250697,3623
53.514528,-37.250697,3664
54.299983,-37.250697,3712
54.299983,-38.036152,3762
54.299983,-38.821606,3793
55.085437,-38.821606,3803
55.085437,-39.607061,3813
55.870892,-39.607061,3823
56.656346,-40.392516,3833
56.656346,-41.17797,3843
57.441801,-41.17797,3857
57.441801,-41.963425,3868
57.441801,-42.748879,3980
58.227256,-42.748879,4000
58.227256,-43.534334,4010
58.227256,-44.319788,4030
58.227256,-45.105243,4083
58.227256,-45.890697,4109
58.227256,-46.676152,4130
58.227256,-47.461606,4150
58.227256,-48.247061,4191
58.227256,-49.032516,4211
58.227256,-49.81797,4241
58.227256,-50.603425,4262
58.227256,-51.388879,4282
58.227256,-52.174334,4292
58.227256,-52.959788,4302
58.227256,-53.745243,4322
59.01271,-53.745243,4332
59.01271,-54.530697,4342
59.01271,-55.316152,4352
59.01271,-56.101606,4363
59.01271,-56.887061,4373
59.01271,-57.672516,4393
59.01271,-58.45797,4403
59.01271,-59.243425,4428
59.798165,-60.028879,4458
59.798165,-60.814334,4478
59.798165,-61.599788,4498
59.798165,-62.385243,4546
59.798165,-63.170697,4589
59.798165,-63.956152,4630
59.798165,-64.741606,4654
59.798165,-65.527061,4687
59.798165,-66.312516,4709
59.798165,-67.09797,4729
59.798165,-67.883425,4749
59.798165,-68.668879,4769
59.798165,-69.454334,4800
59.798165,-70.239788,4879
59.798165,-71.025243,4997
59.798165,-70.239788,5120
59.798165,-69.454334,5155
59.798165,-68.668879,5383
60.583619,-68.668879,5405
61.369074,-67.883425,5425
61.369074,-67.09797,5435
62.154528,-67.09797,5445
62.939983,-67.09797,5455
62.939983,-66.312516,5757
62.939983,-65.527061,5776
62.939983,-64.741606,5786
63.725437,-63.956152,5797
63.725437,-63.170697,5817
63.725437,-62.385243,5837
63.725437,-61.599788,5857
63.725437,-60.814334,5887
63.725437,-60.028879,5897
63.725437,-59.243425,5918
63.725437,-58.45797,5938
63.725437,-57.672516,5967
63.725437,-56.887061,5990
63.725437,-56.101606,6010
63.725437,-55.316152,6030
63.725437,-54.530697,6040
63.725437,-53.745243,6060
63.725437,-52.959788,6081
63.725437,-52.174334,6117
63.725437,-51.388879,6137
63.725437,-50.603425,6157
63.725437,-49.81797,6167
64.510892,-49.032516,6188
64.510892,-48.247061,6218
64.510892,-47.461606,6228
65.296346,-47.461606,6238
65.296346,-46.676152,6248
66.081801,-45.890697,6258
66.081801,-45.105243,6269
66.081801,-44.319788,6289
66.081801,-43.534334,6309
66.081801,-42.748879,6329
66.081801,-41.963425,6339
66.867256,-41.17797,6359
66.867256,-39.607061,6370
67.65271,-38.821606,6380
67.65271,-38.036152,6400
67.65271,-37.250697,6420
67.65271,-36.465243,6430
67.65271,-35.679788,6452
67.65271,-34.894334,6471
68.438165,-34.108879,6492
68.438165,-33.323425,6512
69.223619,-33.323425,6980
69.223619,-34.108879,7014
69.223619,-34.894334,7054
70.009074,-34.894334,7074
70.009074,-35.679788,7084
70.009074,-36.465243,7167
70.794528,-37.250697,7197
70.794528,-38.036152,7217
71.579983,-38.036152,7227
71.579983,-38.821606,7244
71.579983,-39.607061,7296
71.579983,-40.392516,7326
72.365437,-41.17797,7336
72.365437,-42.748879,7346
73.936346,-42.748879,7357
73.936346,-43.534334,7367
73.936346,-44.319788,7437
73.936346,-45.105243,7457
73.936346,-45.890697,7528
73.936346,-46.676152,7548
73.936346,-47.461606,7558
73.936346,-48.247061,7578
73.936346,-49.032516,7588
73.936346,-49.81797,7598
73.936346,-50.603425,7619
73.936346,-51.388879,7638
73.936346,-52.174334,7649
73.936346,-52.959788,7659
73.936346,-53.745243,7669
73.936346,-54.530697,7689
73.936346,-55.316152,7699
73.936346,-56.101606,7765
73.936346,-56.887061,7843
73.936346,-57.672516,7863
73.936346,-58.45797,7940
73.936346,-59.243425,7960
73.936346,-60.028879,7981
73.936346,-60.814334,8001
73.936346,-61.599788,8024
73.936346,-62.385243,8057
BREAK
