START
10.314528,-55.316152,0
10.314528,-54.530697,129
10.314528,-53.745243,137
10.314528,-50.603425,189
10.314528,-49.81797,195
10.314528,-48.247061,227
10.314528,-47.461606,234
10.314528,-46.676152,265
10.314528,-45.890697,280
10.314528,-45.105243,304
11.099983,-45.105243,336
11.885437,-45.105243,344
11.885437,-44.319788,352
12.670892,-44.319788,375
13.456346,-44.319788,424
14.241801,-44.319788,448
15.81271,-44.319788,455
16.598165,-44.319788,468
17.383619,-45.105243,474
18.954528,-45.105243,479
18.954528,-46.676152,487
19.739983,-46.676152,496
19.739983,-47.461606,571
19.739983,-48.247061,592
19.739983,-49.032516,600
20.525437,-49.032516,608
20.525437,-50.603425,616
20.525437,-51.388879,648
20.525437,-52.174334,680
20.525437,-53.745243,714
20.525437,-54.530697,728
20.525437,-55.316152,736
20.525437,-56.101606,768
20.525437,-56.887061,800
20.525437,-57.672516,832
20.525437,-58.45797,840
20.525437,-59.243425,848
20.525437,-60.028879,880
19.739983,-60.028879,936
19.739983,-60.814334,945
19.739983,-62.385243,968
18.169074,-63.170697,994
18.169074,-64.741606,1040
18.169074,-65.527061,1064
18.169074,-66.312516,1104
18.169074,-67.883425,1128
18.169074,-68.668879,1168
18.169074,-69.454334,1192
18.169074,-70.239788,1208
18.169074,-71.810697,1224
18.169074,-72.596152,1232
18.169074,-73.381606,1240
18.169074,-74.167061,1264
18.954528,-75.73797,1288
18.954528,-76.523425,1320
18.954528,-77.308879,1328
19.739983,-77.308879,1338
19.739983,-78.094334,1352
20.525437,-78.879788,1360
20.525437,-79.665243,1392
21.310892,-79.665243,1401
22.881801,-80.450697,1424
23.667256,-82.021606,1432
24.45271,-82.021606,1448
26.023619,-82.807061,1464
26.809074,-82.807061,1513
28.379983,-82.807061,1552
29.165437,-82.807061,1576
29.950892,-84.37797,1600
31.521801,-84.37797,1616
32.307256,-84.37797,1707
BREAK
32.307256,-83.592516,2305
32.307256,-82.807061,2527
32.307256,-82.021606,2544
32.307256,-80.450697,2568
32.307256,-79.665243,2584
32.307256,-78.879788,2591
30.736346,-78.879788,2600
30.736346,-78.094334,2607
30.736346,-77.308879,2632
30.736346,-76.523425,2639
29.950892,-75.73797,2664
29.950892,-74.952516,2688
29.950892,-73.381606,2712
29.950892,-72.596152,2754
29.165437,-71.810697,2792
29.165437,-71.025243,2801
29.165437,-69.454334,2829
29.165437,-68.668879,2856
29.165437,-67.883425,2872
29.165437,-67.09797,2904
29.165437,-65.527061,2929
29.165437,-64.741606,2952
29.165437,-63.956152,2976
29.165437,-62.385243,2993
29.165437,-61.599788,3008
29.165437,-60.814334,3016
29.165437,-59.243425,3040
29.165437,-56.101606,3104
30.736346,-55.316152,3160
31.521801,-54.530697,3163
32.307256,-54.530697,3168
33.09271,-54.530697,3193
33.09271,-52.959788,3209
34.663619,-52.959788,3232
35.449074,-52.174334,3240
36.234528,-52.174334,3248
37.805437,-52.174334,3264
37.805437,-51.388879,3272
38.590892,-51.388879,3280
39.376346,-51.388879,3320
40.161801,-51.388879,3336
41.73271,-51.388879,3344
42.518165,-51.388879,3352
44.089074,-51.388879,3360
44.874528,-51.388879,3368
45.659983,-51.388879,3392
47.230892,-52.959788,3400
48.016346,-53.745243,3440
48.801801,-53.745243,3472
48.801801,-54.530697,3480
50.37271,-54.530697,3496
51.158165,-56.101606,3512
51.158165,-56.887061,3544
51.943619,-56.887061,3552
51.943619,-57.672516,3608
51.943619,-59.243425,3640
53.514528,-59.243425,3648
53.514528,-60.028879,3656
54.299983,-60.814334,3672
54.299983,-61.599788,3696
54.299983,-63.170697,3808
54.299983,-63.956152,3840
54.299983,-64.741606,3864
54.299983,-66.312516,3880
54.299983,-67.09797,3928
54.299983,-67.883425,3956
54.299983,-68.668879,3968
54.299983,-69.454334,4032
54.299983,-71.025243,4056
54.299983,-71.810697,4097
54.299983,-72.596152,4136
54.299983,-74.167061,4176
54.299983,-74.952516,4240
54.299983,-75.73797,4320
54.299983,-77.308879,4408
52.729074,-77.308879,4424
51.943619,-77.308879,4512
51.158165,-77.308879,4552
51.158165,-78.094334,4568
49.587256,-78.094334,4576
48.801801,-78.094334,4608
48.801801,-78.879788,4616
BREAK
54.299983,-76.523425,6528
53.514528,-78.879788,6924
53.514528,-79.665243,6945
53.514528,-81.236152,6983
52.729074,-81.236152,7096
52.729074,-82.021606,7112
53.514528,-82.021606,7792
54.299983,-82.021606,7799
55.085437,-82.021606,7808
55.870892,-82.021606,7816
56.656346,-82.021606,7832
57.441801,-82.021606,7859
59.01271,-82.021606,7928
59.01271,-80.450697,8008
59.798165,-80.450697,8016
59.798165,-79.665243,8040
60.583619,-79.665243,8048
60.583619,-78.879788,8056
60.583619,-78.094334,8064
62.154528,-77.308879,8072
62.939983,-77.308879,8096
62.939983,-76.523425,8130
63.725437,-76.523425,8184
63.725437,-75.73797,8192
63.725437,-74.167061,8216
63.725437,-73.381606,8240
63.725437,-72.596152,8296
63.725437,-71.025243,8361
63.725437,-70.239788,8400
63.725437,-69.454334,8728
63.725437,-68.668879,8808
63.725437,-67.09797,8848
63.725437,-66.312516,8921
63.725437,-65.527061,8944
63.725437,-64.741606,8968
63.725437,-63.170697,8984
63.725437,-62.385243,9008
63.725437,-61.599788,9048
63.725437,-60.814334,9072
63.725437,-59.243425,9107
63.725437,-58.45797,9128
63.725437,-57.672516,9152
63.725437,-56.101606,9169
63.725437,-55.316152,9192
63.725437,-54.530697,9240
63.725437,-53.745243,9280
63.725437,-52.174334,9304
63.725437,-51.388879,9328
63.725437,-50.603425,9368
62.154528,-49.032516,9400
62.154528,-48.247061,9450
62.154528,-47.461606,9488
61.369074,-47.461606,9496
61.369074,-46.676152,9528
60.583619,-46.676152,9536
60.583619,-45.105243,9586
59.01271,-44.319788,9620
59.01271,-42.748879,9656
59.01271,-41.963425,9688
58.227256,-41.963425,9698
58.227256,-41.17797,9728
57.441801,-41.17797,9792
57.441801,-40.392516,9864
57.441801,-38.821606,10016
58.227256,-38.821606,10064
59.798165,-38.821606,10112
59.798165,-38.036152,10137
60.583619,-38.036152,10144
61.369074,-38.036152,10160
61.369074,-37.250697,10168
62.939983,-37.250697,10176
63.725437,-37.250697,10200
64.510892,-37.250697,10240
65.296346,-37.250697,10248
66.867256,-37.250697,10256
67.65271,-38.036152,10280
68.438165,-38.036152,10320
68.438165,-39.607061,10344
70.009074,-39.607061,10353
70.794528,-40.392516,10370
72.365437,-41.963425,10376
73.150892,-41.963425,10414
73.150892,-42.748879,10463
73.936346,-42.748879,10467
73.936346,-43.534334,10473
75.507256,-43.534334,10503
76.29271,-45.105243,10529
76.29271,-45.890697,10576
77.078165,-45.890697,10616
77.078165,-46.676152,10624
77.078165,-47.461606,10664
78.649074,-49.032516,10696
78.649074,-49.81797,10712
78.649074,-51.388879,10737
79.434528,-51.388879,10744
79.434528,-52.174334,10800
79.434528,-52.959788,10840
79.434528,-53.745243,10880
79.434528,-54.530697,10904
79.434528,-55.316152,10912
79.434528,-56.101606,10920
79.434528,-56.887061,10944
79.434528,-57.672516,10960
79.434528,-59.243425,10968
79.434528,-60.028879,10984
79.434528,-60.814334,10993
79.434528,-61.599788,11032
79.434528,-63.170697,11056
79.434528,-63.956152,11072
79.434528,-64.741606,11088
79.434528,-66.312516,11112
79.434528,-67.09797,11173
79.434528,-67.883425,11205
79.434528,-68.668879,11209
79.434528,-69.454334,11242
79.434528,-71.025243,11257
79.434528,-71.810697,11288
79.434528,-72.596152,11353
79.434528,-73.381606,11370
79.434528,-74.952516,11401
79.434528,-75.73797,11473
79.434528,-76.523425,11506
79.434528,-77.308879,11560
BREAK
