START
37.108491,-20.281124,0
36.108491,-20.281124,63
35.108491,-20.281124,103
36.108491,-19.281124,207
37.108491,-19.281124,215
38.108491,-19.281124,223
39.108491,-19.281124,231
40.108491,-19.281124,247
42.108491,-19.281124,263
43.108491,-18.281124,279
45.108491,-18.281124,287
46.108491,-18.281124,295
47.108491,-18.281124,303
48.108491,-18.281124,319
49.108491,-18.281124,327
50.108491,-18.281124,343
51.108491,-19.281124,367
52.108491,-19.281124,383
53.108491,-19.281124,400
54.108491,-21.281124,407
55.108491,-21.281124,415
55.108491,-22.281124,431
56.108491,-23.281124,439
57.108491,-24.281124,455
57.108491,-25.281124,471
57.108491,-26.281124,487
57.108491,-27.281124,495
57.108491,-28.281124,519
57.108491,-29.281124,543
57.108491,-30.281124,567
57.108491,-31.281124,591
57.108491,-32.281124,607
58.108491,-33.281124,631
58.108491,-34.281124,663
58.108491,-35.281124,679
58.108491,-36.281124,703
57.108491,-37.281124,719
57.108491,-38.281124,743
57.108491,-39.281124,759
57.108491,-40.281124,783
57.108491,-41.281124,799
57.108491,-42.281124,823
57.108491,-43.281124,847
57.108491,-44.281124,863
57.108491,-45.281124,887
57.108491,-46.281124,903
57.108491,-47.281124,927
57.108491,-48.281124,943
57.108491,-49.281124,967
57.108491,-50.281124,975
57.108491,-51.281124,983
57.108491,-52.281124,1007
57.108491,-53.281124,1015
57.108491,-54.281124,1023
57.108491,-55.281124,1047
57.108491,-56.281124,1063
57.108491,-57.281124,1079
57.108491,-58.281124,1095
56.108491,-58.281124,1103
56.108491,-59.281124,1127
56.108491,-60.281124,1151
56.108491,-61.281124,1175
56.108491,-62.281124,1207
56.108491,-63.281124,1247
56.108491,-64.281124,1287
56.108491,-65.281124,1327
56.108491,-66.281124,1351
56.108491,-67.281124,1399
57.108491,-68.281124,1423
57.108491,-69.281124,1431
58.108491,-70.281124,1471
59.108491,-71.281124,1495
60.108491,-72.281124,1511
61.108491,-73.281124,1535
61.108491,-74.281124,1567
61.108491,-75.281124,1583
62.108491,-75.281124,1591
62.108491,-76.281124,1623
63.108491,-76.281124,1647
64.108491,-77.281124,1663
65.108491,-78.281124,1687
66.108491,-79.281124,1703
67.108491,-80.281124,1727
68.108491,-80.281124,1743
69.108491,-80.281124,1767
70.108491,-80.281124,1775
71.108491,-80.281124,1791
73.108491,-80.281124,1799
74.108491,-80.281124,1807
76.108491,-80.281124,1815
78.108491,-79.281124,1831
79.108491,-79.281124,1839
81.108491,-78.281124,1847
82.108491,-78.281124,1855
83.108491,-77.281124,1871
84.108491,-76.281124,1887
85.108491,-75.281124,1919
85.108491,-74.281124,1943
BREAK
58.108491,-28.281124,2975
59.108491,-28.281124,3087
60.108491,-28.281124,3111
61.108491,-27.281124,3119
62.108491,-27.281124,3135
63.108491,-27.281124,3151
63.108491,-26.281124,3159
64.108491,-26.281124,3167
65.108491,-25.281124,3191
66.108491,-25.281124,3199
67.108491,-25.281124,3215
68.108491,-25.281124,3231
69.108491,-25.281124,3239
70.108491,-25.281124,3263
71.108491,-25.281124,3271
72.108491,-25.281124,3287
73.108491,-25.281124,3303
73.108491,-26.281124,3311
74.108491,-26.281124,3327
75.108491,-26.281124,3343
75.108491,-27.281124,3351
76.108491,-28.281124,3375
77.108491,-29.281124,3383
78.108491,-30.281124,3399
79.108491,-31.281124,3423
79.108491,-32.281124,3431
80.108491,-33.281124,3439
80.108491,-34.281124,3455
81.108491,-34.281124,3463
81.108491,-35.281124,3471
82.108491,-35.281124,3479
82.108491,-36.281124,3495
83.108491,-36.281124,3503
83.108491,-37.281124,3511
83.108491,-38.281124,3543
83.108491,-39.281124,3575
83.108491,-40.281124,3591
83.108491,-41.281124,3623
82.108491,-41.281124,3647
82.108491,-42.281124,3655
82.108491,-43.281124,3695
81.108491,-44.281124,3735
81.108491,-45.281124,3759
80.108491,-45.281124,3767
79.108491,-46.281124,3839
78.108491,-46.281124,3879
78.108491,-47.281124,3887
78.108491,-48.281124,3943
77.108491,-48.281124,3959
77.108491,-49.281124,3983
76.108491,-49.281124,4007
76.108491,-50.281124,4023
75.108491,-50.281124,4047
75.108491,-51.281124,4063
74.108491,-52.281124,4079
73.108491,-53.281124,4119
72.108491,-53.281124,4143
71.108491,-53.281124,4159
71.108491,-54.281124,4191
70.108491,-54.281124,4199
69.108491,-54.281124,4247
68.108491,-54.281124,4263
68.108491,-55.281124,4271
67.108491,-55.281124,4303
66.108491,-56.281124,4327
65.108491,-56.281124,4367
64.108491,-56.281124,4384
63.108491,-56.281124,4423
62.108491,-56.281124,4447
61.108491,-57.281124,4479
60.108491,-57.281124,4503
59.108491,-57.281124,4559
59.108491,-58.281124,4567
58.108491,-58.281124,4607
BREAK
54.108491,-29.281124,5503
55.108491,-29.281124,5519
54.108491,-29.281124,5679
53.108491,-29.281124,5695
52.108491,-29.281124,5711
51.108491,-29.281124,5719
50.108491,-30.281124,5735
49.108491,-30.281124,5751
48.108491,-30.281124,5767
47.108491,-30.281124,5775
46.108491,-30.281124,5783
45.108491,-31.281124,5791
44.108491,-31.281124,5807
43.108491,-32.281124,5815
42.108491,-33.281124,5831
41.108491,-34.281124,5855
40.108491,-35.281124,5871
39.108491,-36.281124,5895
38.108491,-37.281124,5919
38.108491,-38.281124,5927
37.108491,-38.281124,5935
37.108491,-39.281124,5943
37.108491,-40.281124,5959
37.108491,-41.281124,5967
36.108491,-42.281124,5983
36.108491,-43.281124,5999
36.108491,-44.281124,6007
36.108491,-45.281124,6023
37.108491,-46.281124,6039
38.108491,-47.281124,6055
38.108491,-48.281124,6071
39.108491,-49.281124,6079
40.108491,-49.281124,6087
40.108491,-50.281124,6095
41.108491,-51.281124,6111
41.108491,-52.281124,6135
42.108491,-52.281124,6151
42.108491,-53.281124,6159
43.108491,-53.281124,6167
43.108491,-54.281124,6199
44.108491,-54.281124,6207
45.108491,-54.281124,6231
47.108491,-55.281124,6247
48.108491,-55.281124,6271
49.108491,-55.281124,6287
50.108491,-55.281124,6303
51.108491,-55.281124,6319
52.108491,-55.281124,6343
53.108491,-55.281124,6351
54.108491,-55.281124,6359
55.108491,-55.281124,6383
56.108491,-54.281124,6391
57.108491,-53.281124,6415
58.108491,-53.281124,6423
BREAK
