START
32.108491,-15.281124,0
33.108491,-14.281124,103
34.108491,-14.281124,204
35.108491,-14.281124,208
35.108491,-13.281124,224
36.108491,-13.281124,244
38.108491,-13.281124,256
39.108491,-12.281124,289
40.108491,-12.281124,296
41.108491,-11.281124,304
42.108491,-11.281124,312
43.108491,-11.281124,328
44.108491,-11.281124,344
45.108491,-11.281124,375
46.108491,-11.281124,452
47.108491,-11.281124,472
48.108491,-11.281124,480
48.108491,-12.281124,498
48.108491,-13.281124,504
49.108491,-13.281124,512
50.108491,-15.281124,540
51.108491,-16.281124,544
51.108491,-17.281124,552
51.108491,-18.281124,560
52.108491,-18.281124,577
52.108491,-20.281124,584
53.108491,-20.281124,619
53.108491,-21.281124,624
53.108491,-22.281124,672
53.108491,-23.281124,688
53.108491,-25.281124,708
53.108491,-26.281124,713
53.108491,-27.281124,720
53.108491,-28.281124,728
53.108491,-29.281124,749
53.108491,-30.281124,752
53.108491,-31.281124,760
53.108491,-32.281124,768
53.108491,-34.281124,792
53.108491,-35.281124,800
53.108491,-36.281124,808
53.108491,-38.281124,831
53.108491,-39.281124,832
53.108491,-40.281124,840
53.108491,-41.281124,848
52.108491,-43.281124,875
52.108491,-44.281124,888
52.108491,-45.281124,896
52.108491,-46.281124,911
52.108491,-47.281124,920
52.108491,-48.281124,936
52.108491,-50.281124,963
53.108491,-50.281124,968
53.108491,-51.281124,976
53.108491,-53.281124,1005
53.108491,-54.281124,1008
53.108491,-55.281124,1016
53.108491,-58.281124,1035
53.108491,-59.281124,1048
53.108491,-60.281124,1056
53.108491,-62.281124,1080
54.108491,-65.281124,1148
54.108491,-66.281124,1163
54.108491,-67.281124,1176
54.108491,-69.281124,1203
54.108491,-70.281124,1216
54.108491,-71.281124,1243
54.108491,-72.281124,1248
54.108491,-73.281124,1256
54.108491,-74.281124,1272
54.108491,-75.281124,1288
55.108491,-76.281124,1304
55.108491,-77.281124,1313
55.108491,-78.281124,1328
55.108491,-79.281124,1352
55.108491,-80.281124,1376
55.108491,-81.281124,1392
56.108491,-81.281124,1410
57.108491,-82.281124,1424
58.108491,-83.281124,1450
58.108491,-85.281124,1480
58.108491,-86.281124,1504
59.108491,-86.281124,1520
60.108491,-86.281124,1560
60.108491,-87.281124,1617
61.108491,-87.281124,1640
62.108491,-87.281124,1704
63.108491,-87.281124,1752
63.108491,-88.281124,1760
64.108491,-88.281124,1785
64.108491,-89.281124,1792
65.108491,-89.281124,1800
66.108491,-89.281124,1824
67.108491,-89.281124,1880
68.108491,-89.281124,1912
69.108491,-89.281124,1928
69.108491,-88.281124,1936
70.108491,-88.281124,1949
70.108491,-87.281124,1952
71.108491,-87.281124,1960
72.108491,-87.281124,1976
73.108491,-87.281124,2016
73.108491,-86.281124,2033
73.108491,-85.281124,2163
73.108491,-84.281124,2208
73.108491,-83.281124,2216
74.108491,-83.281124,2224
74.108491,-82.281124,2244
75.108491,-81.281124,2256
75.108491,-80.281124,2264
75.108491,-79.281124,2286
76.108491,-79.281124,2288
76.108491,-78.281124,2297
76.108491,-77.281124,2312
76.108491,-76.281124,2344
75.108491,-76.281124,2473
74.108491,-76.281124,2496
74.108491,-75.281124,2552
73.108491,-75.281124,2584
72.108491,-75.281124,2680
72.108491,-74.281124,2688
73.108491,-73.281124,2896
75.108491,-72.281124,2910
BREAK
34.108491,-15.281124,6769
36.108491,-15.281124,6976
33.108491,-16.281124,6993
33.108491,-17.281124,7048
33.108491,-18.281124,7104
33.108491,-19.281124,7144
33.108491,-20.281124,7160
33.108491,-21.281124,7200
33.108491,-22.281124,7232
33.108491,-23.281124,7284
33.108491,-24.281124,7296
34.108491,-24.281124,7416
34.108491,-25.281124,7560
35.108491,-25.281124,7592
BREAK
25.108491,-55.281124,10472
25.108491,-54.281124,10536
24.108491,-54.281124,10577
24.108491,-53.281124,10584
24.108491,-52.281124,10640
24.108491,-51.281124,10648
24.108491,-50.281124,10688
24.108491,-49.281124,10712
24.108491,-48.281124,10744
24.108491,-47.281124,10768
25.108491,-47.281124,10792
25.108491,-46.281124,10800
25.108491,-45.281124,10825
26.108491,-44.281124,10832
26.108491,-43.281124,10856
27.108491,-43.281124,10896
28.108491,-43.281124,10936
28.108491,-42.281124,10960
29.108491,-42.281124,11000
30.108491,-41.281124,11016
31.108491,-41.281124,11033
32.108491,-41.281124,11040
32.108491,-40.281124,11048
33.108491,-40.281124,11096
33.108491,-39.281124,11117
33.108491,-38.281124,11120
34.108491,-38.281124,11128
35.108491,-38.281124,11208
36.108491,-38.281124,11216
37.108491,-38.281124,11242
38.108491,-38.281124,11264
39.108491,-38.281124,11288
40.108491,-38.281124,11297
41.108491,-38.281124,11312
42.108491,-38.281124,11328
42.108491,-37.281124,11344
43.108491,-37.281124,11352
44.108491,-37.281124,11376
45.108491,-37.281124,11408
46.108491,-37.281124,11424
47.108491,-37.281124,11432
48.108491,-37.281124,11449
49.108491,-37.281124,11464
50.108491,-38.281124,11472
51.108491,-38.281124,11493
52.108491,-38.281124,11504
53.108491,-37.281124,11512
54.108491,-37.281124,11520
55.108491,-37.281124,11535
56.108491,-37.281124,11560
57.108491,-37.281124,11576
58.108491,-37.281124,11600
59.108491,-37.281124,11617
60.108491,-37.281124,11624
61.108491,-37.281124,11632
62.108491,-37.281124,11648
63.108491,-37.281124,11688
64.108491,-37.281124,11712
64.108491,-38.281124,11720
65.108491,-38.281124,11728
66.108491,-38.281124,11760
68.108491,-38.281124,11785
68.108491,-39.281124,11792
69.108491,-39.281124,11800
70.108491,-39.281124,11808
71.108491,-39.281124,11824
71.108491,-40.281124,11832
72.108491,-40.281124,11856
73.108491,-41.281124,11872
74.108491,-41.281124,11888
75.108491,-41.281124,11912
76.108491,-41.281124,11952
76.108491,-42.281124,11968
77.108491,-42.281124,11976
78.108491,-42.281124,11996
79.108491,-42.281124,12033
81.108491,-43.281124,12081
82.108491,-43.281124,12104
82.108491,-44.281124,12118
83.108491,-45.281124,12161
83.108491,-46.281124,12204
83.108491,-47.281124,12225
84.108491,-48.281124,12242
84.108491,-49.281124,12256
85.108491,-49.281124,12264
85.108491,-50.281124,12285
84.108491,-52.281124,12312
84.108491,-53.281124,12344
84.108491,-54.281124,12370
84.108491,-55.281124,12376
84.108491,-56.281124,12392
83.108491,-56.281124,12409
83.108491,-57.281124,12462
82.108491,-58.281124,12473
82.108491,-59.281124,12494
81.108491,-60.281124,12513
80.108491,-60.281124,12534
80.108491,-61.281124,12544
80.108491,-62.281124,12585
79.108491,-62.281124,12600
79.108491,-63.281124,12624
79.108491,-64.281124,12641
78.108491,-64.281124,12649
78.108491,-65.281124,12673
78.108491,-66.281124,12688
77.108491,-66.281124,12703
76.108491,-65.281124,12705
74.108491,-65.281124,12743
73.108491,-66.281124,12769
72.108491,-66.281124,12786
70.108491,-66.281124,12801
70.108491,-67.281124,12808
70.108491,-68.281124,12825
69.108491,-68.281124,12833
68.108491,-68.281124,12857
68.108491,-69.281124,12872
67.108491,-69.281124,12874
66.108491,-69.281124,12889
65.108491,-69.281124,12897
64.108491,-69.281124,12913
63.108491,-69.281124,12920
62.108491,-69.281124,12937
61.108491,-69.281124,12961
60.108491,-70.281124,12977
59.108491,-70.281124,12994
58.108491,-70.281124,13009
57.108491,-70.281124,13034
56.108491,-70.281124,13057
55.108491,-70.281124,13077
55.108491,-71.281124,13080
54.108491,-71.281124,13097
53.108491,-71.281124,13119
52.108491,-71.281124,13129
51.108491,-71.281124,13145
50.108491,-71.281124,13160
49.108491,-71.281124,13177
48.108491,-71.281124,13185
46.108491,-71.281124,13203
45.108491,-71.281124,13217
44.108491,-71.281124,13225
43.108491,-71.281124,13242
42.108491,-71.281124,13257
40.108491,-71.281124,13273
40.108491,-70.281124,13289
39.108491,-70.281124,13305
39.108491,-69.281124,13313
37.108491,-69.281124,13329
36.108491,-69.281124,13346
35.108491,-69.281124,13377
35.108491,-68.281124,13393
35.108491,-67.281124,13433
33.108491,-66.281124,13450
32.108491,-66.281124,13473
32.108491,-65.281124,13481
32.108491,-64.281124,13505
30.108491,-64.281124,13513
30.108491,-63.281124,13534
29.108491,-63.281124,13618
29.108491,-62.281124,13633
29.108491,-61.281124,13665
29.108491,-60.281124,13681
29.108491,-59.281124,13745
29.108491,-58.281124,13753
29.108491,-57.281124,13787
28.108491,-57.281124,13793
28.108491,-56.281124,13827
28.108491,-54.281124,13841
28.108491,-53.281124,13870
28.108491,-52.281124,13881
27.108491,-52.281124,14209
26.108491,-53.281124,14286
25.108491,-52.281124,14417
BREAK
