START
36.877358,-21.859438,0
36.877358,-22.859438,79
36.877358,-23.859438,99
36.877358,-24.859438,129
36.877358,-25.859438,169
36.877358,-26.859438,229
36.877358,-27.859438,249
36.877358,-28.859438,259
36.877358,-29.859438,279
36.877358,-30.859438,289
36.877358,-31.859438,301
36.877358,-32.859438,322
36.877358,-33.859438,332
36.877358,-34.859438,373
36.877358,-35.859438,403
37.877358,-35.859438,413
37.877358,-36.859438,433
38.877358,-37.859438,446
38.877358,-38.859438,467
39.877358,-38.859438,477
39.877358,-40.859438,487
40.877358,-41.859438,497
41.877358,-42.859438,507
41.877358,-43.859438,527
42.877358,-43.859438,537
42.877358,-44.859438,559
43.877358,-45.859438,569
44.877358,-45.859438,580
44.877358,-46.859438,589
45.877358,-46.859438,609
45.877358,-47.859438,619
46.877358,-47.859438,639
46.877358,-48.859438,649
47.877358,-48.859438,669
48.877358,-48.859438,689
48.877358,-49.859438,699
49.877358,-49.859438,720
51.877358,-49.859438,753
52.877358,-49.859438,774
53.877358,-49.859438,794
54.877358,-49.859438,804
55.877358,-49.859438,814
56.877358,-49.859438,824
57.877358,-49.859438,834
59.877358,-49.859438,844
61.877358,-48.859438,864
62.877358,-47.859438,874
64.877358,-45.859438,884
64.877358,-43.859438,894
65.877358,-43.859438,904
65.877358,-42.859438,924
66.877358,-42.859438,964
67.877358,-40.859438,994
68.877358,-40.859438,1004
69.877358,-38.859438,1014
69.877358,-37.859438,1054
69.877358,-36.859438,1107
70.877358,-36.859438,1147
71.877358,-35.859438,1187
71.877358,-33.859438,1198
72.877358,-32.859438,1221
72.877358,-31.859438,1232
72.877358,-30.859438,1242
72.877358,-29.859438,1252
72.877358,-28.859438,1262
72.877358,-27.859438,1282
72.877358,-26.859438,1352
72.877358,-25.859438,1404
72.877358,-24.859438,1542
72.877358,-23.859438,1562
72.877358,-22.859438,1594
72.877358,-21.859438,1616
72.877358,-20.859438,1676
72.877358,-21.859438,1909
72.877358,-23.859438,1921
72.877358,-25.859438,1932
72.877358,-26.859438,1944
72.877358,-28.859438,1955
72.877358,-29.859438,1967
72.877358,-31.859438,1978
72.877358,-32.859438,1988
72.877358,-34.859438,1998
72.877358,-36.859438,2009
72.877358,-39.859438,2018
72.877358,-41.859438,2029
72.877358,-42.859438,2038
72.877358,-43.859438,2049
72.877358,-45.859438,2070
72.877358,-46.859438,2093
72.877358,-48.859438,2105
72.877358,-50.859438,2128
72.877358,-51.859438,2139
72.877358,-52.859438,2161
72.877358,-53.859438,2181
72.877358,-54.859438,2201
72.877358,-55.859438,2211
72.877358,-56.859438,2220
71.877358,-58.859438,2231
70.877358,-59.859438,2241
70.877358,-60.859438,2252
70.877358,-61.859438,2274
69.877358,-61.859438,2284
68.877358,-63.859438,2294
67.877358,-65.859438,2304
66.877358,-66.859438,2314
66.877358,-67.859438,2324
66.877358,-68.859438,2344
64.877358,-69.859438,2354
64.877358,-71.859438,2364
63.877358,-71.859438,2374
63.877358,-72.859438,2384
62.877358,-72.859438,2404
61.877358,-73.859438,2434
60.877358,-74.859438,2444
59.877358,-75.859438,2465
58.877358,-75.859438,2477
57.877358,-75.859438,2537
57.877358,-76.859438,2547
55.877358,-76.859438,2556
55.877358,-77.859438,2567
54.877358,-77.859438,2589
53.877358,-77.859438,2600
52.877358,-77.859438,2610
51.877358,-77.859438,2641
50.877358,-77.859438,2664
49.877358,-77.859438,2684
48.877358,-77.859438,2694
47.877358,-77.859438,2714
45.877358,-77.859438,2734
44.877358,-76.859438,2754
43.877358,-76.859438,2764
42.877358,-76.859438,2784
42.877358,-75.859438,2794
41.877358,-75.859438,2804
40.877358,-75.859438,2824
39.877358,-74.859438,2834
38.877358,-74.859438,2854
38.877358,-73.859438,2864
37.877358,-72.859438,2938
37.877358,-71.859438,2959
37.877358,-70.859438,2969
37.877358,-69.859438,2979
37.877358,-68.859438,3009
37.877358,-67.859438,3051
36.877358,-67.859438,3071
36.877358,-66.859438,3081
35.877358,-65.859438,3161
35.877358,-64.859438,3212
34.877358,-64.859438,3232
34.877358,-63.859438,3272
34.877358,-62.859438,3312
33.877358,-62.859438,3416
33.877358,-61.859438,3446
BREAK
