START
18.086147,-42.97616,0
18.868102,-41.412251,147
19.650057,-41.412251,169
19.650057,-39.848341,180
19.650057,-39.066386,192
21.213967,-39.066386,203
21.213967,-38.284431,214
21.995921,-37.502476,225
24.341786,-36.720521,236
25.905696,-35.938566,247
26.687651,-35.938566,282
27.469606,-35.938566,313
28.251561,-35.938566,324
29.033515,-35.938566,335
29.81547,-35.938566,346
30.597425,-35.938566,357
31.37938,-35.938566,395
32.161335,-35.938566,417
33.725245,-35.938566,428
34.5072,-35.938566,439
35.289154,-36.720521,450
36.071109,-37.502476,477
36.853064,-38.284431,499
37.635019,-39.066386,511
38.416974,-39.848341,522
36.853064,-40.630296,533
37.635019,-41.412251,568
37.635019,-42.194205,580
36.853064,-42.194205,602
36.853064,-42.97616,613
36.853064,-43.758115,631
37.635019,-44.54007,642
37.635019,-45.322025,653
37.635019,-46.10398,664
37.635019,-46.885935,675
37.635019,-48.449844,686
37.635019,-49.231799,698
37.635019,-50.013754,709
37.635019,-50.795709,720
37.635019,-51.577664,731
37.635019,-52.359619,742
37.635019,-53.141574,753
37.635019,-53.923529,764
37.635019,-54.705484,775
37.635019,-56.269393,786
37.635019,-57.051348,798
37.635019,-57.833303,809
37.635019,-59.397213,820
37.635019,-60.179168,831
37.635019,-60.961123,842
36.853064,-61.743078,854
36.071109,-61.743078,865
36.071109,-62.525032,876
34.5072,-63.306987,904
33.725245,-63.306987,931
32.161335,-63.306987,954
30.597425,-63.306987,976
29.033515,-64.088942,987
28.251561,-64.088942,1009
26.687651,-64.088942,1020
25.905696,-64.088942,1031
25.123741,-64.088942,1043
23.559831,-64.088942,1054
22.777876,-64.088942,1065
21.213967,-63.306987,1076
18.868102,-62.525032,1087
18.086147,-62.525032,1098
15.740282,-61.743078,1109
14.176373,-61.743078,1123
13.394418,-60.961123,1145
12.612463,-60.961123,1169
12.612463,-60.179168,1183
11.048553,-59.397213,1200
10.266598,-59.397213,1395
BREAK
38.416974,-57.051348,2590
37.635019,-57.051348,2601
37.635019,-57.833303,2770
38.416974,-58.615258,2792
38.416974,-59.397213,2803
39.198929,-60.179168,2815
40.762839,-60.961123,2837
40.762839,-61.743078,2851
41.544794,-62.525032,2866
42.326748,-63.306987,2892
43.108703,-63.306987,2905
43.108703,-64.088942,2916
43.890658,-64.088942,2927
43.890658,-64.870897,2942
45.454568,-65.652852,2976
47.018478,-65.652852,3001
47.800433,-66.434807,3012
48.582388,-66.434807,3024
49.364342,-66.434807,3061
50.146297,-66.434807,3082
50.928252,-66.434807,3093
51.710207,-66.434807,3104
52.492162,-66.434807,3115
53.274117,-66.434807,3138
54.056072,-66.434807,3149
54.056072,-65.652852,3160
54.838027,-65.652852,3171
55.619982,-65.652852,3182
56.401936,-64.088942,3193
57.965846,-64.088942,3204
57.965846,-62.525032,3215
58.747801,-62.525032,3226
58.747801,-61.743078,3238
59.529756,-61.743078,3249
60.311711,-61.743078,3260
60.311711,-60.179168,3271
61.093666,-59.397213,3293
61.875621,-58.615258,3304
61.875621,-57.833303,3317
61.093666,-57.051348,3339
60.311711,-57.051348,3350
60.311711,-56.269393,3383
60.311711,-55.487438,3394
60.311711,-54.705484,3405
60.311711,-53.141574,3416
60.311711,-52.359619,3427
60.311711,-51.577664,3438
60.311711,-50.013754,3450
60.311711,-49.231799,3461
60.311711,-48.449844,3472
60.311711,-47.66789,3483
60.311711,-46.885935,3494
60.311711,-46.10398,3505
60.311711,-45.322025,3520
60.311711,-44.54007,3542
60.311711,-43.758115,3553
60.311711,-42.97616,3566
60.311711,-42.194205,3592
60.311711,-41.412251,3605
59.529756,-41.412251,3616
58.747801,-40.630296,3627
58.747801,-39.848341,3638
57.965846,-39.066386,3649
57.965846,-37.502476,3671
BREAK
