START
30.188679,-35.405622,0
30.188679,-36.405622,131
30.188679,-37.405622,169
30.188679,-38.405622,192
30.188679,-39.405622,214
30.188679,-40.405622,225
30.188679,-41.405622,236
30.188679,-42.405622,246
32.188679,-44.405622,256
32.188679,-46.405622,267
33.188679,-47.405622,277
33.188679,-48.405622,288
33.188679,-49.405622,298
33.188679,-50.405622,308
33.188679,-52.405622,319
33.188679,-53.405622,340
33.188679,-54.405622,360
34.188679,-54.405622,380
34.188679,-55.405622,390
34.188679,-56.405622,402
34.188679,-57.405622,427
34.188679,-58.405622,457
34.188679,-59.405622,480
34.188679,-60.405622,520
34.188679,-61.405622,565
34.188679,-62.405622,587
34.188679,-63.405622,597
34.188679,-64.405622,626
34.188679,-65.405622,646
34.188679,-66.405622,680
34.188679,-67.405622,690
34.188679,-68.405622,714
34.188679,-69.405622,734
34.188679,-70.405622,745
34.188679,-71.405622,755
34.188679,-70.405622,1068
35.188679,-69.405622,1078
35.188679,-68.405622,1103
35.188679,-67.405622,1130
36.188679,-66.405622,1141
36.188679,-65.405622,1151
36.188679,-64.405622,1180
36.188679,-63.405622,1190
37.188679,-63.405622,1200
37.188679,-61.405622,1211
37.188679,-60.405622,1232
37.188679,-58.405622,1252
37.188679,-57.405622,1295
37.188679,-55.405622,1316
37.188679,-54.405622,1342
38.188679,-54.405622,1352
38.188679,-53.405622,1363
38.188679,-52.405622,1374
39.188679,-51.405622,1401
39.188679,-50.405622,1422
39.188679,-49.405622,1437
39.188679,-48.405622,1452
40.188679,-46.405622,1483
40.188679,-45.405622,1525
41.188679,-45.405622,1539
41.188679,-44.405622,1549
41.188679,-43.405622,1565
41.188679,-42.405622,1586
42.188679,-42.405622,1606
42.188679,-41.405622,1629
42.188679,-40.405622,1639
42.188679,-39.405622,1681
42.188679,-38.405622,1724
43.188679,-38.405622,1745
43.188679,-37.405622,1782
43.188679,-36.405622,1844
44.188679,-36.405622,1882
45.188679,-35.405622,1916
45.188679,-34.405622,1929
46.188679,-33.405622,1966
46.188679,-32.405622,1986
47.188679,-32.405622,2095
48.188679,-32.405622,2132
49.188679,-32.405622,2188
50.188679,-32.405622,2272
51.188679,-32.405622,2284
52.188679,-32.405622,2336
53.188679,-32.405622,2361
54.188679,-32.405622,2414
55.188679,-33.405622,2435
55.188679,-34.405622,2450
56.188679,-34.405622,2474
56.188679,-35.405622,2484
56.188679,-36.405622,2520
56.188679,-37.405622,2551
57.188679,-37.405622,2562
57.188679,-38.405622,2572
57.188679,-39.405622,2599
58.188679,-41.405622,2620
58.188679,-42.405622,2643
58.188679,-43.405622,2653
59.188679,-44.405622,2663
59.188679,-45.405622,2684
59.188679,-47.405622,2695
59.188679,-48.405622,2715
59.188679,-49.405622,2726
60.188679,-50.405622,2736
60.188679,-51.405622,2747
60.188679,-53.405622,2757
60.188679,-54.405622,2768
60.188679,-55.405622,2789
61.188679,-56.405622,2799
61.188679,-57.405622,2810
61.188679,-58.405622,2820
62.188679,-59.405622,2831
62.188679,-60.405622,2851
62.188679,-61.405622,2866
62.188679,-62.405622,2877
62.188679,-63.405622,2898
62.188679,-64.405622,2908
62.188679,-65.405622,2929
62.188679,-66.405622,2939
62.188679,-67.405622,2950
62.188679,-69.405622,2970
62.188679,-70.405622,2981
62.188679,-72.405622,3002
63.188679,-72.405622,3012
63.188679,-73.405622,3022
63.188679,-74.405622,3033
63.188679,-75.405622,3043
63.188679,-76.405622,3064
63.188679,-77.405622,3074
63.188679,-78.405622,3085
64.188679,-79.405622,3110
64.188679,-80.405622,3120
64.188679,-82.405622,3137
64.188679,-83.405622,3152
64.188679,-84.405622,3275
BREAK
