START
64.801327,-18.116023,0
64.801327,-19.082125,93
64.801327,-20.048227,135
64.801327,-21.014329,166
64.801327,-21.98043,187
64.801327,-22.946532,198
64.801327,-23.912634,229
64.801327,-24.878735,260
64.801327,-25.844837,281
64.801327,-26.810939,292
64.801327,-27.77704,313
64.801327,-28.743142,334
64.801327,-29.709244,354
64.801327,-30.675345,365
64.801327,-31.641447,375
64.801327,-32.607549,396
64.801327,-33.573651,407
64.801327,-34.539752,417
64.801327,-36.471956,438
64.801327,-37.438057,459
64.801327,-38.404159,469
64.801327,-39.370261,480
64.801327,-40.336362,490
64.801327,-41.302464,501
64.801327,-42.268566,511
64.801327,-43.234667,522
64.801327,-45.166871,533
64.801327,-46.132973,543
64.801327,-47.099074,553
64.801327,-48.065176,574
64.801327,-49.031278,595
64.801327,-50.963481,616
64.801327,-51.929583,636
64.801327,-52.895684,647
64.801327,-53.861786,658
64.801327,-54.827888,678
64.801327,-56.760091,689
64.801327,-57.726193,699
64.801327,-58.692295,710
64.801327,-60.624498,720
64.801327,-61.5906,741
64.801327,-63.522803,752
64.801327,-64.488905,772
64.801327,-66.421108,783
64.801327,-68.353312,793
64.801327,-69.319413,814
64.801327,-70.285515,825
64.801327,-71.251617,835
64.801327,-72.217718,856
64.801327,-74.149922,867
64.801327,-75.116023,877
64.801327,-76.082125,887
64.801327,-77.048227,898
64.801327,-78.014329,919
64.801327,-78.98043,929
64.801327,-79.946532,961
64.801327,-80.912634,981
63.835225,-81.878735,992
63.835225,-82.844837,1013
63.835225,-83.810939,1023
63.835225,-84.77704,1044
63.835225,-85.743142,1055
63.835225,-86.709244,1117
63.835225,-87.675345,1149
62.869124,-87.675345,1347
62.869124,-86.709244,1358
BREAK
64.801327,-18.116023,2288
65.767429,-18.116023,2371
66.733531,-18.116023,2434
67.699632,-18.116023,2454
68.665734,-18.116023,2475
69.631836,-18.116023,2496
70.597937,-18.116023,2507
71.564039,-18.116023,2517
72.530141,-18.116023,2538
73.496242,-18.116023,2549
74.462344,-18.116023,2580
75.428446,-18.116023,2622
76.394547,-18.116023,2643
77.360649,-18.116023,2663
78.326751,-18.116023,2716
79.292853,-18.116023,2831
80.258954,-18.116023,2988
BREAK
21.326751,-23.912634,10521
22.292853,-23.912634,10761
23.258954,-23.912634,10771
25.191158,-23.912634,10792
26.157259,-23.912634,10823
27.123361,-23.912634,10854
28.089463,-23.912634,10886
29.055564,-23.912634,10907
30.021666,-23.912634,11074
30.987768,-23.912634,11084
31.95387,-23.912634,11095
32.919971,-23.912634,11147
33.886073,-23.912634,11178
34.852175,-23.912634,11189
35.818276,-23.912634,11199
36.784378,-23.912634,11220
37.75048,-23.912634,11272
38.716581,-24.878735,11409
39.682683,-24.878735,11440
40.648785,-24.878735,11471
40.648785,-25.844837,11555
40.648785,-26.810939,11575
40.648785,-27.77704,11607
41.614886,-27.77704,11649
41.614886,-28.743142,11701
41.614886,-29.709244,11711
41.614886,-30.675345,11764
41.614886,-31.641447,11806
41.614886,-32.607549,11848
41.614886,-33.573651,11910
41.614886,-34.539752,12015
41.614886,-33.573651,12892
41.614886,-32.607549,12913
42.580988,-32.607549,12923
42.580988,-31.641447,12976
43.54709,-31.641447,12986
43.54709,-30.675345,12997
43.54709,-29.709244,13164
44.513192,-28.743142,13185
44.513192,-27.77704,13195
45.479293,-27.77704,13216
45.479293,-26.810939,13237
46.445395,-25.844837,13289
46.445395,-24.878735,13310
47.411497,-24.878735,13352
47.411497,-23.912634,13362
48.377598,-23.912634,13435
48.377598,-22.946532,13467
49.3437,-21.98043,13508
50.309802,-21.98043,13613
51.275903,-21.014329,13634
52.242005,-21.014329,13707
53.208107,-21.014329,13728
54.174209,-21.014329,13759
55.14031,-21.014329,13822
56.106412,-21.014329,13864
57.072514,-21.014329,14000
58.038615,-21.014329,14093
59.004717,-21.014329,14104
59.970819,-21.014329,14114
60.93692,-21.014329,14146
61.903022,-21.014329,14261
62.869124,-21.014329,14345
62.869124,-21.98043,14355
63.835225,-21.98043,14365
64.801327,-21.98043,14407
64.801327,-22.946532,14815
BREAK
41.614886,-30.675345,16549
41.614886,-31.641447,16873
40.648785,-31.641447,16883
40.648785,-32.607549,16924
39.682683,-32.607549,16966
39.682683,-33.573651,17008
38.716581,-33.573651,17019
37.75048,-33.573651,17039
36.784378,-34.539752,17175
35.818276,-34.539752,17207
35.818276,-35.505854,17280
34.852175,-35.505854,17301
34.852175,-36.471956,17332
33.886073,-36.471956,17374
33.886073,-37.438057,17468
33.886073,-38.404159,17499
33.886073,-39.370261,17677
33.886073,-40.336362,17740
34.852175,-40.336362,17750
34.852175,-41.302464,17760
35.818276,-41.302464,17781
36.784378,-41.302464,18231
36.784378,-40.336362,18241
37.75048,-40.336362,18252
38.716581,-40.336362,18272
39.682683,-39.370261,18304
40.648785,-39.370261,18335
40.648785,-38.404159,18345
41.614886,-38.404159,18356
41.614886,-37.438057,18366
41.614886,-36.471956,18450
41.614886,-35.505854,18471
42.580988,-35.505854,18492
42.580988,-34.539752,18523
42.580988,-35.505854,18795
41.614886,-35.505854,18805
41.614886,-36.471956,18826
41.614886,-37.438057,18899
40.648785,-37.438057,18920
40.648785,-38.404159,18930
39.682683,-38.404159,18993
39.682683,-39.370261,19045
38.716581,-39.370261,19056
38.716581,-40.336362,19066
37.75048,-40.336362,19160
37.75048,-41.302464,19244
36.784378,-41.302464,19296
36.784378,-42.268566,19307
35.818276,-42.268566,19328
34.852175,-42.268566,19474
33.886073,-42.268566,19578
BREAK
44.513192,-35.505854,20446
45.479293,-35.505854,20497
45.479293,-36.471956,20550
45.479293,-37.438057,20675
45.479293,-38.404159,20727
45.479293,-39.370261,20780
45.479293,-40.336362,20821
46.445395,-40.336362,20968
47.411497,-40.336362,21030
47.411497,-41.302464,21051
48.377598,-41.302464,21062
49.3437,-42.268566,21082
50.309802,-42.268566,21145
51.275903,-42.268566,21229
51.275903,-43.234667,21239
52.242005,-43.234667,21260
52.242005,-42.268566,21427
52.242005,-41.302464,21448
52.242005,-40.336362,21479
52.242005,-39.370261,21500
52.242005,-38.404159,21595
52.242005,-37.438057,21657
52.242005,-36.471956,21699
52.242005,-35.505854,21762
51.275903,-35.505854,21782
51.275903,-34.539752,21804
50.309802,-34.539752,21856
49.3437,-34.539752,21918
48.377598,-34.539752,22148
47.411497,-34.539752,22179
46.445395,-34.539752,22263
45.479293,-34.539752,22347
45.479293,-35.505854,22493
BREAK
31.95387,-45.166871,23517
BREAK
37.75048,-42.268566,25199
BREAK
45.479293,-42.268566,26202
BREAK
54.174209,-47.099074,27435
BREAK
