START
31.108491,-63.281124,0
30.108491,-63.281124,116
29.108491,-63.281124,135
28.108491,-62.281124,162
28.108491,-61.281124,175
27.108491,-60.281124,189
26.108491,-59.281124,201
25.108491,-57.281124,215
25.108491,-56.281124,229
24.108491,-56.281124,242
23.108491,-54.281124,255
23.108491,-53.281124,268
23.108491,-52.281124,282
23.108491,-51.281124,294
22.108491,-50.281124,308
22.108491,-49.281124,321
21.108491,-48.281124,354
20.108491,-47.281124,367
19.108491,-45.281124,380
18.108491,-43.281124,394
17.108491,-42.281124,408
16.108491,-40.281124,434
15.108491,-40.281124,447
15.108491,-39.281124,460
15.108491,-38.281124,487
15.108491,-37.281124,500
15.108491,-36.281124,513
15.108491,-35.281124,527
15.108491,-34.281124,539
15.108491,-33.281124,553
15.108491,-32.281124,567
16.108491,-31.281124,579
17.108491,-30.281124,593
17.108491,-29.281124,606
18.108491,-29.281124,632
18.108491,-28.281124,652
19.108491,-28.281124,665
20.108491,-26.281124,678
21.108491,-26.281124,692
22.108491,-26.281124,743
23.108491,-26.281124,770
25.108491,-27.281124,784
26.108491,-27.281124,796
28.108491,-27.281124,810
29.108491,-28.281124,824
30.108491,-28.281124,836
32.108491,-28.281124,850
33.108491,-29.281124,863
35.108491,-30.281124,876
37.108491,-31.281124,890
38.108491,-32.281124,903
39.108491,-33.281124,916
40.108491,-34.281124,929
41.108491,-34.281124,943
41.108491,-36.281124,956
42.108491,-36.281124,969
42.108491,-37.281124,983
43.108491,-37.281124,995
44.108491,-38.281124,1009
44.108491,-39.281124,1022
46.108491,-40.281124,1035
46.108491,-42.281124,1049
47.108491,-43.281124,1062
48.108491,-44.281124,1088
49.108491,-44.281124,1109
49.108491,-45.281124,1121
49.108491,-46.281124,1135
50.108491,-48.281124,1148
51.108491,-50.281124,1161
51.108491,-52.281124,1174
52.108491,-53.281124,1188
53.108491,-55.281124,1200
53.108491,-56.281124,1254
53.108491,-57.281124,1281
53.108491,-58.281124,1320
53.108491,-60.281124,1346
52.108491,-60.281124,1360
51.108491,-61.281124,1372
51.108491,-62.281124,1386
50.108491,-62.281124,1400
49.108491,-62.281124,1412
48.108491,-62.281124,1426
46.108491,-62.281124,1439
45.108491,-62.281124,1452
44.108491,-62.281124,1466
43.108491,-62.281124,1479
42.108491,-62.281124,1504
41.108491,-62.281124,1524
40.108491,-62.281124,1537
39.108491,-60.281124,1550
37.108491,-59.281124,1564
35.108491,-58.281124,1577
34.108491,-58.281124,1590
33.108491,-57.281124,1604
32.108491,-57.281124,1661
31.108491,-57.281124,1688
30.108491,-57.281124,1721
29.108491,-57.281124,1747
28.108491,-57.281124,1792
BREAK
42.108491,-35.281124,2779
42.108491,-34.281124,2817
42.108491,-33.281124,2843
42.108491,-32.281124,2882
42.108491,-31.281124,2915
42.108491,-30.281124,2942
43.108491,-29.281124,2954
43.108491,-27.281124,2968
45.108491,-26.281124,2982
45.108491,-25.281124,2994
46.108491,-25.281124,3008
47.108491,-23.281124,3021
48.108491,-23.281124,3047
48.108491,-22.281124,3060
49.108491,-22.281124,3087
50.108491,-22.281124,3114
51.108491,-22.281124,3165
52.108491,-22.281124,3179
55.108491,-22.281124,3192
58.108491,-22.281124,3205
60.108491,-22.281124,3218
62.108491,-22.281124,3232
64.108491,-22.281124,3245
65.108491,-22.281124,3297
67.108491,-23.281124,3324
70.108491,-25.281124,3337
71.108491,-26.281124,3350
72.108491,-28.281124,3364
73.108491,-29.281124,3376
74.108491,-30.281124,3390
75.108491,-31.281124,3416
76.108491,-33.281124,3444
76.108491,-34.281124,3456
77.108491,-35.281124,3469
79.108491,-38.281124,3483
79.108491,-39.281124,3496
80.108491,-40.281124,3509
81.108491,-42.281124,3523
82.108491,-44.281124,3549
82.108491,-45.281124,3589
82.108491,-47.281124,3616
82.108491,-48.281124,3642
82.108491,-50.281124,3656
82.108491,-51.281124,3668
82.108491,-53.281124,3682
82.108491,-54.281124,3695
82.108491,-55.281124,3708
82.108491,-56.281124,3722
82.108491,-57.281124,3735
81.108491,-58.281124,3748
80.108491,-58.281124,3768
80.108491,-59.281124,3781
79.108491,-60.281124,3794
78.108491,-62.281124,3808
78.108491,-63.281124,3821
77.108491,-65.281124,3834
75.108491,-67.281124,3847
74.108491,-68.281124,3861
73.108491,-69.281124,3873
72.108491,-70.281124,3887
71.108491,-71.281124,3901
70.108491,-71.281124,3920
69.108491,-71.281124,4042
BREAK
