START
27.469606,-58.615258,0
26.687651,-58.615258,171
25.905696,-58.615258,187
24.341786,-57.051348,205
23.559831,-56.269393,220
22.777876,-56.269393,237
21.995921,-55.487438,271
21.213967,-55.487438,287
21.213967,-53.923529,304
20.432012,-53.141574,320
19.650057,-52.359619,336
18.086147,-52.359619,371
17.304192,-51.577664,404
17.304192,-50.013754,437
17.304192,-49.231799,454
17.304192,-48.449844,469
17.304192,-47.66789,503
17.304192,-46.885935,519
17.304192,-46.10398,536
17.304192,-45.322025,553
17.304192,-43.758115,570
17.304192,-42.97616,586
17.304192,-42.194205,603
17.304192,-41.412251,619
17.304192,-40.630296,636
17.304192,-39.848341,669
17.304192,-39.066386,686
17.304192,-38.284431,703
17.304192,-37.502476,719
18.086147,-36.720521,735
18.086147,-35.938566,753
19.650057,-35.938566,786
20.432012,-35.156611,802
21.213967,-35.156611,818
22.777876,-35.156611,835
23.559831,-34.374657,869
25.123741,-34.374657,885
25.905696,-34.374657,902
27.469606,-34.374657,918
29.81547,-33.592702,935
31.37938,-33.592702,952
32.94329,-33.592702,969
34.5072,-33.592702,985
35.289154,-33.592702,1001
36.853064,-33.592702,1018
37.635019,-33.592702,1035
38.416974,-33.592702,1051
39.198929,-33.592702,1067
39.980884,-33.592702,1084
40.762839,-33.592702,1101
41.544794,-33.592702,1117
41.544794,-35.156611,1135
42.326748,-35.156611,1150
43.108703,-35.938566,1168
43.108703,-36.720521,1184
43.890658,-37.502476,1201
45.454568,-39.066386,1217
46.236523,-40.630296,1234
47.800433,-42.194205,1251
48.582388,-43.758115,1267
49.364342,-45.322025,1283
50.146297,-48.449844,1300
50.928252,-50.013754,1317
51.710207,-52.359619,1334
52.492162,-54.705484,1350
52.492162,-56.269393,1367
53.274117,-57.833303,1400
53.274117,-58.615258,1434
53.274117,-59.397213,1467
53.274117,-60.179168,1500
53.274117,-60.961123,1517
53.274117,-61.743078,1533
52.492162,-61.743078,1583
51.710207,-61.743078,1599
50.928252,-61.743078,1633
50.146297,-61.743078,1699
49.364342,-61.743078,1732
48.582388,-61.743078,1799
BREAK
45.454568,-39.066386,3308
45.454568,-38.284431,3475
45.454568,-37.502476,3508
46.236523,-37.502476,3541
47.018478,-36.720521,3558
48.582388,-36.720521,3575
49.364342,-36.720521,3591
50.146297,-36.720521,3608
50.928252,-36.720521,3624
52.492162,-36.720521,3641
54.056072,-36.720521,3658
55.619982,-36.720521,3675
57.183891,-36.720521,3691
58.747801,-36.720521,3707
60.311711,-36.720521,3724
62.657576,-36.720521,3741
63.43953,-36.720521,3758
65.00344,-36.720521,3774
65.785395,-36.720521,3791
66.56735,-36.720521,3808
67.349305,-37.502476,3824
68.13126,-37.502476,3857
68.913215,-37.502476,3873
69.69517,-37.502476,3890
70.477124,-37.502476,3907
71.259079,-37.502476,3924
71.259079,-39.066386,3940
72.041034,-39.066386,3957
72.822989,-39.848341,3974
73.604944,-40.630296,4007
73.604944,-41.412251,4040
74.386899,-41.412251,4073
74.386899,-42.97616,4090
74.386899,-43.758115,4123
74.386899,-44.54007,4139
74.386899,-45.322025,4156
74.386899,-46.10398,4172
73.604944,-46.885935,4189
73.604944,-47.66789,4222
72.822989,-47.66789,4289
72.822989,-48.449844,4306
72.041034,-49.231799,4322
72.041034,-50.013754,4339
71.259079,-50.795709,4372
71.259079,-51.577664,4405
70.477124,-52.359619,4438
70.477124,-53.141574,4455
69.69517,-53.141574,4471
68.913215,-54.705484,4505
68.913215,-55.487438,4521
67.349305,-55.487438,4538
67.349305,-56.269393,4588
66.56735,-56.269393,4671
65.785395,-56.269393,4737
BREAK
