START
24.341786,-56.269393,0
24.341786,-55.487438,119
23.559831,-54.705484,129
23.559831,-53.141574,139
23.559831,-51.577664,149
23.559831,-50.795709,159
22.777876,-50.013754,169
22.777876,-47.66789,179
22.777876,-45.322025,189
22.777876,-43.758115,199
22.777876,-42.97616,209
22.777876,-42.194205,219
22.777876,-41.412251,228
22.777876,-40.630296,239
22.777876,-39.066386,249
23.559831,-37.502476,259
24.341786,-36.720521,269
24.341786,-35.938566,279
25.123741,-34.374657,289
25.905696,-32.810747,299
27.469606,-31.246837,308
28.251561,-29.682927,318
29.81547,-28.900972,329
30.597425,-28.119017,339
32.161335,-26.555108,349
34.5072,-25.773153,358
35.289154,-25.773153,369
36.071109,-24.991198,379
39.198929,-23.427288,389
40.762839,-23.427288,398
42.326748,-23.427288,409
44.672613,-22.645333,419
47.018478,-22.645333,429
48.582388,-22.645333,438
50.146297,-21.863378,448
51.710207,-21.863378,459
52.492162,-21.863378,488
53.274117,-22.645333,518
54.056072,-23.427288,538
54.838027,-23.427288,548
55.619982,-24.991198,558
56.401936,-25.773153,578
57.183891,-25.773153,599
57.183891,-26.555108,608
57.183891,-27.337063,618
57.183891,-28.900972,628
57.183891,-30.464882,639
57.183891,-32.810747,648
57.183891,-35.156611,658
57.183891,-36.720521,668
57.183891,-39.066386,678
57.183891,-40.630296,688
57.183891,-41.412251,698
57.183891,-42.97616,708
57.183891,-44.54007,718
57.183891,-45.322025,728
56.401936,-46.885935,748
56.401936,-47.66789,758
55.619982,-48.449844,767
54.838027,-50.013754,778
54.838027,-51.577664,788
54.838027,-53.141574,798
54.056072,-53.141574,808
54.056072,-53.923529,818
54.838027,-52.359619,987
55.619982,-50.795709,998
57.183891,-49.231799,1008
57.183891,-47.66789,1017
57.965846,-46.885935,1027
58.747801,-46.10398,1037
58.747801,-45.322025,1048
59.529756,-44.54007,1067
60.311711,-42.97616,1107
61.093666,-42.194205,1147
61.093666,-40.630296,1167
61.875621,-40.630296,1187
61.875621,-39.848341,1197
62.657576,-39.066386,1217
62.657576,-38.284431,1237
63.43953,-37.502476,1257
63.43953,-36.720521,1317
64.221485,-36.720521,1327
64.221485,-35.938566,1347
65.00344,-35.156611,1396
65.785395,-34.374657,1417
66.56735,-33.592702,1436
66.56735,-32.810747,1457
67.349305,-32.028792,1467
68.13126,-31.246837,1536
68.913215,-31.246837,1566
68.913215,-30.464882,1576
70.477124,-29.682927,1586
71.259079,-29.682927,1597
72.041034,-28.900972,1606
72.822989,-28.119017,1616
73.604944,-28.119017,1626
74.386899,-27.337063,1637
75.168854,-27.337063,1706
76.732764,-28.119017,1736
77.514718,-29.682927,1766
78.296673,-29.682927,1786
79.078628,-30.464882,1796
79.860583,-31.246837,1815
80.642538,-32.028792,1826
81.424493,-32.810747,1846
81.424493,-33.592702,1855
81.424493,-34.374657,1866
81.424493,-35.156611,1886
81.424493,-36.720521,1895
81.424493,-38.284431,1905
81.424493,-39.848341,1916
82.206448,-40.630296,1926
82.206448,-42.194205,1935
82.206448,-42.97616,1945
82.206448,-44.54007,1966
82.206448,-45.322025,1995
82.206448,-46.885935,2006
82.206448,-47.66789,2016
82.206448,-48.449844,2025
82.206448,-50.013754,2035
82.206448,-51.577664,2046
82.206448,-53.141574,2056
82.206448,-54.705484,2065
82.206448,-55.487438,2075
82.206448,-57.833303,2085
82.206448,-58.615258,2096
81.424493,-59.397213,2105
80.642538,-60.961123,2115
79.860583,-62.525032,2125
79.078628,-64.088942,2175
79.860583,-62.525032,2275
80.642538,-60.961123,2285
83.770357,-57.833303,2295
BREAK
