START
41.614886,-38.404159,0
BREAK
41.614886,-38.404159,231
BREAK
42.580988,-38.404159,439
BREAK
41.614886,-38.404159,1063
41.614886,-37.438057,1520
41.614886,-36.471956,1567
41.614886,-35.505854,1623
41.614886,-34.539752,1728
41.614886,-33.573651,1776
41.614886,-32.607549,1815
41.614886,-31.641447,1823
41.614886,-30.675345,1848
41.614886,-29.709244,1903
41.614886,-28.743142,1951
41.614886,-27.77704,2040
42.580988,-27.77704,2136
43.54709,-27.77704,2176
43.54709,-26.810939,2216
44.513192,-26.810939,2239
45.479293,-26.810939,2271
46.445395,-26.810939,2327
47.411497,-26.810939,2367
48.377598,-26.810939,2407
49.3437,-26.810939,2415
50.309802,-26.810939,2447
51.275903,-26.810939,2472
52.242005,-26.810939,2512
53.208107,-26.810939,2520
54.174209,-26.810939,2560
55.14031,-26.810939,2567
56.106412,-26.810939,2583
57.072514,-26.810939,2592
58.038615,-26.810939,2607
59.004717,-26.810939,2632
59.970819,-26.810939,2663
60.93692,-26.810939,2695
61.903022,-26.810939,2728
62.869124,-26.810939,2735
63.835225,-26.810939,2760
64.801327,-27.77704,2768
64.801327,-28.743142,2783
65.767429,-28.743142,2791
66.733531,-29.709244,2823
66.733531,-30.675345,2831
66.733531,-31.641447,2863
66.733531,-32.607549,2888
67.699632,-32.607549,2903
67.699632,-33.573651,2919
67.699632,-34.539752,2936
67.699632,-35.505854,2968
67.699632,-36.471956,2976
67.699632,-37.438057,3000
67.699632,-38.404159,3016
67.699632,-39.370261,3039
67.699632,-40.336362,3048
67.699632,-41.302464,3079
67.699632,-42.268566,3088
67.699632,-43.234667,3111
67.699632,-44.200769,3144
67.699632,-45.166871,3151
67.699632,-46.132973,3184
67.699632,-47.099074,3207
67.699632,-48.065176,3224
67.699632,-49.031278,3247
67.699632,-49.997379,3256
67.699632,-50.963481,3279
67.699632,-51.929583,3296
67.699632,-52.895684,3312
67.699632,-53.861786,3336
67.699632,-54.827888,3352
67.699632,-55.79399,3375
67.699632,-56.760091,3384
67.699632,-57.726193,3407
67.699632,-58.692295,3415
67.699632,-59.658396,3424
67.699632,-60.624498,3432
67.699632,-61.5906,3447
67.699632,-62.556701,3455
67.699632,-63.522803,3472
67.699632,-64.488905,3479
67.699632,-65.455006,3495
67.699632,-66.421108,3504
67.699632,-67.38721,3512
67.699632,-68.353312,3535
67.699632,-69.319413,3552
67.699632,-70.285515,3607
67.699632,-71.251617,3640
67.699632,-72.217718,3832
67.699632,-73.18382,3855
67.699632,-74.149922,3895
67.699632,-75.116023,3903
BREAK
67.699632,-76.082125,16966
67.699632,-75.116023,17238
67.699632,-74.149922,17262
66.733531,-74.149922,17277
66.733531,-73.18382,17302
65.767429,-73.18382,17318
65.767429,-72.217718,17590
64.801327,-72.217718,17598
63.835225,-71.251617,17605
62.869124,-70.285515,17613
62.869124,-69.319413,17630
61.903022,-69.319413,17645
60.93692,-68.353312,18021
59.970819,-68.353312,18030
59.970819,-67.38721,18038
59.004717,-67.38721,18054
59.004717,-66.421108,18062
58.038615,-66.421108,18069
57.072514,-66.421108,18142
56.106412,-66.421108,18157
56.106412,-65.455006,18229
55.14031,-65.455006,18237
54.174209,-65.455006,18270
53.208107,-65.455006,18318
52.242005,-65.455006,18702
51.275903,-65.455006,18718
50.309802,-65.455006,18733
49.3437,-65.455006,18773
48.377598,-65.455006,18813
47.411497,-65.455006,18870
46.445395,-65.455006,18901
45.479293,-65.455006,18941
44.513192,-65.455006,18997
43.54709,-65.455006,19029
42.580988,-65.455006,19054
42.580988,-66.421108,19094
41.614886,-66.421108,19102
41.614886,-67.38721,19157
40.648785,-67.38721,19165
39.682683,-67.38721,19197
38.716581,-67.38721,19237
38.716581,-68.353312,19270
37.75048,-68.353312,19277
36.784378,-68.353312,19325
35.818276,-68.353312,19366
34.852175,-69.319413,19397
33.886073,-70.285515,19422
32.919971,-70.285515,19445
31.95387,-70.285515,19478
30.987768,-70.285515,19485
30.021666,-70.285515,19510
29.055564,-70.285515,19525
28.089463,-70.285515,19542
27.123361,-70.285515,19565
26.157259,-70.285515,19590
25.191158,-70.285515,19598
24.225056,-70.285515,19621
23.258954,-70.285515,19653
22.292853,-70.285515,19670
21.326751,-70.285515,19678
21.326751,-69.319413,19886
21.326751,-68.353312,19909
21.326751,-67.38721,19926
21.326751,-66.421108,19949
21.326751,-65.455006,19981
21.326751,-64.488905,20069
21.326751,-63.522803,20102
21.326751,-62.556701,20182
21.326751,-61.5906,20197
BREAK
35.818276,-8.4550065,23461
36.784378,-8.4550065,23669
37.75048,-8.4550065,23693
38.716581,-8.4550065,23725
39.682683,-8.4550065,23741
40.648785,-8.4550065,23781
41.614886,-8.4550065,23797
43.54709,-8.4550065,23829
44.513192,-8.4550065,23845
45.479293,-9.4211082,23853
47.411497,-9.4211082,23869
48.377598,-9.4211082,23877
49.3437,-9.4211082,23885
50.309802,-9.4211082,23893
51.275903,-9.4211082,23901
52.242005,-10.38721,23909
53.208107,-10.38721,23917
54.174209,-10.38721,23925
55.14031,-10.38721,23933
56.106412,-10.38721,23940
57.072514,-10.38721,23957
58.038615,-10.38721,23965
59.004717,-10.38721,23997
59.970819,-10.38721,24005
60.93692,-10.38721,24029
61.903022,-10.38721,24053
62.869124,-10.38721,24093
63.835225,-10.38721,24108
64.801327,-10.38721,24173
65.767429,-10.38721,24253
66.733531,-11.353312,24261
67.699632,-11.353312,24316
68.665734,-11.353312,24389
69.631836,-11.353312,24469
69.631836,-12.319413,24484
69.631836,-13.285515,24524
70.597937,-13.285515,24533
71.564039,-13.285515,24573
72.530141,-14.251617,24589
73.496242,-14.251617,24645
74.462344,-15.217718,24677
74.462344,-16.18382,24709
74.462344,-17.149922,24741
74.462344,-18.116023,24805
75.428446,-19.082125,24812
76.394547,-19.082125,24837
76.394547,-20.048227,24845
76.394547,-21.014329,24877
77.360649,-21.98043,24893
77.360649,-22.946532,24933
77.360649,-23.912634,24949
77.360649,-24.878735,24989
77.360649,-25.844837,24997
78.326751,-26.810939,25029
78.326751,-27.77704,25037
78.326751,-28.743142,25093
78.326751,-29.709244,25101
78.326751,-30.675345,25141
78.326751,-31.641447,25157
78.326751,-32.607549,25173
78.326751,-33.573651,25228
78.326751,-34.539752,25276
78.326751,-35.505854,25349
78.326751,-36.471956,25429
78.326751,-37.438057,25477
78.326751,-38.404159,25493
78.326751,-39.370261,25549
78.326751,-40.336362,25564
78.326751,-41.302464,25629
78.326751,-42.268566,25645
78.326751,-43.234667,25701
78.326751,-44.200769,25749
78.326751,-45.166871,25812
78.326751,-46.132973,25829
78.326751,-47.099074,25860
78.326751,-48.065176,25900
77.360649,-48.065176,25949
77.360649,-49.031278,25989
76.394547,-49.031278,26005
76.394547,-49.997379,26068
75.428446,-49.997379,26133
75.428446,-50.963481,26270
74.462344,-51.929583,26301
73.496242,-51.929583,26341
72.530141,-51.929583,26413
71.564039,-51.929583,26444
70.597937,-51.929583,26461
70.597937,-50.963481,26765
70.597937,-49.997379,26772
BREAK
41.614886,-38.404159,27685
42.580988,-38.404159,27908
43.54709,-38.404159,27964
44.513192,-38.404159,27980
45.479293,-38.404159,28004
46.445395,-38.404159,28028
47.411497,-38.404159,28117
48.377598,-39.370261,28124
49.3437,-39.370261,28148
50.309802,-39.370261,28276
50.309802,-38.404159,28332
49.3437,-37.438057,28412
48.377598,-37.438057,28468
48.377598,-36.471956,28477
47.411497,-36.471956,28548
46.445395,-36.471956,28588
45.479293,-36.471956,28628
44.513192,-36.471956,28692
44.513192,-37.438057,28732
43.54709,-37.438057,28788
43.54709,-38.404159,28860
43.54709,-39.370261,28973
43.54709,-40.336362,29061
44.513192,-40.336362,29309
45.479293,-40.336362,29349
BREAK
