START
13.022989,-21.64944,0
13.896673,-21.64944,111
14.770357,-21.64944,127
15.644042,-22.523124,143
17.39141,-22.523124,144
18.265094,-22.523124,159
19.138779,-22.523124,160
21.759831,-22.523124,175
23.5072,-22.523124,176
24.380884,-22.523124,192
25.254568,-22.523124,207
26.128252,-22.523124,208
27.001936,-22.523124,223
27.875621,-22.523124,224
28.749305,-22.523124,239
29.622989,-22.523124,240
30.496673,-22.523124,255
31.370357,-22.523124,256
32.244042,-22.523124,271
33.117726,-22.523124,272
33.99141,-22.523124,287
35.738779,-22.523124,288
36.612463,-22.523124,303
37.486147,-22.523124,319
39.233515,-22.523124,320
40.1072,-22.523124,335
41.854568,-22.523124,351
42.728252,-22.523124,352
43.601936,-22.523124,368
45.349305,-22.523124,384
46.222989,-22.523124,399
47.096673,-22.523124,400
47.970357,-21.64944,416
49.717726,-21.64944,431
50.59141,-21.64944,447
52.338779,-21.64944,448
53.212463,-21.64944,463
54.086147,-21.64944,464
55.833515,-21.64944,479
56.7072,-21.64944,480
58.454568,-21.64944,495
60.201936,-21.64944,496
61.075621,-21.64944,511
62.822989,-21.64944,512
64.570357,-21.64944,527
65.444042,-21.64944,528
67.19141,-21.64944,543
68.938779,-21.64944,559
69.812463,-21.64944,560
70.686147,-21.64944,575
72.433515,-21.64944,576
73.3072,-21.64944,592
74.180884,-21.64944,607
75.054568,-21.64944,623
75.928252,-21.64944,639
76.801936,-21.64944,655
78.549305,-21.64944,656
79.422989,-21.64944,671
80.296673,-21.64944,696
81.170357,-21.64944,727
82.044042,-21.64944,752
81.170357,-21.64944,879
80.296673,-21.64944,895
79.422989,-21.64944,896
77.675621,-20.775756,912
75.054568,-20.775756,927
68.065094,-20.775756,928
62.822989,-20.775756,943
58.454568,-20.775756,944
57.580884,-20.775756,959
54.086147,-20.775756,960
52.338779,-20.775756,975
51.465094,-20.775756,976
49.717726,-20.775756,991
48.844042,-20.775756,992
47.970357,-20.775756,1008
47.096673,-20.775756,1047
46.222989,-20.775756,1048
45.349305,-20.775756,1087
45.349305,-21.64944,1264
45.349305,-22.523124,1360
45.349305,-23.396808,1415
44.475621,-23.396808,1488
44.475621,-24.270492,1567
44.475621,-25.144177,1584
44.475621,-26.017861,1616
44.475621,-26.891545,1632
44.475621,-27.765229,1663
44.475621,-28.638914,1680
44.475621,-29.512598,1696
44.475621,-30.386282,1711
44.475621,-31.259966,1727
44.475621,-32.13365,1743
44.475621,-33.007335,1759
44.475621,-33.881019,1775
44.475621,-34.754703,1792
44.475621,-35.628387,1831
44.475621,-36.502071,1856
44.475621,-37.375756,1887
44.475621,-38.24944,1903
44.475621,-39.123124,1927
44.475621,-39.996808,1943
43.601936,-39.123124,2096
42.728252,-39.123124,2112
42.728252,-38.24944,2113
41.854568,-38.24944,2127
40.980884,-38.24944,2143
40.1072,-38.24944,2159
39.233515,-38.24944,2160
38.359831,-38.24944,2176
37.486147,-38.24944,2191
36.612463,-38.24944,2192
35.738779,-38.24944,2207
34.865094,-38.24944,2223
33.99141,-38.24944,2239
33.117726,-38.24944,2255
32.244042,-38.24944,2280
31.370357,-38.24944,2320
30.496673,-39.123124,2359
30.496673,-39.996808,2375
29.622989,-39.996808,2376
28.749305,-40.870492,2391
28.749305,-41.744177,2415
28.749305,-42.617861,2416
27.875621,-43.491545,2431
27.001936,-44.365229,2447
27.001936,-45.238914,2463
26.128252,-46.112598,2479
25.254568,-46.986282,2495
25.254568,-47.859966,2496
25.254568,-48.73365,2520
25.254568,-49.607335,2535
25.254568,-50.481019,2551
25.254568,-52.228387,2567
25.254568,-53.102071,2583
25.254568,-53.975756,2584
25.254568,-54.84944,2599
25.254568,-55.723124,2616
25.254568,-56.596808,2631
25.254568,-57.470492,2647
25.254568,-58.344177,2663
25.254568,-59.217861,2679
26.128252,-60.091545,2696
26.128252,-60.965229,2711
26.128252,-61.838914,2727
27.001936,-62.712598,2744
27.875621,-63.586282,2759
28.749305,-64.459966,2776
29.622989,-65.33365,2792
30.496673,-66.207335,2815
30.496673,-67.081019,2816
31.370357,-67.081019,2831
31.370357,-67.954703,2832
32.244042,-67.954703,2847
33.117726,-68.828387,2848
33.99141,-68.828387,2863
33.99141,-69.702071,2864
34.865094,-69.702071,2879
35.738779,-70.575756,2880
36.612463,-70.575756,2895
36.612463,-71.44944,2896
37.486147,-71.44944,2911
38.359831,-71.44944,2928
39.233515,-71.44944,2928
40.1072,-71.44944,2944
40.1072,-72.323124,2959
40.980884,-72.323124,2960
41.854568,-72.323124,2976
42.728252,-73.196808,2999
43.601936,-73.196808,3015
45.349305,-73.196808,3031
46.222989,-73.196808,3047
47.096673,-73.196808,3048
47.970357,-73.196808,3064
48.844042,-72.323124,3080
50.59141,-72.323124,3096
50.59141,-71.44944,3096
51.465094,-71.44944,3112
51.465094,-70.575756,3113
52.338779,-70.575756,3128
52.338779,-69.702071,3128
53.212463,-68.828387,3143
53.212463,-67.954703,3160
53.212463,-67.081019,3175
54.086147,-67.081019,3176
54.086147,-66.207335,3208
54.959831,-66.207335,3209
54.959831,-65.33365,3223
54.959831,-64.459966,3239
54.959831,-63.586282,3240
55.833515,-63.586282,3256
55.833515,-62.712598,3257
55.833515,-61.838914,3271
56.7072,-61.838914,3288
56.7072,-60.965229,3304
56.7072,-60.091545,3320
57.580884,-60.091545,3336
57.580884,-59.217861,3351
57.580884,-58.344177,3368
57.580884,-57.470492,3392
57.580884,-56.596808,3424
57.580884,-55.723124,3440
56.7072,-55.723124,3440
56.7072,-54.84944,3456
55.833515,-54.84944,3471
55.833515,-53.975756,3488
55.833515,-53.102071,3520
55.833515,-52.228387,3536
55.833515,-51.354703,3552
55.833515,-50.481019,3568
54.959831,-50.481019,3592
54.959831,-49.607335,3608
54.086147,-49.607335,3609
54.086147,-48.73365,3632
53.212463,-48.73365,3648
53.212463,-47.859966,3649
52.338779,-47.859966,3689
52.338779,-46.986282,3720
51.465094,-46.112598,3752
50.59141,-45.238914,3816
49.717726,-45.238914,3831
49.717726,-44.365229,3848
48.844042,-44.365229,3864
48.844042,-43.491545,3865
47.970357,-42.617861,3888
47.096673,-42.617861,3904
46.222989,-41.744177,3920
45.349305,-40.870492,3936
45.349305,-39.996808,3967
44.475621,-39.996808,3985
44.475621,-39.123124,4000
43.601936,-39.123124,4001
43.601936,-38.24944,4016
42.728252,-38.24944,4017
42.728252,-37.375756,4032
41.854568,-37.375756,4062
BREAK
