START
56.596361,-51.013905,0
56.596361,-51.776708,39
55.833558,-51.776708,41
55.070755,-52.539511,53
54.307951,-52.539511,66
54.307951,-53.302314,79
52.782345,-54.065118,92
52.019542,-54.065118,105
51.256739,-54.065118,118
49.731132,-54.065118,132
47.442722,-54.065118,145
45.154313,-53.302314,158
42.865903,-52.539511,171
42.1031,-51.776708,184
41.340296,-51.013905,197
39.81469,-49.488298,210
39.051887,-47.962692,224
39.051887,-47.199889,237
39.051887,-45.674282,250
39.051887,-44.148676,263
39.051887,-42.623069,276
39.051887,-41.860266,289
39.051887,-40.334659,303
39.051887,-38.809053,316
39.051887,-38.04625,329
39.051887,-36.520643,342
39.051887,-35.75784,355
39.051887,-34.995037,368
39.81469,-34.232234,382
39.81469,-33.46943,395
40.577493,-33.46943,408
40.577493,-32.706627,421
42.1031,-32.706627,434
43.628706,-31.943824,447
44.391509,-31.943824,460
45.917116,-31.943824,474
47.442722,-31.943824,487
48.968329,-31.943824,500
50.493935,-31.943824,513
51.256739,-31.943824,526
52.782345,-31.943824,539
53.545148,-31.943824,552
54.307951,-31.943824,579
55.070755,-31.943824,618
55.070755,-32.706627,631
55.833558,-34.232234,645
56.596361,-35.75784,658
58.121968,-36.520643,671
58.121968,-37.283446,684
58.884771,-38.04625,697
59.647574,-38.809053,710
59.647574,-40.334659,724
60.410377,-41.097463,737
61.173181,-43.385872,750
61.935984,-45.674282,763
61.935984,-47.199889,776
61.935984,-49.488298,789
61.935984,-51.013905,802
61.935984,-52.539511,816
61.935984,-53.302314,829
61.935984,-55.590724,842
61.935984,-56.353527,855
61.935984,-57.116331,868
61.935984,-57.879134,881
61.935984,-58.641937,894
61.935984,-59.40474,908
61.935984,-60.930347,921
61.935984,-61.69315,934
61.935984,-62.455953,947
61.935984,-63.98156,960
61.935984,-65.507166,973
61.935984,-66.269969,987
61.935984,-67.032773,1107
61.935984,-67.795576,1120
61.935984,-68.558379,1146
61.935984,-69.321182,1323
61.935984,-70.083986,1362
61.935984,-70.846789,1388
61.935984,-71.609592,1402
61.935984,-72.372395,1415
61.935984,-73.135198,1428
61.935984,-73.898002,1454
61.935984,-73.135198,1671
61.173181,-73.135198,1684
61.173181,-72.372395,1697
BREAK
