START
21.458763,-12.019604,0
22.365979,-12.926821,7
23.273196,-12.926821,15
23.273196,-13.834037,23
24.180412,-14.741254,31
25.087629,-15.64847,48
25.994845,-15.64847,55
26.902062,-15.64847,63
26.902062,-16.555687,80
27.809278,-18.37012,87
28.716495,-18.37012,95
29.623711,-21.091769,103
32.345361,-21.091769,112
31.438144,-21.091769,119
31.438144,-23.813419,128
32.345361,-23.813419,135
33.252577,-24.720635,143
33.252577,-25.627852,151
33.252577,-27.442285,160
35.06701,-27.442285,167
35.06701,-28.349501,175
35.974227,-28.349501,183
35.974227,-29.256718,191
35.974227,-30.163934,199
35.974227,-31.071151,208
35.974227,-31.978367,215
36.881443,-32.885584,223
36.881443,-34.700017,231
36.881443,-35.607233,248
36.881443,-36.51445,264
35.974227,-41.957749,320
35.974227,-42.864965,328
35.974227,-43.772182,336
35.974227,-44.679398,344
35.06701,-45.586614,352
35.06701,-48.308264,359
35.06701,-50.122697,368
35.06701,-51.93713,376
35.06701,-53.751563,384
35.06701,-54.658779,391
35.06701,-57.380429,399
35.06701,-56.473212,408
35.06701,-57.380429,424
35.06701,-59.194862,432
33.252577,-60.102078,440
34.159794,-58.287645,448
34.159794,-59.194862,456
34.159794,-60.102078,472
32.345361,-61.009295,480
31.438144,-62.823728,488
31.438144,-63.730944,504
31.438144,-61.916511,512
29.623711,-62.823728,520
28.716495,-63.730944,536
29.623711,-63.730944,544
28.716495,-64.638161,568
28.716495,-63.730944,592
28.716495,-64.638161,608
26.902062,-64.638161,616
26.902062,-65.545377,624
25.994845,-66.452594,664
25.087629,-66.452594,672
24.180412,-66.452594,888
23.273196,-66.452594,912
22.365979,-66.452594,928
21.458763,-66.452594,944
20.551546,-66.452594,1232
BREAK
16.015464,-69.174243,1736
16.92268,-69.174243,1792
16.92268,-68.267027,1799
17.829897,-66.452594,1824
16.92268,-67.35981,1832
17.829897,-67.35981,1855
18.737113,-67.35981,1880
19.64433,-67.35981,1895
20.551546,-67.35981,1904
21.458763,-67.35981,1920
19.64433,-67.35981,1928
20.551546,-67.35981,1935
21.458763,-67.35981,1952
22.365979,-67.35981,1960
23.273196,-67.35981,1968
25.087629,-67.35981,1975
25.994845,-67.35981,1984
26.902062,-66.452594,1992
27.809278,-66.452594,2000
29.623711,-66.452594,2008
30.530928,-66.452594,2015
31.438144,-66.452594,2024
32.345361,-66.452594,2040
33.252577,-66.452594,2048
35.06701,-66.452594,2056
35.06701,-67.35981,2063
35.974227,-68.267027,2080
35.974227,-69.174243,2088
36.881443,-70.08146,2103
37.78866,-70.08146,2120
38.695876,-70.988676,2128
39.603093,-70.988676,2136
40.510309,-70.988676,2152
41.417526,-70.988676,2168
40.510309,-70.988676,2176
40.510309,-71.895893,2192
41.417526,-71.895893,2200
42.324742,-71.895893,2208
42.324742,-72.803109,2216
43.231959,-72.803109,2224
43.231959,-73.710326,2232
43.231959,-74.617542,2240
45.046392,-74.617542,2248
45.953608,-75.524759,2264
46.860825,-75.524759,2272
46.860825,-76.431975,2280
46.860825,-75.524759,2288
47.768041,-75.524759,2336
47.768041,-74.617542,2360
48.675258,-74.617542,2368
48.675258,-73.710326,2384
49.582474,-73.710326,2416
48.675258,-72.803109,2424
48.675258,-70.988676,2440
49.582474,-70.08146,2472
47.768041,-70.988676,2480
47.768041,-69.174243,2488
47.768041,-68.267027,2496
47.768041,-69.174243,2504
47.768041,-67.35981,2512
47.768041,-66.452594,2528
47.768041,-65.545377,2648
49.582474,-65.545377,2656
BREAK
55.025773,-23.813419,4096
54.118557,-23.813419,4144
BREAK
55.025773,-41.050532,4600
54.118557,-41.050532,4664
54.118557,-40.143316,4672
55.025773,-40.143316,4696
55.025773,-39.236099,4704
BREAK
