START
23.051887,-45.859438,0
23.051887,-44.859438,191
23.051887,-43.859438,202
23.051887,-42.859438,227
23.051887,-40.859438,253
23.051887,-38.859438,267
23.051887,-37.859438,278
23.051887,-36.859438,294
23.051887,-35.859438,304
23.051887,-34.859438,317
23.051887,-33.859438,331
23.051887,-32.859438,341
23.051887,-30.859438,358
23.051887,-29.859438,376
23.051887,-28.859438,405
23.051887,-27.859438,434
23.051887,-26.859438,445
23.051887,-25.859438,462
23.051887,-24.859438,479
24.051887,-24.859438,490
25.051887,-22.859438,501
25.051887,-21.859438,518
26.051887,-21.859438,530
27.051887,-19.859438,541
27.051887,-17.859438,551
28.051887,-17.859438,587
29.051887,-15.859438,645
30.051887,-14.859438,657
31.051887,-14.859438,686
31.051887,-12.859438,745
32.051887,-12.859438,787
33.051887,-12.859438,808
34.051887,-10.859438,819
36.051887,-9.8594378,891
38.051887,-9.8594378,910
39.051887,-9.8594378,934
40.051887,-9.8594378,945
41.051887,-9.8594378,987
42.051887,-9.8594378,1010
43.051887,-9.8594378,1021
44.051887,-9.8594378,1042
46.051887,-9.8594378,1052
47.051887,-9.8594378,1085
48.051887,-9.8594378,1105
49.051887,-9.8594378,1124
50.051887,-9.8594378,1138
50.051887,-10.859438,1159
50.051887,-11.859438,1170
51.051887,-11.859438,1180
52.051887,-11.859438,1199
53.051887,-11.859438,1210
54.051887,-11.859438,1246
55.051887,-11.859438,1256
56.051887,-11.859438,1293
57.051887,-11.859438,1338
59.051887,-11.859438,1350
59.051887,-12.859438,1371
60.051887,-12.859438,1416
60.051887,-13.859438,1426
61.051887,-13.859438,1451
62.051887,-13.859438,1467
63.051887,-13.859438,1504
64.051887,-13.859438,1542
65.051887,-14.859438,1570
66.051887,-14.859438,1626
67.051887,-14.859438,1640
69.051887,-15.859438,1654
70.051887,-16.859438,1735
71.051887,-16.859438,1770
72.051887,-17.859438,1945
BREAK
67.051887,-16.859438,10412
68.051887,-17.859438,10755
68.051887,-18.859438,10894
69.051887,-18.859438,10957
69.051887,-19.859438,11051
69.051887,-20.859438,11079
70.051887,-20.859438,11111
71.051887,-20.859438,11134
72.051887,-23.859438,11454
74.051887,-28.859438,11533
74.051887,-29.859438,11585
74.051887,-30.859438,11667
74.051887,-31.859438,11690
74.051887,-32.859438,11750
74.051887,-33.859438,11822
74.051887,-35.859438,11835
74.051887,-36.859438,11879
74.051887,-37.859438,12031
74.051887,-38.859438,12103
74.051887,-39.859438,12141
74.051887,-40.859438,12153
74.051887,-41.859438,12192
74.051887,-43.859438,12247
74.051887,-44.859438,12257
74.051887,-45.859438,12302
74.051887,-46.859438,12326
72.051887,-46.859438,12380
71.051887,-47.859438,12393
71.051887,-48.859438,12429
71.051887,-49.859438,12441
71.051887,-50.859438,12484
71.051887,-51.859438,12495
71.051887,-52.859438,12544
71.051887,-53.859438,12577
71.051887,-55.859438,12587
71.051887,-56.859438,12632
71.051887,-57.859438,12987
71.051887,-58.859438,13015
71.051887,-59.859438,13026
71.051887,-60.859438,13148
71.051887,-61.859438,13159
71.051887,-63.859438,13233
72.051887,-64.859438,13263
73.051887,-65.859438,13287
73.051887,-66.859438,13324
73.051887,-67.859438,13339
73.051887,-68.859438,13554
73.051887,-69.859438,13656
73.051887,-71.859438,13672
73.051887,-72.859438,13729
73.051887,-73.859438,13773
73.051887,-74.859438,14090
73.051887,-75.859438,14104
73.051887,-76.859438,14165
73.051887,-77.859438,14175
73.051887,-78.859438,14231
73.051887,-80.859438,14359
73.051887,-81.859438,14410
73.051887,-82.859438,14452
73.051887,-83.859438,14467
73.051887,-84.859438,14491
73.051887,-85.859438,14515
73.051887,-86.859438,14526
74.051887,-86.859438,15083
74.051887,-87.859438,15313
BREAK
