START
47.877358,-14.702811,0
49.877358,-14.702811,32
49.877358,-15.702811,40
50.877358,-16.702811,48
51.877358,-18.702811,56
51.877358,-20.702811,64
53.877358,-23.702811,72
54.877358,-25.702811,80
55.877358,-27.702811,88
56.877358,-29.702811,96
58.877358,-32.702811,104
58.877358,-33.702811,112
59.877358,-35.702811,120
BREAK
72.877358,-21.702811,496
71.877358,-22.702811,544
69.877358,-23.702811,552
67.877358,-26.702811,560
64.877358,-29.702811,568
63.877358,-32.702811,576
60.877358,-35.702811,584
58.877358,-37.702811,592
55.877358,-42.702811,600
52.877358,-46.702811,608
50.877358,-49.702811,617
48.877358,-53.702811,624
45.877358,-56.702811,632
44.877358,-60.702811,640
43.877358,-62.702811,648
42.877358,-64.702811,656
41.877358,-66.702811,664
41.877358,-68.702811,672
41.877358,-69.702811,680
41.877358,-70.702811,696
BREAK
