START
29.877358,-32.702811,0
30.877358,-32.702811,108
30.877358,-33.702811,127
31.877358,-33.702811,129
31.877358,-34.702811,142
32.877358,-34.702811,150
32.877358,-35.702811,152
32.877358,-36.702811,157
32.877358,-37.702811,165
32.877358,-37.702811,170
32.877358,-37.702811,182
32.877358,-38.702811,184
33.877358,-38.702811,189
33.877358,-39.702811,195
33.877358,-40.702811,199
33.877358,-41.702811,205
34.877358,-41.702811,208
34.877358,-42.702811,215
35.877358,-42.702811,219
35.877358,-43.702811,221
35.877358,-44.702811,225
35.877358,-45.702811,229
36.877358,-45.702811,236
36.877358,-46.702811,238
36.877358,-47.702811,240
37.877358,-47.702811,242
37.877358,-48.702811,245
37.877358,-49.702811,247
38.877358,-49.702811,249
38.877358,-50.702811,255
38.877358,-51.702811,257
38.877358,-52.702811,260
38.877358,-53.702811,262
39.877358,-53.702811,264
40.877358,-54.702811,268
40.877358,-55.702811,276
40.877358,-55.702811,281
40.877358,-56.702811,284
41.877358,-57.702811,287
41.877358,-58.702811,295
41.877358,-58.702811,299
42.877358,-58.702811,306
42.877358,-59.702811,321
42.877358,-60.702811,329
43.877358,-60.702811,345
43.877358,-61.702811,375
43.877358,-62.702811,380
44.877358,-62.702811,394
44.877358,-63.702811,410
44.877358,-64.702811,422
45.877358,-64.702811,424
45.877358,-64.702811,439
46.877358,-64.702811,446
46.877358,-65.702811,452
47.877358,-65.702811,454
48.877358,-65.702811,476
48.877358,-66.702811,491
48.877358,-67.702811,646
48.877358,-68.702811,651
49.877358,-68.702811,655
49.877358,-69.702811,658
50.877358,-69.702811,660
50.877358,-69.702811,662
50.877358,-70.702811,664
50.877358,-71.702811,672
51.877358,-71.702811,674
51.877358,-72.702811,698
51.877358,-73.702811,715
50.877358,-73.702811,826
BREAK
68.877358,-29.702811,1867
68.877358,-30.702811,1906
68.877358,-30.702811,1919
68.877358,-31.702811,1923
67.877358,-32.702811,1927
66.877358,-32.702811,1932
66.877358,-33.702811,1934
65.877358,-34.702811,1936
64.877358,-34.702811,1939
64.877358,-35.702811,1943
63.877358,-35.702811,1947
63.877358,-36.702811,1950
62.877358,-37.702811,1952
61.877358,-37.702811,1955
60.877358,-37.702811,1958
60.877358,-37.702811,1960
60.877358,-38.702811,1962
59.877358,-38.702811,1965
59.877358,-39.702811,1971
59.877358,-41.702811,1973
59.877358,-42.702811,1977
59.877358,-42.702811,1979
59.877358,-43.702811,1981
58.877358,-43.702811,1985
57.877358,-43.702811,1990
57.877358,-44.702811,1992
57.877358,-45.702811,1995
56.877358,-45.702811,2003
56.877358,-46.702811,2005
56.877358,-46.702811,2007
56.877358,-47.702811,2018
55.877358,-48.702811,2026
55.877358,-49.702811,2028
54.877358,-50.702811,2032
54.877358,-51.702811,2042
53.877358,-51.702811,2044
52.877358,-51.702811,2048
52.877358,-52.702811,2052
52.877358,-53.702811,2059
51.877358,-53.702811,2061
51.877358,-54.702811,2063
51.877358,-55.702811,2066
50.877358,-55.702811,2074
50.877358,-55.702811,2077
50.877358,-55.702811,2080
50.877358,-56.702811,2082
50.877358,-57.702811,2084
49.877358,-57.702811,2087
48.877358,-58.702811,2090
48.877358,-59.702811,2094
47.877358,-59.702811,2100
47.877358,-60.702811,2103
47.877358,-61.702811,2105
46.877358,-61.702811,2110
46.877358,-62.702811,2112
46.877358,-64.702811,2114
46.877358,-64.702811,2123
46.877358,-65.702811,2128
46.877358,-66.702811,2139
46.877358,-67.702811,2146
45.877358,-67.702811,2150
45.877358,-68.702811,2155
45.877358,-69.702811,2158
44.877358,-69.702811,2163
44.877358,-70.702811,2167
44.877358,-71.702811,2173
44.877358,-72.702811,2184
43.877358,-72.702811,2196
43.877358,-73.702811,2200
43.877358,-73.702811,2212
42.877358,-73.702811,2217
42.877358,-74.702811,2222
42.877358,-75.702811,2242
41.877358,-75.702811,2248
41.877358,-76.702811,2267
41.877358,-76.702811,2269
41.877358,-77.702811,2285
41.877358,-78.702811,2290
40.877358,-78.702811,2311
40.877358,-79.702811,2312
40.877358,-80.702811,2323
39.877358,-80.702811,2334
39.877358,-81.702811,2379
39.877358,-82.702811,2387
39.877358,-82.702811,2417
39.877358,-83.702811,2423
38.877358,-83.702811,2427
37.877358,-83.702811,2439
36.877358,-83.702811,2443
36.877358,-84.702811,2451
36.877358,-85.702811,2465
36.877358,-86.702811,2471
36.877358,-87.702811,2475
36.877358,-88.702811,2484
36.877358,-89.702811,2506
36.877358,-90.702811,2507
36.877358,-91.702811,2512
35.877358,-91.702811,2523
35.877358,-91.702811,2527
35.877358,-92.702811,2547
35.877358,-93.702811,2557
35.877358,-94.702811,2568
34.877358,-94.702811,2583
34.877358,-95.702811,2606
35.877358,-95.702811,2608
BREAK
