START
45.479293,-35.505854,0
44.513192,-35.505854,133
43.54709,-35.505854,155
41.614886,-35.505854,167
40.648785,-35.505854,178
38.716581,-35.505854,198
37.75048,-35.505854,217
36.784378,-35.505854,230
35.818276,-35.505854,248
34.852175,-35.505854,266
33.886073,-35.505854,307
33.886073,-34.539752,357
32.919971,-33.573651,381
32.919971,-32.607549,400
32.919971,-31.641447,418
32.919971,-30.675345,432
32.919971,-28.743142,451
32.919971,-27.77704,468
32.919971,-26.810939,482
32.919971,-25.844837,500
32.919971,-24.878735,519
32.919971,-23.912634,533
32.919971,-21.98043,551
32.919971,-21.014329,569
32.919971,-20.048227,585
32.919971,-19.082125,617
34.852175,-19.082125,634
35.818276,-18.116023,653
36.784378,-17.149922,673
38.716581,-15.217718,705
40.648785,-15.217718,720
42.580988,-13.285515,733
44.513192,-13.285515,751
45.479293,-13.285515,770
47.411497,-12.319413,802
48.377598,-12.319413,821
49.3437,-11.353312,835
50.309802,-11.353312,853
51.275903,-11.353312,873
52.242005,-11.353312,886
53.208107,-11.353312,900
55.14031,-11.353312,919
57.072514,-11.353312,938
58.038615,-11.353312,951
59.004717,-11.353312,969
59.970819,-11.353312,988
60.93692,-11.353312,1026
60.93692,-12.319413,1052
60.93692,-13.285515,1069
62.869124,-13.285515,1088
62.869124,-15.217718,1105
63.835225,-16.18382,1121
63.835225,-17.149922,1137
63.835225,-18.116023,1154
64.801327,-19.082125,1173
64.801327,-20.048227,1186
64.801327,-21.014329,1205
64.801327,-21.98043,1245
65.767429,-22.946532,1642
65.767429,-24.878735,1656
65.767429,-25.844837,1705
66.733531,-26.810939,1717
66.733531,-27.77704,1745
66.733531,-30.675345,1777
66.733531,-33.573651,1793
66.733531,-35.505854,1825
67.699632,-37.438057,1841
67.699632,-38.404159,1860
67.699632,-40.336362,1881
67.699632,-43.234667,1894
67.699632,-44.200769,1908
67.699632,-47.099074,1925
67.699632,-48.065176,1946
67.699632,-49.031278,1958
67.699632,-50.963481,1976
67.699632,-51.929583,1994
67.699632,-54.827888,2028
67.699632,-58.692295,2042
67.699632,-60.624498,2063
67.699632,-62.556701,2081
67.699632,-64.488905,2099
67.699632,-65.455006,2112
67.699632,-66.421108,2122
67.699632,-67.38721,2143
67.699632,-68.353312,2177
67.699632,-69.319413,2210
67.699632,-70.285515,2330
67.699632,-71.251617,2343
67.699632,-72.217718,2362
67.699632,-73.18382,2400
67.699632,-74.149922,2412
67.699632,-75.116023,2498
67.699632,-76.082125,2738
67.699632,-77.048227,2762
67.699632,-78.014329,2816
67.699632,-78.98043,2882
BREAK
67.699632,-17.149922,3993
68.665734,-16.18382,4105
69.631836,-16.18382,4123
70.597937,-16.18382,4142
71.564039,-16.18382,4154
72.530141,-16.18382,4172
74.462344,-16.18382,4190
76.394547,-16.18382,4210
77.360649,-16.18382,4224
78.326751,-16.18382,4240
79.292853,-16.18382,4273
81.225056,-16.18382,4321
82.191158,-16.18382,4361
83.157259,-16.18382,4379
84.123361,-16.18382,4406
85.089463,-16.18382,4442
86.055564,-16.18382,4473
87.021666,-16.18382,4490
87.987768,-16.18382,4510
87.987768,-17.149922,4524
89.919971,-17.149922,4542
90.886073,-18.116023,4593
90.886073,-19.082125,4608
90.886073,-20.048227,4639
90.886073,-22.946532,4657
90.886073,-23.912634,4676
90.886073,-24.878735,4691
90.886073,-26.810939,4728
90.886073,-28.743142,4759
89.919971,-28.743142,4777
88.95387,-28.743142,4828
88.95387,-29.709244,4848
87.021666,-30.675345,4877
86.055564,-30.675345,4892
86.055564,-31.641447,4928
85.089463,-31.641447,4943
85.089463,-32.607549,4977
84.123361,-32.607549,4994
85.089463,-32.607549,5570
86.055564,-32.607549,5585
87.021666,-32.607549,5619
87.987768,-32.607549,5633
89.919971,-33.573651,5649
91.852175,-35.505854,5681
91.852175,-36.471956,5698
92.818276,-37.438057,5718
92.818276,-38.404159,5747
93.784378,-39.370261,5790
93.784378,-40.336362,5833
93.784378,-41.302464,5879
93.784378,-42.268566,5926
93.784378,-43.234667,5937
93.784378,-44.200769,5951
93.784378,-45.166871,5969
93.784378,-46.132973,5998
92.818276,-47.099074,6033
90.886073,-47.099074,6053
88.95387,-49.031278,6073
85.089463,-49.997379,6097
85.089463,-50.963481,6116
84.123361,-50.963481,6134
83.157259,-50.963481,6153
82.191158,-50.963481,6201
81.225056,-50.963481,6218
79.292853,-50.963481,6237
78.326751,-50.963481,6252
77.360649,-50.963481,6271
76.394547,-50.963481,6291
74.462344,-50.963481,6301
73.496242,-50.963481,6318
72.530141,-50.963481,6353
71.564039,-50.963481,6386
70.597937,-49.997379,6447
70.597937,-49.031278,6493
69.631836,-48.065176,6521
68.665734,-48.065176,6569
68.665734,-46.132973,6617
67.699632,-46.132973,6636
BREAK
84.123361,-30.675345,7697
83.157259,-30.675345,7974
82.191158,-30.675345,8129
81.225056,-30.675345,8359
80.258954,-30.675345,8375
79.292853,-30.675345,8398
78.326751,-30.675345,8434
BREAK
67.699632,-76.082125,10251
66.733531,-76.082125,10312
65.767429,-76.082125,10361
65.767429,-75.116023,10416
63.835225,-74.149922,10468
62.869124,-73.18382,10508
61.903022,-73.18382,10547
59.970819,-73.18382,10577
58.038615,-72.217718,10595
56.106412,-72.217718,10615
55.14031,-71.251617,10625
53.208107,-71.251617,10644
52.242005,-71.251617,10662
51.275903,-71.251617,10677
50.309802,-71.251617,10696
49.3437,-71.251617,10726
48.377598,-71.251617,10764
48.377598,-72.217718,10898
47.411497,-72.217718,10931
47.411497,-74.149922,10947
46.445395,-74.149922,10963
44.513192,-75.116023,10997
42.580988,-75.116023,11015
40.648785,-76.082125,11035
39.682683,-76.082125,11044
38.716581,-77.048227,11064
36.784378,-77.048227,11096
36.784378,-78.014329,11114
35.818276,-78.014329,11134
35.818276,-78.98043,11145
33.886073,-78.98043,11165
32.919971,-78.98043,11205
31.95387,-78.98043,11234
30.987768,-78.98043,11246
30.021666,-78.98043,11265
28.089463,-78.98043,11284
27.123361,-78.98043,11297
26.157259,-78.98043,11315
25.191158,-78.014329,11357
24.225056,-77.048227,11389
23.258954,-76.082125,11417
23.258954,-75.116023,11450
22.292853,-75.116023,11466
22.292853,-74.149922,11654
BREAK
22.292853,-66.421108,13929
22.292853,-67.38721,13979
22.292853,-68.353312,13997
22.292853,-69.319413,14038
23.258954,-70.285515,14065
23.258954,-71.251617,14127
24.225056,-71.251617,14134
25.191158,-72.217718,14200
26.157259,-73.18382,14248
27.123361,-73.18382,14279
27.123361,-74.149922,14283
29.055564,-74.149922,14300
30.021666,-74.149922,14319
30.021666,-76.082125,14338
30.987768,-76.082125,14351
31.95387,-77.048227,14401
BREAK
