START
26.697628,-35.428552,0
26.697628,-36.268473,39
26.697628,-37.948315,55
26.697628,-38.788236,87
26.697628,-39.628157,111
26.697628,-40.468078,151
26.697628,-42.14792,167
26.697628,-42.987841,183
26.697628,-43.827762,191
27.537549,-44.667683,231
27.537549,-46.347524,247
27.537549,-47.187445,271
27.537549,-48.027366,295
27.537549,-48.867287,319
28.37747,-50.547129,343
28.37747,-51.38705,399
27.537549,-51.38705,607
26.697628,-51.38705,648
25.857708,-51.38705,695
24.177866,-51.38705,703
23.337945,-51.38705,727
22.498024,-50.547129,735
21.658103,-50.547129,743
21.658103,-48.867287,767
19.978261,-48.867287,775
19.978261,-50.547129,935
19.978261,-51.38705,959
19.978261,-52.226971,975
21.658103,-53.066892,983
22.498024,-53.066892,1007
22.498024,-54.746734,1015
23.337945,-55.586655,1031
23.337945,-56.426576,1047
24.177866,-57.266497,1063
25.857708,-57.266497,1087
25.857708,-58.946339,1103
25.857708,-59.78626,1143
26.697628,-59.78626,1151
27.537549,-60.626181,1167
28.37747,-61.466102,1183
30.057312,-61.466102,1279
30.057312,-60.626181,1504
30.057312,-59.78626,1543
30.057312,-58.946339,1559
30.057312,-57.266497,1583
28.37747,-57.266497,1599
28.37747,-56.426576,1712
28.37747,-55.586655,1735
30.057312,-54.746734,1743
BREAK
26.697628,-43.827762,2383
27.537549,-43.827762,2447
27.537549,-42.987841,2487
27.537549,-42.14792,2519
27.537549,-40.468078,2535
27.537549,-39.628157,2559
27.537549,-38.788236,2575
27.537549,-37.948315,2591
27.537549,-36.268473,2615
27.537549,-35.428552,2639
26.697628,-34.588631,2927
26.697628,-33.74871,2967
25.857708,-32.068868,2999
25.857708,-31.228947,3047
24.177866,-31.228947,3055
23.337945,-31.228947,3079
23.337945,-30.389026,3087
22.498024,-30.389026,3103
22.498024,-29.549106,3127
22.498024,-27.869264,3159
22.498024,-27.029343,3183
23.337945,-27.029343,3319
24.177866,-27.029343,3335
25.857708,-27.029343,3359
26.697628,-27.029343,3383
27.537549,-27.029343,3391
28.37747,-27.029343,3399
30.057312,-27.029343,3407
30.897233,-27.029343,3447
31.737154,-27.869264,3455
32.577075,-27.869264,3471
34.256917,-27.869264,3487
36.77668,-27.869264,3495
38.456522,-27.869264,3503
39.296443,-27.869264,3519
40.136364,-27.869264,3535
40.976285,-27.869264,3575
42.656126,-27.869264,3599
43.496047,-27.869264,3640
44.335968,-27.869264,3703
45.175889,-27.869264,3727
46.855731,-27.869264,3735
47.695652,-27.869264,3751
51.895257,-27.029343,3759
52.735178,-27.029343,3767
53.575099,-26.189422,3775
55.254941,-26.189422,3783
56.094862,-26.189422,3791
56.934783,-26.189422,3807
57.774704,-26.189422,3815
59.454545,-26.189422,3823
60.294466,-26.189422,3831
61.134387,-26.189422,3855
61.974308,-26.189422,3887
61.134387,-26.189422,4167
60.294466,-26.189422,4223
59.454545,-26.189422,4247
59.454545,-27.029343,4263
57.774704,-27.029343,4279
56.934783,-27.029343,4295
56.094862,-27.029343,4335
55.254941,-27.029343,4351
53.575099,-27.029343,4367
52.735178,-27.869264,4391
51.895257,-27.869264,4407
51.055336,-27.869264,4447
49.375494,-27.869264,4455
48.535573,-27.869264,4471
47.695652,-27.869264,4479
46.855731,-27.869264,4503
45.175889,-27.869264,4519
44.335968,-27.869264,4535
43.496047,-27.869264,4551
42.656126,-27.869264,4567
40.976285,-27.869264,4591
40.136364,-27.869264,4599
39.296443,-27.869264,4615
38.456522,-27.869264,4623
36.77668,-27.869264,4648
32.577075,-27.029343,4655
31.737154,-27.029343,4671
30.897233,-27.029343,4687
30.057312,-27.029343,4703
28.37747,-27.029343,4719
24.177866,-27.029343,4744
23.337945,-27.029343,4751
22.498024,-27.029343,4767
21.658103,-27.029343,4775
19.978261,-27.029343,4807
15.778656,-27.029343,4823
14.938735,-27.029343,4839
14.098814,-27.029343,4855
14.938735,-27.029343,5096
15.778656,-27.029343,5127
17.458498,-27.869264,5151
18.298419,-29.549106,5199
19.13834,-29.549106,5215
19.13834,-30.389026,5224
19.978261,-30.389026,5231
21.658103,-30.389026,5248
22.498024,-30.389026,5263
22.498024,-31.228947,5311
23.337945,-31.228947,5327
24.177866,-31.228947,5343
24.177866,-32.068868,5351
25.857708,-32.068868,5368
26.697628,-32.068868,5400
27.537549,-32.068868,5423
28.37747,-32.068868,5439
30.057312,-32.068868,5447
30.897233,-32.068868,5455
31.737154,-32.068868,5463
32.577075,-32.068868,5488
34.256917,-32.068868,5511
35.096838,-32.068868,5559
35.936759,-32.068868,5591
36.77668,-32.068868,5615
38.456522,-33.74871,5632
39.296443,-33.74871,5640
40.136364,-33.74871,5664
40.976285,-33.74871,5671
44.335968,-33.74871,5688
45.175889,-33.74871,5696
46.855731,-33.74871,5712
47.695652,-33.74871,5728
48.535573,-33.74871,5752
49.375494,-33.74871,5792
51.055336,-33.74871,5816
51.895257,-33.74871,5848
52.735178,-33.74871,5872
53.575099,-32.068868,5920
55.254941,-32.068868,5936
56.094862,-32.068868,5960
56.934783,-32.068868,5976
56.934783,-31.228947,6120
BREAK
40.976285,-27.869264,6991
42.656126,-27.869264,7023
42.656126,-29.549106,7031
43.496047,-29.549106,7055
44.335968,-30.389026,7095
45.175889,-30.389026,7103
46.855731,-30.389026,7127
47.695652,-30.389026,7143
48.535573,-30.389026,7151
49.375494,-30.389026,7167
51.055336,-30.389026,7183
51.895257,-30.389026,7207
52.735178,-30.389026,7239
53.575099,-30.389026,7263
55.254941,-30.389026,7279
56.094862,-30.389026,7327
56.934783,-30.389026,7351
57.774704,-30.389026,7367
59.454545,-30.389026,7415
60.294466,-30.389026,7431
61.134387,-30.389026,7439
61.974308,-30.389026,7455
61.974308,-29.549106,7487
63.65415,-29.549106,7519
64.494071,-29.549106,7591
65.333992,-29.549106,7687
66.173913,-29.549106,7719
67.853755,-29.549106,7743
BREAK
56.934783,-30.389026,8167
56.934783,-31.228947,8223
56.934783,-32.068868,8255
56.934783,-33.74871,8271
56.934783,-34.588631,8287
56.934783,-35.428552,8295
56.934783,-36.268473,8319
56.934783,-37.948315,8327
56.934783,-38.788236,8343
56.934783,-39.628157,8359
56.094862,-39.628157,8367
56.094862,-40.468078,8391
56.094862,-42.14792,8407
56.094862,-42.987841,8415
56.094862,-43.827762,8423
56.094862,-44.667683,8455
56.094862,-46.347524,8471
56.094862,-47.187445,8479
56.094862,-48.027366,8495
55.254941,-48.027366,8503
55.254941,-48.867287,8511
55.254941,-50.547129,8535
53.575099,-50.547129,8543
53.575099,-51.38705,8559
53.575099,-52.226971,8567
52.735178,-52.226971,8575
52.735178,-53.066892,8583
51.895257,-53.066892,8599
51.895257,-54.746734,8607
51.895257,-55.586655,8615
51.055336,-55.586655,8623
51.055336,-56.426576,8631
51.055336,-57.266497,8647
51.055336,-58.946339,8663
49.375494,-58.946339,8671
49.375494,-59.78626,8687
49.375494,-60.626181,8695
48.535573,-60.626181,8703
48.535573,-61.466102,8711
47.695652,-63.145943,8727
46.855731,-63.145943,8751
46.855731,-63.985864,8759
46.855731,-64.825785,8775
46.855731,-65.665706,8783
45.175889,-65.665706,8791
45.175889,-67.345548,8799
44.335968,-67.345548,8815
44.335968,-68.185469,8823
43.496047,-68.185469,8847
43.496047,-69.02539,8863
42.656126,-69.02539,8871
42.656126,-69.865311,8887
42.656126,-71.545153,8895
42.656126,-72.385074,8927
40.976285,-72.385074,8935
40.136364,-72.385074,8959
39.296443,-73.224995,8983
38.456522,-74.064916,9015
36.77668,-74.064916,9031
36.77668,-75.744758,9039
36.77668,-76.584679,9071
35.936759,-76.584679,9079
35.096838,-76.584679,9095
34.256917,-76.584679,9111
30.057312,-76.584679,9135
30.057312,-77.4246,9143
28.37747,-77.4246,9175
27.537549,-77.4246,9191
26.697628,-77.4246,9207
26.697628,-78.264521,9215
25.857708,-78.264521,9231
24.177866,-78.264521,9263
BREAK
