START
15.778656,-55.586655,0
15.778656,-54.746734,325
15.778656,-53.906813,342
15.778656,-53.066892,375
15.778656,-52.226971,391
15.778656,-51.38705,408
15.778656,-50.547129,425
15.778656,-49.707208,441
15.778656,-48.867287,457
15.778656,-47.187445,474
15.778656,-46.347524,491
15.778656,-44.667683,508
15.778656,-43.827762,525
15.778656,-42.987841,540
15.778656,-42.14792,558
15.778656,-41.307999,574
15.778656,-39.628157,591
15.778656,-38.788236,607
15.778656,-37.948315,623
15.778656,-37.108394,741
15.778656,-36.268473,774
15.778656,-35.428552,807
15.778656,-34.588631,823
BREAK
9.0592885,-32.908789,1771
10.73913,-32.908789,1969
14.098814,-32.908789,1986
17.458498,-32.908789,2002
20.818182,-32.908789,2019
24.177866,-32.908789,2035
25.857708,-32.908789,2051
27.537549,-32.908789,2068
28.37747,-32.908789,2085
29.217391,-32.908789,2101
30.897233,-32.908789,2119
31.737154,-32.908789,2134
33.416996,-32.908789,2151
35.096838,-32.908789,2167
36.77668,-32.908789,2185
38.456522,-32.908789,2201
40.136364,-32.908789,2217
41.816206,-32.908789,2234
43.496047,-32.908789,2251
45.175889,-32.908789,2267
46.01581,-32.908789,2284
46.855731,-32.908789,2300
48.535573,-32.908789,2317
50.215415,-32.908789,2334
51.895257,-32.908789,2351
53.575099,-32.908789,2367
55.254941,-32.908789,2384
56.934783,-32.908789,2401
57.774704,-32.908789,2417
59.454545,-32.908789,2433
60.294466,-32.908789,2466
61.134387,-32.908789,2500
61.974308,-32.908789,2617
62.814229,-32.908789,2650
63.65415,-32.908789,2683
BREAK
57.774704,-32.068868,3365
57.774704,-33.74871,3563
57.774704,-37.108394,3580
57.774704,-42.14792,3595
57.774704,-45.507604,3611
57.774704,-48.027366,3628
57.774704,-50.547129,3645
56.934783,-52.226971,3662
56.934783,-53.906813,3679
56.934783,-55.586655,3696
56.934783,-56.426576,3712
56.934783,-58.106418,3729
56.934783,-58.946339,3745
56.934783,-59.78626,3779
56.934783,-61.466102,3795
56.094862,-63.145943,3812
55.254941,-63.985864,3829
55.254941,-65.665706,3845
53.575099,-67.345548,3861
52.735178,-69.02539,3878
51.895257,-71.545153,3894
50.215415,-74.064916,3911
48.535573,-76.584679,3928
47.695652,-77.4246,3945
46.01581,-79.944362,3962
45.175889,-81.624204,3978
43.496047,-82.464125,3995
42.656126,-83.304046,4011
40.976285,-84.983888,4028
40.136364,-85.823809,4044
39.296443,-86.66373,4060
37.616601,-88.343572,4078
36.77668,-89.183493,4094
35.096838,-90.023414,4127
34.256917,-90.023414,4194
33.416996,-90.023414,4210
31.737154,-90.863335,4227
30.897233,-90.863335,4244
30.897233,-91.703256,4261
30.057312,-91.703256,4277
30.057312,-90.863335,4443
BREAK
