START
30.379807,-33.601812,0
32.059196,-33.601812,64
32.898891,-32.762117,72
34.57828,-32.762117,80
35.417975,-31.922423,88
37.097364,-31.082728,95
38.776754,-31.082728,103
40.456143,-31.082728,112
42.135532,-30.243033,120
42.975227,-30.243033,128
44.654616,-30.243033,136
46.334005,-30.243033,144
47.1737,-30.243033,152
48.853089,-29.403339,160
49.692784,-29.403339,168
51.372173,-29.403339,176
51.372173,-28.563644,184
53.051563,-28.563644,192
54.730952,-28.563644,200
55.570647,-28.563644,208
56.410341,-28.563644,216
57.250036,-28.563644,224
58.089731,-28.563644,232
58.929425,-28.563644,240
59.76912,-28.563644,256
60.608815,-28.563644,272
60.608815,-27.723949,280
61.448509,-27.723949,304
61.448509,-28.563644,432
61.448509,-30.243033,440
61.448509,-31.082728,448
61.448509,-32.762117,456
61.448509,-35.281201,464
60.608815,-36.96059,472
60.608815,-39.479674,480
60.608815,-41.998758,488
60.608815,-44.517842,496
60.608815,-48.716316,504
60.608815,-52.075094,512
60.608815,-56.273568,520
60.608815,-58.792652,528
60.608815,-62.15143,536
60.608815,-64.670514,544
60.608815,-67.189598,552
60.608815,-68.868987,560
60.608815,-70.548377,569
60.608815,-72.227766,576
60.608815,-73.067461,584
60.608815,-73.907155,592
60.608815,-74.74685,600
60.608815,-75.586545,608
60.608815,-76.426239,624
59.76912,-77.265934,640
59.76912,-78.105629,656
58.929425,-78.945323,672
58.929425,-79.785018,696
58.089731,-79.785018,704
58.089731,-80.624713,712
58.089731,-81.464407,728
57.250036,-81.464407,752
BREAK
