START
70.170051,-23.88438,0
70.170051,-24.787933,87
70.170051,-25.691487,103
70.170051,-26.59504,111
70.170051,-27.498593,119
70.170051,-28.402147,127
70.170051,-30.209253,143
70.170051,-31.112807,159
70.170051,-32.01636,167
70.170051,-32.919913,175
70.170051,-33.823466,183
70.170051,-35.630573,199
70.170051,-36.534126,207
70.170051,-37.43768,223
70.170051,-38.341233,231
70.170051,-39.244786,239
70.170051,-40.14834,255
70.170051,-41.051893,263
70.170051,-41.955446,271
70.170051,-42.858999,279
70.170051,-44.666106,295
70.170051,-45.569659,311
70.170051,-46.473213,319
70.170051,-47.376766,327
70.170051,-48.280319,343
70.170051,-49.183873,359
70.170051,-50.087426,367
70.170051,-50.990979,375
70.170051,-51.894532,391
70.170051,-52.798086,399
70.170051,-53.701639,415
70.170051,-54.605192,423
70.170051,-55.508746,432
70.170051,-56.412299,447
70.170051,-57.315852,455
70.170051,-58.219406,471
71.073604,-58.219406,487
71.073604,-59.122959,495
71.073604,-60.026512,511
71.073604,-60.930065,520
71.073604,-61.833619,543
71.073604,-62.737172,567
71.977157,-63.640725,584
71.977157,-64.544279,592
71.977157,-65.447832,615
72.880711,-65.447832,624
72.880711,-66.351385,632
73.784264,-66.351385,648
73.784264,-67.254939,664
74.687817,-68.158492,680
74.687817,-69.062045,711
75.591371,-69.062045,720
76.494924,-69.965598,744
77.398477,-69.965598,760
78.30203,-69.965598,792
79.205584,-69.965598,816
79.205584,-70.869152,832
80.109137,-70.869152,848
81.01269,-70.869152,856
81.916244,-71.772705,873
82.819797,-71.772705,912
83.72335,-71.772705,952
84.626904,-71.772705,986
85.530457,-71.772705,1000
85.530457,-70.869152,1016
BREAK
71.073604,-42.858999,1904
70.170051,-42.858999,1943
69.266497,-42.858999,1959
68.362944,-42.858999,2031
67.459391,-42.858999,2063
66.555838,-42.858999,2079
65.652284,-42.858999,2087
64.748731,-42.858999,2103
63.845178,-42.858999,2111
62.941624,-42.858999,2119
62.038071,-42.858999,2135
61.134518,-42.858999,2143
60.230964,-43.762553,2159
59.327411,-43.762553,2167
58.423858,-43.762553,2183
57.520305,-43.762553,2191
54.809645,-43.762553,2199
53.906091,-43.762553,2215
52.098985,-43.762553,2223
51.195431,-43.762553,2239
49.388325,-43.762553,2255
48.484772,-43.762553,2271
47.581218,-43.762553,2287
45.774112,-43.762553,2319
44.870558,-43.762553,2335
43.063452,-43.762553,2351
42.159898,-43.762553,2359
41.256345,-43.762553,2375
40.352792,-43.762553,2391
39.449239,-43.762553,2399
38.545685,-43.762553,2423
37.642132,-43.762553,2447
35.835025,-43.762553,2463
34.931472,-43.762553,2479
34.027919,-43.762553,2495
33.124365,-44.666106,2503
32.220812,-44.666106,2532
31.317259,-44.666106,2551
30.413706,-44.666106,2583
30.413706,-45.569659,2591
29.510152,-45.569659,2599
28.606599,-45.569659,2615
27.703046,-45.569659,2647
27.703046,-46.473213,2655
26.799492,-47.376766,2671
26.799492,-48.280319,2687
25.895939,-49.183873,2719
25.895939,-50.087426,2735
25.895939,-50.990979,2751
24.992386,-50.990979,2760
24.992386,-51.894532,2768
24.992386,-52.798086,2791
24.992386,-53.701639,2807
24.992386,-54.605192,2823
25.895939,-54.605192,2839
25.895939,-55.508746,2848
26.799492,-56.412299,2871
26.799492,-57.315852,2880
27.703046,-57.315852,2896
27.703046,-58.219406,2912
28.606599,-58.219406,2920
29.510152,-58.219406,2936
29.510152,-59.122959,2944
30.413706,-59.122959,2984
30.413706,-60.026512,3000
31.317259,-60.026512,3008
32.220812,-60.026512,3032
33.124365,-60.026512,3050
34.027919,-60.026512,3051
34.027919,-60.930065,3056
34.931472,-60.930065,3072
35.835025,-60.930065,3104
36.738579,-60.930065,3119
37.642132,-60.930065,3136
38.545685,-60.930065,3152
39.449239,-60.930065,3160
40.352792,-60.930065,3176
40.352792,-60.026512,3192
41.256345,-60.026512,3210
41.256345,-59.122959,3232
42.159898,-59.122959,3240
43.063452,-59.122959,3248
43.967005,-59.122959,3272
43.967005,-58.219406,3280
44.870558,-57.315852,3312
44.870558,-56.412299,3336
45.774112,-56.412299,3344
45.774112,-55.508746,3360
46.677665,-55.508746,3368
46.677665,-54.605192,3384
46.677665,-53.701639,3408
46.677665,-52.798086,3432
46.677665,-51.894532,3448
47.581218,-51.894532,3472
47.581218,-50.990979,3488
47.581218,-50.087426,3512
47.581218,-49.183873,3536
47.581218,-48.280319,3552
46.677665,-48.280319,3576
46.677665,-47.376766,3592
46.677665,-46.473213,3632
46.677665,-45.569659,3680
45.774112,-45.569659,3696
45.774112,-44.666106,3760
BREAK
