START
70.170051,-37.43768,0
70.170051,-38.341233,54
70.170051,-39.244786,96
70.170051,-40.14834,124
70.170051,-41.051893,137
70.170051,-41.955446,150
70.170051,-42.858999,178
70.170051,-43.762553,207
70.170051,-44.666106,220
70.170051,-45.569659,234
70.170051,-46.473213,248
70.170051,-47.376766,261
70.170051,-48.280319,275
70.170051,-49.183873,289
70.170051,-50.087426,303
70.170051,-51.894532,316
70.170051,-52.798086,334
70.170051,-53.701639,347
70.170051,-55.508746,357
70.170051,-56.412299,372
70.170051,-58.219406,400
70.170051,-59.122959,426
70.170051,-60.930065,441
70.170051,-62.737172,469
70.170051,-63.640725,496
70.170051,-64.544279,510
70.170051,-65.447832,537
70.170051,-66.351385,550
70.170051,-67.254939,565
70.170051,-68.158492,592
70.170051,-69.965598,621
70.170051,-70.869152,648
70.170051,-71.772705,675
70.170051,-72.676258,703
70.170051,-73.579812,730
71.073604,-73.579812,759
71.073604,-74.483365,772
71.977157,-74.483365,800
72.880711,-74.483365,813
72.880711,-75.386918,827
73.784264,-75.386918,841
74.687817,-75.386918,855
75.591371,-75.386918,882
76.494924,-75.386918,896
77.398477,-76.290472,924
78.30203,-76.290472,951
79.205584,-76.290472,979
80.109137,-76.290472,1020
81.01269,-76.290472,1049
81.916244,-76.290472,1062
82.819797,-76.290472,1089
83.72335,-76.290472,1103
84.626904,-76.290472,1117
85.530457,-76.290472,1228
86.43401,-76.290472,1241
86.43401,-75.386918,1255
87.337563,-75.386918,1296
87.337563,-76.290472,1353
BREAK
68.362944,-48.280319,2979
67.459391,-48.280319,3020
66.555838,-48.280319,3076
65.652284,-48.280319,3104
64.748731,-48.280319,3131
63.845178,-48.280319,3159
62.941624,-48.280319,3200
62.038071,-48.280319,3241
61.134518,-48.280319,3283
60.230964,-48.280319,3297
59.327411,-48.280319,3324
58.423858,-48.280319,3353
57.520305,-48.280319,3380
56.616751,-48.280319,3395
55.713198,-48.280319,3407
54.809645,-48.280319,3420
53.906091,-48.280319,3435
53.002538,-48.280319,3462
52.098985,-48.280319,3489
51.195431,-48.280319,3503
50.291878,-48.280319,3517
49.388325,-48.280319,3545
48.484772,-48.280319,3573
47.581218,-48.280319,3587
46.677665,-48.280319,3627
45.774112,-48.280319,3655
44.870558,-48.280319,3697
43.967005,-48.280319,3725
43.063452,-48.280319,3739
42.159898,-48.280319,3779
41.256345,-48.280319,3822
40.352792,-48.280319,3848
39.449239,-48.280319,3863
38.545685,-48.280319,3890
37.642132,-48.280319,3931
36.738579,-48.280319,3959
35.835025,-48.280319,4000
35.835025,-49.183873,4374
35.835025,-50.087426,4497
35.835025,-50.990979,4552
35.835025,-51.894532,4608
35.835025,-52.798086,4621
35.835025,-53.701639,4663
35.835025,-54.605192,4690
35.835025,-55.508746,4731
35.835025,-56.412299,4745
35.835025,-57.315852,4774
35.835025,-58.219406,4801
35.835025,-59.122959,4829
35.835025,-60.026512,4855
35.835025,-60.930065,4883
35.835025,-61.833619,4926
36.738579,-61.833619,4952
36.738579,-62.737172,4980
37.642132,-62.737172,5076
37.642132,-63.640725,5104
38.545685,-63.640725,5118
39.449239,-63.640725,5159
40.352792,-63.640725,5187
41.256345,-63.640725,5200
42.159898,-63.640725,5228
43.063452,-63.640725,5271
44.870558,-63.640725,5298
45.774112,-63.640725,5325
46.677665,-63.640725,5352
47.581218,-63.640725,5367
48.484772,-63.640725,5381
49.388325,-63.640725,5408
50.291878,-63.640725,5437
50.291878,-62.737172,5464
51.195431,-62.737172,5490
51.195431,-61.833619,5505
52.098985,-60.930065,5588
52.098985,-60.026512,5615
52.098985,-59.122959,5656
52.098985,-58.219406,5670
52.098985,-57.315852,5698
52.098985,-56.412299,5726
52.098985,-55.508746,5739
52.098985,-54.605192,5752
52.098985,-53.701639,5780
52.098985,-52.798086,5836
52.098985,-51.894532,5863
51.195431,-51.894532,5904
50.291878,-50.990979,5932
50.291878,-50.087426,5961
49.388325,-50.087426,5974
48.484772,-50.087426,6002
48.484772,-49.183873,6029
47.581218,-49.183873,6043
46.677665,-49.183873,6056
45.774112,-49.183873,6097
44.870558,-49.183873,6126
43.967005,-48.280319,6154
43.063452,-48.280319,6167
42.159898,-48.280319,6195
41.256345,-48.280319,6250
40.352792,-48.280319,6278
39.449239,-48.280319,6291
38.545685,-48.280319,6346
37.642132,-48.280319,6429
36.738579,-49.183873,6485
36.738579,-50.087426,6595
36.738579,-50.990979,6650
36.738579,-51.894532,6691
36.738579,-52.798086,6719
36.738579,-53.701639,6747
BREAK
