START
31.317259,-41.955446,0
29.510152,-41.955446,96
27.703046,-41.955446,112
26.799492,-41.955446,120
24.088832,-42.858999,136
23.185279,-42.858999,144
21.378173,-42.858999,152
21.378173,-43.762553,160
19.571066,-44.666106,168
17.763959,-45.569659,184
17.763959,-46.473213,192
15.956853,-46.473213,208
15.053299,-48.280319,224
14.149746,-49.183873,240
14.149746,-50.087426,256
14.149746,-51.894532,272
13.246193,-52.798086,280
13.246193,-53.701639,288
13.246193,-54.605192,296
13.246193,-55.508746,312
13.246193,-56.412299,320
12.34264,-56.412299,328
12.34264,-57.315852,336
12.34264,-58.219406,344
12.34264,-59.122959,360
12.34264,-60.026512,376
12.34264,-61.833619,392
13.246193,-62.737172,424
14.149746,-62.737172,432
15.053299,-63.640725,440
16.860406,-64.544279,456
17.763959,-64.544279,464
20.474619,-64.544279,472
22.281726,-65.447832,488
23.185279,-65.447832,496
24.088832,-65.447832,504
24.992386,-65.447832,528
25.895939,-65.447832,552
26.799492,-65.447832,568
28.606599,-65.447832,592
29.510152,-65.447832,608
30.413706,-64.544279,640
31.317259,-63.640725,648
32.220812,-62.737172,664
33.124365,-62.737172,688
34.027919,-61.833619,704
34.027919,-60.026512,720
34.931472,-60.026512,736
34.931472,-59.122959,752
35.835025,-58.219406,760
36.738579,-56.412299,776
37.642132,-55.508746,808
38.545685,-54.605192,832
38.545685,-53.701639,840
38.545685,-52.798086,856
38.545685,-51.894532,864
38.545685,-50.990979,872
38.545685,-50.087426,888
38.545685,-49.183873,904
39.449239,-48.280319,912
39.449239,-47.376766,928
39.449239,-46.473213,952
39.449239,-45.569659,968
39.449239,-43.762553,984
39.449239,-42.858999,1000
39.449239,-41.955446,1008
39.449239,-41.051893,1024
39.449239,-40.14834,1040
38.545685,-39.244786,1048
37.642132,-38.341233,1064
36.738579,-37.43768,1072
35.835025,-36.534126,1096
34.931472,-35.630573,1104
34.027919,-35.630573,1120
34.931472,-35.630573,1464
37.642132,-35.630573,1480
38.545685,-35.630573,1488
40.352792,-35.630573,1496
43.063452,-35.630573,1504
44.870558,-36.534126,1512
45.774112,-36.534126,1520
47.581218,-36.534126,1536
48.484772,-36.534126,1544
49.388325,-36.534126,1576
50.291878,-36.534126,1592
51.195431,-37.43768,1608
52.098985,-37.43768,1624
53.002538,-37.43768,1632
53.906091,-37.43768,1672
54.809645,-37.43768,1744
55.713198,-37.43768,1872
56.616751,-37.43768,1896
58.423858,-37.43768,1936
BREAK
60.230964,-13.041741,2544
60.230964,-14.848847,2624
60.230964,-16.655954,2640
60.230964,-17.559507,2656
60.230964,-19.366614,2664
59.327411,-20.270167,2680
59.327411,-22.077274,2688
59.327411,-22.980827,2696
58.423858,-24.787933,2712
58.423858,-26.59504,2728
58.423858,-27.498593,2744
58.423858,-29.3057,2760
58.423858,-30.209253,2768
58.423858,-31.112807,2784
57.520305,-32.01636,2792
57.520305,-32.919913,2800
57.520305,-33.823466,2808
57.520305,-35.630573,2824
56.616751,-36.534126,2832
56.616751,-38.341233,2848
55.713198,-40.14834,2864
55.713198,-41.955446,2880
55.713198,-42.858999,2888
54.809645,-44.666106,2904
54.809645,-47.376766,2920
54.809645,-49.183873,2936
54.809645,-50.087426,2944
54.809645,-50.990979,2952
54.809645,-51.894532,2968
54.809645,-52.798086,2976
54.809645,-54.605192,3016
54.809645,-55.508746,3040
54.809645,-56.412299,3064
54.809645,-57.315852,3080
54.809645,-58.219406,3088
54.809645,-60.026512,3104
55.713198,-60.930065,3120
55.713198,-61.833619,3144
56.616751,-62.737172,3168
56.616751,-63.640725,3184
56.616751,-64.544279,3200
57.520305,-65.447832,3216
58.423858,-66.351385,3224
59.327411,-66.351385,3232
59.327411,-67.254939,3240
59.327411,-68.158492,3248
60.230964,-69.062045,3264
61.134518,-69.062045,3280
62.038071,-69.965598,3296
62.941624,-70.869152,3320
64.748731,-71.772705,3336
65.652284,-71.772705,3352
66.555838,-72.676258,3360
67.459391,-72.676258,3368
68.362944,-72.676258,3384
70.170051,-72.676258,3400
71.073604,-72.676258,3440
71.977157,-72.676258,3456
72.880711,-72.676258,3472
73.784264,-72.676258,3496
74.687817,-72.676258,3528
75.591371,-71.772705,3560
75.591371,-70.869152,3680
BREAK
