START
14.206409,-29.213528,0
14.206409,-33.171088,76
14.206409,-35.149867,85
14.206409,-36.139257,96
14.206409,-37.128647,107
14.206409,-39.107427,120
14.206409,-41.086207,131
14.206409,-43.064987,146
14.206409,-44.054377,157
14.206409,-45.043767,169
14.206409,-46.033156,181
14.206409,-47.022546,195
14.206409,-48.011936,207
14.206409,-49.001326,217
14.206409,-49.990716,229
14.206409,-50.980106,242
16.185188,-52.958886,255
16.185188,-53.948276,267
18.163968,-55.927056,279
19.153358,-57.905836,289
20.142748,-57.905836,302
21.132138,-59.884615,315
23.110918,-59.884615,326
25.089698,-60.874005,338
27.068478,-61.863395,350
30.036647,-61.863395,363
32.015427,-61.863395,375
35.972987,-61.863395,389
37.951767,-61.863395,401
40.919936,-61.863395,413
43.888106,-61.863395,426
45.866886,-61.863395,437
48.835056,-60.874005,448
50.813836,-59.884615,460
53.782005,-59.884615,476
55.760785,-58.895225,487
57.739565,-56.916446,502
58.728955,-56.916446,515
60.707735,-55.927056,527
61.697125,-54.937666,538
62.686515,-54.937666,549
64.665295,-52.958886,560
66.644074,-50.980106,586
67.633464,-50.980106,597
68.622854,-49.001326,609
68.622854,-48.011936,633
68.622854,-47.022546,660
68.622854,-46.033156,670
68.622854,-45.043767,697
68.622854,-43.064987,710
68.622854,-41.086207,722
67.633464,-40.096817,733
66.644074,-38.118037,746
66.644074,-37.128647,773
65.654684,-36.139257,788
65.654684,-35.149867,812
64.665295,-34.160477,823
64.665295,-32.181698,836
64.665295,-31.192308,848
64.665295,-29.213528,871
63.675905,-29.213528,883
63.675905,-28.224138,896
63.675905,-27.234748,918
62.686515,-27.234748,933
62.686515,-26.245358,959
62.686515,-25.255968,996
BREAK
64.665295,-37.128647,1662
65.654684,-37.128647,1837
66.644074,-37.128647,1848
67.633464,-37.128647,1861
68.622854,-37.128647,1874
69.612244,-37.128647,1899
70.601634,-38.118037,1910
71.591024,-38.118037,1933
71.591024,-39.107427,1947
72.580414,-40.096817,1971
73.569804,-40.096817,2047
73.569804,-41.086207,2059
74.559194,-41.086207,2084
75.548584,-41.086207,2122
76.537974,-41.086207,2148
77.527363,-41.086207,2159
78.516753,-41.086207,2231
78.516753,-40.096817,2242
78.516753,-39.107427,2254
78.516753,-38.118037,2282
78.516753,-37.128647,2306
78.516753,-36.139257,2329
78.516753,-35.149867,2341
78.516753,-34.160477,2381
78.516753,-33.171088,2404
78.516753,-32.181698,2418
78.516753,-31.192308,2429
78.516753,-30.202918,2441
78.516753,-29.213528,2455
78.516753,-28.224138,2468
78.516753,-27.234748,2493
78.516753,-26.245358,2518
78.516753,-25.255968,2540
78.516753,-24.266578,2553
78.516753,-23.277188,2564
78.516753,-22.287798,2602
78.516753,-21.298408,2720
BREAK
79.506143,-27.234748,3154
79.506143,-28.224138,3210
79.506143,-29.213528,3233
79.506143,-30.202918,3258
79.506143,-31.192308,3283
80.495533,-31.192308,3310
80.495533,-32.181698,3321
81.484923,-33.171088,3345
82.474313,-33.171088,3406
83.463703,-33.171088,3431
84.453093,-33.171088,3458
85.442483,-33.171088,3519
86.431873,-33.171088,3530
87.421263,-33.171088,3553
88.410653,-33.171088,3566
89.400043,-32.181698,3633
89.400043,-31.192308,3646
90.389432,-30.202918,3670
90.389432,-29.213528,3754
90.389432,-27.234748,3779
90.389432,-26.245358,3804
90.389432,-25.255968,3816
90.389432,-24.266578,3829
90.389432,-23.277188,3854
90.389432,-22.287798,3866
90.389432,-21.298408,3879
90.389432,-20.309019,3901
90.389432,-19.319629,3915
90.389432,-18.330239,3927
90.389432,-17.340849,3940
90.389432,-16.351459,3951
90.389432,-15.362069,3976
90.389432,-14.372679,3989
90.389432,-13.383289,4012
90.389432,-12.393899,4039
90.389432,-10.415119,4064
BREAK
