START
32.254717,-55.827309,0
32.254717,-54.827309,92
32.254717,-53.827309,235
32.254717,-52.827309,285
31.254717,-51.827309,295
30.254717,-49.827309,305
28.254717,-47.827309,315
27.254717,-46.827309,325
26.254717,-45.827309,335
26.254717,-44.827309,346
25.254717,-44.827309,358
24.254717,-43.827309,380
24.254717,-42.827309,415
23.254717,-41.827309,436
23.254717,-40.827309,446
23.254717,-39.827309,466
22.254717,-39.827309,476
22.254717,-38.827309,496
22.254717,-37.827309,538
21.254717,-37.827309,612
21.254717,-36.827309,682
20.254717,-36.827309,874
21.254717,-36.827309,1064
23.254717,-36.827309,1074
26.254717,-36.827309,1084
28.254717,-36.827309,1094
30.254717,-36.827309,1104
31.254717,-36.827309,1114
33.254717,-36.827309,1124
34.254717,-36.827309,1134
36.254717,-36.827309,1155
38.254717,-36.827309,1166
40.254717,-36.827309,1177
42.254717,-36.827309,1187
44.254717,-36.827309,1197
48.254717,-36.827309,1207
50.254717,-36.827309,1217
52.254717,-36.827309,1227
53.254717,-36.827309,1237
55.254717,-36.827309,1249
56.254717,-36.827309,1260
57.254717,-36.827309,1270
59.254717,-36.827309,1280
60.254717,-36.827309,1290
61.254717,-36.827309,1300
62.254717,-36.827309,1310
63.254717,-36.827309,1320
64.254717,-36.827309,1330
65.254717,-36.827309,1340
66.254717,-36.827309,1360
67.254717,-36.827309,1370
68.254717,-36.827309,1380
69.254717,-36.827309,1400
70.254717,-36.827309,1410
71.254717,-36.827309,1440
72.254717,-36.827309,1480
73.254717,-36.827309,1560
74.254717,-36.827309,1630
74.254717,-37.827309,2120
74.254717,-38.827309,2141
74.254717,-39.827309,2184
72.254717,-41.827309,2204
70.254717,-43.827309,2213
68.254717,-45.827309,2223
66.254717,-46.827309,2233
66.254717,-48.827309,2244
65.254717,-48.827309,2254
64.254717,-49.827309,2263
64.254717,-50.827309,2274
63.254717,-51.827309,2283
63.254717,-52.827309,2294
63.254717,-53.827309,2305
62.254717,-55.827309,2316
61.254717,-56.827309,2326
61.254717,-58.827309,2337
60.254717,-58.827309,2346
60.254717,-59.827309,2356
60.254717,-60.827309,2366
59.254717,-61.827309,2376
59.254717,-62.827309,2386
59.254717,-63.827309,2396
58.254717,-65.827309,2406
57.254717,-65.827309,2416
57.254717,-66.827309,2426
56.254717,-68.827309,2437
55.254717,-70.827309,2448
55.254717,-71.827309,2460
55.254717,-72.827309,2483
54.254717,-72.827309,2494
54.254717,-73.827309,2538
54.254717,-74.827309,2548
53.254717,-74.827309,2558
53.254717,-75.827309,2568
52.254717,-75.827309,2578
52.254717,-76.827309,2588
52.254717,-77.827309,2608
51.254717,-77.827309,2648
51.254717,-78.827309,2658
50.254717,-79.827309,2670
50.254717,-80.827309,2680
49.254717,-81.827309,2690
49.254717,-82.827309,2739
49.254717,-81.827309,2921
49.254717,-80.827309,2951
49.254717,-79.827309,2961
49.254717,-78.827309,2992
49.254717,-77.827309,3012
49.254717,-75.827309,3032
49.254717,-72.827309,3042
49.254717,-71.827309,3052
49.254717,-70.827309,3062
49.254717,-68.827309,3073
49.254717,-67.827309,3096
49.254717,-66.827309,3118
49.254717,-64.827309,3128
49.254717,-61.827309,3138
49.254717,-59.827309,3148
49.254717,-58.827309,3158
48.254717,-55.827309,3168
48.254717,-54.827309,3188
48.254717,-53.827309,3198
47.254717,-52.827309,3208
47.254717,-50.827309,3218
47.254717,-47.827309,3229
47.254717,-44.827309,3238
46.254717,-40.827309,3249
45.254717,-38.827309,3259
45.254717,-35.827309,3269
44.254717,-33.827309,3279
44.254717,-31.827309,3289
44.254717,-30.827309,3301
44.254717,-27.827309,3312
44.254717,-25.827309,3323
43.254717,-23.827309,3333
43.254717,-21.827309,3343
43.254717,-19.827309,3353
43.254717,-17.827309,3363
42.254717,-16.827309,3373
42.254717,-15.827309,3383
42.254717,-14.827309,3413
BREAK
45.254717,-10.827309,4574
46.254717,-10.827309,4616
46.254717,-11.827309,4918
46.254717,-12.827309,4959
46.254717,-13.827309,4979
46.254717,-14.827309,5010
46.254717,-15.827309,5040
46.254717,-16.827309,5060
46.254717,-17.827309,5102
45.254717,-17.827309,5141
45.254717,-18.827309,5151
44.254717,-18.827309,5202
43.254717,-18.827309,5232
42.254717,-18.827309,5293
41.254717,-18.827309,5366
40.254717,-18.827309,5406
40.254717,-17.827309,5608
40.254717,-16.827309,5678
40.254717,-15.827309,5708
40.254717,-14.827309,5748
40.254717,-13.827309,5798
40.254717,-12.827309,5828
40.254717,-11.827309,5971
41.254717,-11.827309,6104
42.254717,-11.827309,6154
43.254717,-11.827309,6204
44.254717,-11.827309,6224
45.254717,-11.827309,6266
46.254717,-11.827309,6296
47.254717,-11.827309,6356
BREAK
