START
48.254717,-26.827309,0
47.254717,-26.827309,15
48.254717,-26.827309,320
48.254717,-27.827309,368
48.254717,-28.827309,387
48.254717,-29.827309,426
48.254717,-30.827309,459
47.254717,-30.827309,537
47.254717,-29.827309,604
46.254717,-29.827309,621
46.254717,-28.827309,660
46.254717,-27.827309,730
46.254717,-26.827309,805
47.254717,-26.827309,974
48.254717,-26.827309,1021
49.254717,-26.827309,1080
50.254717,-26.827309,1095
51.254717,-26.827309,1149
52.254717,-26.827309,1205
52.254717,-27.827309,1273
52.254717,-28.827309,1312
52.254717,-29.827309,1322
52.254717,-30.827309,1342
52.254717,-31.827309,1377
51.254717,-31.827309,1408
51.254717,-32.827309,1425
50.254717,-32.827309,1457
49.254717,-32.827309,1511
48.254717,-32.827309,1562
47.254717,-32.827309,1592
47.254717,-31.827309,1609
46.254717,-31.827309,1700
46.254717,-30.827309,1744
46.254717,-29.827309,1760
46.254717,-28.827309,1814
46.254717,-27.827309,1876
BREAK
50.254717,-35.827309,4136
50.254717,-36.827309,4346
50.254717,-37.827309,4357
50.254717,-39.827309,4376
50.254717,-40.827309,4395
50.254717,-42.827309,4408
50.254717,-43.827309,4426
50.254717,-45.827309,4443
50.254717,-46.827309,4463
50.254717,-48.827309,4480
50.254717,-50.827309,4491
50.254717,-52.827309,4511
50.254717,-54.827309,4527
50.254717,-56.827309,4544
50.254717,-57.827309,4560
50.254717,-58.827309,4580
50.254717,-59.827309,4620
50.254717,-60.827309,4627
50.254717,-61.827309,4662
50.254717,-62.827309,4712
50.254717,-63.827309,4746
50.254717,-64.827309,4766
50.254717,-65.827309,4779
50.254717,-67.827309,4798
50.254717,-68.827309,4816
50.254717,-69.827309,4850
50.254717,-71.827309,4880
50.254717,-72.827309,4897
50.254717,-73.827309,4934
51.254717,-73.827309,4952
51.254717,-74.827309,4981
51.254717,-75.827309,5101
51.254717,-76.827309,5119
51.254717,-77.827309,5157
51.254717,-78.827309,5163
51.254717,-79.827309,5200
52.254717,-80.827309,5351
52.254717,-81.827309,5466
BREAK
52.254717,-81.827309,6297
52.254717,-80.827309,6338
52.254717,-78.827309,6358
53.254717,-77.827309,6370
53.254717,-76.827309,6389
54.254717,-74.827309,6405
55.254717,-72.827309,6423
56.254717,-71.827309,6455
56.254717,-70.827309,6472
57.254717,-69.827309,6489
58.254717,-67.827309,6508
59.254717,-66.827309,6521
62.254717,-63.827309,6540
64.254717,-60.827309,6557
66.254717,-58.827309,6575
67.254717,-58.827309,6589
68.254717,-57.827309,6607
69.254717,-56.827309,6626
69.254717,-55.827309,6674
70.254717,-54.827309,6707
71.254717,-54.827309,6763
72.254717,-53.827309,6895
73.254717,-52.827309,6925
73.254717,-51.827309,6940
74.254717,-51.827309,7012
74.254717,-50.827309,7069
75.254717,-50.827309,7345
74.254717,-50.827309,7648
73.254717,-50.827309,7664
72.254717,-50.827309,7697
71.254717,-50.827309,7716
69.254717,-50.827309,7729
67.254717,-50.827309,7747
66.254717,-50.827309,7766
65.254717,-50.827309,7779
63.254717,-50.827309,7797
62.254717,-50.827309,7814
60.254717,-50.827309,7831
59.254717,-50.827309,7865
58.254717,-50.827309,7880
57.254717,-50.827309,7899
56.254717,-50.827309,7914
55.254717,-50.827309,7933
54.254717,-50.827309,7950
52.254717,-50.827309,7967
50.254717,-50.827309,7985
48.254717,-50.827309,7996
46.254717,-50.827309,8016
45.254717,-50.827309,8032
44.254717,-50.827309,8049
43.254717,-50.827309,8066
42.254717,-50.827309,8085
41.254717,-50.827309,8103
40.254717,-50.827309,8120
39.254717,-50.827309,8134
38.254717,-50.827309,8150
37.254717,-50.827309,8167
36.254717,-50.827309,8182
34.254717,-50.827309,8200
33.254717,-50.827309,8218
31.254717,-50.827309,8236
30.254717,-50.827309,8252
29.254717,-50.827309,8283
28.254717,-50.827309,8300
27.254717,-50.827309,8352
26.254717,-50.827309,8432
25.254717,-50.827309,8468
24.254717,-50.827309,8522
25.254717,-50.827309,8787
25.254717,-51.827309,8824
26.254717,-52.827309,8872
26.254717,-53.827309,8922
27.254717,-54.827309,8959
27.254717,-55.827309,8988
27.254717,-56.827309,9022
28.254717,-57.827309,9059
28.254717,-58.827309,9088
30.254717,-59.827309,9124
31.254717,-60.827309,9171
32.254717,-60.827309,9228
BREAK
