START
49.061321,-43.718876,0
48.061321,-43.718876,110
47.061321,-43.718876,128
46.061321,-43.718876,136
45.061321,-42.718876,145
44.061321,-41.718876,152
43.061321,-40.718876,168
42.061321,-40.718876,176
42.061321,-39.718876,186
42.061321,-38.718876,192
41.061321,-38.718876,200
41.061321,-37.718876,208
41.061321,-36.718876,226
40.061321,-35.718876,240
40.061321,-34.718876,248
40.061321,-33.718876,266
40.061321,-32.718876,272
40.061321,-31.718876,280
40.061321,-30.718876,296
40.061321,-29.718876,309
40.061321,-28.718876,312
40.061321,-27.718876,320
40.061321,-26.718876,336
40.061321,-25.718876,345
41.061321,-24.718876,352
41.061321,-23.718876,368
42.061321,-22.718876,376
43.061321,-22.718876,390
43.061321,-21.718876,392
44.061321,-21.718876,408
44.061321,-20.718876,416
45.061321,-20.718876,426
46.061321,-20.718876,440
47.061321,-19.718876,448
48.061321,-19.718876,456
49.061321,-19.718876,469
50.061321,-19.718876,480
51.061321,-19.718876,488
52.061321,-19.718876,496
53.061321,-19.718876,506
55.061321,-19.718876,520
55.061321,-20.718876,528
56.061321,-20.718876,552
56.061321,-21.718876,553
57.061321,-21.718876,560
58.061321,-22.718876,568
58.061321,-23.718876,576
58.061321,-24.718876,586
59.061321,-24.718876,592
59.061321,-26.718876,600
59.061321,-28.718876,616
60.061321,-28.718876,626
60.061321,-29.718876,632
60.061321,-30.718876,640
60.061321,-31.718876,648
60.061321,-32.718876,656
60.061321,-33.718876,672
60.061321,-34.718876,680
60.061321,-35.718876,696
60.061321,-36.718876,713
60.061321,-37.718876,720
60.061321,-38.718876,728
59.061321,-39.718876,736
59.061321,-40.718876,751
58.061321,-41.718876,753
57.061321,-42.718876,760
57.061321,-43.718876,768
57.061321,-44.718876,776
56.061321,-45.718876,786
55.061321,-45.718876,792
55.061321,-46.718876,800
55.061321,-47.718876,808
55.061321,-48.718876,816
54.061321,-48.718876,826
54.061321,-49.718876,832
53.061321,-51.718876,840
52.061321,-51.718876,848
52.061321,-52.718876,856
51.061321,-53.718876,871
49.061321,-54.718876,880
49.061321,-55.718876,888
49.061321,-56.718876,896
48.061321,-56.718876,906
48.061321,-57.718876,912
47.061321,-58.718876,920
46.061321,-58.718876,928
46.061321,-59.718876,936
45.061321,-59.718876,946
45.061321,-60.718876,952
44.061321,-61.718876,960
43.061321,-63.718876,968
43.061321,-64.718876,990
42.061321,-64.718876,992
42.061321,-65.718876,1000
41.061321,-65.718876,1016
41.061321,-66.718876,1026
40.061321,-66.718876,1032
40.061321,-67.718876,1040
39.061321,-67.718876,1071
39.061321,-68.718876,1080
39.061321,-69.718876,1266
38.061321,-69.718876,1272
38.061321,-70.718876,1288
39.061321,-70.718876,1416
40.061321,-70.718876,1426
41.061321,-70.718876,1432
44.061321,-71.718876,1440
45.061321,-71.718876,1448
47.061321,-71.718876,1456
50.061321,-71.718876,1472
53.061321,-71.718876,1480
56.061321,-71.718876,1482
59.061321,-71.718876,1488
62.061321,-71.718876,1497
64.061321,-71.718876,1511
65.061321,-70.718876,1512
66.061321,-70.718876,1576
66.061321,-69.718876,1632
67.061321,-69.718876,1640
BREAK
