START
66.061321,-66.718876,0
65.061321,-66.718876,15
65.061321,-65.718876,24
64.061321,-65.718876,87
63.061321,-65.718876,111
62.061321,-65.718876,119
61.061321,-65.718876,135
60.061321,-65.718876,151
59.061321,-65.718876,167
57.061321,-65.718876,191
56.061321,-65.718876,207
55.061321,-65.718876,223
54.061321,-65.718876,231
53.061321,-65.718876,239
52.061321,-65.718876,263
51.061321,-65.718876,304
50.061321,-64.718876,311
49.061321,-64.718876,319
48.061321,-63.718876,328
47.061321,-63.718876,359
46.061321,-63.718876,376
45.061321,-63.718876,400
44.061321,-63.718876,431
43.061321,-63.718876,455
42.061321,-62.718876,471
41.061321,-62.718876,536
40.061321,-62.718876,592
40.061321,-61.718876,607
40.061321,-60.718876,664
40.061321,-59.718876,703
41.061321,-59.718876,735
41.061321,-58.718876,743
41.061321,-57.718876,783
42.061321,-57.718876,807
42.061321,-56.718876,815
43.061321,-55.718876,832
43.061321,-54.718876,855
44.061321,-54.718876,872
45.061321,-53.718876,879
46.061321,-53.718876,895
47.061321,-52.718876,928
48.061321,-52.718876,935
48.061321,-51.718876,951
49.061321,-51.718876,968
50.061321,-51.718876,992
51.061321,-51.718876,1007
51.061321,-50.718876,1024
52.061321,-50.718876,1032
53.061321,-49.718876,1040
54.061321,-48.718876,1064
55.061321,-47.718876,1071
56.061321,-47.718876,1079
57.061321,-46.718876,1104
58.061321,-45.718876,1119
59.061321,-45.718876,1135
60.061321,-44.718876,1144
61.061321,-43.718876,1151
62.061321,-42.718876,1183
62.061321,-41.718876,1192
63.061321,-41.718876,1200
64.061321,-40.718876,1216
64.061321,-39.718876,1256
65.061321,-39.718876,1272
65.061321,-38.718876,1288
66.061321,-38.718876,1312
66.061321,-37.718876,1328
66.061321,-36.718876,1344
66.061321,-35.718876,1352
66.061321,-34.718876,1383
67.061321,-33.718876,1407
67.061321,-32.718876,1416
67.061321,-31.718876,1424
67.061321,-30.718876,1455
66.061321,-29.718876,1480
66.061321,-28.718876,1504
66.061321,-27.718876,1520
66.061321,-26.718876,1543
65.061321,-25.718876,1560
64.061321,-25.718876,1568
64.061321,-24.718876,1576
63.061321,-23.718876,1592
62.061321,-23.718876,1600
61.061321,-23.718876,1608
60.061321,-22.718876,1616
59.061321,-22.718876,1632
59.061321,-21.718876,1639
58.061321,-20.718876,1648
57.061321,-19.718876,1672
56.061321,-19.718876,1680
55.061321,-18.718876,1688
54.061321,-18.718876,1696
53.061321,-18.718876,1712
52.061321,-18.718876,1720
51.061321,-18.718876,1728
49.061321,-17.718876,1752
47.061321,-17.718876,1768
45.061321,-17.718876,1784
43.061321,-18.718876,1800
42.061321,-18.718876,1808
42.061321,-19.718876,1824
41.061321,-19.718876,1832
41.061321,-20.718876,1840
40.061321,-21.718876,1848
39.061321,-22.718876,1864
38.061321,-23.718876,1872
37.061321,-24.718876,1880
36.061321,-25.718876,1896
36.061321,-26.718876,1904
35.061321,-26.718876,1912
35.061321,-27.718876,1920
34.061321,-28.718876,1936
34.061321,-29.718876,1952
34.061321,-30.718876,1960
33.061321,-31.718876,1976
32.061321,-32.718876,1992
32.061321,-33.718876,2008
32.061321,-34.718876,2024
32.061321,-35.718876,2032
33.061321,-36.718876,2064
33.061321,-37.718876,2072
34.061321,-37.718876,2088
35.061321,-38.718876,2096
36.061321,-38.718876,2104
37.061321,-38.718876,2112
38.061321,-39.718876,2128
39.061321,-39.718876,2136
41.061321,-40.718876,2160
42.061321,-40.718876,2176
43.061321,-40.718876,2184
45.061321,-40.718876,2208
46.061321,-40.718876,2216
47.061321,-40.718876,2240
48.061321,-41.718876,2248
49.061321,-41.718876,2256
50.061321,-41.718876,2264
51.061321,-42.718876,2288
52.061321,-43.718876,2296
53.061321,-44.718876,2312
BREAK
