START
17.304192,-21.081423,0
18.086147,-21.081423,270
19.650057,-20.299469,278
20.432012,-19.517514,287
20.432012,-18.735559,294
21.213967,-18.735559,302
21.995921,-18.735559,310
23.559831,-17.953604,318
24.341786,-17.171649,326
25.905696,-17.171649,334
26.687651,-17.171649,350
25.905696,-16.389694,359
26.687651,-16.389694,366
27.469606,-16.389694,374
28.251561,-17.171649,518
29.033515,-17.171649,527
28.251561,-17.171649,534
29.033515,-17.171649,550
28.251561,-17.171649,590
29.033515,-17.953604,614
29.033515,-18.735559,622
29.81547,-17.953604,630
29.033515,-17.953604,646
29.033515,-18.735559,655
29.81547,-18.735559,678
29.033515,-18.735559,686
29.81547,-19.517514,694
29.81547,-20.299469,702
30.597425,-21.081423,718
29.81547,-20.299469,726
30.597425,-21.081423,734
29.81547,-21.081423,798
29.81547,-20.299469,814
29.81547,-21.081423,822
30.597425,-23.427288,830
29.81547,-23.427288,974
29.033515,-24.991198,982
28.251561,-24.991198,990
27.469606,-25.773153,998
26.687651,-26.555108,1007
25.905696,-27.337063,1014
25.123741,-27.337063,1030
24.341786,-28.119017,1046
23.559831,-28.900972,1055
22.777876,-28.900972,1062
21.995921,-28.900972,1071
21.213967,-28.900972,1439
20.432012,-28.119017,1446
20.432012,-27.337063,1527
19.650057,-27.337063,1542
19.650057,-28.900972,2734
19.650057,-29.682927,2742
18.868102,-29.682927,2822
19.650057,-29.682927,2839
19.650057,-31.246837,2846
19.650057,-32.028792,2854
18.868102,-32.028792,2902
19.650057,-32.028792,2910
18.868102,-32.028792,2918
18.868102,-33.592702,2926
19.650057,-35.156611,2934
20.432012,-36.720521,2966
20.432012,-37.502476,2974
19.650057,-37.502476,2982
20.432012,-38.284431,2998
20.432012,-39.066386,3007
20.432012,-39.848341,3014
20.432012,-40.630296,3023
20.432012,-41.412251,3039
21.213967,-42.194205,3046
21.213967,-42.97616,3054
21.213967,-43.758115,3078
21.213967,-44.54007,3086
21.995921,-45.322025,3102
21.995921,-46.10398,3110
21.995921,-46.885935,3118
21.995921,-47.66789,3126
22.777876,-48.449844,3134
22.777876,-49.231799,3142
24.341786,-50.795709,3150
24.341786,-51.577664,3158
24.341786,-52.359619,3166
24.341786,-53.141574,3174
23.559831,-53.923529,3190
23.559831,-55.487438,3198
25.123741,-56.269393,3207
25.123741,-57.051348,3214
24.341786,-57.051348,3223
25.123741,-57.833303,3230
25.123741,-58.615258,3240
25.123741,-59.397213,3246
25.123741,-60.961123,3263
25.123741,-61.743078,3278
25.905696,-62.525032,3294
25.123741,-62.525032,3302
25.905696,-63.306987,3310
25.123741,-62.525032,3326
25.123741,-64.088942,3334
25.905696,-64.088942,3342
25.123741,-64.088942,3358
25.905696,-64.870897,3366
25.123741,-65.652852,3382
25.905696,-65.652852,3391
26.687651,-66.434807,3463
28.251561,-67.216762,3566
29.033515,-67.216762,3598
29.81547,-67.998717,3607
30.597425,-67.998717,3614
31.37938,-68.780672,3623
32.161335,-68.780672,3638
32.94329,-69.562626,3654
32.94329,-68.780672,3663
33.725245,-69.562626,3670
34.5072,-69.562626,3686
35.289154,-70.344581,3702
36.071109,-70.344581,3734
36.853064,-71.126536,3750
37.635019,-71.126536,3775
38.416974,-71.126536,3918
39.198929,-71.126536,4054
38.416974,-70.344581,4078
39.198929,-70.344581,4086
39.980884,-70.344581,4094
40.762839,-69.562626,4111
39.980884,-69.562626,4118
40.762839,-69.562626,4126
41.544794,-68.780672,4134
40.762839,-68.780672,4142
41.544794,-68.780672,4150
42.326748,-68.780672,4159
42.326748,-67.998717,4175
42.326748,-67.216762,4191
43.890658,-67.216762,4198
43.890658,-66.434807,4207
44.672613,-66.434807,4214
44.672613,-65.652852,4223
45.454568,-64.870897,4231
45.454568,-64.088942,4238
46.236523,-64.088942,4246
46.236523,-63.306987,4254
47.018478,-63.306987,4264
47.018478,-62.525032,4271
47.800433,-62.525032,4278
47.800433,-61.743078,4286
47.800433,-60.961123,4294
48.582388,-60.961123,4302
48.582388,-60.179168,4311
48.582388,-59.397213,4326
48.582388,-58.615258,4334
48.582388,-57.833303,4350
48.582388,-57.051348,4358
49.364342,-57.051348,4366
49.364342,-56.269393,4375
49.364342,-55.487438,4383
49.364342,-54.705484,4510
49.364342,-55.487438,4518
50.146297,-55.487438,4534
50.146297,-53.923529,4543
50.146297,-53.141574,4558
50.928252,-52.359619,4582
50.928252,-51.577664,4599
50.928252,-50.795709,4632
50.928252,-50.013754,4639
51.710207,-50.013754,4662
50.928252,-48.449844,4670
50.928252,-47.66789,4678
50.928252,-46.885935,4717
51.710207,-46.885935,4720
51.710207,-46.10398,4742
51.710207,-45.322025,4750
51.710207,-44.54007,4775
51.710207,-43.758115,4792
51.710207,-42.97616,4808
51.710207,-42.194205,4814
51.710207,-41.412251,4831
51.710207,-40.630296,4838
51.710207,-39.848341,4854
51.710207,-39.066386,4862
52.492162,-39.066386,4871
52.492162,-38.284431,4878
52.492162,-36.720521,4894
52.492162,-35.938566,4911
53.274117,-35.938566,4918
52.492162,-35.156611,4926
53.274117,-35.156611,4935
52.492162,-34.374657,4950
53.274117,-34.374657,4966
54.056072,-33.592702,4991
53.274117,-32.810747,5008
53.274117,-32.028792,5023
54.056072,-31.246837,5046
53.274117,-31.246837,5054
53.274117,-30.464882,5078
54.056072,-30.464882,5086
53.274117,-29.682927,5103
54.056072,-29.682927,5111
54.056072,-28.119017,5184
54.056072,-27.337063,5286
BREAK
50.928252,-31.246837,6350
51.710207,-32.028792,6438
52.492162,-32.810747,6494
52.492162,-33.592702,6510
53.274117,-34.374657,6526
53.274117,-35.156611,6542
54.056072,-35.938566,6559
54.056072,-36.720521,6575
54.056072,-37.502476,6582
54.838027,-38.284431,6590
54.056072,-38.284431,6598
54.056072,-39.066386,6606
54.056072,-39.848341,6614
54.056072,-40.630296,6622
54.838027,-42.194205,6630
54.838027,-42.97616,6638
54.838027,-43.758115,6646
54.838027,-44.54007,6654
54.838027,-45.322025,6662
54.838027,-46.10398,6670
54.056072,-46.10398,6702
54.056072,-46.885935,6717
54.056072,-47.66789,6719
54.056072,-48.449844,6766
53.274117,-48.449844,6775
54.056072,-49.231799,6806
53.274117,-49.231799,6822
53.274117,-50.013754,6830
53.274117,-50.795709,7142
53.274117,-51.577664,7150
54.056072,-52.359619,7174
54.056072,-53.141574,7190
54.838027,-53.923529,7198
54.838027,-54.705484,7222
55.619982,-55.487438,7238
55.619982,-56.269393,7326
56.401936,-57.051348,7382
57.183891,-57.833303,7430
57.965846,-58.615258,7478
58.747801,-58.615258,7494
59.529756,-58.615258,7526
60.311711,-58.615258,7543
61.093666,-59.397213,7550
61.875621,-59.397213,7559
62.657576,-60.179168,7590
63.43953,-60.179168,7598
64.221485,-60.179168,7622
63.43953,-59.397213,7638
63.43953,-60.179168,7646
64.221485,-60.179168,7662
63.43953,-59.397213,7686
63.43953,-60.179168,7694
64.221485,-60.179168,7702
63.43953,-59.397213,7716
64.221485,-60.179168,7726
63.43953,-59.397213,7750
63.43953,-60.179168,7758
64.221485,-60.179168,7774
65.00344,-60.179168,7846
65.785395,-60.179168,8054
65.785395,-59.397213,8070
66.56735,-59.397213,8094
67.349305,-59.397213,8126
68.13126,-58.615258,8143
67.349305,-58.615258,8150
68.13126,-58.615258,8182
68.913215,-58.615258,8222
69.69517,-58.615258,8246
69.69517,-57.833303,8262
70.477124,-57.833303,8278
70.477124,-57.051348,8286
72.041034,-57.051348,8295
73.604944,-55.487438,8302
75.168854,-54.705484,8310
75.950809,-54.705484,8318
76.732764,-54.705484,8334
77.514718,-53.923529,8343
76.732764,-53.923529,8350
77.514718,-53.923529,8358
78.296673,-53.923529,8438
78.296673,-53.141574,8454
79.078628,-53.141574,8470
79.860583,-53.141574,8478
79.078628,-52.359619,8494
79.860583,-53.141574,8526
79.078628,-52.359619,8543
79.860583,-52.359619,8550
79.860583,-51.577664,8558
79.860583,-50.795709,8566
79.860583,-50.013754,8582
79.078628,-49.231799,8590
79.078628,-48.449844,8606
79.078628,-47.66789,8630
79.078628,-46.885935,8638
78.296673,-46.10398,8655
79.078628,-46.10398,8662
78.296673,-45.322025,8678
78.296673,-44.54007,8686
78.296673,-43.758115,8702
77.514718,-42.97616,8722
77.514718,-42.194205,8727
77.514718,-41.412251,8743
76.732764,-40.630296,8750
77.514718,-40.630296,8758
77.514718,-39.848341,8766
76.732764,-39.066386,8775
76.732764,-38.284431,8790
77.514718,-38.284431,8798
76.732764,-37.502476,8806
76.732764,-36.720521,8814
76.732764,-35.938566,8838
76.732764,-35.156611,8846
76.732764,-34.374657,8870
76.732764,-33.592702,8886
76.732764,-32.810747,8895
76.732764,-32.028792,8918
76.732764,-31.246837,8927
76.732764,-30.464882,8943
77.514718,-30.464882,8958
76.732764,-29.682927,8966
77.514718,-29.682927,8974
77.514718,-28.900972,8982
77.514718,-28.119017,8998
77.514718,-27.337063,9006
78.296673,-27.337063,9022
79.078628,-26.555108,9030
78.296673,-25.773153,9038
79.078628,-25.773153,9046
78.296673,-24.991198,9054
79.078628,-24.991198,9070
78.296673,-24.209243,9078
79.078628,-24.209243,9086
78.296673,-23.427288,9102
79.078628,-23.427288,9111
79.078628,-22.645333,9127
78.296673,-21.863378,9166
77.514718,-21.081423,9182
78.296673,-21.081423,9190
77.514718,-20.299469,9222
78.296673,-21.081423,9335
77.514718,-21.081423,9390
76.732764,-21.081423,9415
76.732764,-21.863378,9422
75.950809,-21.863378,9430
75.168854,-21.863378,9446
74.386899,-21.863378,9711
73.604944,-21.081423,9721
72.822989,-20.299469,9766
73.604944,-20.299469,9775
73.604944,-21.081423,9782
72.041034,-20.299469,9790
71.259079,-19.517514,9806
70.477124,-19.517514,9815
69.69517,-18.735559,9862
70.477124,-18.735559,9878
69.69517,-18.735559,9886
70.477124,-19.517514,9902
69.69517,-18.735559,9926
70.477124,-19.517514,9950
69.69517,-18.735559,9958
70.477124,-19.517514,10055
BREAK
