START
13.394418,-34.374657,0
13.394418,-32.810747,165
13.394418,-32.028792,173
14.176373,-32.028792,234
14.176373,-30.464882,244
14.958327,-30.464882,326
14.958327,-28.900972,336
15.740282,-28.900972,357
16.522237,-28.900972,418
17.304192,-28.900972,439
18.086147,-28.900972,449
18.868102,-28.900972,459
19.650057,-28.900972,469
20.432012,-28.900972,480
20.432012,-27.337063,490
21.213967,-27.337063,561
21.995921,-27.337063,582
21.995921,-28.119017,592
22.777876,-28.119017,612
22.777876,-28.900972,622
23.559831,-29.682927,684
24.341786,-30.464882,725
24.341786,-31.246837,766
24.341786,-32.028792,827
25.123741,-32.810747,858
25.123741,-33.592702,929
25.123741,-35.156611,950
25.123741,-35.938566,970
25.123741,-36.720521,980
25.123741,-37.502476,1041
25.123741,-38.284431,1082
25.123741,-39.066386,1123
25.123741,-39.848341,1154
23.559831,-39.848341,1246
22.777876,-39.848341,1307
21.995921,-40.630296,1399
21.213967,-40.630296,1522
20.432012,-40.630296,1532
20.432012,-41.412251,1552
18.868102,-41.412251,1573
18.086147,-41.412251,1706
17.304192,-41.412251,1726
16.522237,-41.412251,1757
15.740282,-42.194205,1961
15.740282,-42.97616,2094
15.740282,-43.758115,2196
15.740282,-44.54007,2247
15.740282,-45.322025,2288
15.740282,-46.10398,2319
15.740282,-46.885935,2360
15.740282,-48.449844,2401
16.522237,-49.231799,2431
16.522237,-50.013754,2442
17.304192,-50.795709,2462
18.086147,-50.795709,2513
18.086147,-51.577664,2523
18.086147,-52.359619,2544
18.868102,-53.141574,2574
19.650057,-53.923529,2605
20.432012,-53.923529,2646
20.432012,-54.705484,2656
21.213967,-55.487438,2677
21.995921,-56.269393,2707
22.777876,-57.051348,2728
23.559831,-57.051348,2748
24.341786,-57.833303,2758
25.123741,-58.615258,2769
25.905696,-58.615258,2789
27.469606,-59.397213,2830
28.251561,-59.397213,2840
29.033515,-59.397213,2891
29.81547,-59.397213,2901
30.597425,-60.179168,2922
31.37938,-60.179168,2932
32.161335,-60.179168,2942
33.725245,-60.961123,2953
34.5072,-60.961123,2984
35.289154,-60.961123,3034
36.071109,-60.961123,3045
36.853064,-60.961123,3055
37.635019,-60.961123,3065
38.416974,-60.961123,3075
40.762839,-60.961123,3085
41.544794,-60.961123,3106
42.326748,-60.961123,3167
44.672613,-60.961123,3177
46.236523,-60.961123,3198
47.018478,-60.961123,3218
47.018478,-59.397213,3269
47.800433,-59.397213,3300
47.800433,-57.833303,3331
48.582388,-57.833303,3402
48.582388,-56.269393,3412
49.364342,-55.487438,3424
49.364342,-54.705484,3515
50.146297,-54.705484,3535
50.146297,-53.141574,3545
50.146297,-52.359619,3566
50.146297,-51.577664,3637
50.146297,-50.795709,3658
50.928252,-50.795709,3668
50.928252,-49.231799,3678
50.928252,-48.449844,3699
50.928252,-47.66789,3709
50.928252,-46.885935,3739
50.928252,-46.10398,3770
49.364342,-45.322025,3811
49.364342,-44.54007,3832
49.364342,-42.97616,3852
49.364342,-42.194205,3872
47.800433,-41.412251,3893
47.800433,-40.630296,3913
47.800433,-39.848341,3923
47.800433,-39.066386,3934
46.236523,-38.284431,3964
46.236523,-36.720521,3995
46.236523,-35.938566,4026
44.672613,-35.156611,4036
44.672613,-34.374657,4056
43.108703,-34.374657,4067
43.108703,-32.810747,4118
41.544794,-32.028792,4148
41.544794,-31.246837,4261
BREAK
43.890658,-33.592702,4752
44.672613,-33.592702,4761
44.672613,-34.374657,4801
45.454568,-34.374657,4822
45.454568,-35.156611,4832
46.236523,-35.156611,4842
47.018478,-35.938566,4873
47.018478,-36.720521,4904
47.018478,-37.502476,4924
47.800433,-38.284431,4934
48.582388,-39.066386,4945
48.582388,-39.848341,4955
49.364342,-40.630296,4976
49.364342,-42.194205,4996
49.364342,-42.97616,5016
49.364342,-43.758115,5026
49.364342,-44.54007,5057
50.146297,-45.322025,5078
50.146297,-46.10398,5088
50.146297,-46.885935,5108
50.146297,-48.449844,5159
50.146297,-49.231799,5190
50.146297,-50.013754,5210
50.146297,-50.795709,5241
50.146297,-51.577664,5282
50.146297,-52.359619,5323
50.146297,-53.141574,5353
50.146297,-55.487438,5364
50.928252,-56.269393,5384
50.928252,-57.051348,5405
51.710207,-57.833303,5466
52.492162,-58.615258,5486
53.274117,-60.179168,5507
54.056072,-60.961123,5527
54.838027,-60.961123,5558
55.619982,-60.961123,5599
56.401936,-61.743078,5619
57.965846,-62.525032,5640
58.747801,-62.525032,5650
60.311711,-62.525032,5660
61.093666,-62.525032,5670
61.093666,-63.306987,5680
61.875621,-63.306987,5711
62.657576,-63.306987,5732
63.43953,-63.306987,5752
64.221485,-63.306987,5772
65.00344,-63.306987,5793
65.785395,-63.306987,5803
66.56735,-63.306987,5823
68.13126,-63.306987,5885
68.913215,-63.306987,5895
69.69517,-63.306987,5915
70.477124,-63.306987,5926
70.477124,-61.743078,5967
71.259079,-61.743078,5977
72.041034,-61.743078,6018
72.041034,-60.179168,6038
72.822989,-60.179168,6051
73.604944,-60.179168,6059
74.386899,-60.179168,6069
74.386899,-58.615258,6079
75.168854,-58.615258,6089
75.168854,-57.051348,6130
75.950809,-57.051348,6140
75.950809,-55.487438,6151
76.732764,-55.487438,6171
77.514718,-53.923529,6181
77.514718,-53.141574,6222
78.296673,-52.359619,6263
78.296673,-51.577664,6283
79.078628,-51.577664,6294
79.078628,-50.013754,6314
79.860583,-49.231799,6345
79.860583,-48.449844,6375
79.860583,-47.66789,6396
79.860583,-46.885935,6416
79.860583,-46.10398,6426
79.860583,-43.758115,6447
79.860583,-42.97616,6467
79.860583,-42.194205,6498
79.860583,-41.412251,6549
79.860583,-40.630296,6570
79.860583,-39.848341,6590
78.296673,-39.848341,6600
77.514718,-38.284431,6651
77.514718,-37.502476,6672
75.950809,-36.720521,6702
75.950809,-35.938566,6723
74.386899,-35.938566,6764
73.604944,-35.938566,6805
73.604944,-34.374657,6815
72.041034,-34.374657,6856
71.259079,-34.374657,6897
71.259079,-32.810747,6917
69.69517,-32.810747,6937
68.913215,-32.810747,7009
68.13126,-32.810747,7070
BREAK
