START
26.157259,-47.099074,0
27.123361,-47.099074,280
28.089463,-47.099074,287
29.055564,-47.099074,303
30.021666,-47.099074,328
30.987768,-47.099074,335
31.95387,-47.099074,375
32.919971,-47.099074,400
33.886073,-47.099074,456
34.852175,-47.099074,488
35.818276,-47.099074,529
36.784378,-47.099074,568
36.784378,-48.065176,608
36.784378,-49.031278,624
37.75048,-49.997379,631
37.75048,-50.963481,664
38.716581,-50.963481,672
38.716581,-51.929583,679
38.716581,-52.895684,688
39.682683,-52.895684,696
39.682683,-53.861786,712
39.682683,-54.827888,736
39.682683,-55.79399,768
39.682683,-56.760091,776
39.682683,-57.726193,808
39.682683,-58.692295,823
39.682683,-59.658396,888
39.682683,-60.624498,912
39.682683,-61.5906,920
39.682683,-62.556701,960
39.682683,-63.522803,992
39.682683,-64.488905,1025
39.682683,-65.455006,1032
39.682683,-66.421108,1080
39.682683,-67.38721,1128
38.716581,-67.38721,1168
38.716581,-68.353312,1184
37.75048,-68.353312,1232
36.784378,-68.353312,1248
35.818276,-68.353312,1312
34.852175,-68.353312,1320
33.886073,-68.353312,1344
32.919971,-68.353312,1360
31.95387,-68.353312,1384
30.987768,-68.353312,1456
30.021666,-68.353312,1520
29.055564,-68.353312,1544
28.089463,-68.353312,1552
27.123361,-68.353312,1584
26.157259,-68.353312,1600
25.191158,-68.353312,1856
24.225056,-68.353312,1888
BREAK
29.055564,-46.132973,3744
29.055564,-45.166871,4071
29.055564,-44.200769,4095
28.089463,-44.200769,4103
27.123361,-44.200769,4136
27.123361,-43.234667,4160
27.123361,-42.268566,4176
27.123361,-41.302464,4192
26.157259,-39.370261,4216
26.157259,-37.438057,4224
26.157259,-36.471956,4249
25.191158,-35.505854,4280
25.191158,-34.539752,4304
25.191158,-33.573651,4336
25.191158,-32.607549,4375
25.191158,-31.641447,4416
25.191158,-30.675345,4424
25.191158,-29.709244,4440
26.157259,-29.709244,4472
26.157259,-27.77704,4480
27.123361,-27.77704,4488
27.123361,-26.810939,4496
28.089463,-26.810939,4504
29.055564,-25.844837,4536
30.021666,-24.878735,4544
30.987768,-24.878735,4552
30.987768,-23.912634,4600
31.95387,-23.912634,4624
32.919971,-22.946532,4648
33.886073,-22.946532,4672
34.852175,-22.946532,4680
35.818276,-22.946532,4696
36.784378,-22.946532,4704
38.716581,-22.946532,4720
39.682683,-22.946532,4736
40.648785,-22.946532,4744
41.614886,-22.946532,4752
42.580988,-22.946532,4760
43.54709,-22.946532,4776
45.479293,-22.946532,4784
46.445395,-22.946532,4792
47.411497,-22.946532,4800
48.377598,-22.946532,4816
49.3437,-22.946532,4824
50.309802,-22.946532,4848
51.275903,-22.946532,4856
52.242005,-22.946532,4864
53.208107,-22.946532,4872
54.174209,-22.946532,4888
55.14031,-22.946532,4896
57.072514,-23.912634,4904
59.970819,-23.912634,4920
59.970819,-24.878735,4928
61.903022,-24.878735,4936
63.835225,-25.844837,4944
65.767429,-25.844837,4960
65.767429,-26.810939,4992
66.733531,-26.810939,5000
67.699632,-27.77704,5032
67.699632,-28.743142,5040
68.665734,-28.743142,5048
68.665734,-29.709244,5056
70.597937,-30.675345,5088
70.597937,-31.641447,5096
70.597937,-32.607549,5120
70.597937,-33.573651,5152
70.597937,-34.539752,5192
70.597937,-35.505854,5200
70.597937,-36.471956,5240
70.597937,-37.438057,5272
70.597937,-38.404159,5304
69.631836,-39.370261,5344
69.631836,-40.336362,5417
69.631836,-41.302464,6200
69.631836,-42.268566,6208
69.631836,-43.234667,6249
69.631836,-44.200769,6272
69.631836,-45.166871,6296
69.631836,-46.132973,6328
69.631836,-47.099074,6368
69.631836,-48.065176,6384
69.631836,-49.031278,6416
68.665734,-49.997379,6432
68.665734,-50.963481,6440
68.665734,-51.929583,6464
68.665734,-53.861786,6472
68.665734,-54.827888,6480
68.665734,-55.79399,6496
68.665734,-56.760091,6504
68.665734,-58.692295,6528
68.665734,-59.658396,6536
68.665734,-60.624498,6560
68.665734,-62.556701,6568
68.665734,-63.522803,6600
68.665734,-64.488905,6617
68.665734,-65.455006,6624
68.665734,-66.421108,6656
68.665734,-67.38721,6672
68.665734,-70.285515,6704
68.665734,-72.217718,6736
68.665734,-73.18382,6769
68.665734,-74.149922,6816
68.665734,-75.116023,6848
68.665734,-76.082125,6880
68.665734,-77.048227,6889
68.665734,-78.014329,6912
68.665734,-77.048227,7240
BREAK
70.597937,-31.641447,8280
70.597937,-30.675345,8472
70.597937,-29.709244,8519
70.597937,-28.743142,8551
70.597937,-27.77704,8623
70.597937,-26.810939,8632
70.597937,-25.844837,8664
69.631836,-25.844837,8688
69.631836,-24.878735,8711
69.631836,-23.912634,8735
68.665734,-23.912634,8751
68.665734,-22.946532,8759
68.665734,-21.98043,8791
67.699632,-21.98043,8824
67.699632,-21.014329,8847
67.699632,-20.048227,8856
67.699632,-19.082125,8895
67.699632,-18.116023,8951
67.699632,-17.149922,8968
67.699632,-16.18382,8999
67.699632,-15.217718,9039
67.699632,-14.251617,9272
67.699632,-13.285515,9304
69.631836,-13.285515,9511
70.597937,-13.285515,9528
71.564039,-13.285515,9543
72.530141,-13.285515,9552
73.496242,-13.285515,9631
74.462344,-13.285515,9656
75.428446,-13.285515,9696
76.394547,-13.285515,9736
77.360649,-13.285515,9752
78.326751,-13.285515,9760
79.292853,-13.285515,9784
80.258954,-13.285515,9815
81.225056,-13.285515,9848
82.191158,-13.285515,9856
83.157259,-13.285515,9880
84.123361,-13.285515,9928
85.089463,-13.285515,9960
86.055564,-13.285515,10256
87.021666,-13.285515,10288
BREAK
