START
36.188679,-27.405622,0
35.188679,-28.405622,8
35.188679,-29.405622,15
34.188679,-30.405622,23
33.188679,-32.405622,31
33.188679,-33.405622,39
31.188679,-34.405622,47
31.188679,-36.405622,55
30.188679,-38.405622,63
29.188679,-40.405622,71
28.188679,-42.405622,79
28.188679,-43.405622,87
28.188679,-45.405622,95
27.188679,-46.405622,103
27.188679,-47.405622,111
27.188679,-48.405622,119
27.188679,-49.405622,127
26.188679,-50.405622,135
26.188679,-51.405622,143
26.188679,-52.405622,159
26.188679,-53.405622,167
25.188679,-53.405622,175
25.188679,-54.405622,183
25.188679,-55.405622,199
BREAK
39.188679,-27.405622,769
39.188679,-28.405622,799
39.188679,-29.405622,816
39.188679,-31.405622,823
39.188679,-32.405622,831
39.188679,-34.405622,839
38.188679,-36.405622,847
38.188679,-37.405622,856
38.188679,-39.405622,863
37.188679,-40.405622,870
37.188679,-42.405622,882
37.188679,-44.405622,887
36.188679,-45.405622,895
36.188679,-47.405622,903
36.188679,-48.405622,911
36.188679,-49.405622,919
36.188679,-51.405622,927
35.188679,-52.405622,935
35.188679,-53.405622,943
35.188679,-54.405622,951
35.188679,-55.405622,959
35.188679,-56.405622,967
35.188679,-58.405622,975
35.188679,-59.405622,991
35.188679,-60.405622,999
35.188679,-61.405622,1015
35.188679,-62.405622,1039
36.188679,-60.405622,1487
36.188679,-59.405622,1495
36.188679,-58.405622,1507
36.188679,-57.405622,1512
36.188679,-56.405622,1519
36.188679,-55.405622,1527
36.188679,-54.405622,1543
36.188679,-53.405622,1551
37.188679,-52.405622,1559
37.188679,-51.405622,1567
37.188679,-50.405622,1575
37.188679,-49.405622,1583
37.188679,-48.405622,1591
38.188679,-46.405622,1599
38.188679,-45.405622,1607
39.188679,-44.405622,1623
39.188679,-43.405622,1631
39.188679,-42.405622,1639
40.188679,-41.405622,1647
40.188679,-40.405622,1655
41.188679,-39.405622,1663
41.188679,-37.405622,1671
41.188679,-36.405622,1687
41.188679,-35.405622,1695
41.188679,-34.405622,1711
41.188679,-33.405622,1719
41.188679,-32.405622,1727
41.188679,-31.405622,1743
41.188679,-30.405622,1751
41.188679,-29.405622,1759
41.188679,-28.405622,1775
41.188679,-27.405622,1791
42.188679,-27.405622,1799
43.188679,-26.405622,1807
43.188679,-25.405622,1831
43.188679,-24.405622,1847
44.188679,-24.405622,1855
44.188679,-23.405622,1871
45.188679,-22.405622,1895
46.188679,-21.405622,1919
47.188679,-20.405622,1943
47.188679,-19.405622,1991
48.188679,-19.405622,1999
49.188679,-19.405622,2015
50.188679,-19.405622,2031
51.188679,-19.405622,2039
52.188679,-19.405622,2047
53.188679,-19.405622,2063
54.188679,-20.405622,2071
55.188679,-20.405622,2079
56.188679,-20.405622,2087
56.188679,-21.405622,2095
58.188679,-21.405622,2103
58.188679,-22.405622,2111
58.188679,-23.405622,2119
59.188679,-24.405622,2127
60.188679,-25.405622,2135
60.188679,-26.405622,2143
61.188679,-26.405622,2151
61.188679,-27.405622,2159
62.188679,-28.405622,2167
62.188679,-31.405622,2186
62.188679,-32.405622,2191
62.188679,-33.405622,2199
63.188679,-34.405622,2207
63.188679,-35.405622,2215
63.188679,-36.405622,2223
63.188679,-37.405622,2231
63.188679,-39.405622,2240
63.188679,-40.405622,2247
63.188679,-42.405622,2255
63.188679,-44.405622,2263
63.188679,-45.405622,2271
63.188679,-47.405622,2279
63.188679,-49.405622,2287
63.188679,-50.405622,2295
63.188679,-51.405622,2303
63.188679,-53.405622,2311
62.188679,-54.405622,2320
62.188679,-55.405622,2327
62.188679,-57.405622,2335
61.188679,-58.405622,2343
61.188679,-59.405622,2351
61.188679,-61.405622,2359
61.188679,-62.405622,2367
60.188679,-63.405622,2375
60.188679,-65.405622,2383
59.188679,-66.405622,2392
59.188679,-67.405622,2399
59.188679,-68.405622,2407
58.188679,-69.405622,2415
58.188679,-70.405622,2423
58.188679,-71.405622,2431
57.188679,-72.405622,2439
57.188679,-73.405622,2447
57.188679,-74.405622,2455
57.188679,-75.405622,2463
57.188679,-76.405622,2471
56.188679,-77.405622,2479
56.188679,-78.405622,2487
55.188679,-80.405622,2495
54.188679,-81.405622,2503
54.188679,-82.405622,2519
54.188679,-83.405622,2527
54.188679,-84.405622,2551
54.188679,-85.405622,2567
54.188679,-84.405622,2703
BREAK
