START
22.258123,-23.648014,0
23.16065,-23.648014,88
24.063177,-23.648014,96
25.868231,-23.648014,104
26.770758,-23.648014,112
29.478339,-23.648014,120
30.380866,-23.648014,128
33.088448,-23.648014,136
35.796029,-23.648014,144
37.601083,-23.648014,152
40.308664,-23.648014,160
43.016245,-23.648014,168
44.8213,-23.648014,176
46.626354,-23.648014,184
49.333935,-23.648014,192
51.138989,-23.648014,200
53.84657,-23.648014,208
55.651625,-23.648014,216
57.456679,-23.648014,224
60.16426,-23.648014,232
61.969314,-23.648014,240
63.774368,-23.648014,248
65.579422,-23.648014,256
68.287004,-23.648014,264
69.189531,-23.648014,272
70.092058,-23.648014,280
71.897112,-24.550542,288
72.799639,-24.550542,296
73.702166,-24.550542,304
74.604693,-24.550542,312
75.50722,-24.550542,320
76.409747,-24.550542,328
BREAK
72.799639,-23.648014,776
72.799639,-24.550542,840
72.799639,-25.453069,848
72.799639,-27.258123,856
72.799639,-28.16065,864
72.799639,-29.063177,872
72.799639,-31.770758,880
72.799639,-33.575812,888
72.799639,-36.283394,896
72.799639,-37.185921,904
72.799639,-39.893502,912
72.799639,-42.601083,921
72.799639,-43.50361,928
72.799639,-46.211191,936
72.799639,-48.016245,944
72.799639,-49.8213,952
72.799639,-51.626354,960
72.799639,-53.431408,968
72.799639,-55.236462,976
72.799639,-56.138989,984
72.799639,-57.041516,992
72.799639,-58.84657,1000
72.799639,-60.651625,1008
72.799639,-61.554152,1016
72.799639,-62.456679,1024
72.799639,-64.261733,1032
72.799639,-65.16426,1040
72.799639,-66.066787,1048
72.799639,-66.969314,1056
72.799639,-67.871841,1064
72.799639,-68.774368,1072
72.799639,-69.676895,1088
72.799639,-70.579422,1096
72.799639,-71.481949,1104
72.799639,-72.384477,1112
72.799639,-73.287004,1120
72.799639,-75.092058,1128
72.799639,-75.994585,1136
72.799639,-76.897112,1144
72.799639,-77.799639,1152
72.799639,-78.702166,1160
72.799639,-79.604693,1168
72.799639,-80.50722,1176
72.799639,-81.409747,1184
72.799639,-82.312274,1200
72.799639,-83.214801,1216
72.799639,-84.117329,1224
72.799639,-85.019856,1232
72.799639,-85.922383,1249
72.799639,-86.82491,1256
72.799639,-87.727437,1288
BREAK
40.308664,-64.261733,1720
40.308664,-63.359206,1752
41.211191,-63.359206,1776
42.113718,-63.359206,1784
43.918773,-62.456679,1793
45.723827,-62.456679,1800
47.528881,-61.554152,1808
49.333935,-61.554152,1816
51.138989,-61.554152,1824
53.84657,-60.651625,1832
55.651625,-60.651625,1840
57.456679,-60.651625,1848
59.261733,-60.651625,1856
61.066787,-60.651625,1864
61.969314,-60.651625,1872
63.774368,-60.651625,1880
64.676895,-60.651625,1888
66.481949,-60.651625,1896
67.384477,-60.651625,1904
68.287004,-60.651625,1912
69.189531,-60.651625,1920
70.092058,-60.651625,1928
70.994585,-60.651625,1952
71.897112,-60.651625,2073
72.799639,-60.651625,2080
73.702166,-60.651625,2088
74.604693,-60.651625,2104
75.50722,-60.651625,2112
76.409747,-60.651625,2128
BREAK
