START
17.871056,-30.507804,0
17.871056,-31.212411,72
17.871056,-31.917018,88
17.871056,-32.621625,96
17.871056,-33.326232,104
17.871056,-34.735446,120
17.871056,-35.440053,136
17.871056,-36.14466,144
17.871056,-37.553874,152
17.871056,-38.258481,168
17.871056,-38.963088,176
17.871056,-39.667695,184
17.871056,-40.372302,208
17.871056,-41.076909,224
17.871056,-41.781516,240
17.871056,-42.486123,248
17.871056,-43.19073,272
17.871056,-43.895337,320
17.871056,-44.599944,336
18.575663,-44.599944,352
19.28027,-44.599944,368
19.984878,-44.599944,376
21.394092,-44.599944,384
22.803306,-44.599944,392
24.21252,-44.599944,400
25.621734,-44.599944,416
26.326341,-43.895337,424
27.030948,-43.895337,432
28.440162,-42.486123,440
29.144769,-42.486123,448
29.849376,-41.781516,456
30.553983,-41.076909,464
31.25859,-40.372302,472
31.25859,-39.667695,480
31.963197,-39.667695,488
32.667804,-39.667695,496
32.667804,-38.963088,504
33.372411,-38.258481,512
34.077018,-37.553874,520
35.486233,-36.14466,536
36.895447,-36.14466,552
36.895447,-35.440053,560
38.304661,-34.735446,568
39.009268,-34.030839,576
39.713875,-34.030839,584
41.123089,-34.030839,600
42.532303,-34.030839,608
43.23691,-33.326232,616
43.941517,-33.326232,624
46.055338,-31.917018,632
46.759945,-31.917018,641
47.464552,-31.212411,648
48.873766,-30.507804,656
50.282981,-30.507804,673
50.282981,-29.803197,680
51.692195,-29.098589,688
51.692195,-28.393982,696
53.101409,-27.689375,704
54.510623,-27.689375,720
54.510623,-26.280161,728
55.919837,-26.280161,736
56.624444,-26.280161,744
57.329051,-26.280161,752
58.033658,-26.280161,768
59.442872,-26.280161,792
60.147479,-26.280161,808
61.556693,-25.575554,824
62.2613,-25.575554,841
62.965907,-24.870947,848
63.670514,-24.870947,856
64.375121,-24.870947,896
65.784336,-24.870947,920
67.898157,-24.870947,928
68.602764,-24.870947,936
69.307371,-24.870947,945
70.716585,-24.870947,952
72.125799,-25.575554,960
72.830406,-25.575554,976
73.535013,-25.575554,1008
74.23962,-26.280161,1024
75.648834,-26.280161,1041
76.353441,-26.280161,1049
76.353441,-26.984768,1056
76.353441,-27.689375,1072
76.353441,-28.393982,1104
77.058048,-28.393982,1113
77.058048,-29.098589,1120
77.762655,-29.098589,1128
77.762655,-30.507804,1137
77.762655,-31.917018,1152
77.762655,-32.621625,1177
77.762655,-33.326232,1184
77.762655,-34.030839,1200
77.762655,-34.735446,1216
77.058048,-34.735446,1224
77.058048,-35.440053,1232
77.058048,-36.14466,1241
77.058048,-36.849267,1264
77.058048,-37.553874,1281
76.353441,-37.553874,1288
76.353441,-38.963088,1313
75.648834,-39.667695,1337
74.944227,-39.667695,1345
74.944227,-40.372302,1352
74.23962,-41.076909,1360
73.535013,-41.076909,1385
72.830406,-41.076909,1432
72.830406,-41.781516,1441
BREAK
46.055338,-31.917018,2104
45.350731,-31.917018,2144
45.350731,-32.621625,2160
45.350731,-33.326232,2192
46.055338,-34.030839,2200
46.055338,-34.735446,2208
46.055338,-35.440053,2224
46.055338,-36.14466,2232
46.055338,-36.849267,2240
46.055338,-37.553874,2248
46.055338,-38.258481,2256
46.055338,-38.963088,2264
46.055338,-40.372302,2272
46.055338,-41.076909,2280
46.055338,-41.781516,2288
46.759945,-42.486123,2296
46.759945,-43.19073,2304
46.759945,-44.599944,2312
46.759945,-45.304552,2320
46.759945,-46.009159,2336
46.759945,-46.713766,2344
46.759945,-48.12298,2352
47.464552,-48.827587,2368
48.169159,-49.532194,2376
48.169159,-50.236801,2384
48.169159,-50.941408,2392
48.169159,-52.350622,2416
48.169159,-53.055229,2432
48.169159,-53.759836,2448
48.169159,-54.464443,2465
48.169159,-55.16905,2480
48.169159,-55.873657,2504
48.169159,-56.578264,2512
48.169159,-57.282871,2536
48.169159,-57.987478,2560
47.464552,-57.987478,2568
47.464552,-58.692085,2576
47.464552,-59.396692,2584
47.464552,-60.1013,2600
47.464552,-60.805907,2632
47.464552,-61.510514,2648
47.464552,-62.215121,2672
46.759945,-62.215121,2784
BREAK
22.803306,-57.282871,3569
22.803306,-57.987478,3768
22.803306,-58.692085,3784
22.803306,-59.396692,3800
22.803306,-60.1013,3832
22.803306,-60.805907,3856
22.803306,-61.510514,3873
22.803306,-62.215121,3913
22.803306,-62.919728,3936
22.803306,-63.624335,3953
22.803306,-64.328942,3968
23.507913,-64.328942,3976
23.507913,-65.033549,3984
24.21252,-65.738156,4016
24.917127,-66.442763,4024
25.621734,-66.442763,4032
26.326341,-67.14737,4041
27.030948,-67.14737,4057
27.735555,-67.14737,4065
28.440162,-67.14737,4073
29.144769,-67.14737,4097
29.849376,-67.14737,4121
30.553983,-67.14737,4128
31.25859,-66.442763,4145
31.963197,-66.442763,4153
32.667804,-66.442763,4160
32.667804,-65.738156,4169
33.372411,-65.738156,4177
33.372411,-65.033549,4193
34.077018,-65.033549,4201
34.781626,-64.328942,4217
35.486233,-63.624335,4225
36.895447,-62.919728,4241
36.895447,-62.215121,4249
37.600054,-62.215121,4257
38.304661,-61.510514,4265
39.009268,-60.805907,4281
39.713875,-60.1013,4289
40.418482,-60.1013,4297
41.123089,-60.1013,4313
41.827696,-59.396692,4329
41.827696,-58.692085,4369
42.532303,-57.987478,4377
43.23691,-57.987478,4393
43.941517,-57.987478,4425
44.646124,-57.282871,4441
45.350731,-57.282871,4449
46.055338,-57.282871,4473
46.759945,-56.578264,4481
47.464552,-56.578264,4489
48.169159,-56.578264,4505
48.873766,-56.578264,4513
49.578373,-56.578264,4522
50.282981,-56.578264,4529
51.692195,-56.578264,4545
52.396802,-56.578264,4561
53.101409,-56.578264,4569
53.806016,-56.578264,4577
54.510623,-55.873657,4593
55.21523,-55.873657,4601
55.919837,-55.873657,4611
57.329051,-55.873657,4617
58.033658,-55.16905,4625
58.738265,-55.16905,4633
59.442872,-54.464443,4641
60.147479,-54.464443,4649
61.556693,-54.464443,4657
62.965907,-53.759836,4673
64.375121,-53.055229,4689
65.079728,-53.055229,4697
65.784336,-53.055229,4705
66.488943,-53.055229,4713
67.19355,-53.055229,4729
67.898157,-53.055229,4737
68.602764,-53.055229,4753
69.307371,-53.055229,4777
70.011978,-53.055229,4849
70.011978,-53.759836,4857
70.011978,-54.464443,4873
70.011978,-55.16905,4881
70.011978,-55.873657,4897
70.716585,-55.873657,4913
70.716585,-56.578264,4921
70.716585,-57.282871,4945
70.716585,-57.987478,4953
70.716585,-58.692085,4985
70.716585,-59.396692,5017
70.716585,-60.1013,5033
70.716585,-60.805907,5057
70.716585,-61.510514,5073
70.716585,-62.215121,5097
70.716585,-62.919728,5129
70.716585,-63.624335,5185
70.011978,-63.624335,5209
70.011978,-64.328942,5217
70.011978,-65.033549,5257
70.011978,-65.738156,5305
BREAK
