START
25.123741,-31.246837,0
25.123741,-32.028792,30
25.123741,-32.810747,66
25.123741,-33.592702,86
25.123741,-34.374657,106
25.123741,-35.156611,116
24.341786,-35.156611,126
24.341786,-35.938566,136
24.341786,-36.720521,147
24.341786,-37.502476,167
24.341786,-38.284431,187
24.341786,-39.066386,197
24.341786,-39.848341,207
24.341786,-40.630296,217
24.341786,-41.412251,227
24.341786,-42.194205,248
24.341786,-42.97616,258
24.341786,-44.54007,268
24.341786,-45.322025,288
24.341786,-46.10398,298
24.341786,-47.66789,308
24.341786,-48.449844,318
24.341786,-49.231799,338
24.341786,-50.013754,348
24.341786,-50.795709,358
25.123741,-50.795709,369
25.123741,-51.577664,379
25.123741,-52.359619,389
25.123741,-53.141574,399
25.123741,-54.705484,409
25.123741,-55.487438,419
25.123741,-56.269393,429
25.123741,-57.833303,449
25.905696,-57.833303,460
25.905696,-58.615258,470
25.905696,-59.397213,480
26.687651,-60.179168,500
26.687651,-60.961123,510
27.469606,-61.743078,520
28.251561,-62.525032,530
28.251561,-63.306987,540
29.033515,-63.306987,551
29.81547,-64.088942,561
31.37938,-64.870897,571
32.161335,-65.652852,581
32.94329,-65.652852,591
33.725245,-65.652852,601
34.5072,-65.652852,611
35.289154,-65.652852,621
36.071109,-65.652852,641
36.853064,-65.652852,652
37.635019,-65.652852,662
38.416974,-65.652852,672
39.198929,-65.652852,682
39.980884,-65.652852,692
40.762839,-65.652852,712
41.544794,-65.652852,722
42.326748,-65.652852,732
43.108703,-65.652852,742
43.890658,-65.652852,753
44.672613,-65.652852,763
45.454568,-65.652852,773
46.236523,-65.652852,794
46.236523,-64.870897,822
46.236523,-64.088942,844
46.236523,-63.306987,854
46.236523,-62.525032,864
47.018478,-61.743078,874
47.018478,-60.961123,894
47.800433,-59.397213,914
47.800433,-58.615258,934
47.800433,-57.833303,945
47.800433,-57.051348,965
47.800433,-56.269393,985
47.800433,-55.487438,1005
47.800433,-54.705484,1015
47.800433,-53.923529,1025
47.800433,-53.141574,1035
47.800433,-50.795709,1046
47.800433,-50.013754,1056
47.800433,-49.231799,1066
47.800433,-48.449844,1076
47.800433,-47.66789,1096
47.800433,-46.885935,1106
47.018478,-45.322025,1116
47.018478,-44.54007,1136
47.018478,-43.758115,1147
47.018478,-42.97616,1167
46.236523,-42.194205,1177
46.236523,-41.412251,1187
46.236523,-40.630296,1197
46.236523,-39.848341,1207
46.236523,-39.066386,1218
46.236523,-38.284431,1239
46.236523,-37.502476,1259
46.236523,-36.720521,1279
46.236523,-35.938566,1299
45.454568,-35.938566,1312
45.454568,-35.156611,1327
44.672613,-35.156611,1358
44.672613,-34.374657,1377
44.672613,-33.592702,1409
43.890658,-33.592702,1445
43.890658,-32.810747,1455
43.108703,-32.810747,1465
43.108703,-32.028792,1475
42.326748,-32.028792,1491
42.326748,-31.246837,1501
42.326748,-30.464882,1515
41.544794,-30.464882,1525
41.544794,-29.682927,1535
41.544794,-28.900972,1548
41.544794,-28.119017,1568
41.544794,-27.337063,1588
BREAK
48.582388,-52.359619,2318
48.582388,-53.141574,2328
48.582388,-53.923529,2338
48.582388,-54.705484,2358
48.582388,-55.487438,2378
48.582388,-56.269393,2398
49.364342,-57.051348,2409
49.364342,-57.833303,2429
49.364342,-58.615258,2439
49.364342,-59.397213,2449
50.146297,-60.179168,2459
50.146297,-60.961123,2469
50.146297,-61.743078,2479
50.928252,-61.743078,2489
50.928252,-62.525032,2500
51.710207,-63.306987,2520
52.492162,-64.088942,2540
53.274117,-64.088942,2560
54.056072,-64.088942,2590
54.838027,-64.870897,2600
55.619982,-64.870897,2621
56.401936,-64.870897,2631
58.747801,-64.870897,2641
59.529756,-65.652852,2651
61.093666,-65.652852,2661
61.875621,-65.652852,2671
62.657576,-65.652852,2681
63.43953,-65.652852,2691
64.221485,-65.652852,2722
64.221485,-64.870897,2732
65.00344,-64.870897,2752
65.785395,-64.870897,2772
66.56735,-64.088942,2782
67.349305,-63.306987,2793
68.13126,-62.525032,2813
68.913215,-61.743078,2823
68.913215,-60.961123,2848
69.69517,-60.961123,2868
69.69517,-59.397213,2878
70.477124,-57.833303,2899
71.259079,-57.833303,2909
71.259079,-57.051348,2919
71.259079,-56.269393,2939
71.259079,-55.487438,2949
71.259079,-53.923529,2970
72.041034,-53.923529,2979
72.041034,-53.141574,2990
72.041034,-52.359619,3010
72.041034,-51.577664,3020
72.041034,-50.795709,3030
72.041034,-50.013754,3050
72.041034,-49.231799,3060
72.041034,-48.449844,3070
72.041034,-47.66789,3081
72.041034,-46.885935,3101
71.259079,-46.10398,3111
71.259079,-45.322025,3121
71.259079,-44.54007,3131
71.259079,-43.758115,3141
71.259079,-42.97616,3151
71.259079,-42.194205,3161
70.477124,-41.412251,3171
69.69517,-40.630296,3182
69.69517,-39.848341,3202
69.69517,-39.066386,3212
68.913215,-38.284431,3222
68.913215,-37.502476,3232
68.13126,-35.938566,3252
68.13126,-35.156611,3273
67.349305,-35.156611,3294
67.349305,-34.374657,3304
67.349305,-33.592702,3314
67.349305,-32.810747,3337
66.56735,-32.810747,3359
65.785395,-32.028792,3373
65.785395,-31.246837,3383
65.00344,-31.246837,3393
64.221485,-30.464882,3403
63.43953,-29.682927,3423
62.657576,-29.682927,3468
62.657576,-28.900972,3478
62.657576,-28.119017,3488
61.875621,-28.119017,3498
61.875621,-27.337063,3508
61.093666,-27.337063,3518
60.311711,-27.337063,3584
BREAK
