START
21.326751,-21.98043,0
22.292853,-21.98043,81
23.258954,-21.98043,106
24.225056,-21.98043,130
25.191158,-21.98043,154
26.157259,-21.98043,165
27.123361,-21.98043,298
27.123361,-21.014329,311
28.089463,-21.014329,323
29.055564,-21.014329,347
30.021666,-21.014329,359
30.987768,-21.014329,381
31.95387,-21.014329,393
32.919971,-21.014329,406
33.886073,-21.014329,432
34.852175,-21.014329,444
36.784378,-20.048227,467
37.75048,-20.048227,478
38.716581,-20.048227,490
39.682683,-20.048227,503
40.648785,-20.048227,514
41.614886,-20.048227,527
42.580988,-20.048227,540
43.54709,-20.048227,554
44.513192,-20.048227,564
45.479293,-20.048227,576
47.411497,-20.048227,598
48.377598,-21.014329,623
49.3437,-21.014329,650
50.309802,-21.014329,661
51.275903,-21.98043,674
51.275903,-22.946532,1240
51.275903,-23.912634,1249
51.275903,-24.878735,1261
51.275903,-25.844837,1273
51.275903,-26.810939,1287
51.275903,-28.743142,1300
51.275903,-31.641447,1311
51.275903,-33.573651,1323
51.275903,-35.505854,1335
52.242005,-37.438057,1346
52.242005,-39.370261,1357
52.242005,-40.336362,1369
52.242005,-43.234667,1381
52.242005,-46.132973,1393
52.242005,-49.031278,1406
52.242005,-51.929583,1419
52.242005,-53.861786,1432
52.242005,-55.79399,1444
52.242005,-57.726193,1455
52.242005,-58.692295,1466
52.242005,-60.624498,1478
52.242005,-61.5906,1490
52.242005,-62.556701,1509
51.275903,-63.522803,1517
51.275903,-64.488905,1528
51.275903,-66.421108,1552
51.275903,-67.38721,1564
51.275903,-68.353312,1574
51.275903,-69.319413,1586
51.275903,-71.251617,1599
51.275903,-72.217718,1612
51.275903,-73.18382,1625
51.275903,-75.116023,1639
51.275903,-76.082125,1695
51.275903,-77.048227,1733
51.275903,-78.014329,1782
51.275903,-78.98043,1803
51.275903,-79.946532,1841
51.275903,-78.98043,2156
BREAK
80.258954,-21.014329,3722
78.326751,-21.014329,3877
77.360649,-21.014329,3890
76.394547,-21.014329,3903
75.428446,-21.014329,3915
74.462344,-21.014329,3949
73.496242,-21.014329,3971
72.530141,-21.014329,3985
71.564039,-21.014329,4010
70.597937,-21.014329,4033
69.631836,-21.014329,4073
68.665734,-21.014329,4082
67.699632,-20.048227,4142
67.699632,-19.082125,4165
66.733531,-19.082125,4177
65.767429,-19.082125,4350
64.801327,-19.082125,4359
64.801327,-20.048227,4803
64.801327,-21.014329,4815
64.801327,-21.98043,4828
64.801327,-22.946532,4841
64.801327,-23.912634,4866
64.801327,-24.878735,4948
64.801327,-26.810939,4974
64.801327,-27.77704,4999
65.767429,-28.743142,5024
65.767429,-29.709244,5033
65.767429,-30.675345,5059
65.767429,-31.641447,5084
65.767429,-32.607549,5107
65.767429,-33.573651,5118
65.767429,-34.539752,5129
66.733531,-37.438057,5141
66.733531,-39.370261,5154
66.733531,-41.302464,5166
67.699632,-42.268566,5180
67.699632,-44.200769,5191
67.699632,-47.099074,5204
67.699632,-48.065176,5215
67.699632,-49.031278,5227
67.699632,-49.997379,5238
67.699632,-50.963481,5250
67.699632,-51.929583,5262
67.699632,-52.895684,5288
67.699632,-53.861786,5315
67.699632,-56.760091,5325
67.699632,-57.726193,5336
67.699632,-59.658396,5347
67.699632,-60.624498,5359
67.699632,-62.556701,5371
67.699632,-65.455006,5382
67.699632,-66.421108,5395
67.699632,-68.353312,5408
67.699632,-69.319413,5420
67.699632,-70.285515,5433
67.699632,-71.251617,5455
67.699632,-73.18382,5517
67.699632,-74.149922,5541
67.699632,-75.116023,5575
67.699632,-77.048227,5830
67.699632,-78.014329,5866
BREAK
49.3437,-40.336362,8447
48.377598,-40.336362,8529
47.411497,-40.336362,8560
46.445395,-40.336362,8624
45.479293,-40.336362,8648
44.513192,-40.336362,8672
43.54709,-41.302464,8689
42.580988,-42.268566,8804
41.614886,-42.268566,8842
40.648785,-43.234667,8866
39.682683,-43.234667,8900
38.716581,-44.200769,8912
37.75048,-45.166871,8938
36.784378,-46.132973,8962
34.852175,-46.132973,8986
34.852175,-47.099074,8997
32.919971,-48.065176,9009
32.919971,-49.997379,9022
30.987768,-50.963481,9033
30.987768,-51.929583,9046
29.055564,-52.895684,9059
28.089463,-54.827888,9085
28.089463,-55.79399,9105
27.123361,-55.79399,9130
27.123361,-56.760091,9167
26.157259,-57.726193,9180
25.191158,-59.658396,9192
25.191158,-60.624498,9230
26.157259,-60.624498,9986
27.123361,-60.624498,10024
28.089463,-60.624498,10059
29.055564,-60.624498,10081
30.021666,-60.624498,10093
30.987768,-60.624498,10119
31.95387,-60.624498,10144
32.919971,-60.624498,10175
33.886073,-60.624498,10181
34.852175,-60.624498,10202
35.818276,-60.624498,10225
36.784378,-60.624498,10251
37.75048,-60.624498,10264
39.682683,-60.624498,10276
40.648785,-60.624498,10298
41.614886,-59.658396,10310
43.54709,-59.658396,10334
43.54709,-58.692295,10347
44.513192,-58.692295,10360
45.479293,-58.692295,10384
46.445395,-58.692295,10407
47.411497,-58.692295,10419
48.377598,-58.692295,10456
49.3437,-58.692295,10493
49.3437,-59.658396,10504
50.309802,-60.624498,10539
50.309802,-61.5906,10578
51.275903,-62.556701,10601
51.275903,-63.522803,10613
51.275903,-64.488905,10636
51.275903,-65.455006,10738
BREAK
51.275903,-57.726193,12348
52.242005,-57.726193,12397
53.208107,-57.726193,12432
54.174209,-56.760091,12468
55.14031,-56.760091,12479
55.14031,-55.79399,12493
56.106412,-55.79399,12504
57.072514,-55.79399,12517
58.038615,-53.861786,12529
59.004717,-53.861786,12541
59.970819,-53.861786,12563
60.93692,-53.861786,12575
60.93692,-52.895684,12591
61.903022,-52.895684,12602
62.869124,-52.895684,12626
63.835225,-52.895684,12661
64.801327,-52.895684,12673
65.767429,-52.895684,12722
66.733531,-53.861786,12780
66.733531,-54.827888,12843
66.733531,-55.79399,12902
66.733531,-56.760091,12963
66.733531,-57.726193,12986
66.733531,-58.692295,13047
BREAK
