START
25.191158,-17.149922,0
26.157259,-17.149922,32
29.055564,-17.149922,40
31.95387,-17.149922,48
35.818276,-17.149922,56
41.614886,-18.116023,64
46.445395,-18.116023,72
52.242005,-18.116023,80
57.072514,-18.116023,88
59.004717,-18.116023,96
60.93692,-18.116023,104
60.93692,-19.082125,344
60.93692,-21.014329,360
61.903022,-21.98043,368
62.869124,-24.878735,376
63.835225,-26.810939,384
63.835225,-29.709244,392
63.835225,-32.607549,400
64.801327,-35.505854,408
65.767429,-37.438057,416
66.733531,-40.336362,424
66.733531,-41.302464,432
66.733531,-44.200769,440
66.733531,-46.132973,448
66.733531,-47.099074,456
66.733531,-48.065176,464
66.733531,-49.997379,472
66.733531,-50.963481,480
66.733531,-51.929583,488
66.733531,-54.827888,496
65.767429,-55.79399,504
65.767429,-56.760091,512
65.767429,-57.726193,520
65.767429,-58.692295,528
65.767429,-60.624498,536
65.767429,-61.5906,552
BREAK
63.835225,-57.726193,1512
63.835225,-56.760091,1624
61.903022,-56.760091,1631
59.970819,-54.827888,1640
58.038615,-53.861786,1648
55.14031,-51.929583,1656
52.242005,-49.997379,1664
50.309802,-49.997379,1672
49.3437,-49.031278,1680
48.377598,-48.065176,1688
47.411497,-48.065176,1696
46.445395,-48.065176,1752
44.513192,-48.065176,1760
41.614886,-48.065176,1768
39.682683,-48.065176,1776
37.75048,-48.065176,1784
35.818276,-48.065176,1792
33.886073,-48.065176,1800
32.919971,-48.065176,1808
31.95387,-48.065176,1824
31.95387,-47.099074,2072
31.95387,-45.166871,2088
31.95387,-44.200769,2096
31.95387,-43.234667,2104
31.95387,-42.268566,2112
31.95387,-41.302464,2120
31.95387,-40.336362,2128
31.95387,-38.404159,2136
32.919971,-38.404159,2144
33.886073,-36.471956,2152
34.852175,-36.471956,2160
36.784378,-35.505854,2168
38.716581,-34.539752,2176
40.648785,-34.539752,2184
42.580988,-33.573651,2192
44.513192,-33.573651,2200
47.411497,-33.573651,2208
49.3437,-33.573651,2220
51.275903,-33.573651,2224
52.242005,-33.573651,2232
54.174209,-33.573651,2240
55.14031,-33.573651,2256
56.106412,-33.573651,2264
57.072514,-32.607549,2272
58.038615,-32.607549,2288
59.004717,-32.607549,2304
59.970819,-32.607549,2312
60.93692,-32.607549,2320
61.903022,-32.607549,2328
62.869124,-32.607549,2352
63.835225,-32.607549,2360
BREAK
63.835225,-37.438057,3080
63.835225,-38.404159,3120
64.801327,-39.370261,3136
66.733531,-39.370261,3144
68.665734,-40.336362,3152
70.597937,-42.268566,3160
72.530141,-42.268566,3168
74.462344,-43.234667,3176
75.428446,-45.166871,3184
76.394547,-45.166871,3192
77.360649,-46.132973,3200
78.326751,-46.132973,3216
78.326751,-47.099074,3224
78.326751,-48.065176,3232
79.292853,-48.065176,3248
79.292853,-49.031278,3256
79.292853,-49.997379,3272
79.292853,-50.963481,3296
79.292853,-51.929583,3304
80.258954,-51.929583,3312
80.258954,-52.895684,3320
80.258954,-53.861786,3352
80.258954,-52.895684,3528
80.258954,-50.963481,3536
80.258954,-49.031278,3544
80.258954,-46.132973,3552
80.258954,-43.234667,3560
80.258954,-40.336362,3568
80.258954,-36.471956,3576
80.258954,-31.641447,3584
80.258954,-29.709244,3592
80.258954,-26.810939,3600
80.258954,-25.844837,3608
80.258954,-23.912634,3616
80.258954,-21.98043,3624
80.258954,-21.014329,3640
80.258954,-19.082125,3648
80.258954,-17.149922,3664
80.258954,-16.18382,3680
80.258954,-15.217718,3696
80.258954,-14.251617,3704
82.191158,-14.251617,3896
83.157259,-14.251617,3904
85.089463,-14.251617,3912
87.987768,-14.251617,3920
89.919971,-14.251617,3928
92.818276,-14.251617,3936
95.716581,-14.251617,3944
96.682683,-14.251617,3952
BREAK
