START
23.051887,-18.859438,0
24.051887,-18.859438,6
24.051887,-19.859438,21
25.051887,-20.859438,31
26.051887,-20.859438,39
26.051887,-21.859438,45
28.051887,-23.859438,54
28.051887,-24.859438,61
29.051887,-24.859438,69
30.051887,-26.859438,77
31.051887,-28.859438,85
32.051887,-29.859438,93
33.051887,-30.859438,101
34.051887,-32.859438,109
35.051887,-34.859438,118
36.051887,-34.859438,126
37.051887,-36.859438,134
37.051887,-38.859438,141
38.051887,-39.859438,150
39.051887,-39.859438,163
39.051887,-40.859438,167
40.051887,-41.859438,173
40.051887,-42.859438,183
BREAK
59.051887,-19.859438,823
58.051887,-20.859438,830
57.051887,-21.859438,837
56.051887,-22.859438,845
55.051887,-23.859438,853
53.051887,-23.859438,861
52.051887,-24.859438,870
51.051887,-25.859438,878
49.051887,-26.859438,885
49.051887,-27.859438,893
48.051887,-28.859438,901
47.051887,-29.859438,909
46.051887,-29.859438,917
45.051887,-30.859438,928
44.051887,-30.859438,933
43.051887,-32.859438,942
42.051887,-32.859438,949
41.051887,-32.859438,958
41.051887,-33.859438,965
40.051887,-34.859438,973
39.051887,-35.859438,981
39.051887,-36.859438,991
38.051887,-37.859438,997
36.051887,-38.859438,1018
35.051887,-39.859438,1023
34.051887,-40.859438,1033
34.051887,-41.859438,1044
33.051887,-41.859438,1050
33.051887,-42.859438,1062
BREAK
57.051887,-22.859438,1790
58.051887,-22.859438,1853
59.051887,-22.859438,1877
60.051887,-22.859438,1885
61.051887,-22.859438,1901
62.051887,-21.859438,1909
63.051887,-21.859438,1925
64.051887,-20.859438,1941
65.051887,-20.859438,2125
66.051887,-20.859438,2141
67.051887,-20.859438,2165
67.051887,-21.859438,2253
67.051887,-22.859438,2269
67.051887,-23.859438,2277
67.051887,-24.859438,2285
67.051887,-25.859438,2297
67.051887,-26.859438,2302
67.051887,-28.859438,2309
67.051887,-31.859438,2327
66.051887,-32.859438,2334
66.051887,-35.859438,2341
66.051887,-36.859438,2350
66.051887,-39.859438,2357
65.051887,-44.859438,2375
65.051887,-46.859438,2381
64.051887,-48.859438,2391
63.051887,-52.859438,2397
63.051887,-54.859438,2407
63.051887,-57.859438,2413
63.051887,-60.859438,2421
63.051887,-63.859438,2429
63.051887,-66.859438,2437
63.051887,-69.859438,2445
63.051887,-72.859438,2453
63.051887,-74.859438,2461
63.051887,-76.859438,2469
63.051887,-78.859438,2477
63.051887,-79.859438,2485
63.051887,-81.859438,2493
63.051887,-82.859438,2502
63.051887,-83.859438,2509
63.051887,-84.859438,2517
63.051887,-85.859438,2536
BREAK
