START
35.641509,-25.859438,0
35.641509,-26.859438,32
35.641509,-27.859438,56
35.641509,-28.859438,72
35.641509,-30.859438,80
35.641509,-31.859438,88
35.641509,-32.859438,96
33.641509,-34.859438,104
32.641509,-36.859438,112
30.641509,-37.859438,120
29.641509,-40.859438,128
28.641509,-42.859438,136
26.641509,-45.859438,144
24.641509,-47.859438,152
23.641509,-49.859438,160
23.641509,-50.859438,168
21.641509,-52.859438,176
20.641509,-53.859438,184
19.641509,-54.859438,192
18.641509,-55.859438,200
18.641509,-57.859438,208
17.641509,-57.859438,216
17.641509,-58.859438,224
16.641509,-59.859438,232
16.641509,-60.859438,256
15.641509,-61.859438,272
14.641509,-61.859438,296
14.641509,-62.859438,312
13.641509,-62.859438,336
13.641509,-63.859438,344
13.641509,-64.859438,385
12.641509,-64.859438,393
11.641509,-64.859438,473
BREAK
31.641509,-49.859438,1025
32.641509,-49.859438,1056
33.641509,-49.859438,1072
33.641509,-50.859438,1080
34.641509,-50.859438,1088
34.641509,-51.859438,1097
35.641509,-52.859438,1104
35.641509,-53.859438,1112
35.641509,-54.859438,1120
37.641509,-55.859438,1128
37.641509,-56.859438,1136
38.641509,-57.859438,1152
39.641509,-57.859438,1168
40.641509,-57.859438,1184
40.641509,-58.859438,1192
BREAK
74.641509,-22.859438,1825
74.641509,-23.859438,1840
74.641509,-24.859438,1849
74.641509,-26.859438,1856
74.641509,-27.859438,1864
74.641509,-30.859438,1872
74.641509,-32.859438,1880
74.641509,-35.859438,1888
74.641509,-38.859438,1896
73.641509,-40.859438,1904
72.641509,-42.859438,1912
71.641509,-44.859438,1920
71.641509,-46.859438,1928
70.641509,-48.859438,1936
69.641509,-50.859438,1944
69.641509,-52.859438,1952
68.641509,-55.859438,1960
67.641509,-57.859438,1968
67.641509,-58.859438,1976
66.641509,-60.859438,1984
66.641509,-62.859438,1992
64.641509,-64.859438,2000
63.641509,-66.859438,2008
62.641509,-67.859438,2017
60.641509,-68.859438,2024
60.641509,-70.859438,2032
59.641509,-71.859438,2040
58.641509,-72.859438,2048
57.641509,-73.859438,2056
57.641509,-74.859438,2064
56.641509,-75.859438,2080
56.641509,-76.859438,2088
BREAK
75.641509,-46.859438,2664
75.641509,-47.859438,2672
76.641509,-47.859438,2688
77.641509,-47.859438,2696
77.641509,-48.859438,2712
78.641509,-48.859438,2720
79.641509,-50.859438,2728
80.641509,-51.859438,2736
80.641509,-52.859438,2744
82.641509,-53.859438,2752
83.641509,-54.859438,2760
84.641509,-54.859438,2768
84.641509,-55.859438,2776
85.641509,-55.859438,2784
85.641509,-56.859438,2792
86.641509,-56.859438,2800
87.641509,-56.859438,2808
87.641509,-57.859438,2816
87.641509,-58.859438,2856
88.641509,-58.859438,2864
BREAK
