START
28.023585,-18.702811,0
29.023585,-18.702811,56
30.023585,-18.702811,74
31.023585,-18.702811,102
32.023585,-19.702811,121
33.023585,-21.702811,130
35.023585,-23.702811,140
36.023585,-25.702811,149
38.023585,-27.702811,158
40.023585,-28.702811,168
41.023585,-30.702811,177
43.023585,-31.702811,186
44.023585,-32.702811,196
45.023585,-32.702811,214
46.023585,-32.702811,224
47.023585,-33.702811,233
48.023585,-35.702811,242
50.023585,-35.702811,252
51.023585,-36.702811,261
51.023585,-37.702811,270
53.023585,-38.702811,280
55.023585,-40.702811,289
56.023585,-41.702811,308
57.023585,-42.702811,317
57.023585,-43.702811,326
58.023585,-44.702811,345
58.023585,-45.702811,354
58.023585,-46.702811,382
59.023585,-47.702811,392
60.023585,-48.702811,401
60.023585,-49.702811,410
61.023585,-50.702811,448
61.023585,-51.702811,457
61.023585,-52.702811,466
62.023585,-53.702811,476
62.023585,-54.702811,494
62.023585,-55.702811,513
62.023585,-56.702811,522
62.023585,-57.702811,560
63.023585,-58.702811,625
BREAK
53.023585,-15.702811,1436
53.023585,-14.702811,1976
53.023585,-13.702811,2013
54.023585,-13.702811,2190
55.023585,-13.702811,2311
56.023585,-13.702811,2320
57.023585,-13.702811,2339
57.023585,-14.702811,2367
57.023585,-15.702811,2376
57.023585,-16.702811,2386
57.023585,-17.702811,2404
57.023585,-18.702811,2423
57.023585,-19.702811,2432
57.023585,-20.702811,2442
57.023585,-21.702811,2451
56.023585,-21.702811,2460
56.023585,-22.702811,2470
55.023585,-23.702811,2479
55.023585,-24.702811,2488
54.023585,-25.702811,2498
54.023585,-26.702811,2535
53.023585,-26.702811,2544
53.023585,-27.702811,2572
53.023585,-28.702811,2582
53.023585,-29.702811,2600
52.023585,-30.702811,2610
52.023585,-31.702811,2628
52.023585,-32.702811,2647
52.023585,-33.702811,2656
52.023585,-34.702811,2675
52.023585,-35.702811,2703
51.023585,-35.702811,2712
BREAK
31.023585,-28.702811,3775
32.023585,-28.702811,3783
33.023585,-28.702811,3905
34.023585,-28.702811,3942
34.023585,-29.702811,3979
34.023585,-30.702811,4007
34.023585,-31.702811,4026
34.023585,-32.702811,4035
34.023585,-33.702811,4044
34.023585,-34.702811,4063
34.023585,-35.702811,4072
33.023585,-36.702811,4082
33.023585,-37.702811,4091
33.023585,-38.702811,4119
33.023585,-39.702811,4138
32.023585,-40.702811,4147
32.023585,-41.702811,4166
32.023585,-42.702811,4194
31.023585,-42.702811,4203
31.023585,-43.702811,4240
31.023585,-44.702811,4250
31.023585,-45.702811,4268
30.023585,-46.702811,4278
30.023585,-47.702811,4306
30.023585,-48.702811,4324
30.023585,-49.702811,4352
30.023585,-50.702811,4390
30.023585,-51.702811,4436
BREAK
