START
52.023585,-39.702811,0
50.023585,-39.702811,107
49.023585,-41.702811,143
48.023585,-41.702811,167
48.023585,-43.702811,167
47.023585,-43.702811,207
46.023585,-45.702811,207
44.023585,-47.702811,247
43.023585,-49.702811,287
43.023585,-50.702811,287
42.023585,-52.702811,327
42.023585,-53.702811,351
42.023585,-56.702811,367
42.023585,-58.702811,398
43.023585,-60.702811,430
43.023585,-61.702811,462
45.023585,-63.702811,486
47.023585,-64.702811,536
47.023585,-65.702811,558
48.023585,-67.702811,559
48.023585,-69.702811,598
48.023585,-70.702811,599
48.023585,-71.702811,623
47.023585,-72.702811,623
47.023585,-73.702811,638
46.023585,-75.702811,639
45.023585,-76.702811,663
45.023585,-78.702811,663
44.023585,-79.702811,682
43.023585,-80.702811,703
41.023585,-80.702811,703
40.023585,-79.702811,735
40.023585,-78.702811,751
BREAK
35.023585,-17.702811,1727
36.023585,-17.702811,1752
38.023585,-18.702811,1806
38.023585,-19.702811,1807
39.023585,-20.702811,1839
39.023585,-22.702811,1839
40.023585,-23.702811,1879
42.023585,-25.702811,1879
43.023585,-26.702811,1911
43.023585,-28.702811,1935
45.023585,-30.702811,1950
45.023585,-31.702811,1951
46.023585,-32.702811,1982
47.023585,-33.702811,1983
48.023585,-34.702811,2013
50.023585,-37.702811,2030
52.023585,-39.702811,2062
53.023585,-41.702811,2078
54.023585,-42.702811,2079
56.023585,-44.702811,2116
56.023585,-45.702811,2134
57.023585,-46.702811,2134
58.023585,-48.702811,2158
58.023585,-49.702811,2159
61.023585,-52.702811,2199
61.023585,-53.702811,2222
62.023585,-54.702811,2223
63.023585,-55.702811,2255
63.023585,-56.702811,2255
65.023585,-58.702811,2287
66.023585,-59.702811,2310
67.023585,-60.702811,2311
68.023585,-62.702811,2342
69.023585,-63.702811,2343
69.023585,-64.702811,2366
70.023585,-66.702811,2367
70.023585,-67.702811,2385
71.023585,-68.702811,2406
73.023585,-70.702811,2415
73.023585,-71.702811,2415
74.023585,-73.702811,2446
75.023585,-74.702811,2447
75.023585,-75.702811,2479
77.023585,-76.702811,2503
77.023585,-77.702811,2503
BREAK
62.023585,-46.702811,3328
62.023585,-44.702811,3407
62.023585,-43.702811,3429
62.023585,-42.702811,3438
62.023585,-41.702811,3439
63.023585,-38.702811,3470
63.023585,-36.702811,3495
64.023585,-34.702811,3526
65.023585,-33.702811,3527
67.023585,-31.702811,3550
68.023585,-30.702811,3550
69.023585,-29.702811,3582
70.023585,-28.702811,3583
BREAK
65.023585,-15.702811,4135
64.023585,-16.702811,4207
63.023585,-17.702811,4208
63.023585,-18.702811,4238
63.023585,-19.702811,4239
62.023585,-20.702811,4266
62.023585,-22.702811,4295
62.023585,-23.702811,4335
63.023585,-24.702811,4335
63.023585,-25.702811,4358
64.023585,-26.702811,4359
65.023585,-27.702811,4390
67.023585,-29.702811,4406
68.023585,-29.702811,4407
70.023585,-29.702811,4430
71.023585,-29.702811,4446
72.023585,-29.702811,4447
73.023585,-28.702811,4470
74.023585,-28.702811,4470
BREAK
