START
8.7284264,-47.376766,0
9.6319797,-47.376766,95
9.6319797,-46.473213,103
10.535533,-45.569659,111
11.439086,-45.569659,127
11.439086,-44.666106,135
12.34264,-44.666106,143
13.246193,-43.762553,152
14.149746,-42.858999,175
15.053299,-42.858999,183
15.956853,-42.858999,199
15.956853,-41.955446,207
16.860406,-41.955446,215
17.763959,-41.955446,239
18.667513,-41.955446,247
19.571066,-41.955446,279
20.474619,-41.955446,295
21.378173,-41.955446,319
22.281726,-41.955446,335
23.185279,-42.858999,351
24.088832,-42.858999,367
24.992386,-43.762553,391
25.895939,-43.762553,407
25.895939,-44.666106,415
26.799492,-44.666106,439
26.799492,-45.569659,447
26.799492,-46.473213,479
27.703046,-46.473213,494
27.703046,-47.376766,511
27.703046,-48.280319,527
27.703046,-49.183873,535
27.703046,-50.087426,559
27.703046,-50.990979,575
27.703046,-51.894532,591
27.703046,-52.798086,607
27.703046,-53.701639,663
27.703046,-54.605192,711
26.799492,-54.605192,727
26.799492,-55.508746,743
25.895939,-55.508746,752
25.895939,-56.412299,760
24.992386,-57.315852,792
24.088832,-57.315852,840
24.088832,-58.219406,848
23.185279,-58.219406,872
22.281726,-58.219406,888
22.281726,-59.122959,904
21.378173,-59.122959,943
20.474619,-59.122959,983
19.571066,-60.026512,1010
18.667513,-60.026512,1023
17.763959,-60.026512,1056
16.860406,-60.026512,1072
15.956853,-60.026512,1080
15.053299,-60.026512,1104
14.149746,-60.026512,1136
13.246193,-60.026512,1168
12.34264,-60.026512,1208
12.34264,-59.122959,1256
11.439086,-59.122959,1264
10.535533,-59.122959,1312
9.6319797,-58.219406,1352
8.7284264,-58.219406,1392
7.8248731,-58.219406,1448
6.9213198,-58.219406,1480
BREAK
15.956853,-60.026512,2376
15.956853,-60.930065,2479
15.956853,-61.833619,2495
15.956853,-62.737172,2511
15.956853,-63.640725,2527
15.956853,-64.544279,2554
15.956853,-65.447832,2567
15.956853,-66.351385,2599
16.860406,-66.351385,2607
16.860406,-67.254939,2623
17.763959,-67.254939,2647
17.763959,-68.158492,2655
18.667513,-69.062045,2679
19.571066,-69.062045,2711
20.474619,-69.062045,2719
20.474619,-69.965598,2727
21.378173,-69.965598,2743
22.281726,-69.965598,2759
23.185279,-70.869152,2775
24.088832,-70.869152,2791
24.992386,-70.869152,2823
25.895939,-70.869152,2855
26.799492,-71.772705,2872
27.703046,-71.772705,2879
28.606599,-71.772705,2895
29.510152,-71.772705,2928
29.510152,-72.676258,2959
30.413706,-72.676258,2967
31.317259,-72.676258,2975
32.220812,-72.676258,2983
33.124365,-72.676258,2999
34.027919,-72.676258,3023
34.931472,-72.676258,3048
35.835025,-72.676258,3074
36.738579,-72.676258,3103
38.545685,-72.676258,3152
38.545685,-71.772705,3167
39.449239,-71.772705,3176
39.449239,-70.869152,3191
40.352792,-70.869152,3200
41.256345,-70.869152,3208
41.256345,-69.965598,3231
42.159898,-69.965598,3255
42.159898,-69.062045,3263
43.063452,-68.158492,3288
43.063452,-67.254939,3296
43.967005,-66.351385,3327
44.870558,-66.351385,3352
44.870558,-65.447832,3360
45.774112,-64.544279,3383
45.774112,-63.640725,3392
46.677665,-63.640725,3424
46.677665,-62.737172,3432
46.677665,-61.833619,3448
47.581218,-60.930065,3480
47.581218,-60.026512,3488
47.581218,-59.122959,3504
47.581218,-58.219406,3528
48.484772,-57.315852,3544
48.484772,-56.412299,3561
48.484772,-55.508746,3592
49.388325,-55.508746,3600
49.388325,-54.605192,3640
49.388325,-53.701639,3664
49.388325,-52.798086,3672
49.388325,-51.894532,3704
49.388325,-50.990979,3744
49.388325,-50.087426,3776
49.388325,-49.183873,3792
49.388325,-48.280319,3824
49.388325,-47.376766,3856
49.388325,-46.473213,3880
49.388325,-45.569659,3896
49.388325,-44.666106,3928
49.388325,-42.858999,3968
49.388325,-41.955446,4000
49.388325,-41.051893,4056
BREAK
49.388325,-41.955446,4392
50.291878,-41.955446,4407
50.291878,-42.858999,4415
50.291878,-43.762553,4431
50.291878,-44.666106,4447
50.291878,-45.569659,4463
50.291878,-46.473213,4479
50.291878,-47.376766,4503
50.291878,-48.280319,4519
50.291878,-49.183873,4535
50.291878,-50.087426,4543
50.291878,-50.990979,4567
50.291878,-51.894532,4575
50.291878,-52.798086,4599
50.291878,-53.701639,4623
50.291878,-54.605192,4647
50.291878,-55.508746,4655
50.291878,-56.412299,4687
50.291878,-57.315852,4703
50.291878,-58.219406,4727
50.291878,-59.122959,4743
50.291878,-60.026512,4759
51.195431,-60.026512,4775
51.195431,-60.930065,4783
51.195431,-61.833619,4807
52.098985,-61.833619,4831
53.002538,-62.737172,4847
53.002538,-63.640725,4871
53.906091,-63.640725,4887
53.906091,-64.544279,4895
54.809645,-64.544279,4911
55.713198,-64.544279,4943
56.616751,-64.544279,4959
57.520305,-64.544279,4991
58.423858,-64.544279,5031
59.327411,-63.640725,5071
60.230964,-63.640725,5079
60.230964,-62.737172,5088
61.134518,-62.737172,5119
61.134518,-61.833619,5152
62.038071,-61.833619,5175
62.038071,-60.930065,5215
62.941624,-60.930065,5239
62.941624,-60.026512,5279
62.941624,-59.122959,5296
63.845178,-59.122959,5304
63.845178,-58.219406,5336
63.845178,-57.315852,5376
64.748731,-57.315852,5392
64.748731,-56.412299,5400
64.748731,-55.508746,5424
64.748731,-54.605192,5464
64.748731,-53.701639,5504
65.652284,-53.701639,5512
65.652284,-52.798086,5560
65.652284,-51.894532,5592
65.652284,-50.990979,5624
65.652284,-50.087426,5656
65.652284,-49.183873,5688
65.652284,-48.280319,5704
65.652284,-47.376766,5720
65.652284,-46.473213,5752
65.652284,-45.569659,5784
65.652284,-44.666106,5800
65.652284,-43.762553,5832
64.748731,-43.762553,5840
64.748731,-42.858999,5864
64.748731,-41.955446,5888
64.748731,-41.051893,5896
64.748731,-40.14834,5936
64.748731,-39.244786,6168
BREAK
64.748731,-39.244786,6352
64.748731,-40.14834,6423
63.845178,-40.14834,6431
63.845178,-41.051893,6447
63.845178,-41.955446,6463
63.845178,-42.858999,6479
63.845178,-43.762553,6487
63.845178,-44.666106,6495
63.845178,-45.569659,6511
63.845178,-46.473213,6519
63.845178,-47.376766,6535
63.845178,-48.280319,6552
63.845178,-49.183873,6567
63.845178,-50.087426,6575
63.845178,-50.990979,6599
63.845178,-51.894532,6615
63.845178,-52.798086,6631
63.845178,-53.701639,6639
63.845178,-54.605192,6663
63.845178,-55.508746,6683
63.845178,-56.412299,6687
63.845178,-57.315852,6703
63.845178,-58.219406,6719
63.845178,-59.122959,6743
63.845178,-60.026512,6775
63.845178,-60.930065,6783
63.845178,-61.833619,6807
BREAK
63.845178,-62.737172,6832
63.845178,-63.640725,6847
63.845178,-64.544279,6855
63.845178,-65.447832,6871
63.845178,-66.351385,6895
64.748731,-66.351385,6903
64.748731,-67.254939,6919
64.748731,-68.158492,6927
64.748731,-69.062045,6952
64.748731,-69.965598,6975
64.748731,-70.869152,6999
64.748731,-71.772705,7007
64.748731,-72.676258,7031
65.652284,-72.676258,7047
65.652284,-73.579812,7063
65.652284,-74.483365,7079
65.652284,-75.386918,7095
65.652284,-76.290472,7119
65.652284,-77.194025,7143
65.652284,-78.097578,7167
66.555838,-79.001131,7183
66.555838,-79.904685,7219
66.555838,-80.808238,7239
66.555838,-81.711791,7279
67.459391,-81.711791,7287
67.459391,-82.615345,7296
68.362944,-82.615345,7327
68.362944,-83.518898,7359
69.266497,-83.518898,7375
69.266497,-84.422451,7407
70.170051,-84.422451,7424
71.073604,-84.422451,7455
71.977157,-84.422451,7479
72.880711,-84.422451,7527
72.880711,-83.518898,7552
73.784264,-83.518898,7568
73.784264,-82.615345,7575
74.687817,-81.711791,7647
74.687817,-80.808238,7714
75.591371,-80.808238,7715
BREAK
50.291878,-22.980827,17080
51.195431,-22.980827,17223
52.098985,-22.980827,17231
53.002538,-22.980827,17239
53.906091,-22.980827,17247
54.809645,-22.980827,17255
55.713198,-22.980827,17287
56.616751,-22.980827,17327
57.520305,-22.980827,17359
58.423858,-22.980827,17375
58.423858,-23.88438,17391
59.327411,-23.88438,17399
60.230964,-23.88438,17415
61.134518,-23.88438,17431
61.134518,-24.787933,17447
62.038071,-24.787933,17456
62.941624,-24.787933,17487
63.845178,-24.787933,17509
63.845178,-25.691487,17511
64.748731,-25.691487,17519
65.652284,-26.59504,17527
66.555838,-26.59504,17543
67.459391,-26.59504,17551
67.459391,-27.498593,17559
68.362944,-27.498593,17568
69.266497,-27.498593,17575
70.170051,-27.498593,17583
70.170051,-28.402147,17591
71.073604,-28.402147,17607
71.977157,-28.402147,17615
71.977157,-29.3057,17631
72.880711,-29.3057,17639
72.880711,-30.209253,17647
73.784264,-30.209253,17655
73.784264,-31.112807,17671
74.687817,-31.112807,17679
74.687817,-32.01636,17687
75.591371,-32.01636,17696
75.591371,-32.919913,17711
75.591371,-33.823466,17720
76.494924,-33.823466,17728
76.494924,-34.72702,17736
77.398477,-34.72702,17744
77.398477,-35.630573,17760
77.398477,-36.534126,17776
78.30203,-37.43768,17792
78.30203,-38.341233,17815
78.30203,-40.14834,17831
79.205584,-41.051893,17847
79.205584,-41.955446,17863
79.205584,-42.858999,17872
79.205584,-43.762553,17880
80.109137,-44.666106,17896
80.109137,-46.473213,17911
80.109137,-47.376766,17928
80.109137,-48.280319,17943
80.109137,-49.183873,17952
80.109137,-50.087426,17960
80.109137,-50.990979,17976
80.109137,-51.894532,17992
80.109137,-52.798086,18000
80.109137,-53.701639,18034
80.109137,-54.605192,18036
80.109137,-56.412299,18048
80.109137,-57.315852,18064
80.109137,-58.219406,18080
80.109137,-59.122959,18088
80.109137,-60.026512,18104
80.109137,-60.930065,18120
80.109137,-61.833619,18144
80.109137,-62.737172,18152
80.109137,-63.640725,18176
80.109137,-64.544279,18192
80.109137,-65.447832,18208
80.109137,-66.351385,18224
80.109137,-67.254939,18248
81.01269,-68.158492,18272
81.01269,-69.062045,18304
81.01269,-69.965598,18320
81.916244,-69.965598,18336
81.916244,-70.869152,18352
82.819797,-70.869152,18384
83.72335,-70.869152,18400
83.72335,-71.772705,18416
84.626904,-71.772705,18424
85.530457,-71.772705,18448
86.43401,-72.676258,18464
87.337563,-72.676258,18472
88.241117,-72.676258,18488
89.14467,-72.676258,18536
90.048223,-72.676258,18568
90.951777,-72.676258,18688
91.85533,-72.676258,18888
91.85533,-71.772705,19080
BREAK
77.398477,-31.112807,20104
77.398477,-30.209253,20127
76.494924,-29.3057,20175
76.494924,-28.402147,20207
76.494924,-27.498593,20223
76.494924,-26.59504,20247
75.591371,-26.59504,20271
75.591371,-25.691487,20279
75.591371,-24.787933,20319
75.591371,-23.88438,20327
75.591371,-22.980827,20351
74.687817,-22.077274,20367
74.687817,-21.17372,20384
73.784264,-20.270167,20399
73.784264,-19.366614,20415
73.784264,-18.46306,20439
72.880711,-18.46306,20447
71.977157,-17.559507,20463
71.977157,-16.655954,20471
71.073604,-16.655954,20487
71.073604,-15.7524,20504
70.170051,-15.7524,20512
70.170051,-14.848847,20535
69.266497,-14.848847,20551
68.362944,-14.848847,20567
68.362944,-13.945294,20591
67.459391,-13.945294,20600
66.555838,-13.041741,20644
65.652284,-13.041741,20655
64.748731,-13.041741,20671
63.845178,-13.041741,20695
62.941624,-13.041741,20711
62.038071,-13.041741,20736
61.134518,-13.041741,20751
60.230964,-13.041741,20775
60.230964,-12.138187,20784
59.327411,-12.138187,20792
58.423858,-12.138187,20823
57.520305,-12.138187,20840
56.616751,-12.138187,20863
55.713198,-12.138187,20880
54.809645,-12.138187,20895
53.906091,-12.138187,20912
53.002538,-12.138187,20943
52.098985,-12.138187,20975
51.195431,-12.138187,21008
50.291878,-12.138187,21040
49.388325,-12.138187,21104
48.484772,-12.138187,21223
BREAK
