START
50.683962,-16.859438,0
50.683962,-17.859438,48
50.683962,-18.859438,72
50.683962,-20.859438,88
50.683962,-21.859438,110
50.683962,-23.859438,112
50.683962,-25.859438,120
50.683962,-27.859438,128
50.683962,-29.859438,136
50.683962,-32.859438,150
50.683962,-35.859438,152
49.683962,-37.859438,160
48.683962,-39.859438,168
48.683962,-41.859438,176
48.683962,-43.859438,184
48.683962,-46.859438,194
48.683962,-48.859438,200
48.683962,-50.859438,208
48.683962,-51.859438,216
48.683962,-54.859438,231
48.683962,-55.859438,232
48.683962,-56.859438,240
48.683962,-58.859438,248
48.683962,-59.859438,256
48.683962,-60.859438,264
48.683962,-61.859438,274
48.683962,-63.859438,280
48.683962,-64.859438,288
48.683962,-65.859438,296
48.683962,-68.859438,311
48.683962,-69.859438,312
48.683962,-70.859438,320
48.683962,-71.859438,328
48.683962,-73.859438,336
48.683962,-74.859438,344
48.683962,-75.859438,354
48.683962,-76.859438,360
48.683962,-77.859438,368
48.683962,-78.859438,376
48.683962,-79.859438,399
48.683962,-80.859438,400
48.683962,-81.859438,408
48.683962,-82.859438,430
48.683962,-83.859438,432
48.683962,-84.859438,448
BREAK
