START
50.683962,-19.859438,0
50.683962,-20.859438,126
50.683962,-21.859438,148
50.683962,-22.859438,160
50.683962,-24.859438,171
50.683962,-25.859438,182
50.683962,-28.859438,194
50.683962,-29.859438,216
50.683962,-30.859438,227
50.683962,-31.859438,238
50.683962,-32.859438,249
50.683962,-34.859438,260
50.683962,-35.859438,271
50.683962,-40.859438,331
50.683962,-41.859438,338
50.683962,-42.859438,349
50.683962,-43.859438,361
50.683962,-44.859438,372
50.683962,-45.859438,383
50.683962,-46.859438,394
50.683962,-47.859438,405
50.683962,-48.859438,427
50.683962,-49.859438,438
50.683962,-51.859438,450
50.683962,-53.859438,472
50.683962,-54.859438,483
50.683962,-56.859438,505
50.683962,-57.859438,528
50.683962,-58.859438,550
50.683962,-59.859438,572
50.683962,-60.859438,584
50.683962,-61.859438,595
50.683962,-63.859438,617
50.683962,-64.859438,646
50.683962,-65.859438,668
50.683962,-66.859438,698
50.683962,-67.859438,709
50.683962,-68.859438,731
50.683962,-69.859438,753
50.683962,-70.859438,776
50.683962,-71.859438,787
50.683962,-72.859438,809
50.683962,-73.859438,831
50.683962,-74.859438,843
50.683962,-75.859438,854
50.683962,-76.859438,883
50.683962,-77.859438,901
50.683962,-78.859438,926
50.683962,-79.859438,961
50.683962,-80.859438,1011
50.683962,-81.859438,1047
50.683962,-82.859438,1065
50.683962,-83.859438,1114
50.683962,-84.859438,1157
50.683962,-85.859438,1220
50.683962,-86.859438,1270
50.683962,-87.859438,1390
50.683962,-88.859438,1466
BREAK
