START
22.877358,-18.859438,0
22.877358,-19.859438,401
22.877358,-20.859438,425
22.877358,-21.859438,475
22.877358,-21.859438,487
22.877358,-22.859438,524
22.877358,-23.859438,599
22.877358,-24.859438,623
23.877358,-24.859438,658
23.877358,-25.859438,719
23.877358,-26.859438,755
23.877358,-27.859438,827
23.877358,-27.859438,851
23.877358,-28.859438,889
23.877358,-29.859438,962
23.877358,-30.859438,986
23.877358,-30.859438,1034
23.877358,-31.859438,1107
23.877358,-32.859438,1180
23.877358,-33.859438,1266
23.877358,-33.859438,1302
23.877358,-34.859438,1328
23.877358,-35.859438,1374
23.877358,-36.859438,1423
23.877358,-36.859438,1461
23.877358,-37.859438,1690
BREAK
23.877358,-18.859438,3796
24.877358,-18.859438,4342
25.877358,-18.859438,4391
25.877358,-18.859438,4442
26.877358,-18.859438,4610
27.877358,-18.859438,4670
28.877358,-18.859438,4733
28.877358,-18.859438,4840
29.877358,-18.859438,4902
30.877358,-18.859438,5024
31.877358,-18.859438,5073
31.877358,-18.859438,5207
32.877358,-18.859438,5364
33.877358,-18.859438,5411
34.877358,-18.859438,5511
34.877358,-18.859438,5619
35.877358,-18.859438,5792
36.877358,-18.859438,5975
37.877358,-18.859438,6045
37.877358,-18.859438,6203
37.877358,-18.859438,6434
38.877358,-18.859438,6644
39.877358,-18.859438,6837
40.877358,-18.859438,7493
BREAK
40.877358,-18.859438,8770
40.877358,-18.859438,9134
40.877358,-19.859438,9159
40.877358,-20.859438,9183
40.877358,-21.859438,9244
40.877358,-21.859438,9255
40.877358,-22.859438,9291
40.877358,-23.859438,9317
40.877358,-24.859438,9353
40.877358,-24.859438,9415
40.877358,-25.859438,9452
40.877358,-26.859438,9476
40.877358,-27.859438,9523
40.877358,-27.859438,9537
40.877358,-28.859438,9572
40.877358,-29.859438,9585
40.877358,-30.859438,9609
40.877358,-30.859438,9669
40.877358,-31.859438,9692
40.877358,-32.859438,9730
40.877358,-33.859438,9792
40.877358,-33.859438,9815
40.877358,-34.859438,9839
40.877358,-35.859438,9865
40.877358,-36.859438,10009
40.877358,-36.859438,10094
39.877358,-37.859438,10569
39.877358,-38.859438,10580
39.877358,-39.859438,10643
39.877358,-39.859438,10666
39.877358,-40.859438,10679
39.877358,-41.859438,10717
39.877358,-42.859438,10741
39.877358,-42.859438,10777
39.877358,-43.859438,10800
39.877358,-44.859438,10812
39.877358,-45.859438,10849
39.877358,-45.859438,10886
39.877358,-46.859438,10909
39.877358,-47.859438,10946
39.877358,-48.859438,10972
39.877358,-48.859438,11020
39.877358,-49.859438,11043
39.877358,-50.859438,11068
39.877358,-51.859438,11104
39.877358,-51.859438,11131
39.877358,-52.859438,11166
39.877358,-53.859438,11409
40.877358,-54.859438,11420
40.877358,-55.859438,11432
40.877358,-56.859438,11457
40.877358,-57.859438,11469
40.877358,-57.859438,11495
40.877358,-58.859438,11520
40.877358,-59.859438,11544
40.877358,-60.859438,11617
40.877358,-60.859438,11641
40.877358,-61.859438,11700
40.877358,-62.859438,11738
40.877358,-63.859438,11774
40.877358,-63.859438,11871
40.877358,-63.859438,11918
40.877358,-64.859438,12418
41.877358,-64.859438,12466
41.877358,-65.859438,12479
BREAK
42.877358,-69.859438,12989
42.877358,-68.859438,13574
42.877358,-67.859438,13623
42.877358,-66.859438,13647
41.877358,-66.859438,13671
41.877358,-66.859438,13682
40.877358,-66.859438,13889
BREAK
42.877358,-72.859438,15544
42.877358,-72.859438,15799
42.877358,-73.859438,15853
43.877358,-73.859438,15908
43.877358,-74.859438,15945
43.877358,-74.859438,15970
43.877358,-75.859438,15995
43.877358,-75.859438,16068
44.877358,-76.859438,16104
44.877358,-77.859438,16140
45.877358,-77.859438,16151
46.877358,-77.859438,16177
46.877358,-78.859438,16188
46.877358,-78.859438,16226
46.877358,-78.859438,16274
46.877358,-79.859438,16310
47.877358,-79.859438,17150
48.877358,-79.859438,17200
49.877358,-79.859438,17286
49.877358,-79.859438,17308
50.877358,-79.859438,17333
51.877358,-79.859438,17394
52.877358,-80.859438,17443
52.877358,-80.859438,17516
53.877358,-80.859438,17565
54.877358,-81.859438,17599
55.877358,-81.859438,17662
55.877358,-81.859438,17687
56.877358,-81.859438,17746
57.877358,-81.859438,17905
58.877358,-81.859438,17953
58.877358,-81.859438,18063
59.877358,-81.859438,18135
60.877358,-81.859438,18171
61.877358,-81.859438,18222
61.877358,-81.859438,18268
62.877358,-81.859438,18294
63.877358,-81.859438,18391
64.877358,-81.859438,18742
64.877358,-81.859438,18829
65.877358,-81.859438,18866
66.877358,-81.859438,18877
67.877358,-81.859438,18951
67.877358,-81.859438,18999
67.877358,-81.859438,19024
68.877358,-81.859438,19059
68.877358,-80.859438,19084
69.877358,-80.859438,19121
69.877358,-79.859438,19157
70.877358,-79.859438,19182
70.877358,-78.859438,19195
70.877358,-78.859438,19206
70.877358,-78.859438,19216
71.877358,-78.859438,19241
71.877358,-77.859438,19254
72.877358,-76.859438,19267
72.877358,-75.859438,19277
73.877358,-75.859438,19315
73.877358,-74.859438,19328
73.877358,-74.859438,19351
73.877358,-73.859438,19376
74.877358,-72.859438,19389
74.877358,-72.859438,19400
74.877358,-71.859438,19424
75.877358,-71.859438,19436
75.877358,-70.859438,19450
75.877358,-69.859438,19474
76.877358,-69.859438,19546
76.877358,-69.859438,19583
76.877358,-68.859438,19691
76.877358,-67.859438,19716
76.877358,-66.859438,19727
76.877358,-66.859438,19742
76.877358,-65.859438,19776
76.877358,-64.859438,19813
76.877358,-63.859438,19972
76.877358,-63.859438,20044
76.877358,-62.859438,20083
76.877358,-61.859438,20142
76.877358,-60.859438,20155
76.877358,-60.859438,20181
76.877358,-59.859438,20252
76.877358,-58.859438,20287
76.877358,-57.859438,20325
76.877358,-57.859438,20436
76.877358,-56.859438,20458
75.877358,-56.859438,20505
75.877358,-55.859438,20545
75.877358,-54.859438,20580
74.877358,-54.859438,20617
73.877358,-54.859438,20665
73.877358,-53.859438,20692
73.877358,-53.859438,20714
73.877358,-52.859438,20762
72.877358,-52.859438,20776
71.877358,-51.859438,20812
70.877358,-51.859438,20847
70.877358,-51.859438,20884
70.877358,-50.859438,20909
69.877358,-50.859438,20932
69.877358,-49.859438,20971
68.877358,-49.859438,21041
67.877358,-49.859438,21080
67.877358,-49.859438,21104
67.877358,-48.859438,21142
66.877358,-48.859438,21165
65.877358,-48.859438,21188
64.877358,-48.859438,21224
64.877358,-48.859438,21263
63.877358,-48.859438,21286
62.877358,-48.859438,21322
61.877358,-48.859438,21347
61.877358,-48.859438,21370
60.877358,-48.859438,21431
59.877358,-48.859438,21456
58.877358,-48.859438,21482
58.877358,-48.859438,21541
57.877358,-48.859438,21566
56.877358,-48.859438,21603
55.877358,-48.859438,21639
55.877358,-48.859438,21689
55.877358,-49.859438,21735
54.877358,-49.859438,21748
53.877358,-49.859438,21798
52.877358,-49.859438,21833
52.877358,-50.859438,21871
52.877358,-50.859438,21942
52.877358,-51.859438,21991
51.877358,-51.859438,22003
51.877358,-51.859438,22040
51.877358,-52.859438,22138
50.877358,-52.859438,22161
50.877358,-53.859438,22174
49.877358,-53.859438,22199
49.877358,-54.859438,22222
49.877358,-54.859438,22235
49.877358,-54.859438,22283
49.877358,-55.859438,22309
48.877358,-56.859438,22344
48.877358,-57.859438,22392
47.877358,-57.859438,22416
46.877358,-57.859438,22478
46.877358,-58.859438,22489
46.877358,-59.859438,22527
46.877358,-60.859438,22613
46.877358,-60.859438,22624
46.877358,-61.859438,22637
46.877358,-62.859438,22769
46.877358,-63.859438,23111
45.877358,-63.859438,23391
45.877358,-63.859438,23415
45.877358,-64.859438,23475
44.877358,-64.859438,23500
44.877358,-65.859438,23608
43.877358,-65.859438,23902
43.877358,-65.859438,23940
43.877358,-66.859438,23963
BREAK
