START
36.877358,-41.859438,0
36.877358,-40.859438,75
36.877358,-39.859438,83
36.877358,-38.859438,90
36.877358,-37.859438,99
36.877358,-36.859438,106
36.877358,-35.859438,114
36.877358,-34.859438,122
36.877358,-33.859438,130
36.877358,-32.859438,139
35.877358,-31.859438,147
35.877358,-30.859438,154
35.877358,-29.859438,162
35.877358,-28.859438,178
35.877358,-27.859438,234
36.877358,-27.859438,290
36.877358,-26.859438,299
37.877358,-26.859438,306
38.877358,-26.859438,314
39.877358,-26.859438,322
40.877358,-25.859438,330
41.877358,-25.859438,338
43.877358,-25.859438,346
45.877358,-24.859438,354
47.877358,-24.859438,362
49.877358,-24.859438,371
51.877358,-24.859438,379
52.877358,-23.859438,386
53.877358,-23.859438,394
53.877358,-24.859438,514
54.877358,-24.859438,523
54.877358,-25.859438,530
54.877358,-26.859438,539
54.877358,-27.859438,546
54.877358,-28.859438,554
54.877358,-29.859438,563
54.877358,-30.859438,570
54.877358,-31.859438,578
54.877358,-32.859438,586
54.877358,-33.859438,594
54.877358,-35.859438,603
55.877358,-36.859438,610
55.877358,-38.859438,618
55.877358,-40.859438,626
55.877358,-42.859438,634
55.877358,-44.859438,643
55.877358,-46.859438,650
55.877358,-48.859438,658
55.877358,-50.859438,666
56.877358,-52.859438,674
56.877358,-54.859438,682
56.877358,-56.859438,690
56.877358,-58.859438,699
56.877358,-59.859438,706
56.877358,-61.859438,714
58.877358,-75.859438,834
59.877358,-75.859438,842
59.877358,-76.859438,850
60.877358,-76.859438,858
60.877358,-77.859438,866
61.877358,-77.859438,874
62.877358,-77.859438,882
62.877358,-78.859438,890
63.877358,-78.859438,898
64.877358,-78.859438,909
65.877358,-78.859438,914
66.877358,-78.859438,922
67.877358,-78.859438,938
68.877358,-78.859438,946
69.877358,-78.859438,954
69.877358,-77.859438,974
70.877358,-77.859438,978
70.877358,-76.859438,986
71.877358,-76.859438,994
71.877358,-75.859438,1002
71.877358,-74.859438,1011
72.877358,-74.859438,1018
72.877358,-73.859438,1026
73.877358,-72.859438,1039
74.877358,-71.859438,1042
75.877358,-71.859438,1053
76.877358,-70.859438,1059
76.877358,-69.859438,1067
77.877358,-69.859438,1074
77.877358,-68.859438,1082
77.877358,-67.859438,1098
77.877358,-66.859438,1101
78.877358,-65.859438,1107
78.877358,-64.859438,1115
78.877358,-63.859438,1123
78.877358,-62.859438,1131
78.877358,-61.859438,1146
78.877358,-60.859438,1150
78.877358,-59.859438,1155
78.877358,-58.859438,1163
78.877358,-57.859438,1170
78.877358,-56.859438,1179
78.877358,-55.859438,1186
78.877358,-54.859438,1195
78.877358,-53.859438,1202
78.877358,-52.859438,1210
78.877358,-51.859438,1218
77.877358,-50.859438,1226
77.877358,-49.859438,1234
76.877358,-48.859438,1242
76.877358,-46.859438,1250
75.877358,-45.859438,1258
74.877358,-44.859438,1266
73.877358,-43.859438,1274
73.877358,-42.859438,1284
72.877358,-41.859438,1290
71.877358,-40.859438,1298
70.877358,-40.859438,1306
69.877358,-39.859438,1314
68.877358,-39.859438,1322
67.877358,-39.859438,1330
67.877358,-38.859438,1338
66.877358,-38.859438,1346
65.877358,-38.859438,1354
64.877358,-38.859438,1370
63.877358,-38.859438,1378
62.877358,-38.859438,1388
61.877358,-38.859438,1394
60.877358,-38.859438,1402
60.877358,-39.859438,1410
59.877358,-39.859438,1418
58.877358,-40.859438,1426
57.877358,-41.859438,1436
57.877358,-42.859438,1443
56.877358,-42.859438,1450
56.877358,-43.859438,1458
56.877358,-44.859438,1467
56.877358,-45.859438,1474
56.877358,-46.859438,1490
56.877358,-47.859438,1498
56.877358,-48.859438,1506
56.877358,-49.859438,1570
BREAK
