START
24.877358,-30.859438,0
24.877358,-29.859438,168
24.877358,-27.859438,176
24.877358,-26.859438,184
24.877358,-25.859438,191
24.877358,-24.859438,208
24.877358,-23.859438,224
24.877358,-21.859438,239
24.877358,-20.859438,279
24.877358,-19.859438,296
24.877358,-18.859438,304
24.877358,-17.859438,328
24.877358,-16.859438,376
24.877358,-14.859438,424
24.877358,-13.859438,456
24.877358,-12.859438,464
24.877358,-11.859438,496
24.877358,-10.859438,520
24.877358,-9.8594378,752
25.877358,-9.8594378,912
27.877358,-9.8594378,920
29.877358,-9.8594378,928
31.877358,-9.8594378,943
35.877358,-9.8594378,960
37.877358,-9.8594378,1023
38.877358,-9.8594378,1048
39.877358,-9.8594378,1056
40.877358,-9.8594378,1072
41.877358,-9.8594378,1128
42.877358,-9.8594378,1136
43.877358,-9.8594378,1151
44.877358,-9.8594378,1160
45.877358,-9.8594378,1184
46.877358,-10.859438,1481
46.877358,-11.859438,1488
46.877358,-12.859438,1496
46.877358,-13.859438,1504
46.877358,-15.859438,1527
46.877358,-16.859438,1536
46.877358,-17.859438,1552
46.877358,-18.859438,1567
46.877358,-19.859438,1624
46.877358,-20.859438,1648
46.877358,-21.859438,1664
46.877358,-22.859438,1680
46.877358,-23.859438,1696
46.877358,-24.859438,1704
46.877358,-25.859438,1712
46.877358,-26.859438,1720
46.877358,-27.859438,1744
46.877358,-29.859438,1768
46.877358,-31.859438,1792
46.877358,-32.859438,1824
46.877358,-33.859438,1832
45.877358,-35.859438,1856
45.877358,-36.859438,1880
45.877358,-37.859438,1904
45.877358,-38.859438,1912
45.877358,-39.859438,1928
45.877358,-40.859438,1952
45.877358,-42.859438,1976
45.877358,-43.859438,1984
45.877358,-44.859438,1992
45.877358,-45.859438,2000
45.877358,-46.859438,2023
45.877358,-47.859438,2032
45.877358,-48.859438,2040
45.877358,-49.859438,2048
45.877358,-51.859438,2072
45.877358,-52.859438,2088
45.877358,-53.859438,2096
45.877358,-54.859438,2112
45.877358,-56.859438,2144
45.877358,-58.859438,2168
45.877358,-59.859438,2192
45.877358,-60.859438,2216
45.877358,-61.859438,2232
45.877358,-62.859438,2248
45.877358,-63.859438,2256
45.877358,-64.859438,2288
45.877358,-65.859438,2296
45.877358,-66.859438,2312
45.877358,-67.859438,2320
46.877358,-67.859438,2344
46.877358,-69.859438,2360
46.877358,-70.859438,2376
47.877358,-71.859438,2392
48.877358,-71.859438,2416
48.877358,-72.859438,2432
48.877358,-73.859438,2448
49.877358,-74.859438,2472
50.877358,-75.859438,2488
51.877358,-75.859438,2496
52.877358,-75.859438,2512
53.877358,-75.859438,2528
55.877358,-75.859438,2544
56.877358,-75.859438,2560
57.877358,-75.859438,2584
58.877358,-75.859438,2600
59.877358,-75.859438,2624
60.877358,-75.859438,2632
61.877358,-75.859438,2648
62.877358,-75.859438,2672
63.877358,-75.859438,2680
65.877358,-75.859438,2689
66.877358,-75.859438,2712
67.877358,-74.859438,2729
68.877358,-74.859438,2736
69.877358,-74.859438,2760
69.877358,-73.859438,2768
70.877358,-73.859438,2776
71.877358,-72.859438,2784
72.877358,-72.859438,2792
73.877358,-71.859438,2824
74.877358,-70.859438,2864
75.877358,-69.859438,2872
76.877358,-67.859438,2888
77.877358,-66.859438,2912
78.877358,-65.859438,2937
79.877358,-64.859438,2944
79.877358,-63.859438,2960
79.877358,-62.859438,2968
80.877358,-62.859438,2984
80.877358,-61.859438,2992
80.877358,-60.859438,3000
80.877358,-59.859438,3016
80.877358,-58.859438,3032
80.877358,-57.859438,3040
81.877358,-55.859438,3056
81.877358,-54.859438,3065
81.877358,-53.859438,3072
81.877358,-52.859438,3080
81.877358,-51.859438,3088
81.877358,-50.859438,3105
81.877358,-49.859438,3112
81.877358,-48.859438,3120
81.877358,-47.859438,3136
81.877358,-45.859438,3160
81.877358,-44.859438,3168
81.877358,-42.859438,3176
81.877358,-41.859438,3208
81.877358,-40.859438,3216
81.877358,-38.859438,3240
80.877358,-36.859438,3265
80.877358,-35.859438,3288
80.877358,-34.859438,3296
79.877358,-32.859438,3328
78.877358,-32.859438,3353
78.877358,-31.859438,3376
76.877358,-30.859438,3384
75.877358,-30.859438,3400
74.877358,-29.859438,3416
73.877358,-29.859438,3433
73.877358,-28.859438,3448
72.877358,-28.859438,3473
71.877358,-28.859438,3481
70.877358,-28.859438,3488
69.877358,-28.859438,3504
68.877358,-28.859438,3521
67.877358,-29.859438,3536
65.877358,-29.859438,3544
63.877358,-29.859438,3561
61.877358,-30.859438,3576
60.877358,-30.859438,3672
59.877358,-31.859438,3681
58.877358,-31.859438,3689
57.877358,-31.859438,3696
56.877358,-32.859438,3721
55.877358,-34.859438,3752
54.877358,-34.859438,3760
53.877358,-34.859438,3784
52.877358,-35.859438,3792
52.877358,-36.859438,3816
51.877358,-38.859438,3824
50.877358,-38.859438,3840
49.877358,-40.859438,3849
49.877358,-41.859438,3864
47.877358,-43.859438,3880
47.877358,-46.859438,3889
46.877358,-46.859438,3897
46.877358,-47.859438,3904
46.877358,-48.859438,3920
46.877358,-49.859438,3929
46.877358,-50.859438,3944
46.877358,-51.859438,3969
46.877358,-52.859438,3984
46.877358,-53.859438,3992
46.877358,-54.859438,4000
46.877358,-55.859438,4024
46.877358,-57.859438,4040
46.877358,-58.859438,4048
46.877358,-59.859438,4080
46.877358,-60.859438,4097
46.877358,-61.859438,4112
46.877358,-62.859438,4120
BREAK
