START
16.641509,-24.859438,0
17.641509,-24.859438,182
19.641509,-25.859438,193
21.641509,-26.859438,205
24.641509,-26.859438,213
28.641509,-27.859438,223
33.641509,-28.859438,233
36.641509,-28.859438,243
38.641509,-28.859438,253
39.641509,-28.859438,263
40.641509,-28.859438,273
42.641509,-28.859438,283
43.641509,-28.859438,294
44.641509,-28.859438,304
46.641509,-28.859438,314
47.641509,-28.859438,342
49.641509,-28.859438,345
50.641509,-28.859438,364
51.641509,-28.859438,374
52.641509,-28.859438,404
53.641509,-28.859438,414
54.641509,-28.859438,464
54.641509,-29.859438,557
54.641509,-30.859438,597
54.641509,-31.859438,627
54.641509,-32.859438,658
54.641509,-33.859438,669
54.641509,-35.859438,680
54.641509,-37.859438,690
54.641509,-39.859438,700
55.641509,-40.859438,714
55.641509,-42.859438,720
55.641509,-43.859438,730
55.641509,-44.859438,750
55.641509,-45.859438,760
55.641509,-46.859438,790
55.641509,-47.859438,810
55.641509,-48.859438,880
54.641509,-48.859438,1002
53.641509,-48.859438,1013
52.641509,-48.859438,1035
51.641509,-48.859438,1045
50.641509,-48.859438,1054
48.641509,-47.859438,1065
46.641509,-47.859438,1075
43.641509,-47.859438,1086
40.641509,-47.859438,1095
37.641509,-47.859438,1105
33.641509,-47.859438,1115
30.641509,-47.859438,1125
26.641509,-48.859438,1136
24.641509,-50.859438,1146
22.641509,-50.859438,1157
20.641509,-50.859438,1167
18.641509,-50.859438,1187
17.641509,-50.859438,1217
17.641509,-51.859438,1320
17.641509,-52.859438,1354
18.641509,-52.859438,1371
18.641509,-53.859438,1381
18.641509,-54.859438,1431
19.641509,-54.859438,1440
19.641509,-55.859438,1451
20.641509,-57.859438,1463
21.641509,-59.859438,1473
21.641509,-60.859438,1485
22.641509,-61.859438,1497
22.641509,-62.859438,1507
22.641509,-64.859438,1517
22.641509,-65.859438,1537
22.641509,-67.859438,1547
22.641509,-68.859438,1567
22.641509,-69.859438,1616
22.641509,-70.859438,1659
22.641509,-71.859438,1670
22.641509,-72.859438,1690
22.641509,-74.859438,1712
22.641509,-76.859438,1720
22.641509,-77.859438,1730
22.641509,-78.859438,1750
22.641509,-79.859438,1760
23.641509,-79.859438,1896
24.641509,-79.859438,1907
26.641509,-79.859438,1926
27.641509,-79.859438,1936
29.641509,-79.859438,1946
31.641509,-79.859438,1956
34.641509,-79.859438,1966
38.641509,-79.859438,1977
41.641509,-79.859438,1987
44.641509,-79.859438,1998
46.641509,-79.859438,2009
48.641509,-79.859438,2019
51.641509,-79.859438,2029
53.641509,-79.859438,2039
55.641509,-79.859438,2049
57.641509,-79.859438,2059
60.641509,-79.859438,2069
62.641509,-79.859438,2079
64.641509,-79.859438,2089
66.641509,-78.859438,2099
68.641509,-78.859438,2110
69.641509,-77.859438,2121
70.641509,-77.859438,2132
72.641509,-77.859438,2142
73.641509,-76.859438,2152
74.641509,-76.859438,2162
76.641509,-76.859438,2172
77.641509,-75.859438,2182
78.641509,-75.859438,2202
79.641509,-75.859438,2214
80.641509,-75.859438,2252
BREAK
