START
20.641509,-22.859438,0
21.641509,-22.859438,105
25.641509,-22.859438,123
33.641509,-22.859438,138
41.641509,-22.859438,159
47.641509,-23.859438,172
53.641509,-24.859438,190
59.641509,-25.859438,205
65.641509,-26.859438,221
70.641509,-27.859438,240
74.641509,-27.859438,255
76.641509,-27.859438,273
77.641509,-27.859438,288
78.641509,-27.859438,304
79.641509,-27.859438,338
80.641509,-27.859438,371
81.641509,-27.859438,387
82.641509,-27.859438,422
83.641509,-27.859438,454
84.641509,-27.859438,487
84.641509,-28.859438,786
84.641509,-29.859438,819
84.641509,-30.859438,840
84.641509,-31.859438,852
84.641509,-32.859438,885
84.641509,-33.859438,902
84.641509,-34.859438,920
83.641509,-34.859438,935
83.641509,-36.859438,952
83.641509,-37.859438,969
83.641509,-38.859438,985
83.641509,-40.859438,1003
83.641509,-41.859438,1018
83.641509,-43.859438,1052
83.641509,-44.859438,1068
82.641509,-44.859438,1101
82.641509,-45.859438,1367
82.641509,-47.859438,1400
81.641509,-47.859438,1749
80.641509,-47.859438,1765
79.641509,-47.859438,1782
75.641509,-47.859438,1799
73.641509,-47.859438,1832
72.641509,-47.859438,1848
71.641509,-47.859438,1882
70.641509,-47.859438,1898
69.641509,-47.859438,1919
68.641509,-47.859438,1931
67.641509,-47.859438,1948
65.641509,-47.859438,1965
63.641509,-47.859438,1982
62.641509,-47.859438,1999
58.641509,-46.859438,2031
57.641509,-45.859438,2048
56.641509,-45.859438,2064
55.641509,-45.859438,2081
54.641509,-45.859438,2119
53.641509,-45.859438,2131
52.641509,-45.859438,2147
51.641509,-45.859438,2180
50.641509,-45.859438,2200
49.641509,-45.859438,2230
48.641509,-45.859438,2247
46.641509,-45.859438,2263
45.641509,-44.859438,2280
44.641509,-44.859438,2296
42.641509,-44.859438,2313
40.641509,-44.859438,2330
36.641509,-44.859438,2346
34.641509,-44.859438,2363
32.641509,-44.859438,2379
31.641509,-44.859438,2399
30.641509,-44.859438,2429
29.641509,-44.859438,2446
28.641509,-44.859438,2462
27.641509,-44.859438,2496
26.641509,-44.859438,2512
25.641509,-44.859438,2529
24.641509,-44.859438,2579
23.641509,-44.859438,2599
22.641509,-44.859438,2612
21.641509,-44.859438,2645
BREAK
22.641509,-44.859438,3539
22.641509,-45.859438,3591
22.641509,-46.859438,3624
22.641509,-47.859438,3641
22.641509,-49.859438,3658
22.641509,-50.859438,3674
22.641509,-53.859438,3707
22.641509,-54.859438,3724
22.641509,-56.859438,3741
22.641509,-57.859438,3774
22.641509,-58.859438,3807
22.641509,-59.859438,3842
22.641509,-60.859438,3873
22.641509,-61.859438,3890
22.641509,-62.859438,3923
22.641509,-63.859438,3940
22.641509,-64.859438,3958
22.641509,-65.859438,3991
22.641509,-66.859438,4006
22.641509,-67.859438,4189
22.641509,-68.859438,4242
22.641509,-69.859438,4371
23.641509,-69.859438,4537
24.641509,-69.859438,4572
25.641509,-69.859438,4587
26.641509,-69.859438,4604
27.641509,-69.859438,4620
28.641509,-69.859438,4639
29.641509,-69.859438,4670
30.641509,-69.859438,4687
31.641509,-69.859438,4720
32.641509,-69.859438,4753
33.641509,-69.859438,4770
34.641509,-69.859438,4803
35.641509,-69.859438,4820
36.641509,-69.859438,4839
37.641509,-69.859438,4853
38.641509,-69.859438,4869
39.641509,-69.859438,4886
41.641509,-69.859438,4903
43.641509,-69.859438,4919
46.641509,-69.859438,4936
49.641509,-70.859438,4952
51.641509,-70.859438,4969
53.641509,-70.859438,4986
55.641509,-70.859438,5002
56.641509,-70.859438,5019
58.641509,-70.859438,5040
59.641509,-71.859438,5052
61.641509,-71.859438,5085
62.641509,-71.859438,5135
63.641509,-71.859438,5168
64.641509,-71.859438,5201
65.641509,-71.859438,5240
66.641509,-71.859438,5251
67.641509,-71.859438,5268
68.641509,-71.859438,5301
69.641509,-71.859438,5322
70.641509,-71.859438,5334
71.641509,-71.859438,5351
72.641509,-71.859438,5370
73.641509,-71.859438,5401
74.641509,-71.859438,5417
75.641509,-71.859438,5451
76.641509,-71.859438,5484
77.641509,-71.859438,5519
78.641509,-71.859438,5550
79.641509,-71.859438,5749
BREAK
