START
16.641509,-23.859438,0
17.641509,-23.859438,180
19.641509,-23.859438,191
21.641509,-23.859438,203
22.641509,-23.859438,216
23.641509,-23.859438,227
25.641509,-23.859438,241
28.641509,-23.859438,252
31.641509,-23.859438,264
32.641509,-23.859438,276
34.641509,-23.859438,289
35.641509,-23.859438,300
36.641509,-23.859438,311
39.641509,-23.859438,325
40.641509,-23.859438,337
41.641509,-23.859438,348
42.641509,-23.859438,360
43.641509,-23.859438,373
44.641509,-23.859438,384
44.641509,-23.859438,431
44.641509,-25.859438,445
44.641509,-28.859438,459
44.641509,-31.859438,468
44.641509,-33.859438,480
44.641509,-36.859438,493
44.641509,-43.859438,505
44.641509,-48.859438,516
44.641509,-54.859438,527
44.641509,-64.859438,541
44.641509,-71.859438,552
44.641509,-75.859438,564
44.641509,-77.859438,577
44.641509,-80.859438,590
44.641509,-80.859438,600
BREAK
58.641509,-18.859438,1901
59.641509,-18.859438,1984
60.641509,-18.859438,1996
61.641509,-17.859438,2009
62.641509,-17.859438,2020
65.641509,-17.859438,2031
66.641509,-17.859438,2045
68.641509,-17.859438,2057
69.641509,-17.859438,2068
70.641509,-17.859438,2080
71.641509,-17.859438,2092
72.641509,-17.859438,2104
74.641509,-17.859438,2117
75.641509,-17.859438,2129
77.641509,-17.859438,2140
78.641509,-17.859438,2153
79.641509,-17.859438,2190
80.641509,-17.859438,2212
80.641509,-18.859438,2285
80.641509,-21.859438,2297
80.641509,-22.859438,2308
80.641509,-23.859438,2322
80.641509,-23.859438,2345
80.641509,-27.859438,2356
80.641509,-31.859438,2369
80.641509,-36.859438,2381
80.641509,-45.859438,2393
80.641509,-54.859438,2406
80.641509,-61.859438,2418
80.641509,-65.859438,2429
80.641509,-68.859438,2440
80.641509,-70.859438,2453
80.641509,-71.859438,2465
80.641509,-72.859438,2478
BREAK
