START
19.224128,-54.942132,0
20.052411,-54.942132,64
20.880694,-54.942132,80
21.708977,-55.770415,88
22.537259,-56.598698,104
23.365542,-56.598698,112
24.193825,-57.426981,120
25.022108,-57.426981,128
25.850391,-57.426981,136
25.850391,-58.255263,144
27.506956,-59.083546,152
28.335239,-59.083546,160
29.163522,-59.911829,168
29.991805,-59.911829,184
30.820088,-59.911829,232
31.64837,-59.911829,256
32.476653,-59.911829,272
33.304936,-59.911829,296
33.304936,-59.083546,320
34.133219,-58.255263,336
34.133219,-57.426981,352
34.961502,-57.426981,360
34.961502,-56.598698,368
35.789785,-56.598698,376
36.618067,-55.770415,384
37.44635,-55.770415,400
37.44635,-54.942132,408
37.44635,-54.113849,432
37.44635,-53.285567,456
37.44635,-52.457284,472
37.44635,-51.629001,481
36.618067,-51.629001,488
36.618067,-50.800718,496
35.789785,-49.972435,504
34.961502,-49.144152,512
34.961502,-48.31587,521
34.133219,-48.31587,528
34.133219,-47.487587,536
33.304936,-46.659304,545
32.476653,-46.659304,552
32.476653,-45.831021,560
32.476653,-45.002738,568
31.64837,-44.174455,576
31.64837,-43.346173,584
30.820088,-42.51789,592
30.820088,-41.689607,608
30.820088,-40.861324,616
29.991805,-40.861324,624
29.991805,-40.033041,632
29.991805,-39.204758,640
29.991805,-38.376476,648
29.991805,-37.548193,656
29.991805,-36.71991,664
29.991805,-35.891627,680
29.991805,-35.063344,688
29.991805,-34.235061,696
29.991805,-33.406779,704
29.991805,-32.578496,712
29.991805,-31.750213,720
29.991805,-30.92193,736
29.991805,-30.093647,744
29.991805,-29.265364,760
30.820088,-29.265364,768
31.64837,-28.437082,776
33.304936,-28.437082,792
34.133219,-27.608799,800
34.961502,-27.608799,808
35.789785,-26.780516,816
36.618067,-26.780516,824
37.44635,-25.952233,832
38.274633,-25.952233,840
39.931199,-25.952233,848
40.759482,-25.952233,856
42.416047,-25.952233,864
44.072613,-25.12395,872
45.729179,-25.12395,880
47.385744,-25.12395,888
49.870593,-25.12395,896
50.698876,-25.12395,904
53.183724,-25.12395,912
54.84029,-25.12395,920
55.668573,-25.12395,929
56.496855,-25.12395,936
57.325138,-25.12395,944
58.153421,-25.12395,961
58.981704,-25.12395,969
59.809987,-25.952233,977
60.638269,-26.780516,984
61.466552,-27.608799,1001
63.123118,-27.608799,1009
63.123118,-28.437082,1016
63.951401,-28.437082,1025
64.779684,-29.265364,1041
65.607966,-30.093647,1057
65.607966,-30.92193,1073
66.436249,-31.750213,1081
67.264532,-32.578496,1097
67.264532,-33.406779,1105
67.264532,-34.235061,1113
68.092815,-35.063344,1121
68.092815,-36.71991,1129
68.092815,-37.548193,1137
68.092815,-39.204758,1145
68.921098,-40.861324,1153
68.921098,-41.689607,1161
68.921098,-42.51789,1169
68.921098,-43.346173,1177
68.921098,-44.174455,1186
69.749381,-45.002738,1193
69.749381,-45.831021,1201
69.749381,-46.659304,1225
69.749381,-47.487587,1249
69.749381,-48.31587,1265
69.749381,-49.144152,1289
69.749381,-49.972435,1305
68.921098,-49.972435,1321
68.921098,-50.800718,1337
68.092815,-50.800718,1345
67.264532,-50.800718,1361
66.436249,-51.629001,1369
65.607966,-51.629001,1377
64.779684,-51.629001,1385
63.123118,-52.457284,1393
62.294835,-53.285567,1401
61.466552,-53.285567,1409
60.638269,-53.285567,1417
58.981704,-53.285567,1425
58.153421,-53.285567,1433
56.496855,-54.113849,1441
55.668573,-54.113849,1449
54.012007,-54.113849,1457
52.355441,-54.113849,1465
50.698876,-54.113849,1473
49.870593,-54.113849,1481
49.04231,-54.113849,1489
48.214027,-54.113849,1496
47.385744,-54.113849,1504
46.557461,-54.113849,1512
45.729179,-54.113849,1536
45.729179,-53.285567,1552
44.900896,-53.285567,1569
44.072613,-53.285567,1584
43.24433,-52.457284,1600
42.416047,-52.457284,1616
41.587764,-52.457284,1624
40.759482,-52.457284,1641
39.931199,-52.457284,1657
39.102916,-52.457284,1680
BREAK
