START
25.877358,-25.859438,0
26.877358,-25.859438,111
27.877358,-25.859438,119
28.877358,-25.859438,127
30.877358,-25.859438,135
31.877358,-25.859438,143
32.877358,-25.859438,159
33.877358,-25.859438,183
35.877358,-25.859438,231
36.877358,-25.859438,263
37.877358,-25.859438,279
39.877358,-25.859438,311
39.877358,-26.859438,503
39.877358,-28.859438,527
39.877358,-29.859438,535
40.877358,-30.859438,583
40.877358,-31.859438,607
40.877358,-32.859438,615
40.877358,-34.859438,623
40.877358,-35.859438,631
40.877358,-36.859438,639
40.877358,-38.859438,647
40.877358,-39.859438,663
40.877358,-40.859438,679
40.877358,-41.859438,687
40.877358,-42.859438,695
41.877358,-43.859438,703
41.877358,-44.859438,719
41.877358,-45.859438,727
41.877358,-46.859438,743
41.877358,-48.859438,767
41.877358,-49.859438,791
41.877358,-50.859438,807
41.877358,-51.859438,823
41.877358,-53.859438,847
41.877358,-54.859438,871
42.877358,-55.859438,879
42.877358,-57.859438,887
42.877358,-58.859438,895
42.877358,-59.859438,903
42.877358,-61.859438,911
42.877358,-62.859438,919
42.877358,-63.859438,935
42.877358,-64.859438,951
42.877358,-66.859438,959
42.877358,-67.859438,975
42.877358,-68.859438,991
42.877358,-70.859438,999
42.877358,-71.859438,1007
42.877358,-72.859438,1015
42.877358,-73.859438,1023
42.877358,-75.859438,1039
42.877358,-76.859438,1063
42.877358,-77.859438,1087
43.877358,-77.859438,1103
43.877358,-78.859438,1143
43.877358,-80.859438,1191
43.877358,-81.859438,1215
44.877358,-82.859438,1231
44.877358,-83.859438,1255
44.877358,-84.859438,1295
45.877358,-84.859438,1311
46.877358,-84.859438,1319
46.877358,-85.859438,1327
46.877358,-86.859438,1335
47.877358,-86.859438,1343
47.877358,-87.859438,1351
48.877358,-87.859438,1407
49.877358,-87.859438,1415
50.877358,-88.859438,1455
51.877358,-88.859438,1496
52.877358,-88.859438,1527
53.877358,-89.859438,1543
55.877358,-90.859438,1559
56.877358,-90.859438,1583
58.877358,-90.859438,1623
59.877358,-90.859438,1639
60.877358,-90.859438,1647
61.877358,-90.859438,1655
63.877358,-91.859438,1663
64.877358,-91.859438,1671
65.877358,-91.859438,1679
67.877358,-91.859438,1687
68.877358,-91.859438,1775
69.877358,-91.859438,1783
70.877358,-91.859438,1791
72.877358,-90.859438,1799
72.877358,-88.859438,1927
73.877358,-88.859438,1959
74.877358,-87.859438,1967
74.877358,-86.859438,1975
74.877358,-85.859438,1983
75.877358,-85.859438,1991
75.877358,-84.859438,1999
76.877358,-83.859438,2007
76.877358,-82.859438,2015
77.877358,-81.859438,2039
77.877358,-80.859438,2047
79.877358,-79.859438,2063
79.877358,-77.859438,2127
79.877358,-76.859438,2143
79.877358,-75.859438,2159
79.877358,-74.859438,2167
80.877358,-74.859438,2191
80.877358,-72.859438,2263
80.877358,-71.859438,2279
80.877358,-70.859438,2295
80.877358,-69.859438,2327
80.877358,-67.859438,2335
80.877358,-66.859438,2351
80.877358,-65.859438,2367
80.877358,-64.859438,2375
80.877358,-62.859438,2391
80.877358,-61.859438,2415
80.877358,-60.859438,2463
80.877358,-58.859438,2487
80.877358,-57.859438,2496
80.877358,-56.859438,2511
80.877358,-55.859438,2527
80.877358,-53.859438,2559
80.877358,-52.859438,2583
80.877358,-51.859438,2599
80.877358,-49.859438,2607
80.877358,-48.859438,2623
80.877358,-47.859438,2663
80.877358,-46.859438,2687
80.877358,-44.859438,2711
80.877358,-43.859438,2727
80.877358,-42.859438,2767
80.877358,-40.859438,2799
81.877358,-39.859438,2823
81.877358,-38.859438,2831
81.877358,-37.859438,2847
81.877358,-35.859438,2855
82.877358,-34.859438,2895
82.877358,-33.859438,2959
82.877358,-32.859438,2967
82.877358,-30.859438,2983
82.877358,-29.859438,3007
82.877358,-28.859438,3031
82.877358,-26.859438,3055
82.877358,-25.859438,3072
82.877358,-24.859438,3439
82.877358,-23.859438,3447
82.877358,-21.859438,3471
82.877358,-20.859438,3527
BREAK
