START
24.965704,-15.525271,0
25.868231,-15.525271,128
27.673285,-15.525271,136
28.575812,-15.525271,144
29.478339,-15.525271,152
30.380866,-15.525271,168
31.283394,-15.525271,184
32.185921,-16.427798,192
33.088448,-16.427798,200
33.990975,-16.427798,208
34.893502,-16.427798,216
35.796029,-16.427798,224
36.698556,-16.427798,240
37.601083,-16.427798,248
38.50361,-16.427798,256
39.406137,-16.427798,264
40.308664,-16.427798,273
41.211191,-17.330325,280
43.016245,-17.330325,288
43.918773,-17.330325,296
44.8213,-18.232852,305
45.723827,-18.232852,312
46.626354,-18.232852,328
47.528881,-18.232852,344
48.431408,-18.232852,384
49.333935,-18.232852,392
50.236462,-19.135379,400
51.138989,-19.135379,408
52.041516,-19.135379,424
52.944043,-19.135379,432
53.84657,-19.135379,440
54.749097,-19.135379,448
55.651625,-19.135379,456
56.554152,-19.135379,464
57.456679,-19.135379,472
58.359206,-19.135379,712
59.261733,-19.135379,728
60.16426,-19.135379,736
61.066787,-19.135379,760
61.969314,-19.135379,793
62.871841,-19.135379,832
63.774368,-19.135379,840
64.676895,-19.135379,848
65.579422,-19.135379,856
66.481949,-19.135379,864
67.384477,-19.135379,880
68.287004,-19.135379,944
69.189531,-19.135379,961
70.092058,-19.135379,968
71.897112,-19.135379,984
72.799639,-19.135379,992
73.702166,-19.135379,1001
74.604693,-19.135379,1008
75.50722,-19.135379,1032
76.409747,-19.135379,1040
76.409747,-20.940433,1361
76.409747,-21.84296,1376
76.409747,-22.745487,1401
75.50722,-23.648014,1416
75.50722,-24.550542,1425
75.50722,-25.453069,1448
75.50722,-26.355596,1457
75.50722,-27.258123,1465
75.50722,-28.16065,1480
74.604693,-29.063177,1489
74.604693,-29.965704,1497
74.604693,-30.868231,1505
74.604693,-32.673285,1521
73.702166,-33.575812,1529
73.702166,-34.478339,1537
73.702166,-36.283394,1553
73.702166,-37.185921,1569
72.799639,-37.185921,1576
72.799639,-38.088448,1585
72.799639,-38.990975,1601
72.799639,-39.893502,1609
72.799639,-41.698556,1625
72.799639,-42.601083,1633
72.799639,-43.50361,1649
72.799639,-44.406137,1657
72.799639,-45.308664,1673
72.799639,-46.211191,1681
72.799639,-47.113718,1689
72.799639,-48.016245,1705
72.799639,-48.918773,1713
72.799639,-49.8213,1721
72.799639,-50.723827,1729
72.799639,-51.626354,1745
72.799639,-52.528881,1753
72.799639,-53.431408,1761
72.799639,-54.333935,1777
72.799639,-55.236462,1785
72.799639,-56.138989,1793
72.799639,-57.041516,1809
72.799639,-57.944043,1825
72.799639,-58.84657,1841
72.799639,-59.749097,1865
72.799639,-60.651625,1873
72.799639,-61.554152,1889
72.799639,-62.456679,1913
72.799639,-63.359206,1929
72.799639,-64.261733,1937
72.799639,-65.16426,1953
72.799639,-66.969314,1977
72.799639,-67.871841,1993
72.799639,-68.774368,2017
72.799639,-69.676895,2025
72.799639,-70.579422,2049
72.799639,-71.481949,2073
72.799639,-72.384477,2097
72.799639,-73.287004,2105
72.799639,-74.189531,2113
72.799639,-75.092058,2145
72.799639,-75.994585,2161
72.799639,-76.897112,2185
72.799639,-77.799639,2209
72.799639,-78.702166,2217
72.799639,-79.604693,2241
72.799639,-80.50722,2265
72.799639,-81.409747,2289
72.799639,-82.312274,2313
72.799639,-83.214801,2369
72.799639,-84.117329,2409
72.799639,-85.019856,2417
72.799639,-85.922383,2441
72.799639,-86.82491,2473
72.799639,-87.727437,2521
BREAK
70.994585,-38.990975,3737
70.092058,-38.990975,3865
69.189531,-38.990975,3873
68.287004,-38.990975,3881
67.384477,-38.990975,3889
65.579422,-38.990975,3897
62.871841,-38.990975,3905
61.066787,-38.990975,3913
59.261733,-38.990975,3921
58.359206,-38.990975,3929
57.456679,-38.990975,3937
56.554152,-38.990975,3953
55.651625,-38.990975,3969
54.749097,-38.990975,3977
53.84657,-38.990975,3985
52.944043,-38.990975,3993
52.041516,-38.990975,4001
50.236462,-38.990975,4009
49.333935,-38.990975,4017
48.431408,-38.990975,4025
47.528881,-38.990975,4033
46.626354,-38.990975,4041
45.723827,-38.990975,4049
44.8213,-38.990975,4065
43.918773,-38.990975,4073
43.016245,-38.990975,4081
43.016245,-38.088448,4089
42.113718,-38.088448,4097
41.211191,-38.088448,4105
40.308664,-38.088448,4113
39.406137,-38.088448,4129
38.50361,-38.088448,4137
37.601083,-38.088448,4145
36.698556,-38.088448,4161
35.796029,-38.088448,4169
34.893502,-38.088448,4177
33.990975,-38.088448,4185
32.185921,-38.088448,4201
31.283394,-38.088448,4217
30.380866,-38.088448,4249
29.478339,-37.185921,4265
28.575812,-37.185921,4281
27.673285,-37.185921,4297
26.770758,-37.185921,4305
25.868231,-37.185921,4321
24.965704,-37.185921,4345
24.063177,-38.088448,4353
23.16065,-38.088448,4369
22.258123,-38.990975,4401
21.355596,-39.893502,4425
21.355596,-40.796029,4433
21.355596,-41.698556,4457
21.355596,-43.50361,4481
21.355596,-44.406137,4497
20.453069,-45.308664,4513
20.453069,-46.211191,4537
20.453069,-47.113718,4545
21.355596,-48.016245,4553
21.355596,-48.918773,4569
22.258123,-49.8213,4577
24.063177,-51.626354,4585
25.868231,-52.528881,4593
26.770758,-54.333935,4601
27.673285,-54.333935,4609
29.478339,-55.236462,4617
30.380866,-56.138989,4625
31.283394,-56.138989,4633
33.990975,-57.041516,4641
34.893502,-57.041516,4657
36.698556,-57.041516,4665
37.601083,-57.041516,4673
39.406137,-57.041516,4681
40.308664,-57.041516,4697
41.211191,-57.041516,4713
43.016245,-57.041516,4729
44.8213,-57.041516,4745
45.723827,-57.944043,4753
46.626354,-57.944043,4761
48.431408,-57.944043,4769
51.138989,-58.84657,4777
54.749097,-58.84657,4785
55.651625,-58.84657,4793
57.456679,-58.84657,4801
59.261733,-58.84657,4809
61.066787,-58.84657,4825
61.969314,-58.84657,4841
62.871841,-58.84657,4849
63.774368,-58.84657,4857
65.579422,-58.84657,4865
68.287004,-58.84657,4873
69.189531,-58.84657,4881
70.092058,-58.84657,4889
71.897112,-58.84657,4897
73.702166,-58.84657,4905
74.604693,-58.84657,4913
75.50722,-58.84657,4929
76.409747,-58.84657,4945
77.312274,-58.84657,4961
78.214801,-58.84657,4969
80.019856,-58.84657,5041
80.922383,-58.84657,5049
82.727437,-58.84657,5057
82.727437,-59.749097,5065
83.629964,-59.749097,5073
BREAK
