START
51.877358,-23.702811,0
50.877358,-23.702811,56
49.877358,-23.702811,65
48.877358,-23.702811,74
46.877358,-23.702811,83
45.877358,-23.702811,102
44.877358,-23.702811,111
43.877358,-23.702811,121
42.877358,-23.702811,130
41.877358,-23.702811,158
40.877358,-23.702811,167
39.877358,-23.702811,186
38.877358,-23.702811,214
37.877358,-23.702811,251
36.877358,-23.702811,270
35.877358,-23.702811,279
34.877358,-23.702811,288
33.877358,-23.702811,298
32.877358,-23.702811,316
31.877358,-23.702811,326
30.877358,-23.702811,335
29.877358,-23.702811,345
29.877358,-25.702811,568
28.877358,-27.702811,577
28.877358,-30.702811,587
28.877358,-34.702811,596
28.877358,-37.702811,605
28.877358,-41.702811,615
28.877358,-46.702811,624
28.877358,-50.702811,633
28.877358,-56.702811,643
28.877358,-59.702811,652
28.877358,-62.702811,661
28.877358,-65.702811,671
28.877358,-66.702811,680
28.877358,-68.702811,689
28.877358,-70.702811,698
28.877358,-72.702811,708
28.877358,-73.702811,717
28.877358,-74.702811,726
28.877358,-75.702811,745
28.877358,-76.702811,754
28.877358,-77.702811,764
28.877358,-78.702811,773
28.877358,-79.702811,810
BREAK
