START
31.877358,-15.859438,0
31.877358,-17.859438,66
31.877358,-18.859438,83
31.877358,-22.859438,99
31.877358,-28.859438,116
31.877358,-30.859438,132
31.877358,-34.859438,148
31.877358,-37.859438,163
31.877358,-41.859438,181
31.877358,-44.859438,198
31.877358,-48.859438,214
31.877358,-52.859438,231
31.877358,-54.859438,247
31.877358,-57.859438,263
31.877358,-59.859438,280
31.877358,-61.859438,295
31.877358,-62.859438,312
31.877358,-63.859438,329
31.877358,-65.859438,346
31.877358,-66.859438,360
31.877358,-67.859438,397
31.877358,-68.859438,426
31.877358,-69.859438,641
31.877358,-68.859438,774
BREAK
31.877358,-34.859438,1571
32.877358,-34.859438,1643
33.877358,-34.859438,1658
35.877358,-34.859438,1676
36.877358,-34.859438,1692
37.877358,-34.859438,1708
38.877358,-34.859438,1724
39.877358,-34.859438,1742
40.877358,-34.859438,1773
41.877358,-34.859438,1791
43.877358,-34.859438,1806
44.877358,-34.859438,1823
46.877358,-34.859438,1840
48.877358,-34.859438,1856
50.877358,-34.859438,1872
51.877358,-34.859438,1889
52.877358,-35.859438,1905
54.877358,-35.859438,1921
55.877358,-35.859438,1937
58.877358,-35.859438,1954
60.877358,-35.859438,1971
62.877358,-36.859438,1989
65.877358,-36.859438,2005
66.877358,-37.859438,2020
67.877358,-37.859438,2036
68.877358,-37.859438,2069
68.877358,-38.859438,2185
68.877358,-39.859438,2199
68.877358,-41.859438,2217
68.877358,-43.859438,2234
67.877358,-45.859438,2251
67.877358,-48.859438,2268
67.877358,-51.859438,2283
67.877358,-54.859438,2299
67.877358,-57.859438,2316
67.877358,-60.859438,2332
67.877358,-63.859438,2347
67.877358,-66.859438,2365
67.877358,-67.859438,2383
67.877358,-69.859438,2414
BREAK
