START
30.877358,-17.859438,0
32.877358,-20.859438,88
32.877358,-21.859438,96
32.877358,-23.859438,104
32.877358,-26.859438,112
32.877358,-31.859438,128
32.877358,-34.859438,136
32.877358,-36.859438,144
32.877358,-41.859438,152
32.877358,-43.859438,160
32.877358,-45.859438,176
32.877358,-48.859438,184
32.877358,-49.859438,192
32.877358,-50.859438,200
32.877358,-53.859438,208
32.877358,-55.859438,224
32.877358,-57.859438,232
32.877358,-60.859438,240
32.877358,-61.859438,248
32.877358,-62.859438,256
32.877358,-63.859438,272
32.877358,-66.859438,280
32.877358,-67.859438,296
31.877358,-68.859438,320
31.877358,-70.859438,328
31.877358,-71.859438,336
30.877358,-74.859438,344
30.877358,-76.859438,360
30.877358,-77.859438,368
30.877358,-78.859438,376
29.877358,-80.859438,384
29.877358,-81.859438,392
29.877358,-82.859438,408
29.877358,-83.859438,416
29.877358,-84.859438,560
29.877358,-85.859438,576
29.877358,-86.859438,584
29.877358,-87.859438,648
29.877358,-88.859438,728
29.877358,-87.859438,904
29.877358,-86.859438,912
BREAK
31.877358,-44.859438,1608
32.877358,-44.859438,1672
34.877358,-44.859438,1680
36.877358,-44.859438,1696
37.877358,-44.859438,1704
44.877358,-44.859438,1712
47.877358,-44.859438,1720
50.877358,-44.859438,1728
58.877358,-43.859438,1744
60.877358,-43.859438,1752
61.877358,-43.859438,1760
63.877358,-43.859438,1768
64.877358,-43.859438,1864
65.877358,-43.859438,1896
65.877358,-44.859438,2288
65.877358,-47.859438,2304
65.877358,-49.859438,2320
65.877358,-50.859438,2328
65.877358,-55.859438,2336
65.877358,-56.859438,2344
65.877358,-57.859438,2352
65.877358,-58.859438,2360
65.877358,-61.859438,2376
65.877358,-62.859438,2392
65.877358,-63.859438,2424
65.877358,-65.859438,2432
65.877358,-67.859438,2448
65.877358,-68.859438,2456
65.877358,-70.859438,2488
65.877358,-71.859438,2520
65.877358,-74.859438,2536
65.877358,-75.859438,2560
65.877358,-76.859438,2568
65.877358,-77.859438,2576
65.877358,-78.859438,2584
65.877358,-79.859438,2624
64.877358,-79.859438,3008
BREAK
