START
17.763959,-26.59504,0
18.667513,-26.59504,147
19.571066,-26.59504,196
20.474619,-26.59504,245
20.474619,-27.498593,314
21.378173,-27.498593,334
21.378173,-28.402147,353
21.378173,-29.3057,403
21.378173,-30.209253,452
21.378173,-31.112807,471
21.378173,-32.01636,481
21.378173,-32.919913,491
21.378173,-33.823466,521
21.378173,-34.72702,530
21.378173,-36.534126,560
21.378173,-37.43768,580
21.378173,-38.341233,590
21.378173,-39.244786,599
21.378173,-40.14834,619
21.378173,-41.051893,629
21.378173,-41.955446,649
21.378173,-42.858999,668
21.378173,-43.762553,698
21.378173,-44.666106,718
21.378173,-45.569659,747
21.378173,-46.473213,757
21.378173,-47.376766,786
21.378173,-48.280319,806
21.378173,-49.183873,836
21.378173,-50.087426,846
22.281726,-50.990979,855
23.185279,-52.798086,875
23.185279,-53.701639,895
24.088832,-54.605192,905
24.088832,-55.508746,914
24.992386,-55.508746,944
24.992386,-56.412299,954
25.895939,-57.315852,974
26.799492,-58.219406,983
27.703046,-58.219406,993
29.510152,-59.122959,1003
30.413706,-60.026512,1023
31.317259,-60.930065,1033
32.220812,-60.930065,1043
33.124365,-61.833619,1062
34.931472,-61.833619,1082
35.835025,-61.833619,1102
36.738579,-62.737172,1121
37.642132,-62.737172,1131
38.545685,-63.640725,1141
39.449239,-63.640725,1161
40.352792,-63.640725,1170
41.256345,-63.640725,1180
42.159898,-63.640725,1239
43.063452,-63.640725,1259
44.870558,-63.640725,1269
45.774112,-63.640725,1289
47.581218,-63.640725,1298
48.484772,-63.640725,1318
49.388325,-63.640725,1358
50.291878,-63.640725,1367
51.195431,-63.640725,1377
52.098985,-63.640725,1397
53.002538,-63.640725,1407
53.906091,-63.640725,1417
53.906091,-62.737172,1426
54.809645,-62.737172,1436
55.713198,-61.833619,1456
55.713198,-60.930065,1466
56.616751,-60.026512,1486
57.520305,-58.219406,1505
58.423858,-57.315852,1525
59.327411,-57.315852,1535
60.230964,-56.412299,1545
60.230964,-55.508746,1554
60.230964,-54.605192,1584
60.230964,-53.701639,1614
60.230964,-52.798086,1623
60.230964,-51.894532,1633
60.230964,-50.087426,1653
60.230964,-49.183873,1663
61.134518,-48.280319,1673
61.134518,-47.376766,1682
61.134518,-46.473213,1692
61.134518,-44.666106,1712
61.134518,-43.762553,1732
61.134518,-42.858999,1751
61.134518,-41.955446,1761
61.134518,-41.051893,1771
61.134518,-40.14834,1791
61.134518,-39.244786,1821
61.134518,-38.341233,1850
61.134518,-37.43768,1870
61.134518,-35.630573,1899
61.134518,-34.72702,1909
61.134518,-33.823466,1919
61.134518,-32.919913,1929
61.134518,-32.01636,1948
61.134518,-31.112807,1968
61.134518,-30.209253,1978
61.134518,-29.3057,2017
61.134518,-28.402147,2066
61.134518,-27.498593,2086
61.134518,-26.59504,2155
61.134518,-25.691487,2185
61.134518,-26.59504,2332
61.134518,-27.498593,2342
61.134518,-28.402147,2352
61.134518,-29.3057,2362
61.134518,-31.112807,2372
61.134518,-32.919913,2381
61.134518,-33.823466,2391
61.134518,-34.72702,2401
61.134518,-36.534126,2411
61.134518,-37.43768,2421
61.134518,-38.341233,2431
61.134518,-39.244786,2440
61.134518,-40.14834,2450
61.134518,-41.051893,2460
61.134518,-41.955446,2470
61.134518,-42.858999,2480
61.134518,-43.762553,2490
61.134518,-44.666106,2500
61.134518,-45.569659,2519
61.134518,-46.473213,2529
61.134518,-47.376766,2549
61.134518,-48.280319,2559
61.134518,-49.183873,2569
61.134518,-50.087426,2578
61.134518,-51.894532,2588
61.134518,-52.798086,2608
61.134518,-54.605192,2628
61.134518,-55.508746,2647
61.134518,-57.315852,2667
61.134518,-58.219406,2687
61.134518,-59.122959,2706
61.134518,-60.026512,2726
61.134518,-60.930065,2736
61.134518,-61.833619,2756
61.134518,-62.737172,2775
61.134518,-63.640725,2795
61.134518,-64.544279,2805
61.134518,-65.447832,2825
61.134518,-66.351385,2834
61.134518,-67.254939,2854
61.134518,-68.158492,2874
61.134518,-69.062045,2893
61.134518,-69.965598,2903
62.038071,-70.869152,2923
62.038071,-71.772705,2933
62.038071,-72.676258,2943
62.941624,-72.676258,3012
63.845178,-73.579812,3031
63.845178,-74.483365,3071
64.748731,-74.483365,3080
65.652284,-74.483365,3179
BREAK
