START
36.618067,-33.406779,0
37.44635,-33.406779,188
38.274633,-33.406779,228
39.102916,-33.406779,241
39.931199,-33.406779,268
40.759482,-33.406779,308
41.587764,-33.406779,321
41.587764,-32.578496,334
42.416047,-32.578496,348
43.24433,-32.578496,374
44.072613,-31.750213,401
44.900896,-31.750213,428
45.729179,-30.92193,454
46.557461,-30.92193,481
47.385744,-30.92193,508
48.214027,-30.92193,521
49.04231,-30.093647,548
50.698876,-30.093647,561
51.527158,-29.265364,574
52.355441,-29.265364,601
53.183724,-29.265364,627
54.012007,-29.265364,641
54.84029,-28.437082,668
55.668573,-28.437082,681
56.496855,-28.437082,707
57.325138,-28.437082,721
58.153421,-28.437082,734
58.981704,-28.437082,748
59.809987,-28.437082,761
60.638269,-28.437082,788
61.466552,-28.437082,801
62.294835,-28.437082,827
63.123118,-28.437082,841
63.951401,-28.437082,867
64.779684,-28.437082,881
65.607966,-28.437082,894
66.436249,-28.437082,908
67.264532,-28.437082,921
68.092815,-28.437082,934
68.921098,-28.437082,961
69.749381,-28.437082,987
71.405946,-29.265364,1001
72.234229,-29.265364,1027
73.062512,-29.265364,1054
73.890795,-30.093647,1081
74.719078,-30.093647,1147
74.719078,-30.92193,1188
75.54736,-30.92193,1214
75.54736,-31.750213,1241
76.375643,-31.750213,1267
77.203926,-32.578496,1281
77.203926,-33.406779,1307
78.032209,-33.406779,1321
78.032209,-34.235061,1334
78.860492,-34.235061,1361
78.860492,-35.063344,1374
78.860492,-35.891627,1401
79.688775,-36.71991,1427
79.688775,-37.548193,1441
80.517057,-37.548193,1468
80.517057,-39.204758,1481
80.517057,-40.033041,1507
81.34534,-40.861324,1534
81.34534,-41.689607,1561
81.34534,-42.51789,1574
82.173623,-42.51789,1587
82.173623,-43.346173,1601
82.173623,-44.174455,1614
83.001906,-45.002738,1640
83.001906,-45.831021,1654
83.001906,-46.659304,1667
83.830189,-46.659304,1680
83.830189,-48.31587,1707
83.830189,-49.144152,1721
83.830189,-49.972435,1734
83.830189,-50.800718,1761
83.830189,-51.629001,1774
83.830189,-52.457284,1801
83.830189,-53.285567,1814
83.830189,-54.113849,1841
83.830189,-54.942132,1867
83.830189,-55.770415,1894
83.830189,-56.598698,1934
83.830189,-57.426981,1974
83.830189,-58.255263,2001
83.001906,-58.255263,2027
83.001906,-59.083546,2054
83.001906,-59.911829,2107
83.001906,-60.740112,2147
82.173623,-60.740112,2174
82.173623,-61.568395,2187
82.173623,-62.396678,2214
82.173623,-63.22496,2294
81.34534,-64.053243,2347
80.517057,-64.053243,2454
79.688775,-64.881526,2494
78.860492,-64.881526,2521
78.032209,-64.881526,2547
77.203926,-64.881526,2560
76.375643,-64.881526,2574
75.54736,-64.881526,2587
74.719078,-64.881526,2614
73.890795,-64.881526,2627
73.062512,-64.881526,2640
69.749381,-64.881526,2667
68.092815,-64.881526,2680
65.607966,-64.881526,2694
64.779684,-64.881526,2707
63.123118,-64.881526,2720
61.466552,-64.881526,2734
60.638269,-64.881526,2747
59.809987,-64.881526,2760
58.981704,-64.881526,2774
58.153421,-64.881526,2787
57.325138,-64.881526,2800
56.496855,-64.053243,2814
55.668573,-64.053243,2827
54.84029,-64.053243,2854
54.012007,-64.053243,2867
53.183724,-64.053243,2880
52.355441,-64.053243,2893
51.527158,-64.053243,2907
50.698876,-64.053243,2920
49.870593,-64.053243,2933
49.04231,-63.22496,2947
48.214027,-63.22496,2960
47.385744,-63.22496,2973
46.557461,-63.22496,2987
45.729179,-63.22496,3000
44.900896,-63.22496,3014
44.072613,-62.396678,3027
42.416047,-62.396678,3053
41.587764,-62.396678,3067
40.759482,-62.396678,3080
39.931199,-62.396678,3094
39.102916,-62.396678,3107
37.44635,-62.396678,3134
36.618067,-62.396678,3147
35.789785,-62.396678,3160
34.961502,-62.396678,3174
34.133219,-62.396678,3187
32.476653,-62.396678,3200
31.64837,-62.396678,3213
30.820088,-62.396678,3227
29.991805,-62.396678,3240
28.335239,-62.396678,3253
27.506956,-62.396678,3267
25.850391,-62.396678,3293
25.022108,-62.396678,3307
23.365542,-62.396678,3334
22.537259,-62.396678,3347
20.880694,-62.396678,3373
20.052411,-62.396678,3387
19.224128,-62.396678,3400
18.395845,-62.396678,3413
17.567562,-62.396678,3427
16.73928,-62.396678,3454
15.910997,-62.396678,3468
15.082714,-62.396678,3507
14.254431,-62.396678,3533
13.426148,-62.396678,3547
13.426148,-61.568395,3573
11.769583,-61.568395,3600
10.9413,-60.740112,3627
10.113017,-60.740112,3667
9.2847341,-60.740112,3707
8.4564513,-59.911829,3747
7.6281685,-59.911829,3787
6.7998856,-59.911829,3813
6.7998856,-59.083546,3827
5.9716028,-59.083546,3840
5.9716028,-58.255263,3907
5.14332,-58.255263,3920
5.14332,-57.426981,3960
4.3150372,-57.426981,3987
4.3150372,-56.598698,4013
4.3150372,-55.770415,4040
3.4867543,-55.770415,4066
3.4867543,-54.942132,4093
3.4867543,-54.113849,4133
2.6584715,-54.113849,4146
2.6584715,-53.285567,4160
2.6584715,-52.457284,4186
2.6584715,-51.629001,4253
BREAK
