START
51.254717,-16.827309,0
51.254717,-17.827309,165
51.254717,-18.827309,209
51.254717,-19.827309,220
51.254717,-20.827309,248
51.254717,-21.827309,259
51.254717,-22.827309,287
51.254717,-23.827309,319
51.254717,-24.827309,344
51.254717,-25.827309,355
51.254717,-26.827309,366
51.254717,-27.827309,398
51.254717,-28.827309,429
51.254717,-29.827309,440
51.254717,-30.827309,463
51.254717,-31.827309,531
51.254717,-32.827309,554
51.254717,-33.827309,572
51.254717,-34.827309,606
51.254717,-35.827309,635
51.254717,-36.827309,659
51.254717,-37.827309,685
51.254717,-38.827309,713
51.254717,-39.827309,736
51.254717,-40.827309,758
51.254717,-41.827309,773
51.254717,-42.827309,797
51.254717,-43.827309,822
51.254717,-44.827309,844
51.254717,-45.827309,860
51.254717,-46.827309,896
50.254717,-46.827309,1063
49.254717,-46.827309,1087
48.254717,-46.827309,1100
48.254717,-47.827309,1112
47.254717,-48.827309,1123
46.254717,-49.827309,1134
45.254717,-49.827309,1145
44.254717,-49.827309,1167
43.254717,-50.827309,1179
42.254717,-50.827309,1206
42.254717,-51.827309,1286
41.254717,-51.827309,1335
40.254717,-51.827309,1381
39.254717,-52.827309,1420
38.254717,-52.827309,1431
37.254717,-52.827309,1463
36.254717,-52.827309,1485
35.254717,-52.827309,1496
35.254717,-53.827309,1508
34.254717,-53.827309,1519
33.254717,-53.827309,1530
33.254717,-54.827309,1541
32.254717,-54.827309,1553
31.254717,-54.827309,1564
30.254717,-54.827309,1590
29.254717,-54.827309,1601
28.254717,-54.827309,1641
28.254717,-55.827309,1660
27.254717,-55.827309,1671
27.254717,-56.827309,1697
26.254717,-56.827309,1720
25.254717,-57.827309,1748
24.254717,-57.827309,1762
24.254717,-58.827309,1773
23.254717,-58.827309,1810
22.254717,-58.827309,1821
22.254717,-59.827309,1833
22.254717,-60.827309,1854
22.254717,-61.827309,1872
22.254717,-62.827309,1883
22.254717,-63.827309,1915
21.254717,-63.827309,1926
20.254717,-63.827309,1937
20.254717,-64.827309,1986
21.254717,-65.827309,2009
21.254717,-66.827309,2020
21.254717,-67.827309,2031
21.254717,-68.827309,2045
21.254717,-69.827309,2067
21.254717,-70.827309,2078
22.254717,-70.827309,2089
22.254717,-71.827309,2100
22.254717,-72.827309,2122
23.254717,-72.827309,2134
23.254717,-73.827309,2145
23.254717,-74.827309,2156
23.254717,-75.827309,2168
24.254717,-75.827309,2179
24.254717,-77.827309,2190
25.254717,-77.827309,2201
25.254717,-78.827309,2218
27.254717,-80.827309,2229
28.254717,-80.827309,2241
29.254717,-81.827309,2252
30.254717,-81.827309,2274
31.254717,-81.827309,2285
32.254717,-82.827309,2296
33.254717,-82.827309,2307
34.254717,-83.827309,2319
35.254717,-84.827309,2330
37.254717,-84.827309,2341
38.254717,-84.827309,2363
40.254717,-84.827309,2374
41.254717,-84.827309,2397
42.254717,-85.827309,2419
43.254717,-85.827309,2430
44.254717,-85.827309,2442
45.254717,-85.827309,2452
46.254717,-86.827309,2464
47.254717,-86.827309,2475
48.254717,-86.827309,2486
49.254717,-86.827309,2500
50.254717,-86.827309,2525
52.254717,-87.827309,2536
54.254717,-87.827309,2547
56.254717,-87.827309,2558
57.254717,-88.827309,2570
59.254717,-89.827309,2581
60.254717,-89.827309,2603
61.254717,-89.827309,2630
62.254717,-89.827309,2652
64.254717,-89.827309,2663
67.254717,-89.827309,2674
68.254717,-89.827309,2696
69.254717,-89.827309,2708
70.254717,-89.827309,2718
71.254717,-89.827309,2730
72.254717,-89.827309,2752
73.254717,-89.827309,2763
74.254717,-89.827309,2774
75.254717,-89.827309,2796
77.254717,-89.827309,2819
79.254717,-89.827309,2841
80.254717,-89.827309,2852
82.254717,-89.827309,2863
83.254717,-89.827309,2874
83.254717,-88.827309,2885
85.254717,-88.827309,2908
86.254717,-88.827309,2919
86.254717,-86.827309,2930
86.254717,-85.827309,2953
87.254717,-84.827309,2975
87.254717,-83.827309,3015
88.254717,-83.827309,3026
88.254717,-82.827309,3037
89.254717,-82.827309,3082
89.254717,-81.827309,3093
89.254717,-80.827309,3104
89.254717,-79.827309,3127
90.254717,-79.827309,3138
90.254717,-77.827309,3149
91.254717,-76.827309,3171
91.254717,-75.827309,3182
91.254717,-74.827309,3208
91.254717,-73.827309,3234
91.254717,-72.827309,3262
91.254717,-71.827309,3273
90.254717,-71.827309,3290
90.254717,-70.827309,3301
90.254717,-69.827309,3323
89.254717,-68.827309,3334
89.254717,-67.827309,3346
88.254717,-66.827309,3357
87.254717,-65.827309,3368
87.254717,-64.827309,3390
86.254717,-63.827309,3403
85.254717,-63.827309,3415
85.254717,-62.827309,3426
85.254717,-61.827309,3438
84.254717,-60.827309,3449
83.254717,-59.827309,3483
82.254717,-58.827309,3498
82.254717,-57.827309,3520
82.254717,-56.827309,3556
81.254717,-55.827309,3590
81.254717,-54.827309,3612
80.254717,-53.827309,3638
79.254717,-53.827309,3649
79.254717,-51.827309,3660
78.254717,-50.827309,3702
77.254717,-50.827309,3713
77.254717,-49.827309,3726
76.254717,-49.827309,3737
76.254717,-48.827309,3748
74.254717,-47.827309,3759
73.254717,-47.827309,3785
72.254717,-46.827309,3796
72.254717,-45.827309,3808
72.254717,-44.827309,3885
70.254717,-44.827309,3896
69.254717,-44.827309,3907
68.254717,-44.827309,3949
67.254717,-44.827309,4021
65.254717,-44.827309,4031
64.254717,-44.827309,4043
63.254717,-44.827309,4065
62.254717,-44.827309,4190
61.254717,-44.827309,4201
60.254717,-44.827309,4226
59.254717,-44.827309,4283
58.254717,-44.827309,4294
57.254717,-44.827309,4320
56.254717,-45.827309,4356
55.254717,-45.827309,4372
54.254717,-44.827309,5231
54.254717,-43.827309,5242
54.254717,-41.827309,5285
54.254717,-40.827309,5315
55.254717,-40.827309,5338
55.254717,-39.827309,5362
55.254717,-38.827309,5373
55.254717,-37.827309,5413
56.254717,-37.827309,5444
56.254717,-36.827309,5466
56.254717,-35.827309,5508
56.254717,-34.827309,5540
56.254717,-33.827309,5562
56.254717,-32.827309,5601
56.254717,-31.827309,5622
56.254717,-30.827309,5646
56.254717,-29.827309,5696
56.254717,-28.827309,5728
56.254717,-27.827309,5740
55.254717,-27.827309,5787
55.254717,-26.827309,5818
55.254717,-25.827309,5915
55.254717,-24.827309,5948
55.254717,-23.827309,5982
55.254717,-22.827309,6040
55.254717,-21.827309,6091
55.254717,-20.827309,6120
55.254717,-19.827309,6153
55.254717,-18.827309,6209
55.254717,-17.827309,6240
54.254717,-16.827309,6281
53.254717,-16.827309,6292
51.254717,-16.827309,6313
51.254717,-15.827309,6360
51.254717,-14.827309,6371
50.254717,-14.827309,6398
BREAK
47.254717,-5.8273092,10160
47.254717,-6.8273092,10274
47.254717,-7.8273092,10296
48.254717,-9.8273092,10308
49.254717,-10.827309,10319
51.254717,-12.827309,10331
52.254717,-13.827309,10353
54.254717,-14.827309,10443
55.254717,-14.827309,10485
56.254717,-14.827309,10527
57.254717,-14.827309,10557
58.254717,-14.827309,10581
58.254717,-13.827309,10603
59.254717,-13.827309,10625
59.254717,-12.827309,10636
59.254717,-11.827309,10647
59.254717,-10.827309,10659
58.254717,-9.8273092,10698
58.254717,-8.8273092,10718
58.254717,-7.8273092,10741
57.254717,-6.8273092,10752
57.254717,-5.8273092,10763
56.254717,-4.8273092,10774
55.254717,-4.8273092,10785
55.254717,-3.8273092,10802
54.254717,-3.8273092,10828
54.254717,-2.8273092,10839
53.254717,-1.8273092,10890
52.254717,-1.8273092,11044
51.254717,-1.8273092,11066
51.254717,-2.8273092,11077
51.254717,-3.8273092,11089
51.254717,-4.8273092,11101
52.254717,-5.8273092,11123
52.254717,-6.8273092,11134
51.254717,-6.8273092,11225
50.254717,-6.8273092,11271
51.254717,-6.8273092,11478
52.254717,-6.8273092,11500
BREAK
36.254717,-62.827309,12449
35.254717,-62.827309,12546
35.254717,-63.827309,12597
BREAK
35.254717,-64.827309,12770
36.254717,-64.827309,12881
BREAK
40.254717,-64.827309,13009
BREAK
42.254717,-64.827309,13271
BREAK
42.254717,-64.827309,13459
BREAK
38.254717,-63.827309,13712
BREAK
38.254717,-61.827309,13942
BREAK
65.254717,-60.827309,14572
BREAK
65.254717,-60.827309,15050
65.254717,-61.827309,15137
BREAK
65.254717,-61.827309,15244
65.254717,-62.827309,15356
66.254717,-62.827309,15385
BREAK
66.254717,-62.827309,15448
67.254717,-62.827309,15559
BREAK
68.254717,-62.827309,15622
69.254717,-62.827309,15697
70.254717,-62.827309,15708
71.254717,-62.827309,15731
BREAK
71.254717,-62.827309,15965
BREAK
71.254717,-62.827309,16156
70.254717,-62.827309,16191
69.254717,-62.827309,16252
69.254717,-61.827309,16263
BREAK
