START
50.254717,-25.827309,0
50.254717,-26.827309,240
50.254717,-27.827309,264
50.254717,-28.827309,296
50.254717,-29.827309,328
51.254717,-29.827309,432
52.254717,-29.827309,472
52.254717,-28.827309,544
53.254717,-28.827309,560
53.254717,-27.827309,616
53.254717,-26.827309,632
53.254717,-25.827309,656
53.254717,-24.827309,672
53.254717,-22.827309,688
53.254717,-21.827309,712
52.254717,-20.827309,728
51.254717,-20.827309,736
51.254717,-19.827309,744
50.254717,-19.827309,840
49.254717,-19.827309,856
48.254717,-19.827309,864
47.254717,-19.827309,896
46.254717,-20.827309,912
45.254717,-20.827309,976
45.254717,-21.827309,984
45.254717,-22.827309,1008
45.254717,-23.827309,1016
45.254717,-24.827309,1032
45.254717,-25.827309,1048
45.254717,-26.827309,1080
45.254717,-27.827309,1096
46.254717,-28.827309,1184
47.254717,-28.827309,1192
49.254717,-28.827309,1200
50.254717,-28.827309,1208
51.254717,-28.827309,1224
52.254717,-28.827309,1272
53.254717,-28.827309,1288
54.254717,-28.827309,1304
55.254717,-28.827309,1320
56.254717,-27.827309,1336
57.254717,-27.827309,1352
57.254717,-26.827309,1360
56.254717,-26.827309,1472
56.254717,-25.827309,1480
55.254717,-25.827309,1496
54.254717,-24.827309,1512
53.254717,-24.827309,1544
52.254717,-24.827309,1600
51.254717,-25.827309,1760
51.254717,-26.827309,1792
51.254717,-27.827309,1816
51.254717,-28.827309,1848
51.254717,-29.827309,1872
51.254717,-30.827309,1880
51.254717,-31.827309,1904
51.254717,-32.827309,1936
51.254717,-33.827309,1952
51.254717,-34.827309,1960
51.254717,-35.827309,1984
51.254717,-36.827309,2032
50.254717,-36.827309,2048
49.254717,-36.827309,2072
49.254717,-37.827309,2088
49.254717,-38.827309,2096
49.254717,-39.827309,2144
49.254717,-40.827309,2184
49.254717,-41.827309,2216
48.254717,-41.827309,2232
48.254717,-42.827309,2256
47.254717,-42.827309,2280
47.254717,-43.827309,2296
47.254717,-44.827309,2328
47.254717,-45.827309,2376
46.254717,-45.827309,2384
45.254717,-45.827309,2392
44.254717,-46.827309,2416
43.254717,-46.827309,2432
42.254717,-46.827309,2440
42.254717,-47.827309,2448
41.254717,-47.827309,2464
41.254717,-48.827309,2488
40.254717,-48.827309,2496
40.254717,-49.827309,2504
39.254717,-49.827309,2520
38.254717,-50.827309,2536
37.254717,-50.827309,2552
37.254717,-51.827309,2560
36.254717,-51.827309,2568
35.254717,-52.827309,2576
34.254717,-52.827309,2592
33.254717,-53.827309,2616
32.254717,-53.827309,2640
31.254717,-53.827309,2648
31.254717,-54.827309,2656
30.254717,-54.827309,2688
30.254717,-55.827309,2704
29.254717,-55.827309,2728
28.254717,-56.827309,2744
27.254717,-58.827309,2760
26.254717,-58.827309,2776
25.254717,-59.827309,2784
24.254717,-60.827309,2824
23.254717,-61.827309,2841
23.254717,-62.827309,2872
23.254717,-63.827309,2888
22.254717,-64.827309,2912
22.254717,-65.827309,2928
22.254717,-66.827309,2960
22.254717,-67.827309,2984
22.254717,-68.827309,3001
22.254717,-69.827309,3016
23.254717,-69.827309,3032
23.254717,-70.827309,3040
24.254717,-70.827309,3057
24.254717,-71.827309,3064
25.254717,-71.827309,3073
25.254717,-72.827309,3089
26.254717,-72.827309,3097
26.254717,-73.827309,3112
27.254717,-73.827309,3129
28.254717,-74.827309,3145
29.254717,-74.827309,3153
29.254717,-75.827309,3161
30.254717,-75.827309,3201
31.254717,-75.827309,3209
32.254717,-75.827309,3217
32.254717,-76.827309,3225
33.254717,-76.827309,3233
35.254717,-77.827309,3249
36.254717,-77.827309,3265
36.254717,-78.827309,3281
37.254717,-78.827309,3289
38.254717,-78.827309,3305
39.254717,-78.827309,3313
40.254717,-78.827309,3321
41.254717,-79.827309,3329
42.254717,-79.827309,3345
43.254717,-79.827309,3393
44.254717,-80.827309,3401
45.254717,-80.827309,3417
47.254717,-80.827309,3425
47.254717,-81.827309,3433
48.254717,-81.827309,3441
49.254717,-81.827309,3449
50.254717,-81.827309,3505
51.254717,-81.827309,3521
52.254717,-81.827309,3529
53.254717,-81.827309,3537
54.254717,-81.827309,3545
55.254717,-82.827309,3553
56.254717,-82.827309,3561
57.254717,-82.827309,3577
58.254717,-82.827309,3593
59.254717,-82.827309,3601
61.254717,-82.827309,3617
62.254717,-82.827309,3633
63.254717,-82.827309,3641
64.254717,-82.827309,3649
65.254717,-82.827309,3657
66.254717,-82.827309,3665
67.254717,-82.827309,3673
68.254717,-82.827309,3689
69.254717,-82.827309,3697
71.254717,-82.827309,3713
72.254717,-82.827309,3721
73.254717,-82.827309,3729
74.254717,-82.827309,3737
76.254717,-82.827309,3745
77.254717,-82.827309,3761
78.254717,-81.827309,3777
79.254717,-81.827309,3785
80.254717,-80.827309,3801
81.254717,-80.827309,3809
82.254717,-80.827309,3817
82.254717,-79.827309,3825
83.254717,-79.827309,3833
84.254717,-79.827309,3841
85.254717,-78.827309,3849
85.254717,-77.827309,3857
86.254717,-77.827309,3865
86.254717,-76.827309,3873
87.254717,-75.827309,3889
87.254717,-74.827309,3913
88.254717,-74.827309,3921
88.254717,-73.827309,3929
89.254717,-72.827309,3953
89.254717,-71.827309,3977
89.254717,-70.827309,3985
89.254717,-69.827309,4001
89.254717,-68.827309,4009
89.254717,-67.827309,4025
89.254717,-66.827309,4041
89.254717,-65.827309,4057
89.254717,-64.827309,4065
89.254717,-63.827309,4073
89.254717,-62.827309,4089
89.254717,-61.827309,4097
88.254717,-60.827309,4121
87.254717,-59.827309,4137
87.254717,-58.827309,4153
86.254717,-57.827309,4161
86.254717,-56.827309,4169
86.254717,-55.827309,4185
85.254717,-54.827309,4201
84.254717,-54.827309,4209
84.254717,-53.827309,4217
83.254717,-53.827309,4225
83.254717,-52.827309,4233
82.254717,-52.827309,4241
81.254717,-51.827309,4249
80.254717,-50.827309,4257
80.254717,-49.827309,4265
79.254717,-49.827309,4273
78.254717,-49.827309,4281
78.254717,-48.827309,4289
77.254717,-47.827309,4305
76.254717,-47.827309,4321
76.254717,-46.827309,4329
75.254717,-46.827309,4337
74.254717,-45.827309,4353
74.254717,-44.827309,4369
73.254717,-44.827309,4377
72.254717,-44.827309,4401
71.254717,-43.827309,4409
70.254717,-43.827309,4425
70.254717,-42.827309,4433
69.254717,-42.827309,4457
68.254717,-42.827309,4473
67.254717,-42.827309,4481
66.254717,-41.827309,4497
65.254717,-41.827309,4513
64.254717,-41.827309,4521
63.254717,-41.827309,4545
63.254717,-40.827309,4577
61.254717,-40.827309,4585
61.254717,-39.827309,4593
60.254717,-38.827309,4609
58.254717,-38.827309,4625
58.254717,-36.827309,4665
58.254717,-35.827309,4681
57.254717,-34.827309,4697
57.254717,-33.827309,4705
57.254717,-32.827309,4729
57.254717,-31.827309,4753
57.254717,-30.827309,4769
56.254717,-30.827309,4777
56.254717,-29.827309,4785
55.254717,-27.827309,4809
55.254717,-26.827309,4825
55.254717,-25.827309,4849
55.254717,-24.827309,4865
55.254717,-23.827309,4881
55.254717,-22.827309,4889
54.254717,-20.827309,4921
54.254717,-19.827309,4945
54.254717,-18.827309,4993
54.254717,-17.827309,5001
53.254717,-17.827309,5113
BREAK
46.254717,-62.827309,5625
46.254717,-63.827309,5776
47.254717,-64.827309,5784
48.254717,-64.827309,5816
49.254717,-64.827309,5840
50.254717,-64.827309,5880
50.254717,-63.827309,5912
51.254717,-63.827309,5928
51.254717,-62.827309,5936
52.254717,-62.827309,5944
52.254717,-61.827309,5969
52.254717,-60.827309,5985
52.254717,-59.827309,6016
51.254717,-59.827309,6025
51.254717,-58.827309,6041
49.254717,-58.827309,6049
48.254717,-57.827309,6057
47.254717,-56.827309,6065
46.254717,-56.827309,6073
45.254717,-54.827309,6081
44.254717,-54.827309,6097
43.254717,-54.827309,6177
43.254717,-55.827309,6185
43.254717,-56.827309,6209
43.254717,-57.827309,6233
BREAK
71.254717,-63.827309,6897
70.254717,-63.827309,7017
70.254717,-64.827309,7025
70.254717,-65.827309,7041
70.254717,-66.827309,7049
70.254717,-67.827309,7057
70.254717,-68.827309,7073
70.254717,-69.827309,7081
71.254717,-69.827309,7161
72.254717,-69.827309,7201
73.254717,-69.827309,7225
74.254717,-68.827309,7233
74.254717,-67.827309,7249
75.254717,-67.827309,7257
75.254717,-66.827309,7273
75.254717,-65.827309,7289
75.254717,-64.827309,7297
75.254717,-63.827309,7313
76.254717,-62.827309,7321
76.254717,-61.827309,7353
75.254717,-61.827309,7449
74.254717,-61.827309,7473
73.254717,-61.827309,7489
72.254717,-61.827309,7529
72.254717,-62.827309,7553
71.254717,-62.827309,7561
71.254717,-63.827309,7569
70.254717,-63.827309,7577
70.254717,-64.827309,7593
69.254717,-65.827309,7609
69.254717,-66.827309,7617
69.254717,-67.827309,7641
BREAK
