START
24.641509,-55.859438,0
25.641509,-55.859438,112
26.641509,-54.859438,119
28.641509,-54.859438,128
30.641509,-54.859438,136
32.641509,-54.859438,144
35.641509,-53.859438,152
38.641509,-53.859438,159
40.641509,-53.859438,168
42.641509,-53.859438,176
45.641509,-53.859438,184
47.641509,-53.859438,192
49.641509,-53.859438,199
51.641509,-53.859438,208
53.641509,-53.859438,216
56.641509,-53.859438,224
57.641509,-53.859438,232
59.641509,-53.859438,239
60.641509,-53.859438,248
62.641509,-52.859438,256
64.641509,-52.859438,264
65.641509,-51.859438,272
66.641509,-51.859438,280
68.641509,-51.859438,288
69.641509,-50.859438,296
70.641509,-49.859438,304
72.641509,-49.859438,312
73.641509,-48.859438,320
74.641509,-48.859438,328
75.641509,-48.859438,336
76.641509,-47.859438,344
77.641509,-47.859438,352
78.641509,-46.859438,360
79.641509,-46.859438,376
80.641509,-46.859438,384
80.641509,-45.859438,392
81.641509,-45.859438,400
82.641509,-45.859438,407
83.641509,-44.859438,432
84.641509,-44.859438,448
85.641509,-44.859438,464
86.641509,-43.859438,480
86.641509,-42.859438,488
87.641509,-42.859438,496
87.641509,-41.859438,504
88.641509,-40.859438,512
89.641509,-39.859438,520
89.641509,-38.859438,528
90.641509,-38.859438,536
90.641509,-36.859438,544
91.641509,-35.859438,560
92.641509,-34.859438,584
91.641509,-34.859438,616
BREAK
39.641509,-14.859438,1216
39.641509,-15.859438,1224
39.641509,-17.859438,1239
39.641509,-18.859438,1256
39.641509,-19.859438,1264
39.641509,-20.859438,1272
39.641509,-21.859438,1288
39.641509,-22.859438,1296
39.641509,-23.859438,1312
39.641509,-25.859438,1320
39.641509,-26.859438,1336
39.641509,-28.859438,1344
39.641509,-30.859438,1360
39.641509,-31.859438,1367
39.641509,-33.859438,1384
39.641509,-34.859438,1400
39.641509,-36.859438,1407
39.641509,-38.859438,1424
39.641509,-39.859438,1432
39.641509,-40.859438,1440
39.641509,-42.859438,1456
39.641509,-43.859438,1472
39.641509,-44.859438,1480
39.641509,-45.859438,1489
39.641509,-46.859438,1496
39.641509,-47.859438,1512
39.641509,-48.859438,1528
39.641509,-49.859438,1552
39.641509,-50.859438,1560
38.641509,-51.859438,1592
BREAK
76.641509,-13.859438,2313
75.641509,-13.859438,2320
76.641509,-13.859438,2415
77.641509,-13.859438,2432
79.641509,-13.859438,2440
80.641509,-13.859438,2448
82.641509,-13.859438,2456
84.641509,-13.859438,2464
86.641509,-12.859438,2472
88.641509,-12.859438,2480
90.641509,-12.859438,2488
91.641509,-12.859438,2495
93.641509,-12.859438,2504
94.641509,-12.859438,2512
95.641509,-12.859438,2520
96.641509,-12.859438,2528
98.641509,-12.859438,2535
99.641509,-12.859438,2552
101.64151,-12.859438,2568
102.64151,-12.859438,2584
BREAK
97.641509,-15.859438,4224
97.641509,-16.859438,4239
97.641509,-17.859438,4272
96.641509,-19.859438,4296
95.641509,-20.859438,4327
94.641509,-21.859438,4344
94.641509,-22.859438,4360
93.641509,-23.859438,4375
93.641509,-24.859438,4392
93.641509,-26.859438,4407
93.641509,-27.859438,4424
93.641509,-29.859438,4432
93.641509,-30.859438,4440
93.641509,-31.859438,4448
93.641509,-33.859438,4455
93.641509,-34.859438,4464
93.641509,-35.859438,4472
93.641509,-37.859438,4480
93.641509,-38.859438,4488
93.641509,-39.859438,4496
93.641509,-40.859438,4504
93.641509,-42.859438,4512
93.641509,-43.859438,4520
93.641509,-44.859438,4528
93.641509,-46.859438,4535
93.641509,-47.859438,4544
93.641509,-48.859438,4552
93.641509,-50.859438,4560
93.641509,-51.859438,4575
93.641509,-53.859438,4584
93.641509,-54.859438,4592
93.641509,-55.859438,4600
93.641509,-56.859438,4608
93.641509,-57.859438,4615
93.641509,-58.859438,4624
93.641509,-60.859438,4632
93.641509,-62.859438,4648
93.641509,-64.859438,4656
93.641509,-65.859438,4672
93.641509,-67.859438,4680
93.641509,-68.859438,4688
93.641509,-69.859438,4696
93.641509,-71.859438,4704
93.641509,-72.859438,4720
93.641509,-73.859438,4728
93.641509,-74.859438,4744
93.641509,-75.859438,4752
93.641509,-76.859438,4776
92.641509,-75.859438,4808
BREAK
