START
27.877358,-20.859438,0
28.877358,-20.859438,183
30.877358,-22.859438,194
31.877358,-22.859438,204
32.877358,-23.859438,214
34.877358,-24.859438,224
35.877358,-24.859438,234
36.877358,-25.859438,244
37.877358,-26.859438,254
38.877358,-26.859438,264
38.877358,-27.859438,274
39.877358,-28.859438,284
39.877358,-29.859438,295
40.877358,-29.859438,304
41.877358,-30.859438,314
41.877358,-31.859438,334
42.877358,-31.859438,344
43.877358,-32.859438,363
44.877358,-33.859438,373
46.877358,-35.859438,383
48.877358,-36.859438,393
49.877358,-36.859438,403
51.877358,-38.859438,413
54.877358,-38.859438,423
55.877358,-39.859438,433
56.877358,-41.859438,443
58.877358,-41.859438,453
58.877358,-42.859438,464
60.877358,-42.859438,475
60.877358,-43.859438,486
61.877358,-44.859438,497
62.877358,-45.859438,517
63.877358,-45.859438,547
63.877358,-46.859438,557
64.877358,-46.859438,577
64.877358,-47.859438,587
65.877358,-47.859438,597
65.877358,-48.859438,607
66.877358,-48.859438,617
66.877358,-49.859438,627
67.877358,-49.859438,637
68.877358,-50.859438,647
68.877358,-51.859438,667
BREAK
71.877358,-10.859438,1485
71.877358,-11.859438,1565
70.877358,-11.859438,1596
70.877358,-12.859438,1615
70.877358,-13.859438,1658
70.877358,-14.859438,1677
69.877358,-15.859438,1687
68.877358,-16.859438,1697
68.877358,-17.859438,1717
68.877358,-18.859438,1727
67.877358,-19.859438,1748
66.877358,-21.859438,1758
66.877358,-23.859438,1770
64.877358,-26.859438,1781
63.877358,-28.859438,1791
63.877358,-31.859438,1801
61.877358,-33.859438,1811
60.877358,-34.859438,1821
60.877358,-35.859438,1831
60.877358,-36.859438,1841
59.877358,-37.859438,1851
59.877358,-39.859438,1861
57.877358,-40.859438,1871
56.877358,-41.859438,1881
54.877358,-44.859438,1892
53.877358,-46.859438,1904
51.877358,-47.859438,1916
51.877358,-49.859438,1927
50.877358,-50.859438,1940
49.877358,-52.859438,1950
48.877358,-52.859438,1960
47.877358,-54.859438,1971
46.877358,-56.859438,1980
45.877358,-59.859438,1990
44.877358,-62.859438,2000
44.877358,-64.859438,2010
43.877358,-65.859438,2020
42.877358,-66.859438,2030
42.877358,-68.859438,2040
42.877358,-69.859438,2061
41.877358,-70.859438,2071
40.877358,-71.859438,2081
40.877358,-72.859438,2091
40.877358,-74.859438,2101
39.877358,-75.859438,2112
39.877358,-76.859438,2121
39.877358,-77.859438,2131
31.877358,-86.859438,2392
31.877358,-87.859438,2412
BREAK
28.877358,-16.859438,3359
29.877358,-16.859438,3462
30.877358,-16.859438,3482
31.877358,-16.859438,3502
32.877358,-16.859438,3512
34.877358,-16.859438,3522
36.877358,-16.859438,3532
38.877358,-16.859438,3543
39.877358,-16.859438,3553
40.877358,-16.859438,3563
41.877358,-16.859438,3573
42.877358,-16.859438,3593
43.877358,-16.859438,3613
44.877358,-16.859438,3623
45.877358,-16.859438,3633
47.877358,-16.859438,3653
49.877358,-16.859438,3666
50.877358,-16.859438,3673
52.877358,-16.859438,3684
53.877358,-16.859438,3697
55.877358,-16.859438,3706
56.877358,-16.859438,3727
57.877358,-16.859438,3758
58.877358,-16.859438,3779
59.877358,-16.859438,3788
60.877358,-16.859438,3819
61.877358,-16.859438,3868
62.877358,-16.859438,3898
63.877358,-16.859438,3938
64.877358,-16.859438,3968
66.877358,-16.859438,3988
67.877358,-16.859438,3998
68.877358,-16.859438,4008
69.877358,-16.859438,4028
70.877358,-16.859438,4048
71.877358,-16.859438,4177
72.877358,-16.859438,4217
BREAK
