START
61.697125,-23.277188,0
62.686515,-21.298408,47
63.675905,-21.298408,72
63.675905,-22.287798,98
64.665295,-22.287798,101
BREAK
68.622854,-20.309019,301
69.612244,-20.309019,321
70.601634,-20.309019,339
71.591024,-20.309019,354
71.591024,-21.298408,357
71.591024,-22.287798,366
72.580414,-22.287798,369
73.569804,-22.287798,380
73.569804,-23.277188,384
BREAK
75.548584,-54.937666,941
74.559194,-54.937666,952
73.569804,-54.937666,958
72.580414,-54.937666,972
71.591024,-54.937666,990
71.591024,-53.948276,1007
71.591024,-52.958886,1017
71.591024,-51.969496,1035
70.601634,-51.969496,1046
70.601634,-50.980106,1049
70.601634,-49.990716,1057
70.601634,-49.001326,1062
70.601634,-48.011936,1071
70.601634,-47.022546,1080
70.601634,-46.033156,1084
70.601634,-45.043767,1091
70.601634,-44.054377,1099
70.601634,-43.064987,1110
71.591024,-43.064987,1113
71.591024,-42.075597,1115
72.580414,-42.075597,1120
72.580414,-41.086207,1124
73.569804,-41.086207,1126
74.559194,-41.086207,1130
74.559194,-40.096817,1134
75.548584,-40.096817,1136
75.548584,-39.107427,1138
76.537974,-39.107427,1143
77.527363,-39.107427,1145
78.516753,-39.107427,1161
79.506143,-39.107427,1168
80.495533,-39.107427,1175
81.484923,-39.107427,1178
82.474313,-39.107427,1183
83.463703,-39.107427,1189
84.453093,-39.107427,1192
85.442483,-39.107427,1198
86.431873,-40.096817,1207
86.431873,-41.086207,1214
87.421263,-41.086207,1217
88.410653,-42.075597,1221
88.410653,-43.064987,1224
89.400043,-44.054377,1230
89.400043,-45.043767,1234
90.389432,-45.043767,1238
90.389432,-46.033156,1240
91.378822,-47.022546,1242
91.378822,-48.011936,1244
91.378822,-49.001326,1248
92.368212,-49.990716,1252
92.368212,-50.980106,1256
92.368212,-51.969496,1262
92.368212,-52.958886,1264
93.357602,-52.958886,1268
93.357602,-53.948276,1270
93.357602,-54.937666,1277
93.357602,-55.927056,1282
94.346992,-55.927056,1289
94.346992,-56.916446,1291
94.346992,-57.905836,1296
94.346992,-58.895225,1304
94.346992,-59.884615,1309
94.346992,-60.874005,1314
93.357602,-60.874005,1322
93.357602,-61.863395,1324
93.357602,-62.852785,1329
93.357602,-63.842175,1332
92.368212,-63.842175,1336
92.368212,-64.831565,1340
92.368212,-65.820955,1344
91.378822,-65.820955,1346
91.378822,-66.810345,1349
90.389432,-66.810345,1353
89.400043,-67.799735,1360
88.410653,-67.799735,1366
87.421263,-68.789125,1371
86.431873,-68.789125,1373
85.442483,-68.789125,1379
84.453093,-68.789125,1383
83.463703,-69.778515,1385
83.463703,-70.767905,1390
82.474313,-70.767905,1392
81.484923,-70.767905,1396
80.495533,-70.767905,1403
79.506143,-70.767905,1406
78.516753,-70.767905,1412
77.527363,-70.767905,1419
76.537974,-70.767905,1421
75.548584,-70.767905,1426
74.559194,-70.767905,1431
73.569804,-70.767905,1436
72.580414,-70.767905,1438
71.591024,-70.767905,1442
70.601634,-70.767905,1446
69.612244,-70.767905,1448
68.622854,-70.767905,1452
67.633464,-70.767905,1454
66.644074,-70.767905,1456
65.654684,-70.767905,1458
63.675905,-70.767905,1462
62.686515,-70.767905,1466
61.697125,-70.767905,1468
60.707735,-70.767905,1470
59.718345,-70.767905,1472
57.739565,-70.767905,1476
56.750175,-70.767905,1480
55.760785,-70.767905,1482
54.771395,-70.767905,1484
53.782005,-69.778515,1486
52.792615,-69.778515,1488
51.803226,-69.778515,1490
50.813836,-69.778515,1492
49.824446,-69.778515,1494
48.835056,-68.789125,1496
46.856276,-67.799735,1498
45.866886,-67.799735,1501
44.877496,-67.799735,1503
44.877496,-66.810345,1505
42.898716,-66.810345,1507
41.909326,-65.820955,1511
40.919936,-65.820955,1515
39.930547,-64.831565,1517
38.941157,-64.831565,1524
38.941157,-63.842175,1526
37.951767,-62.852785,1534
36.962377,-62.852785,1541
36.962377,-61.863395,1545
36.962377,-60.874005,1549
35.972987,-60.874005,1556
35.972987,-59.884615,1561
34.983597,-59.884615,1563
34.983597,-58.895225,1573
33.994207,-57.905836,1582
33.994207,-56.916446,1592
33.004817,-56.916446,1597
33.004817,-55.927056,1612
BREAK
