START
20.877358,-16.859438,0
25.877358,-16.859438,327
26.877358,-16.859438,367
28.877358,-16.859438,487
29.877358,-16.859438,703
30.877358,-16.859438,712
30.877358,-17.859438,735
31.877358,-18.859438,759
31.877358,-19.859438,791
32.877358,-20.859438,799
32.877358,-21.859438,855
32.877358,-22.859438,879
32.877358,-23.859438,911
32.877358,-24.859438,951
32.877358,-25.859438,983
32.877358,-26.859438,1015
32.877358,-27.859438,1055
32.877358,-28.859438,1103
32.877358,-29.859438,1143
32.877358,-30.859438,1191
32.877358,-31.859438,1215
31.877358,-32.859438,1239
31.877358,-33.859438,1279
31.877358,-34.859438,1295
31.877358,-35.859438,1303
31.877358,-36.859438,1335
30.877358,-36.859438,1343
29.877358,-37.859438,1351
29.877358,-38.859438,1367
29.877358,-39.859438,1400
29.877358,-40.859438,1415
29.877358,-41.859438,1423
29.877358,-42.859438,1455
29.877358,-43.859438,1471
29.877358,-44.859438,1487
29.877358,-45.859438,1527
29.877358,-46.859438,1543
29.877358,-47.859438,1551
29.877358,-48.859438,1583
29.877358,-49.859438,1599
30.877358,-50.859438,1615
30.877358,-51.859438,1655
32.877358,-52.859438,1679
32.877358,-53.859438,1695
33.877358,-53.859438,1711
33.877358,-54.859438,1727
35.877358,-55.859438,1759
35.877358,-56.859438,1783
36.877358,-56.859438,1799
36.877358,-57.859438,1815
37.877358,-58.859438,1831
38.877358,-58.859438,1839
39.877358,-59.859438,1871
40.877358,-59.859438,1903
41.877358,-59.859438,1919
42.877358,-59.859438,1943
44.877358,-60.859438,1959
45.877358,-60.859438,2007
46.877358,-60.859438,2031
47.877358,-60.859438,2055
48.877358,-60.859438,2079
49.877358,-60.859438,2095
50.877358,-60.859438,2119
51.877358,-60.859438,2167
52.877358,-60.859438,2183
54.877358,-60.859438,2200
55.877358,-59.859438,2239
57.877358,-58.859438,2271
59.877358,-58.859438,2335
59.877358,-57.859438,2343
60.877358,-56.859438,2351
61.877358,-56.859438,2399
62.877358,-55.859438,2407
64.877358,-55.859438,2439
65.877358,-55.859438,2455
66.877358,-55.859438,2487
66.877358,-54.859438,2503
67.877358,-53.859438,2511
67.877358,-52.859438,2847
BREAK
66.877358,-6.8594378,3415
66.877358,-12.859438,3527
66.877358,-15.859438,3535
66.877358,-16.859438,3543
66.877358,-17.859438,3551
66.877358,-19.859438,3559
66.877358,-21.859438,3567
67.877358,-23.859438,3575
67.877358,-25.859438,3583
67.877358,-27.859438,3591
67.877358,-29.859438,3599
68.877358,-32.859438,3615
68.877358,-33.859438,3623
68.877358,-35.859438,3631
68.877358,-36.859438,3639
68.877358,-38.859438,3647
68.877358,-39.859438,3655
68.877358,-42.859438,3663
68.877358,-43.859438,3679
68.877358,-45.859438,3688
68.877358,-46.859438,3695
68.877358,-48.859438,3703
68.877358,-50.859438,3711
68.877358,-52.859438,3719
68.877358,-54.859438,3735
68.877358,-57.859438,3743
68.877358,-60.859438,3759
68.877358,-62.859438,3767
68.877358,-63.859438,3775
68.877358,-64.859438,3783
68.877358,-66.859438,3791
69.877358,-67.859438,3799
69.877358,-69.859438,3807
69.877358,-71.859438,3823
70.877358,-73.859438,3831
70.877358,-74.859438,3839
70.877358,-75.859438,3847
70.877358,-77.859438,3855
70.877358,-79.859438,3871
70.877358,-80.859438,3880
70.877358,-82.859438,3903
70.877358,-83.859438,3911
70.877358,-85.859438,3927
70.877358,-86.859438,3959
70.877358,-88.859438,3983
70.877358,-89.859438,4015
70.877358,-91.859438,4047
70.877358,-92.859438,4087
70.877358,-94.859438,4127
70.877358,-95.859438,4191
BREAK
