START
75.877358,-14.859438,0
75.877358,-15.859438,2525
75.877358,-15.859438,2561
75.877358,-16.859438,2586
75.877358,-17.859438,2623
75.877358,-18.859438,2635
75.877358,-18.859438,2669
75.877358,-19.859438,2696
75.877358,-20.859438,2722
75.877358,-21.859438,2756
75.877358,-21.859438,2767
75.877358,-22.859438,2780
75.877358,-23.859438,2817
75.877358,-24.859438,2829
75.877358,-24.859438,2855
75.877358,-25.859438,2877
75.877358,-26.859438,2889
75.877358,-27.859438,2927
75.877358,-27.859438,2951
75.877358,-28.859438,2966
75.877358,-29.859438,3013
75.877358,-30.859438,3024
75.877358,-30.859438,3050
75.877358,-31.859438,3073
75.877358,-32.859438,3096
75.877358,-33.859438,3132
75.877358,-33.859438,3145
75.877358,-34.859438,3158
75.877358,-35.859438,3197
75.877358,-36.859438,3208
75.877358,-36.859438,3232
75.877358,-37.859438,3282
75.877358,-38.859438,3304
75.877358,-39.859438,3329
75.877358,-39.859438,3352
75.877358,-40.859438,3365
75.877358,-41.859438,3413
75.877358,-42.859438,3438
75.877358,-42.859438,3463
75.877358,-43.859438,3510
75.877358,-44.859438,3547
75.877358,-45.859438,3583
75.877358,-45.859438,3621
75.877358,-46.859438,3647
75.877358,-47.859438,3681
75.877358,-48.859438,3693
75.877358,-48.859438,3705
75.877358,-49.859438,3731
75.877358,-50.859438,3742
75.877358,-51.859438,3793
75.877358,-51.859438,3840
75.877358,-52.859438,3876
75.877358,-53.859438,3912
75.877358,-54.859438,3947
75.877358,-54.859438,3960
75.877358,-55.859438,3997
75.877358,-56.859438,4083
75.877358,-57.859438,4534
75.877358,-57.859438,4558
75.877358,-58.859438,4581
75.877358,-59.859438,4629
75.877358,-60.859438,4642
75.877358,-60.859438,4653
75.877358,-61.859438,4714
75.877358,-62.859438,4765
75.877358,-63.859438,4801
75.877358,-63.859438,4812
75.877358,-64.859438,4861
75.877358,-65.859438,4874
75.877358,-66.859438,4896
75.877358,-66.859438,4947
75.877358,-67.859438,4970
75.877358,-68.859438,5020
75.877358,-69.859438,5031
75.877358,-69.859438,5057
75.877358,-70.859438,5105
75.877358,-71.859438,5202
75.877358,-72.859438,5226
75.877358,-72.859438,5287
75.877358,-73.859438,5310
75.877358,-74.859438,5347
75.877358,-75.859438,5359
75.877358,-75.859438,5371
75.877358,-76.859438,5410
75.877358,-78.859438,5433
75.877358,-78.859438,5458
75.877358,-79.859438,5470
75.877358,-80.859438,5492
75.877358,-81.859438,5543
75.877358,-81.859438,5578
75.877358,-82.859438,5615
75.877358,-83.859438,5665
75.877358,-84.859438,5699
75.877358,-84.859438,5737
75.877358,-85.859438,5785
75.877358,-86.859438,5860
74.877358,-86.859438,5884
74.877358,-87.859438,5919
74.877358,-87.859438,6015
74.877358,-88.859438,6029
74.877358,-89.859438,6090
74.877358,-90.859438,6114
74.877358,-90.859438,6199
74.877358,-91.859438,6249
74.877358,-92.859438,6285
74.877358,-93.859438,6711
74.877358,-93.859438,6724
74.877358,-94.859438,6760
74.877358,-95.859438,7255
74.877358,-96.859438,7307
BREAK
37.877358,-17.859438,11769
37.877358,-18.859438,11928
37.877358,-18.859438,11987
37.877358,-19.859438,12061
37.877358,-20.859438,12112
37.877358,-21.859438,12135
37.877358,-21.859438,12161
37.877358,-22.859438,12172
37.877358,-23.859438,12183
37.877358,-24.859438,12221
37.877358,-24.859438,12231
37.877358,-25.859438,12257
37.877358,-26.859438,12281
37.877358,-27.859438,12294
37.877358,-27.859438,12317
37.877358,-28.859438,12330
37.877358,-29.859438,12354
37.877358,-30.859438,12402
37.877358,-30.859438,12414
37.877358,-31.859438,12463
37.877358,-32.859438,12488
37.877358,-33.859438,12500
37.877358,-33.859438,12525
37.877358,-34.859438,12535
37.877358,-35.859438,12561
38.877358,-35.859438,12609
38.877358,-36.859438,12622
38.877358,-36.859438,12645
39.877358,-36.859438,12657
39.877358,-37.859438,12682
39.877358,-38.859438,12719
40.877358,-39.859438,12756
40.877358,-39.859438,12804
41.877358,-39.859438,12854
41.877358,-39.859438,12890
42.877358,-40.859438,12950
43.877358,-40.859438,12987
43.877358,-41.859438,13012
43.877358,-41.859438,13071
44.877358,-41.859438,13121
45.877358,-41.859438,13170
45.877358,-42.859438,13181
46.877358,-42.859438,13266
46.877358,-42.859438,13315
47.877358,-42.859438,13351
48.877358,-42.859438,13412
49.877358,-42.859438,13450
49.877358,-42.859438,13496
50.877358,-42.859438,13534
51.877358,-42.859438,13570
52.877358,-42.859438,13666
52.877358,-42.859438,13681
53.877358,-42.859438,13704
54.877358,-42.859438,13753
55.877358,-42.859438,13777
55.877358,-42.859438,13802
56.877358,-42.859438,13839
57.877358,-42.859438,13863
57.877358,-42.859438,13875
58.877358,-42.859438,13912
58.877358,-42.859438,13948
59.877358,-42.859438,13984
60.877358,-41.859438,14080
61.877358,-41.859438,14118
61.877358,-41.859438,14228
61.877358,-40.859438,14351
62.877358,-40.859438,14363
63.877358,-40.859438,14372
63.877358,-39.859438,14459
64.877358,-39.859438,14484
64.877358,-39.859438,14519
65.877358,-39.859438,14653
65.877358,-39.859438,14666
66.877358,-38.859438,14690
67.877358,-37.859438,14740
67.877358,-37.859438,14787
67.877358,-36.859438,14837
67.877358,-36.859438,14885
68.877358,-36.859438,14896
69.877358,-36.859438,14970
69.877358,-35.859438,15029
69.877358,-34.859438,15067
69.877358,-33.859438,15117
70.877358,-33.859438,15200
70.877358,-33.859438,15323
70.877358,-33.859438,15346
71.877358,-33.859438,15371
BREAK
36.877358,-18.859438,20650
35.877358,-18.859438,21489
34.877358,-18.859438,21841
34.877358,-17.859438,22048
34.877358,-16.859438,22268
33.877358,-16.859438,22365
32.877358,-16.859438,22559
31.877358,-16.859438,22777
31.877358,-16.859438,22851
30.877358,-16.859438,22886
29.877358,-16.859438,23120
28.877358,-16.859438,23167
28.877358,-17.859438,23191
28.877358,-17.859438,23254
27.877358,-17.859438,23325
26.877358,-18.859438,23568
26.877358,-18.859438,23728
26.877358,-19.859438,24018
25.877358,-19.859438,24032
25.877358,-20.859438,24067
25.877358,-20.859438,24457
24.877358,-20.859438,25028
23.877358,-20.859438,25503
22.877358,-20.859438,25637
22.877358,-19.859438,25952
22.877358,-19.859438,25977
21.877358,-19.859438,26111
BREAK
