START
57.683962,-19.859438,0
57.683962,-20.859438,157
56.683962,-20.859438,167
56.683962,-21.859438,176
55.683962,-22.859438,187
55.683962,-23.859438,197
55.683962,-24.859438,207
54.683962,-24.859438,216
54.683962,-25.859438,226
53.683962,-26.859438,237
53.683962,-27.859438,250
53.683962,-28.859438,270
52.683962,-29.859438,280
52.683962,-30.859438,290
52.683962,-31.859438,309
51.683962,-31.859438,319
50.683962,-33.859438,330
50.683962,-34.859438,349
50.683962,-35.859438,360
49.683962,-36.859438,370
49.683962,-37.859438,389
48.683962,-38.859438,399
48.683962,-39.859438,410
47.683962,-39.859438,420
47.683962,-41.859438,429
46.683962,-42.859438,439
46.683962,-44.859438,450
45.683962,-45.859438,469
45.683962,-46.859438,490
44.683962,-47.859438,500
44.683962,-48.859438,509
44.683962,-49.859438,519
43.683962,-50.859438,529
43.683962,-51.859438,540
42.683962,-52.859438,549
41.683962,-54.859438,559
40.683962,-56.859438,570
40.683962,-57.859438,580
40.683962,-58.859438,589
40.683962,-59.859438,599
39.683962,-59.859438,609
39.683962,-60.859438,620
39.683962,-61.859438,630
38.683962,-62.859438,639
37.683962,-64.859438,660
36.683962,-65.859438,670
36.683962,-67.859438,689
35.683962,-67.859438,699
35.683962,-68.859438,710
34.683962,-69.859438,719
34.683962,-70.859438,729
33.683962,-71.859438,750
33.683962,-72.859438,769
32.683962,-73.859438,790
32.683962,-74.859438,799
32.683962,-75.859438,809
32.683962,-76.859438,831
31.683962,-76.859438,840
31.683962,-77.859438,850
30.683962,-77.859438,860
30.683962,-78.859438,871
30.683962,-79.859438,890
29.683962,-80.859438,900
28.683962,-80.859438,929
28.683962,-81.859438,952
27.683962,-81.859438,979
BREAK
47.683962,-53.859438,2096
47.683962,-54.859438,2244
47.683962,-55.859438,2254
48.683962,-56.859438,2274
48.683962,-57.859438,2284
50.683962,-59.859438,2294
52.683962,-62.859438,2303
54.683962,-63.859438,2313
55.683962,-64.859438,2324
55.683962,-66.859438,2334
56.683962,-66.859438,2353
56.683962,-67.859438,2374
57.683962,-68.859438,2439
57.683962,-69.859438,2460
58.683962,-70.859438,2485
58.683962,-71.859438,2495
59.683962,-72.859438,2514
60.683962,-73.859438,2545
60.683962,-74.859438,2564
61.683962,-74.859438,2575
61.683962,-75.859438,2585
62.683962,-76.859438,2594
63.683962,-77.859438,2604
64.683962,-78.859438,2614
66.683962,-79.859438,2625
67.683962,-80.859438,2634
67.683962,-81.859438,2644
68.683962,-81.859438,2655
69.683962,-81.859438,2674
68.683962,-81.859438,2840
BREAK
