START
60.683962,-28.859438,0
60.683962,-27.859438,20
59.683962,-27.859438,140
58.683962,-27.859438,150
56.683962,-29.859438,160
55.683962,-31.859438,180
53.683962,-32.859438,190
52.683962,-33.859438,200
51.683962,-34.859438,220
50.683962,-35.859438,230
48.683962,-36.859438,240
47.683962,-38.859438,260
45.683962,-40.859438,270
43.683962,-43.859438,281
41.683962,-44.859438,301
38.683962,-47.859438,321
36.683962,-50.859438,331
35.683962,-51.859438,351
34.683962,-52.859438,361
34.683962,-54.859438,371
31.683962,-57.859438,401
30.683962,-58.859438,421
28.683962,-60.859438,431
26.683962,-62.859438,441
23.683962,-66.859438,471
22.683962,-66.859438,501
21.683962,-67.859438,531
BREAK
43.683962,-46.859438,1592
45.683962,-49.859438,1733
46.683962,-53.859438,1753
46.683962,-56.859438,1763
48.683962,-59.859438,1773
48.683962,-61.859438,1793
48.683962,-63.859438,1803
48.683962,-65.859438,1813
BREAK
48.683962,-66.859438,1843
48.683962,-67.859438,1863
48.683962,-68.859438,1883
48.683962,-69.859438,1903
48.683962,-70.859438,1923
49.683962,-72.859438,1933
49.683962,-73.859438,1963
49.683962,-74.859438,1973
49.683962,-75.859438,2003
50.683962,-75.859438,2083
BREAK
