START
21.877358,-12.702811,0
21.877358,-13.702811,356
21.877358,-15.702811,367
21.877358,-17.702811,378
21.877358,-18.702811,388
21.877358,-19.702811,400
21.877358,-20.702811,411
21.877358,-21.702811,432
21.877358,-22.702811,453
21.877358,-23.702811,463
21.877358,-24.702811,474
21.877358,-25.702811,484
21.877358,-28.702811,495
21.877358,-29.702811,506
21.877358,-31.702811,516
21.877358,-32.702811,527
21.877358,-34.702811,537
21.877358,-35.702811,548
21.877358,-36.702811,569
21.877358,-37.702811,580
21.877358,-38.702811,590
21.877358,-39.702811,601
21.877358,-40.702811,622
21.877358,-41.702811,651
22.877358,-41.702811,699
22.877358,-42.702811,720
22.877358,-43.702811,734
22.877358,-44.702811,764
22.877358,-45.702811,817
22.877358,-46.702811,838
22.877358,-47.702811,863
22.877358,-48.702811,893
22.877358,-49.702811,903
23.877358,-49.702811,914
23.877358,-50.702811,925
23.877358,-51.702811,946
23.877358,-52.702811,975
24.877358,-52.702811,1291
25.877358,-52.702811,1323
26.877358,-52.702811,1350
28.877358,-52.702811,1394
29.877358,-52.702811,1405
31.877358,-52.702811,1415
32.877358,-52.702811,1427
33.877358,-52.702811,1438
34.877358,-52.702811,1459
35.877358,-52.702811,1470
37.877358,-52.702811,1491
39.877358,-52.702811,1501
40.877358,-52.702811,1512
43.877358,-52.702811,1523
44.877358,-52.702811,1544
45.877358,-52.702811,1554
46.877358,-51.702811,1578
47.877358,-51.702811,1600
48.877358,-51.702811,1610
49.877358,-51.702811,1641
50.877358,-50.702811,1659
51.877358,-49.702811,1732
53.877358,-47.702811,1753
56.877358,-47.702811,1764
58.877358,-47.702811,1774
59.877358,-47.702811,1785
60.877358,-47.702811,1795
61.877358,-46.702811,1822
62.877358,-46.702811,1871
63.877358,-46.702811,1899
63.877358,-47.702811,2307
63.877358,-49.702811,2329
61.877358,-52.702811,2339
61.877358,-53.702811,2352
61.877358,-55.702811,2362
61.877358,-56.702811,2373
61.877358,-58.702811,2383
61.877358,-59.702811,2394
61.877358,-60.702811,2415
61.877358,-61.702811,2426
61.877358,-62.702811,2481
61.877358,-63.702811,2508
61.877358,-65.702811,2529
62.877358,-66.702811,2551
62.877358,-67.702811,2561
62.877358,-68.702811,2571
62.877358,-69.702811,2582
62.877358,-70.702811,2604
62.877358,-71.702811,2614
63.877358,-72.702811,2636
63.877358,-73.702811,2646
63.877358,-74.702811,2657
63.877358,-75.702811,2704
63.877358,-76.702811,2729
63.877358,-77.702811,2959
63.877358,-78.702811,2981
BREAK
46.877358,-13.702811,4729
46.877358,-14.702811,5025
46.877358,-16.702811,5035
46.877358,-18.702811,5046
46.877358,-19.702811,5056
47.877358,-20.702811,5067
47.877358,-21.702811,5088
47.877358,-22.702811,5113
47.877358,-23.702811,5134
47.877358,-24.702811,5144
47.877358,-25.702811,5155
47.877358,-26.702811,5166
47.877358,-27.702811,5176
47.877358,-28.702811,5187
47.877358,-29.702811,5197
48.877358,-30.702811,5208
48.877358,-31.702811,5252
48.877358,-32.702811,5275
48.877358,-33.702811,5318
48.877358,-34.702811,5328
48.877358,-35.702811,5367
48.877358,-36.702811,5388
48.877358,-38.702811,5409
48.877358,-39.702811,5444
49.877358,-40.702811,5497
49.877358,-41.702811,5508
49.877358,-42.702811,5518
49.877358,-43.702811,5540
49.877358,-44.702811,5625
50.877358,-44.702811,5657
BREAK
