START
22.877358,-25.859438,0
23.877358,-25.859438,59
24.877358,-25.859438,78
25.877358,-25.859438,88
26.877358,-25.859438,98
27.877358,-25.859438,108
28.877358,-25.859438,118
29.877358,-25.859438,127
31.877358,-25.859438,137
32.877358,-25.859438,157
33.877358,-25.859438,177
34.877358,-25.859438,186
36.877358,-25.859438,206
37.877358,-25.859438,216
39.877358,-25.859438,226
40.877358,-25.859438,236
41.877358,-25.859438,246
43.877358,-25.859438,255
44.877358,-25.859438,275
45.877358,-25.859438,285
47.877358,-25.859438,305
48.877358,-25.859438,314
49.877358,-25.859438,324
51.877358,-25.859438,334
52.877358,-25.859438,354
53.877358,-25.859438,374
54.877358,-25.859438,393
55.877358,-25.859438,403
56.877358,-25.859438,413
BREAK
52.877358,-25.859438,4016
52.877358,-29.859438,4191
52.877358,-30.859438,4203
52.877358,-31.859438,4223
52.877358,-32.859438,4242
52.877358,-33.859438,4252
52.877358,-34.859438,4272
52.877358,-35.859438,4291
52.877358,-36.859438,4311
52.877358,-37.859438,4321
52.877358,-38.859438,4341
52.877358,-39.859438,4370
52.877358,-40.859438,4390
52.877358,-41.859438,4400
52.877358,-42.859438,4419
52.877358,-43.859438,4439
52.877358,-44.859438,4449
52.877358,-45.859438,4478
52.877358,-46.859438,4508
52.877358,-47.859438,4518
52.877358,-48.859438,4538
52.877358,-49.859438,4557
52.877358,-50.859438,4587
52.877358,-51.859438,4617
52.877358,-52.859438,4636
52.877358,-53.859438,4665
52.877358,-54.859438,4685
52.877358,-55.859438,4715
52.877358,-56.859438,4725
52.877358,-57.859438,4754
52.877358,-58.859438,4784
52.877358,-59.859438,4813
52.877358,-60.859438,4823
52.877358,-61.859438,4843
52.877358,-62.859438,4853
52.877358,-63.859438,4882
52.877358,-64.859438,4902
52.877358,-65.859438,4931
52.877358,-66.859438,4941
52.877358,-67.859438,4951
52.877358,-68.859438,4961
52.877358,-69.859438,4980
52.877358,-70.859438,4990
52.877358,-71.859438,5000
52.877358,-72.859438,5020
52.877358,-73.859438,5049
52.877358,-75.859438,5069
52.877358,-76.859438,5089
52.877358,-77.859438,5099
52.877358,-78.859438,5108
52.877358,-79.859438,5118
52.877358,-80.859438,5128
52.877358,-81.859438,5138
52.877358,-82.859438,5148
52.877358,-83.859438,5168
BREAK
