START
27.877358,-7.8594378,0
30.877358,-7.8594378,216
32.877358,-7.8594378,224
33.877358,-7.8594378,233
34.877358,-7.8594378,240
36.877358,-7.8594378,248
38.877358,-7.8594378,256
39.877358,-7.8594378,273
40.877358,-7.8594378,288
41.877358,-7.8594378,304
42.877358,-7.8594378,328
43.877358,-7.8594378,336
44.877358,-7.8594378,353
45.877358,-7.8594378,368
47.877358,-7.8594378,376
48.877358,-7.8594378,384
49.877358,-7.8594378,401
50.877358,-7.8594378,408
51.877358,-7.8594378,416
52.877358,-7.8594378,424
53.877358,-7.8594378,448
55.877358,-7.8594378,456
56.877358,-7.8594378,481
57.877358,-7.8594378,512
58.877358,-7.8594378,521
59.877358,-7.8594378,536
60.877358,-7.8594378,544
61.877358,-7.8594378,576
63.877358,-7.8594378,584
64.877358,-7.8594378,616
65.877358,-7.8594378,641
66.877358,-7.8594378,664
67.877358,-7.8594378,704
68.877358,-7.8594378,737
69.877358,-7.8594378,752
70.877358,-7.8594378,945
71.877358,-10.859438,1408
71.877358,-12.859438,1433
71.877358,-13.859438,1448
71.877358,-14.859438,1456
71.877358,-15.859438,1464
71.877358,-16.859438,1473
71.877358,-17.859438,1481
71.877358,-18.859438,1489
71.877358,-19.859438,1504
71.877358,-21.859438,1513
71.877358,-22.859438,1529
71.877358,-23.859438,1536
71.877358,-24.859438,1544
71.877358,-25.859438,1561
71.877358,-26.859438,1569
71.877358,-27.859438,1576
71.877358,-28.859438,1592
71.877358,-29.859438,1616
71.877358,-30.859438,1624
71.877358,-31.859438,1632
71.877358,-32.859438,1656
71.877358,-33.859438,1672
71.877358,-35.859438,1689
71.877358,-36.859438,1704
71.877358,-37.859438,1721
71.877358,-38.859438,1729
71.877358,-39.859438,1737
71.877358,-40.859438,1744
71.877358,-41.859438,1761
71.877358,-43.859438,1769
71.877358,-44.859438,1777
71.877358,-45.859438,1784
71.877358,-46.859438,1800
71.877358,-47.859438,1809
71.877358,-48.859438,1817
71.877358,-49.859438,1832
71.877358,-50.859438,1840
71.877358,-51.859438,1849
71.877358,-52.859438,1857
71.877358,-54.859438,1864
71.877358,-55.859438,1880
71.877358,-57.859438,1889
71.877358,-58.859438,1905
71.877358,-59.859438,1912
71.877358,-61.859438,1929
71.877358,-63.859438,1937
71.877358,-64.859438,1952
71.877358,-65.859438,1960
71.877358,-67.859438,1992
71.877358,-68.859438,2009
71.877358,-69.859438,2017
71.877358,-70.859438,2040
71.877358,-71.859438,2248
71.877358,-72.859438,2328
71.877358,-73.859438,2336
71.877358,-74.859438,2513
BREAK
