START
25.877358,-11.859438,0
31.877358,-11.859438,192
33.877358,-11.859438,208
34.877358,-11.859438,216
36.877358,-11.859438,232
37.877358,-11.859438,240
39.877358,-11.859438,256
40.877358,-11.859438,272
41.877358,-11.859438,280
42.877358,-11.859438,288
44.877358,-11.859438,296
45.877358,-11.859438,304
46.877358,-11.859438,312
47.877358,-11.859438,320
48.877358,-11.859438,336
49.877358,-11.859438,360
50.877358,-11.859438,384
51.877358,-11.859438,392
52.877358,-11.859438,400
53.877358,-11.859438,416
54.877358,-11.859438,424
55.877358,-11.859438,432
56.877358,-11.859438,456
57.877358,-11.859438,464
58.877358,-11.859438,480
59.877358,-11.859438,496
61.877358,-11.859438,504
62.877358,-11.859438,512
64.877358,-11.859438,528
65.877358,-11.859438,536
67.877358,-11.859438,552
68.877358,-11.859438,576
70.877358,-11.859438,616
71.877358,-11.859438,640
73.877358,-11.859438,656
74.877358,-11.859438,664
75.877358,-11.859438,672
76.877358,-11.859438,680
77.877358,-11.859438,1000
77.877358,-13.859438,1032
77.877358,-14.859438,1040
77.877358,-15.859438,1048
77.877358,-17.859438,1056
77.877358,-18.859438,1064
77.877358,-20.859438,1080
77.877358,-21.859438,1088
77.877358,-23.859438,1096
77.877358,-24.859438,1112
77.877358,-25.859438,1120
77.877358,-27.859438,1128
77.877358,-29.859438,1144
77.877358,-30.859438,1152
77.877358,-31.859438,1160
77.877358,-32.859438,1168
77.877358,-34.859438,1176
77.877358,-35.859438,1192
77.877358,-36.859438,1200
77.877358,-37.859438,1208
77.877358,-39.859438,1216
77.877358,-40.859438,1233
77.877358,-43.859438,1240
77.877358,-45.859438,1256
77.877358,-46.859438,1264
77.877358,-47.859438,1280
77.877358,-48.859438,1288
77.877358,-49.859438,1296
77.877358,-50.859438,1312
77.877358,-51.859438,1320
77.877358,-52.859438,1328
77.877358,-53.859438,1344
77.877358,-54.859438,1352
77.877358,-55.859438,1360
77.877358,-56.859438,1368
77.877358,-57.859438,1376
77.877358,-58.859438,1392
77.877358,-59.859438,1416
77.877358,-61.859438,1424
77.877358,-62.859438,1440
77.877358,-64.859438,1448
77.877358,-65.859438,1464
77.877358,-67.859438,1480
77.877358,-68.859438,1504
77.877358,-70.859438,1528
77.877358,-71.859438,1552
77.877358,-73.859438,1568
77.877358,-74.859438,1600
77.877358,-75.859438,1616
77.877358,-76.859438,1624
77.877358,-77.859438,1632
77.877358,-79.859438,1648
77.877358,-80.859438,1672
77.877358,-82.859438,1728
77.877358,-83.859438,1760
77.877358,-85.859438,1824
77.877358,-86.859438,1904
77.877358,-88.859438,1968
76.877358,-87.859438,2312
BREAK
