START
31.877358,-23.859438,0
32.877358,-23.859438,142
33.877358,-23.859438,158
36.877358,-23.859438,175
40.877358,-23.859438,192
43.877358,-23.859438,225
44.877358,-23.859438,242
46.877358,-23.859438,259
48.877358,-23.859438,276
49.877358,-23.859438,292
51.877358,-23.859438,309
53.877358,-23.859438,326
55.877358,-23.859438,342
56.877358,-23.859438,359
57.877358,-23.859438,376
58.877358,-23.859438,393
59.877358,-23.859438,409
60.877358,-23.859438,426
61.877358,-23.859438,443
62.877358,-23.859438,460
63.877358,-23.859438,493
64.877358,-23.859438,510
65.877358,-23.859438,526
67.877358,-23.859438,543
68.877358,-23.859438,560
69.877358,-23.859438,593
70.877358,-23.859438,610
71.877358,-22.859438,627
72.877358,-22.859438,677
73.877358,-22.859438,744
73.877358,-23.859438,1095
73.877358,-24.859438,1129
73.877358,-25.859438,1145
73.877358,-26.859438,1162
73.877358,-27.859438,1196
73.877358,-28.859438,1212
73.877358,-29.859438,1229
73.877358,-31.859438,1246
73.877358,-32.859438,1262
73.877358,-33.859438,1279
73.877358,-35.859438,1296
73.877358,-36.859438,1329
73.877358,-38.859438,1346
73.877358,-40.859438,1363
73.877358,-42.859438,1380
73.877358,-43.859438,1396
73.877358,-45.859438,1413
72.877358,-46.859438,1430
72.877358,-48.859438,1446
72.877358,-49.859438,1463
72.877358,-50.859438,1480
72.877358,-51.859438,1497
72.877358,-53.859438,1513
72.877358,-54.859438,1530
72.877358,-55.859438,1547
72.877358,-56.859438,1564
72.877358,-58.859438,1580
72.877358,-59.859438,1597
72.877358,-61.859438,1614
72.877358,-63.859438,1630
72.877358,-64.859438,1647
72.877358,-66.859438,1664
72.877358,-67.859438,1681
72.877358,-68.859438,1697
72.877358,-69.859438,1714
72.877358,-71.859438,1731
72.877358,-72.859438,1748
72.877358,-73.859438,1765
72.877358,-74.859438,1781
72.877358,-76.859438,1798
72.877358,-77.859438,1815
72.877358,-78.859438,1831
72.877358,-79.859438,1848
72.877358,-81.859438,1881
72.877358,-82.859438,1898
72.877358,-83.859438,1915
72.877358,-84.859438,1948
72.877358,-85.859438,2049
72.877358,-86.859438,2099
72.877358,-87.859438,2383
BREAK
