START
24.917127,-29.098589,0
23.507913,-29.098589,31
22.803306,-29.803197,40
22.098699,-30.507804,56
22.098699,-31.212411,64
21.394092,-31.212411,72
21.394092,-31.917018,80
20.689485,-31.917018,88
20.689485,-32.621625,96
20.689485,-33.326232,104
19.984878,-34.030839,112
19.984878,-34.735446,136
19.984878,-35.440053,152
19.984878,-36.14466,168
19.984878,-36.849267,184
19.984878,-37.553874,200
19.984878,-38.258481,208
19.984878,-38.963088,216
19.984878,-39.667695,232
19.984878,-40.372302,240
20.689485,-41.076909,248
21.394092,-41.781516,256
22.098699,-42.486123,264
22.803306,-43.19073,272
22.803306,-43.895337,280
23.507913,-43.895337,288
24.21252,-44.599944,296
24.917127,-44.599944,304
25.621734,-44.599944,312
26.326341,-45.304552,328
27.030948,-45.304552,336
27.735555,-45.304552,344
28.440162,-45.304552,352
29.849376,-45.304552,360
31.25859,-45.304552,376
31.963197,-45.304552,384
32.667804,-44.599944,392
32.667804,-43.895337,408
33.372411,-42.486123,416
34.077018,-41.781516,424
34.077018,-41.076909,432
34.781626,-40.372302,440
35.486233,-39.667695,448
36.19084,-38.258481,456
36.895447,-37.553874,464
37.600054,-36.849267,472
38.304661,-35.440053,480
39.009268,-34.735446,488
40.418482,-34.030839,496
41.123089,-34.030839,504
41.827696,-33.326232,512
42.532303,-31.917018,520
43.23691,-31.212411,528
43.941517,-30.507804,536
44.646124,-30.507804,544
46.055338,-29.803197,552
46.759945,-29.098589,560
48.169159,-28.393982,568
48.873766,-28.393982,576
50.987588,-27.689375,584
52.396802,-26.984768,592
54.510623,-26.280161,600
55.21523,-26.280161,608
55.919837,-25.575554,616
58.033658,-25.575554,624
58.738265,-25.575554,632
60.852086,-25.575554,640
62.2613,-25.575554,648
63.670514,-24.870947,656
65.784336,-24.870947,664
67.898157,-24.870947,672
70.011978,-24.870947,680
72.830406,-24.870947,688
73.535013,-24.870947,696
75.648834,-24.870947,704
76.353441,-24.870947,712
77.762655,-24.870947,720
78.467262,-24.870947,728
80.581083,-24.870947,736
81.285691,-24.870947,744
81.990298,-25.575554,752
83.399512,-26.280161,760
84.104119,-26.984768,768
84.808726,-27.689375,776
85.513333,-27.689375,784
86.21794,-28.393982,792
86.922547,-28.393982,800
86.922547,-29.098589,808
86.922547,-29.803197,816
87.627154,-29.803197,824
87.627154,-30.507804,832
88.331761,-31.212411,856
88.331761,-31.917018,864
89.036368,-31.917018,872
89.036368,-32.621625,880
89.036368,-33.326232,896
89.036368,-34.735446,912
89.036368,-35.440053,928
89.740975,-35.440053,944
89.740975,-36.14466,952
89.740975,-36.849267,968
89.740975,-37.553874,992
90.445582,-37.553874,1016
90.445582,-38.258481,1024
91.150189,-38.963088,1032
91.150189,-39.667695,1040
91.150189,-40.372302,1056
90.445582,-39.667695,1176
BREAK
46.759945,-31.917018,2008
46.055338,-31.917018,2088
45.350731,-32.621625,2096
45.350731,-33.326232,2104
44.646124,-34.030839,2112
43.941517,-34.735446,2128
43.941517,-35.440053,2136
43.23691,-36.14466,2144
42.532303,-36.14466,2152
42.532303,-37.553874,2168
41.827696,-38.258481,2184
41.827696,-38.963088,2192
41.123089,-39.667695,2208
41.123089,-40.372302,2216
40.418482,-41.076909,2224
40.418482,-41.781516,2240
40.418482,-42.486123,2248
40.418482,-43.895337,2264
40.418482,-44.599944,2272
39.713875,-45.304552,2280
39.009268,-46.009159,2288
39.009268,-46.713766,2296
39.009268,-47.418373,2304
39.009268,-48.12298,2312
38.304661,-48.827587,2320
38.304661,-49.532194,2336
38.304661,-50.941408,2344
38.304661,-51.646015,2352
38.304661,-52.350622,2360
37.600054,-52.350622,2368
37.600054,-53.055229,2376
37.600054,-53.759836,2384
37.600054,-55.16905,2400
37.600054,-56.578264,2416
37.600054,-57.282871,2424
37.600054,-57.987478,2440
37.600054,-58.692085,2448
37.600054,-60.1013,2456
37.600054,-60.805907,2464
37.600054,-61.510514,2472
37.600054,-62.215121,2480
38.304661,-62.919728,2488
38.304661,-63.624335,2496
38.304661,-64.328942,2504
39.009268,-65.738156,2520
39.009268,-66.442763,2544
39.713875,-66.442763,2552
39.713875,-67.14737,2560
40.418482,-67.14737,2736
BREAK
