START
62.188679,-34.405622,0
60.188679,-34.405622,80
58.188679,-34.405622,96
55.188679,-34.405622,104
53.188679,-35.405622,112
51.188679,-36.405622,120
49.188679,-37.405622,128
46.188679,-38.405622,136
44.188679,-39.405622,144
43.188679,-40.405622,152
41.188679,-40.405622,160
39.188679,-41.405622,168
38.188679,-42.405622,176
37.188679,-43.405622,184
36.188679,-45.405622,192
34.188679,-45.405622,200
33.188679,-47.405622,208
31.188679,-47.405622,216
30.188679,-49.405622,224
29.188679,-50.405622,232
28.188679,-52.405622,240
27.188679,-53.405622,248
26.188679,-55.405622,256
26.188679,-56.405622,264
26.188679,-57.405622,272
26.188679,-59.405622,280
24.188679,-60.405622,288
24.188679,-61.405622,296
24.188679,-63.405622,304
24.188679,-64.405622,312
24.188679,-65.405622,320
24.188679,-67.405622,328
24.188679,-69.405622,336
24.188679,-70.405622,344
24.188679,-71.405622,352
25.188679,-73.405622,360
25.188679,-75.405622,368
26.188679,-77.405622,376
27.188679,-78.405622,384
28.188679,-79.405622,392
30.188679,-81.405622,400
31.188679,-82.405622,408
33.188679,-83.405622,416
36.188679,-84.405622,424
38.188679,-85.405622,432
41.188679,-85.405622,440
44.188679,-85.405622,448
46.188679,-85.405622,456
48.188679,-85.405622,464
51.188679,-85.405622,472
53.188679,-85.405622,480
54.188679,-84.405622,490
55.188679,-84.405622,496
55.188679,-83.405622,504
57.188679,-82.405622,512
57.188679,-81.405622,520
57.188679,-80.405622,528
57.188679,-78.405622,536
58.188679,-77.405622,544
58.188679,-76.405622,552
58.188679,-74.405622,560
58.188679,-73.405622,568
58.188679,-72.405622,576
58.188679,-71.405622,584
58.188679,-69.405622,592
58.188679,-68.405622,600
58.188679,-66.405622,608
58.188679,-64.405622,616
58.188679,-63.405622,624
58.188679,-61.405622,632
58.188679,-59.405622,640
57.188679,-57.405622,648
56.188679,-56.405622,656
55.188679,-54.405622,664
54.188679,-52.405622,672
52.188679,-50.405622,680
51.188679,-48.405622,688
50.188679,-47.405622,696
49.188679,-45.405622,704
48.188679,-44.405622,712
47.188679,-43.405622,720
47.188679,-42.405622,736
46.188679,-42.405622,744
46.188679,-41.405622,760
46.188679,-40.405622,784
BREAK
