START
28.112288,-62.532004,0
28.112288,-62.135719,40
28.112288,-61.739435,47
28.112288,-60.946865,63
28.112288,-60.55058,79
28.112288,-60.154295,87
28.112288,-59.361726,103
28.112288,-58.965441,111
28.112288,-58.569156,119
28.112288,-58.172871,127
28.112288,-57.380301,135
28.112288,-56.587732,151
28.112288,-56.191447,159
28.112288,-55.398877,175
35.245414,-51.832314,331
35.245414,-52.228599,424
36.037984,-53.021168,431
36.434269,-53.813738,447
36.434269,-54.210023,464
36.434269,-54.606308,472
36.434269,-55.398877,488
36.434269,-55.795162,504
36.434269,-56.191447,512
36.830554,-56.984017,520
36.830554,-57.776586,536
36.830554,-58.172871,552
36.830554,-58.569156,568
36.830554,-58.965441,576
36.830554,-59.361726,583
36.830554,-59.75801,592
36.830554,-60.154295,600
36.830554,-60.55058,608
36.830554,-60.946865,624
36.434269,-60.946865,632
36.434269,-61.34315,640
36.037984,-61.739435,656
36.037984,-62.135719,664
35.641699,-62.135719,672
35.245414,-62.135719,680
34.84913,-62.135719,696
34.452845,-62.532004,704
34.05656,-62.532004,712
33.660275,-62.532004,720
33.26399,-62.532004,728
32.867705,-62.532004,736
32.471421,-62.532004,752
32.075136,-62.532004,768
31.678851,-62.532004,776
31.282566,-62.532004,800
30.886281,-62.532004,808
30.489996,-62.532004,816
29.697427,-62.532004,824
28.904857,-62.532004,832
28.508572,-62.532004,840
28.112288,-62.532004,848
27.716003,-62.532004,872
27.319718,-62.135719,912
26.923433,-61.34315,936
26.527148,-61.34315,944
26.130863,-60.946865,952
26.130863,-60.55058,968
26.130863,-60.154295,984
26.130863,-59.75801,992
26.130863,-58.965441,1008
25.734579,-58.569156,1016
25.734579,-57.776586,1024
25.734579,-57.380301,1032
25.734579,-56.191447,1040
25.734579,-55.795162,1048
25.734579,-55.002592,1056
25.734579,-54.606308,1064
25.734579,-53.813738,1072
25.734579,-53.417453,1080
25.734579,-53.021168,1088
25.734579,-52.624883,1096
25.734579,-52.228599,1104
26.130863,-51.832314,1112
26.130863,-51.039744,1120
26.130863,-50.643459,1128
26.130863,-50.247174,1136
26.130863,-49.85089,1144
26.130863,-49.05832,1152
26.130863,-48.662035,1168
26.527148,-47.869465,1184
26.527148,-47.473181,1192
26.923433,-47.076896,1208
27.716003,-46.680611,1216
28.508572,-46.284326,1224
28.904857,-45.491756,1232
29.697427,-45.095472,1240
30.489996,-44.699187,1248
31.282566,-44.699187,1256
32.075136,-44.302902,1264
32.471421,-43.906617,1272
33.26399,-43.510332,1280
33.660275,-43.114048,1288
34.84913,-42.717763,1296
35.245414,-42.321478,1304
35.641699,-41.925193,1312
36.830554,-41.925193,1320
37.623123,-41.528908,1328
38.019408,-41.528908,1336
38.811978,-41.528908,1344
40.000832,-41.132623,1352
40.793402,-41.132623,1360
41.982257,-41.132623,1368
42.774826,-41.132623,1376
44.359966,-41.132623,1384
45.54882,-41.132623,1392
45.945105,-40.736339,1400
46.34139,-40.736339,1408
46.737675,-40.736339,1416
47.530244,-40.736339,1456
47.926529,-41.132623,1472
48.322814,-41.132623,1480
49.115383,-41.528908,1488
49.907953,-41.925193,1496
50.304238,-42.717763,1512
50.304238,-43.114048,1520
50.700523,-43.510332,1528
51.096808,-43.906617,1536
51.096808,-44.302902,1544
51.096808,-44.699187,1552
51.096808,-45.491756,1568
51.096808,-45.888041,1584
51.493092,-46.284326,1592
51.493092,-46.680611,1600
51.493092,-47.473181,1608
51.493092,-47.869465,1624
51.493092,-48.26575,1632
51.493092,-48.662035,1640
51.493092,-49.05832,1656
51.493092,-49.454605,1672
51.493092,-49.85089,1680
51.493092,-50.247174,1688
51.493092,-50.643459,1696
51.493092,-51.039744,1712
51.493092,-51.436029,1720
51.493092,-51.832314,1736
51.493092,-52.228599,1752
51.493092,-52.624883,1768
51.493092,-53.021168,1776
51.493092,-53.417453,1792
51.493092,-53.813738,1800
51.096808,-53.813738,1808
50.700523,-54.210023,1816
50.700523,-54.606308,1824
50.304238,-55.002592,1832
49.907953,-55.002592,1840
49.907953,-55.795162,1848
49.511668,-56.191447,1856
49.115383,-56.587732,1864
49.115383,-56.984017,1872
49.115383,-57.380301,1880
49.115383,-57.776586,1888
48.719099,-58.172871,1896
48.719099,-58.569156,1904
48.719099,-58.965441,1920
48.322814,-58.965441,1928
47.926529,-59.361726,1936
47.530244,-59.75801,1952
47.133959,-60.154295,1960
47.133959,-60.55058,1968
46.737675,-60.55058,1984
47.133959,-60.55058,2297
47.926529,-60.55058,2304
49.115383,-60.55058,2312
50.700523,-60.55058,2320
52.285662,-60.55058,2328
55.059656,-60.55058,2336
57.04108,-60.55058,2344
58.626219,-60.55058,2352
59.815074,-60.55058,2360
61.796498,-60.55058,2368
62.985353,-60.55058,2376
64.174207,-60.55058,2384
64.966777,-60.55058,2392
65.759346,-60.55058,2400
66.155631,-60.55058,2408
66.551916,-60.55058,2416
66.948201,-60.55058,2424
67.344486,-60.55058,2432
67.74077,-60.154295,2440
68.53334,-60.154295,2448
69.32591,-60.154295,2464
70.118479,-60.154295,2472
70.911049,-60.154295,2480
71.703619,-60.154295,2488
72.496188,-60.154295,2496
73.685043,-60.154295,2504
74.477613,-60.154295,2512
75.270182,-60.154295,2520
76.062752,-60.154295,2528
76.855322,-60.154295,2536
77.647891,-60.154295,2544
78.044176,-60.154295,2552
78.440461,-60.154295,2560
78.440461,-59.361726,2832
78.440461,-58.965441,2848
78.440461,-58.172871,2856
78.440461,-56.984017,2864
78.440461,-56.191447,2872
78.440461,-55.002592,2880
78.440461,-53.813738,2888
78.440461,-53.021168,2896
78.440461,-51.832314,2904
78.440461,-50.643459,2912
78.440461,-49.05832,2920
78.440461,-47.869465,2928
77.647891,-46.680611,2936
77.647891,-45.888041,2944
77.647891,-44.699187,2952
77.647891,-43.510332,2960
77.647891,-42.717763,2968
77.647891,-41.925193,2976
77.647891,-40.736339,2984
77.647891,-40.340054,2992
77.647891,-39.547484,3000
77.647891,-38.754914,3008
77.647891,-37.962345,3016
77.647891,-37.169775,3024
77.647891,-36.77349,3032
77.647891,-36.377205,3040
77.647891,-35.980921,3048
77.647891,-35.584636,3064
77.647891,-35.188351,3072
77.251606,-35.188351,3176
76.459037,-35.584636,3192
BREAK
61.400213,-37.56606,3592
61.400213,-37.962345,3663
61.400213,-38.754914,3671
61.400213,-39.547484,3679
61.400213,-40.340054,3687
61.400213,-40.736339,3695
61.400213,-41.528908,3703
61.400213,-42.717763,3711
61.796498,-43.114048,3719
61.796498,-43.510332,3727
61.796498,-43.906617,3735
61.796498,-44.699187,3743
61.796498,-45.491756,3751
61.796498,-46.284326,3767
61.796498,-47.076896,3775
61.796498,-47.473181,3783
61.796498,-47.869465,3791
61.796498,-48.662035,3799
61.796498,-49.85089,3807
61.796498,-50.643459,3815
61.796498,-51.436029,3823
61.796498,-51.832314,3831
61.796498,-52.624883,3839
61.796498,-53.417453,3847
61.796498,-54.210023,3855
61.796498,-55.002592,3863
61.796498,-55.795162,3871
61.796498,-56.191447,3879
61.796498,-56.587732,3887
61.796498,-57.380301,3895
61.796498,-57.776586,3911
61.796498,-58.172871,3919
61.796498,-58.569156,3935
61.796498,-58.965441,4096
61.796498,-59.361726,4119
61.796498,-59.75801,4232
61.796498,-60.154295,4239
61.796498,-60.55058,4255
61.796498,-60.946865,4271
BREAK
