START
39.208263,-54.210023,0
38.811978,-53.813738,8
38.811978,-53.417453,72
38.415693,-53.417453,80
38.019408,-53.021168,112
37.623123,-53.021168,128
37.226839,-53.021168,144
36.434269,-53.021168,160
36.037984,-53.417453,168
35.245414,-53.813738,184
34.84913,-54.210023,192
34.452845,-54.606308,200
33.660275,-55.398877,208
33.26399,-55.795162,224
32.867705,-56.587732,232
32.867705,-56.984017,240
32.867705,-57.380301,256
32.867705,-57.776586,264
32.867705,-58.172871,272
33.26399,-58.569156,280
33.660275,-59.361726,304
34.05656,-59.75801,312
34.452845,-60.154295,320
34.84913,-60.55058,336
35.245414,-60.946865,344
36.037984,-61.34315,352
36.434269,-61.739435,361
36.830554,-62.135719,376
37.226839,-62.532004,392
37.623123,-62.532004,408
38.019408,-62.532004,416
38.811978,-62.532004,424
39.208263,-62.135719,432
40.000832,-62.135719,448
40.793402,-62.135719,456
41.585972,-61.739435,464
42.378541,-61.34315,472
43.171111,-61.34315,488
43.963681,-60.946865,496
44.359966,-60.55058,504
44.75625,-60.154295,512
44.75625,-59.75801,529
44.75625,-59.361726,545
45.152535,-58.965441,560
45.152535,-58.569156,568
45.152535,-58.172871,576
44.75625,-57.776586,584
44.75625,-56.984017,600
44.359966,-56.587732,608
44.359966,-56.191447,616
43.963681,-55.398877,624
43.567396,-55.002592,640
43.567396,-54.210023,648
42.774826,-53.813738,656
42.378541,-53.417453,672
41.585972,-53.021168,680
40.397117,-52.228599,688
39.604548,-51.832314,696
38.811978,-51.436029,712
38.415693,-51.039744,720
38.019408,-51.039744,728
BREAK
31.282566,-56.984017,1793
30.886281,-57.380301,1808
30.489996,-57.380301,1824
30.093712,-56.984017,1960
30.093712,-56.587732,1976
29.697427,-56.191447,2000
29.301142,-55.795162,2016
29.301142,-55.398877,2040
29.301142,-55.002592,2056
28.904857,-54.606308,2088
28.904857,-54.210023,2112
28.508572,-54.210023,2120
28.112288,-53.417453,2144
28.112288,-53.021168,2160
27.716003,-52.624883,2168
27.319718,-52.624883,2184
27.319718,-52.228599,2192
26.923433,-51.832314,2200
26.527148,-51.436029,2224
26.527148,-51.039744,2232
26.527148,-50.643459,2240
26.130863,-50.247174,2256
25.734579,-49.454605,2272
25.734579,-49.05832,2296
25.338294,-48.662035,2304
25.338294,-48.26575,2312
25.338294,-47.869465,2336
25.338294,-47.473181,2344
25.338294,-47.076896,2352
25.734579,-46.284326,2361
25.734579,-45.888041,2376
26.130863,-45.095472,2384
26.130863,-44.699187,2392
26.527148,-43.906617,2408
26.923433,-43.114048,2416
27.319718,-42.717763,2424
27.716003,-41.925193,2432
28.112288,-41.528908,2448
28.508572,-40.736339,2456
28.904857,-40.340054,2464
29.697427,-39.943769,2472
30.093712,-39.151199,2488
30.489996,-38.754914,2496
30.886281,-38.35863,2504
31.282566,-37.962345,2520
31.678851,-37.962345,2528
32.471421,-37.56606,2536
32.867705,-37.169775,2560
33.26399,-37.169775,2568
33.660275,-37.169775,2600
34.05656,-37.169775,2616
34.452845,-37.169775,2640
34.84913,-37.169775,2656
35.245414,-37.169775,2672
35.641699,-37.56606,2681
36.037984,-37.56606,2688
36.830554,-37.962345,2712
37.226839,-37.962345,2720
37.623123,-38.35863,2728
38.019408,-38.35863,2736
38.415693,-38.754914,2752
39.208263,-38.754914,2760
39.604548,-39.151199,2768
40.397117,-39.151199,2785
40.793402,-39.151199,2792
41.189687,-39.151199,2800
41.585972,-39.547484,2809
41.982257,-39.943769,2824
42.378541,-40.340054,2833
42.774826,-41.132623,2864
43.171111,-41.132623,2872
43.567396,-41.132623,2880
43.963681,-41.528908,2889
44.359966,-41.925193,2913
44.75625,-41.925193,2920
44.75625,-42.321478,2936
45.152535,-42.717763,2944
45.54882,-43.114048,2960
45.945105,-43.510332,2976
46.34139,-43.510332,2985
46.737675,-43.906617,2993
47.133959,-44.302902,3017
47.133959,-44.699187,3024
47.133959,-45.095472,3032
47.530244,-45.491756,3048
47.530244,-45.888041,3064
47.530244,-46.284326,3073
47.926529,-46.680611,3096
47.926529,-47.076896,3105
47.926529,-47.473181,3112
48.322814,-47.869465,3129
48.719099,-48.26575,3144
48.719099,-48.662035,3153
49.115383,-49.05832,3169
49.115383,-49.454605,3177
49.115383,-49.85089,3201
49.511668,-50.247174,3209
49.511668,-50.643459,3216
49.511668,-51.039744,3225
49.511668,-51.436029,3249
49.511668,-51.832314,3257
49.511668,-52.228599,3281
49.511668,-52.624883,3297
49.511668,-53.021168,3305
49.511668,-53.417453,3329
49.511668,-53.813738,3337
49.511668,-54.210023,3361
49.511668,-54.606308,3369
49.115383,-55.002592,3377
49.115383,-55.398877,3392
48.719099,-55.795162,3401
48.719099,-56.191447,3416
48.322814,-56.587732,3433
48.322814,-56.984017,3448
47.926529,-57.380301,3457
47.926529,-57.776586,3473
47.926529,-58.172871,3489
47.926529,-58.569156,3521
47.926529,-58.965441,3545
47.530244,-59.361726,3561
47.530244,-59.75801,3585
47.133959,-59.75801,3593
47.133959,-60.154295,3601
47.133959,-60.55058,3609
46.737675,-60.55058,3641
46.737675,-60.946865,3649
46.737675,-61.34315,3697
46.34139,-61.739435,3713
45.945105,-62.135719,3753
45.945105,-62.532004,3777
45.945105,-62.928289,3865
46.34139,-62.928289,3945
46.737675,-62.928289,3961
47.133959,-62.928289,3977
47.530244,-62.532004,3985
47.926529,-62.135719,4001
48.719099,-62.135719,4009
49.511668,-62.135719,4017
49.907953,-61.739435,4025
50.700523,-61.739435,4041
51.493092,-61.34315,4049
52.285662,-61.34315,4057
52.681947,-60.946865,4065
53.870801,-60.946865,4081
54.663371,-60.946865,4089
55.455941,-60.946865,4097
55.852226,-60.946865,4113
56.24851,-60.946865,4121
56.644795,-60.946865,4129
57.04108,-60.946865,4153
57.437365,-60.946865,4177
58.229935,-60.946865,4193
58.626219,-60.946865,4209
59.418789,-60.946865,4241
59.815074,-60.946865,4249
60.211359,-60.946865,4273
60.607644,-60.946865,4313
61.003928,-60.946865,4329
61.400213,-60.946865,4353
61.400213,-61.34315,4361
61.796498,-61.739435,4393
62.192783,-61.739435,4417
62.589068,-61.739435,4425
62.985353,-61.739435,4433
63.381637,-61.739435,4441
63.777922,-61.739435,4457
64.174207,-61.739435,4473
64.570492,-62.135719,4497
64.966777,-62.135719,4505
65.363062,-62.135719,4513
65.759346,-62.135719,4521
66.551916,-62.135719,4537
67.344486,-62.135719,4545
68.137055,-62.135719,4553
68.53334,-62.135719,4569
69.32591,-62.135719,4577
69.722195,-62.135719,4585
70.118479,-62.135719,4609
70.911049,-62.135719,4617
71.703619,-62.135719,4625
72.496188,-62.135719,4633
73.288758,-62.135719,4649
74.081328,-62.135719,4657
75.270182,-62.135719,4665
76.062752,-62.135719,4673
76.855322,-62.135719,4689
77.251606,-62.135719,4697
77.647891,-62.135719,4705
78.044176,-62.135719,4721
78.836746,-62.135719,4729
79.233031,-62.135719,4737
79.629315,-62.135719,4761
80.0256,-62.135719,4777
80.0256,-61.739435,4785
BREAK
61.400213,-40.340054,5305
61.400213,-40.736339,5384
61.796498,-41.132623,5408
61.796498,-41.528908,5416
61.796498,-41.925193,5424
61.796498,-42.321478,5432
61.796498,-43.114048,5448
62.192783,-43.906617,5456
62.192783,-44.699187,5464
62.985353,-45.888041,5480
63.381637,-46.680611,5488
63.381637,-47.473181,5496
63.777922,-48.26575,5504
63.777922,-49.05832,5520
63.777922,-49.85089,5528
64.174207,-50.643459,5536
64.174207,-51.436029,5544
64.174207,-52.228599,5560
64.174207,-53.021168,5568
64.570492,-53.813738,5576
64.570492,-54.210023,5584
64.570492,-55.002592,5600
64.570492,-55.795162,5608
64.570492,-56.587732,5616
64.570492,-56.984017,5632
64.570492,-57.776586,5640
64.570492,-58.172871,5656
64.570492,-58.569156,5672
64.966777,-58.965441,5680
64.966777,-59.361726,5696
64.966777,-59.75801,5728
BREAK
78.044176,-37.169775,6313
78.440461,-36.77349,6320
78.836746,-37.169775,6408
78.836746,-37.56606,6416
79.233031,-37.962345,6432
79.233031,-38.754914,6440
79.233031,-39.547484,6448
79.233031,-40.340054,6464
79.629315,-41.132623,6472
79.629315,-41.925193,6480
80.421885,-43.906617,6488
80.421885,-44.699187,6504
80.421885,-45.491756,6512
80.81817,-46.284326,6520
80.81817,-47.076896,6528
80.81817,-47.869465,6544
80.81817,-48.662035,6552
80.81817,-49.454605,6560
80.81817,-50.247174,6576
80.81817,-51.039744,6584
80.81817,-51.436029,6592
80.81817,-52.228599,6600
80.81817,-52.624883,6616
80.81817,-53.021168,6624
80.81817,-53.813738,6632
80.81817,-54.606308,6640
80.81817,-55.002592,6656
80.81817,-55.795162,6664
80.421885,-56.191447,6672
80.421885,-56.587732,6680
80.421885,-56.984017,6696
80.0256,-57.380301,6704
80.0256,-57.776586,6728
79.629315,-58.172871,6736
79.629315,-58.569156,6744
79.233031,-58.965441,6752
79.233031,-59.361726,6768
79.233031,-59.75801,6784
79.233031,-60.154295,6808
79.233031,-60.55058,6848
79.233031,-60.946865,6880
79.233031,-61.34315,6920
79.233031,-61.739435,6936
79.233031,-62.135719,6968
BREAK
65.759346,-57.776586,7761
65.759346,-58.569156,7768
65.759346,-58.965441,7792
65.363062,-58.965441,7801
65.363062,-59.361726,7824
65.363062,-59.75801,7864
65.759346,-59.75801,7872
65.759346,-60.154295,7880
65.759346,-60.55058,7904
65.759346,-60.946865,7976
66.155631,-60.946865,8000
BREAK
