START
37.226839,-52.228599,0
37.226839,-51.832314,20
37.623123,-51.832314,37
37.623123,-51.436029,44
38.019408,-51.436029,52
38.415693,-51.436029,60
38.811978,-51.436029,76
39.208263,-51.436029,84
39.604548,-51.436029,92
40.000832,-51.436029,100
40.397117,-51.436029,108
41.189687,-51.436029,117
41.585972,-51.436029,124
41.982257,-51.436029,133
42.774826,-51.832314,140
43.171111,-51.832314,148
43.567396,-52.228599,157
43.963681,-52.624883,164
44.359966,-53.021168,172
44.75625,-53.417453,180
45.152535,-53.813738,188
45.152535,-54.210023,196
45.54882,-55.002592,204
45.54882,-55.398877,212
45.945105,-55.795162,220
45.945105,-56.587732,229
45.945105,-57.380301,236
45.945105,-57.776586,244
45.945105,-58.172871,252
45.945105,-58.569156,260
45.945105,-58.965441,269
45.54882,-59.361726,276
45.54882,-59.75801,284
45.152535,-59.75801,292
44.75625,-60.154295,301
44.359966,-60.154295,309
43.963681,-60.154295,316
43.171111,-60.154295,324
42.378541,-60.154295,332
41.585972,-60.154295,340
40.793402,-60.154295,349
39.604548,-60.154295,356
38.811978,-59.75801,364
38.019408,-59.361726,372
37.623123,-58.965441,380
36.830554,-58.965441,388
36.434269,-58.569156,396
36.037984,-58.172871,404
36.037984,-57.776586,420
35.641699,-57.776586,428
35.641699,-57.380301,437
35.641699,-56.984017,445
35.641699,-56.587732,452
35.245414,-55.795162,461
35.245414,-55.002592,468
34.84913,-54.210023,476
34.84913,-53.813738,484
34.84913,-53.021168,493
34.84913,-52.228599,500
34.84913,-51.832314,510
34.84913,-51.436029,517
34.84913,-50.643459,524
34.84913,-50.247174,532
34.84913,-49.454605,540
35.245414,-49.05832,549
35.245414,-48.26575,556
35.641699,-47.473181,564
35.641699,-47.076896,572
36.037984,-46.284326,580
36.434269,-45.888041,588
36.830554,-45.095472,596
37.226839,-44.699187,605
37.623123,-44.302902,612
38.019408,-43.906617,620
38.415693,-43.510332,628
38.811978,-43.114048,637
39.208263,-42.717763,645
40.000832,-42.321478,652
40.793402,-42.321478,660
41.189687,-41.925193,668
41.982257,-41.528908,676
42.774826,-41.528908,685
43.171111,-41.132623,692
43.963681,-41.132623,700
44.359966,-41.132623,708
45.152535,-40.736339,716
45.54882,-40.736339,725
45.945105,-40.736339,732
46.737675,-40.736339,740
47.133959,-40.736339,748
47.926529,-41.132623,757
48.322814,-41.132623,764
49.115383,-41.528908,772
49.907953,-41.528908,780
50.304238,-41.925193,788
51.096808,-42.321478,796
51.493092,-42.717763,804
52.285662,-43.510332,812
52.285662,-43.906617,821
52.681947,-44.699187,829
53.078232,-45.491756,837
53.078232,-46.284326,846
53.078232,-47.076896,853
53.078232,-47.473181,861
53.078232,-48.26575,868
53.078232,-49.05832,876
53.078232,-49.85089,885
53.078232,-50.643459,892
53.078232,-51.039744,901
53.078232,-51.832314,908
53.078232,-52.624883,916
53.078232,-53.417453,924
52.681947,-53.813738,932
52.285662,-54.606308,941
52.285662,-55.002592,949
51.889377,-55.398877,956
51.889377,-56.191447,965
51.493092,-56.587732,973
51.493092,-56.984017,981
51.493092,-57.380301,989
51.096808,-57.776586,996
51.096808,-58.172871,1005
51.096808,-58.569156,1012
50.700523,-58.569156,1021
50.700523,-58.965441,1028
50.700523,-59.361726,1036
50.700523,-59.75801,1076
51.096808,-59.75801,1181
51.493092,-59.75801,1189
52.285662,-59.75801,1197
53.078232,-59.75801,1204
54.267086,-59.75801,1213
55.455941,-59.75801,1221
56.644795,-59.75801,1229
57.83365,-59.75801,1237
58.626219,-59.75801,1244
59.815074,-59.75801,1254
61.003928,-59.75801,1260
61.400213,-59.75801,1268
62.192783,-59.75801,1276
62.985353,-59.75801,1284
64.174207,-59.361726,1292
64.570492,-59.361726,1300
65.759346,-59.361726,1308
66.155631,-58.965441,1316
66.948201,-58.965441,1324
67.74077,-58.965441,1332
68.53334,-58.569156,1340
69.32591,-58.569156,1348
70.118479,-58.569156,1356
70.911049,-58.172871,1364
71.307334,-58.172871,1372
71.703619,-58.172871,1380
72.099904,-58.172871,1388
72.099904,-57.776586,1396
72.496188,-57.776586,1404
72.892473,-57.776586,1445
72.892473,-57.380301,1509
73.288758,-57.380301,1520
73.288758,-56.984017,1529
73.288758,-56.587732,1537
73.288758,-56.191447,1545
73.288758,-55.795162,1552
73.288758,-55.002592,1561
73.288758,-54.210023,1569
73.288758,-53.417453,1575
73.288758,-51.436029,1589
73.288758,-50.643459,1597
73.288758,-49.454605,1605
73.288758,-48.662035,1613
73.288758,-47.473181,1622
73.288758,-46.680611,1629
73.288758,-45.491756,1637
73.288758,-44.699187,1645
73.288758,-43.510332,1653
73.288758,-42.717763,1662
73.288758,-41.925193,1670
73.288758,-41.132623,1677
73.288758,-40.340054,1686
73.288758,-39.547484,1693
73.288758,-39.151199,1701
BREAK
59.418789,-44.699187,2153
59.815074,-44.699187,2205
59.815074,-45.491756,2212
59.815074,-46.284326,2220
59.815074,-47.076896,2229
60.211359,-47.869465,2237
60.211359,-49.05832,2245
60.211359,-50.247174,2252
60.607644,-51.039744,2260
60.607644,-52.228599,2268
60.607644,-53.021168,2276
60.607644,-53.813738,2284
60.607644,-54.606308,2293
60.607644,-55.398877,2300
60.607644,-55.795162,2308
60.607644,-56.191447,2316
61.003928,-56.984017,2324
61.003928,-57.380301,2333
61.003928,-57.776586,2340
61.003928,-58.172871,2348
61.003928,-58.569156,2364
BREAK
