START
17.174578,-29.213528,0
17.174578,-30.202918,275
17.174578,-32.181698,288
17.174578,-33.171088,314
17.174578,-34.160477,340
17.174578,-35.149867,360
17.174578,-36.139257,374
17.174578,-37.128647,413
17.174578,-39.107427,440
17.174578,-40.096817,453
17.174578,-42.075597,479
17.174578,-43.064987,505
17.174578,-44.054377,532
17.174578,-45.043767,559
17.174578,-46.033156,572
17.174578,-47.022546,599
17.174578,-48.011936,612
17.174578,-49.001326,626
18.163968,-49.990716,638
18.163968,-50.980106,652
18.163968,-51.969496,665
18.163968,-52.958886,678
19.153358,-52.958886,692
19.153358,-54.937666,705
21.132138,-54.937666,718
21.132138,-55.927056,731
21.132138,-56.916446,745
21.132138,-57.905836,757
23.110918,-58.895225,771
24.100308,-60.874005,786
25.089698,-62.852785,797
27.068478,-63.842175,811
28.057867,-64.831565,824
29.047257,-65.820955,851
30.036647,-65.820955,864
31.026037,-66.810345,890
32.015427,-66.810345,904
33.004817,-67.799735,918
33.994207,-67.799735,944
34.983597,-67.799735,957
35.972987,-67.799735,970
37.951767,-67.799735,997
38.941157,-67.799735,1030
39.930547,-67.799735,1056
41.909326,-67.799735,1083
41.909326,-66.810345,1096
42.898716,-66.810345,1109
43.888106,-65.820955,1123
44.877496,-64.831565,1135
45.866886,-64.831565,1149
47.845666,-62.852785,1162
48.835056,-62.852785,1175
48.835056,-61.863395,1189
49.824446,-60.874005,1202
50.813836,-59.884615,1215
51.803226,-59.884615,1228
52.792615,-57.905836,1248
54.771395,-55.927056,1275
54.771395,-54.937666,1288
56.750175,-53.948276,1301
57.739565,-51.969496,1314
57.739565,-50.980106,1341
57.739565,-49.990716,1354
57.739565,-49.001326,1368
58.728955,-47.022546,1380
58.728955,-45.043767,1408
58.728955,-44.054377,1434
58.728955,-43.064987,1447
58.728955,-41.086207,1473
58.728955,-40.096817,1501
58.728955,-39.107427,1527
58.728955,-38.118037,1540
58.728955,-37.128647,1553
58.728955,-36.139257,1580
58.728955,-35.149867,1593
58.728955,-34.160477,1606
58.728955,-33.171088,1632
58.728955,-32.181698,1646
58.728955,-31.192308,1660
58.728955,-30.202918,1686
58.728955,-29.213528,1699
58.728955,-28.224138,1725
58.728955,-27.234748,1739
58.728955,-26.245358,1758
58.728955,-25.255968,1785
58.728955,-24.266578,1798
58.728955,-23.277188,1811
58.728955,-22.287798,1838
58.728955,-21.298408,1851
58.728955,-20.309019,1865
58.728955,-19.319629,1891
58.728955,-18.330239,1918
58.728955,-17.340849,1944
58.728955,-16.351459,2003
58.728955,-15.362069,2323
58.728955,-14.372679,2336
58.728955,-13.383289,2349
58.728955,-12.393899,2631
58.728955,-11.404509,2658
58.728955,-10.415119,2697
BREAK
54.771395,-10.415119,3575
BREAK
59.718345,-13.383289,4531
BREAK
59.718345,-7.4469496,5188
BREAK
59.718345,-14.372679,5715
BREAK
