START
62.686515,-17.340849,0
60.707735,-18.330239,171
60.707735,-19.319629,201
60.707735,-20.309019,223
58.728955,-21.298408,233
58.728955,-22.287798,245
58.728955,-23.277188,260
58.728955,-26.245358,272
58.728955,-27.234748,284
58.728955,-28.224138,295
58.728955,-29.213528,306
58.728955,-30.202918,316
56.750175,-31.192308,327
56.750175,-34.160477,338
56.750175,-36.139257,349
56.750175,-39.107427,359
56.750175,-43.064987,370
56.750175,-44.054377,381
56.750175,-47.022546,392
56.750175,-49.001326,402
56.750175,-49.990716,414
56.750175,-52.958886,424
56.750175,-54.937666,435
56.750175,-56.916446,448
56.750175,-57.905836,459
56.750175,-58.895225,470
56.750175,-59.884615,480
56.750175,-60.874005,491
56.750175,-61.863395,502
56.750175,-62.852785,514
56.750175,-64.831565,531
54.771395,-65.820955,550
54.771395,-66.810345,564
54.771395,-67.799735,575
52.792615,-68.789125,586
51.803226,-71.757294,597
51.803226,-73.736074,607
51.803226,-74.725464,622
51.803226,-75.714854,633
49.824446,-77.693634,644
49.824446,-78.683024,654
47.845666,-79.672414,678
47.845666,-80.661804,688
47.845666,-81.651194,703
47.845666,-82.640584,728
45.866886,-82.640584,746
44.877496,-82.640584,763
44.877496,-83.629973,773
44.877496,-84.619363,784
42.898716,-84.619363,795
41.909326,-85.608753,806
40.919936,-86.598143,816
39.930547,-86.598143,827
38.941157,-86.598143,838
37.951767,-86.598143,849
36.962377,-86.598143,862
34.983597,-86.598143,892
33.994207,-87.587533,902
32.015427,-88.576923,913
31.026037,-88.576923,925
29.047257,-88.576923,936
28.057867,-88.576923,979
27.068478,-88.576923,1037
26.079088,-88.576923,1049
25.089698,-88.576923,1066
24.100308,-88.576923,1077
24.100308,-86.598143,1091
22.121528,-86.598143,1129
21.132138,-86.598143,1140
21.132138,-84.619363,1151
19.153358,-83.629973,1172
19.153358,-82.640584,1190
17.174578,-82.640584,1201
16.185188,-80.661804,1219
15.195799,-79.672414,1229
15.195799,-78.683024,1241
15.195799,-77.693634,1252
13.217019,-77.693634,1263
13.217019,-75.714854,1278
11.238239,-74.725464,1289
10.248849,-74.725464,1300
10.248849,-72.746684,1311
10.248849,-71.757294,1333
10.248849,-70.767905,1357
10.248849,-69.778515,1368
10.248849,-68.789125,1380
10.248849,-67.799735,1400
10.248849,-66.810345,1411
10.248849,-64.831565,1422
10.248849,-62.852785,1433
10.248849,-61.863395,1443
11.238239,-58.895225,1454
12.227629,-57.905836,1465
12.227629,-56.916446,1476
12.227629,-54.937666,1486
14.206409,-54.937666,1497
14.206409,-51.969496,1508
14.206409,-50.980106,1522
10.248849,-49.990716,1563
14.206409,-50.980106,1574
BREAK
