START
43.016245,-38.088448,0
43.918773,-38.088448,73
44.8213,-38.088448,75
44.8213,-38.990975,102
44.8213,-39.893502,111
44.8213,-40.796029,120
44.8213,-41.698556,130
44.8213,-42.601083,139
44.8213,-43.50361,148
44.8213,-44.406137,158
44.8213,-46.211191,167
44.8213,-47.113718,186
44.8213,-48.918773,195
44.8213,-49.8213,204
44.8213,-50.723827,214
44.8213,-51.626354,223
44.8213,-52.528881,232
44.8213,-54.333935,242
44.8213,-55.236462,251
43.918773,-56.138989,260
43.918773,-57.944043,270
43.918773,-59.749097,279
43.016245,-61.554152,288
43.016245,-62.456679,298
42.113718,-62.456679,307
42.113718,-64.261733,316
42.113718,-65.16426,326
41.211191,-66.066787,335
41.211191,-67.871841,344
40.308664,-67.871841,354
40.308664,-68.774368,363
39.406137,-69.676895,372
38.50361,-70.579422,382
38.50361,-71.481949,391
37.601083,-72.384477,400
36.698556,-73.287004,410
36.698556,-74.189531,419
35.796029,-75.092058,428
34.893502,-75.994585,438
34.893502,-76.897112,466
33.990975,-77.799639,475
33.088448,-78.702166,494
33.088448,-79.604693,503
32.185921,-79.604693,522
32.185921,-80.50722,531
33.088448,-80.50722,764
33.990975,-80.50722,848
34.893502,-80.50722,867
35.796029,-80.50722,904
36.698556,-80.50722,1006
38.50361,-80.50722,1016
40.308664,-80.50722,1025
43.016245,-80.50722,1034
44.8213,-80.50722,1044
45.723827,-80.50722,1053
46.626354,-80.50722,1062
48.431408,-80.50722,1072
49.333935,-80.50722,1090
50.236462,-80.50722,1128
51.138989,-80.50722,1137
52.041516,-80.50722,1146
52.944043,-80.50722,1165
53.84657,-80.50722,1184
54.749097,-80.50722,1193
55.651625,-80.50722,1211
56.554152,-80.50722,1230
57.456679,-80.50722,1258
58.359206,-79.604693,1286
59.261733,-79.604693,1295
60.16426,-77.799639,1305
61.969314,-77.799639,1314
62.871841,-75.994585,1323
63.774368,-75.092058,1342
63.774368,-74.189531,1351
63.774368,-73.287004,1379
63.774368,-72.384477,1398
63.774368,-71.481949,1426
63.774368,-70.579422,1435
63.774368,-69.676895,1454
63.774368,-68.774368,1473
63.774368,-67.871841,1510
63.774368,-66.969314,1529
BREAK
