START
48.431408,-40.796029,0
49.333935,-40.796029,184
49.333935,-39.893502,192
50.236462,-39.893502,204
50.236462,-38.990975,216
51.138989,-38.990975,224
52.041516,-38.990975,234
52.041516,-38.088448,240
52.944043,-38.088448,252
52.944043,-37.185921,266
53.84657,-37.185921,274
54.749097,-37.185921,286
55.651625,-37.185921,304
55.651625,-36.283394,310
56.554152,-36.283394,322
57.456679,-36.283394,342
57.456679,-35.380866,366
58.359206,-35.380866,376
58.359206,-34.478339,393
59.261733,-34.478339,406
59.261733,-33.575812,432
60.16426,-33.575812,462
60.16426,-32.673285,476
60.16426,-31.770758,520
61.066787,-31.770758,544
61.066787,-30.868231,576
61.066787,-29.965704,622
61.969314,-29.965704,630
61.969314,-29.063177,668
61.969314,-28.16065,700
61.969314,-27.258123,730
61.969314,-26.355596,764
61.969314,-25.453069,808
61.969314,-24.550542,854
61.969314,-23.648014,891
61.969314,-22.745487,922
61.969314,-21.84296,948
61.969314,-20.940433,1001
61.969314,-20.037906,1038
61.969314,-19.135379,1094
61.969314,-18.232852,1226
61.969314,-19.135379,1480
61.969314,-20.037906,1488
61.969314,-20.940433,1498
62.871841,-20.940433,1501
62.871841,-21.84296,1508
62.871841,-22.745487,1514
62.871841,-23.648014,1524
62.871841,-24.550542,1532
62.871841,-25.453069,1538
62.871841,-26.355596,1548
62.871841,-27.258123,1556
62.871841,-28.16065,1562
62.871841,-29.063177,1570
62.871841,-29.965704,1578
62.871841,-30.868231,1586
62.871841,-31.770758,1598
62.871841,-32.673285,1606
62.871841,-33.575812,1616
62.871841,-34.478339,1628
62.871841,-35.380866,1638
62.871841,-36.283394,1652
62.871841,-37.185921,1664
62.871841,-38.088448,1672
62.871841,-38.990975,1684
62.871841,-39.893502,1690
62.871841,-40.796029,1702
62.871841,-41.698556,1716
62.871841,-42.601083,1728
62.871841,-43.50361,1744
62.871841,-44.406137,1758
62.871841,-45.308664,1766
62.871841,-46.211191,1776
62.871841,-47.113718,1790
62.871841,-48.016245,1796
62.871841,-48.918773,1806
62.871841,-49.8213,1813
62.871841,-50.723827,1821
62.871841,-51.626354,1829
62.871841,-52.528881,1835
62.871841,-53.431408,1842
61.969314,-53.431408,1847
61.969314,-54.333935,1853
61.969314,-55.236462,1858
61.969314,-56.138989,1869
61.969314,-57.041516,1877
61.969314,-57.944043,1885
61.969314,-58.84657,1893
61.969314,-59.749097,1901
61.969314,-60.651625,1908
61.969314,-61.554152,1919
61.969314,-62.456679,1927
61.969314,-63.359206,1939
61.969314,-64.261733,1950
61.969314,-65.16426,1960
61.969314,-66.066787,1972
61.969314,-66.969314,1990
61.969314,-67.871841,2005
61.969314,-68.774368,2021
61.969314,-69.676895,2033
62.871841,-69.676895,2037
62.871841,-70.579422,2047
62.871841,-71.481949,2063
62.871841,-72.384477,2073
62.871841,-73.287004,2089
62.871841,-74.189531,2121
62.871841,-75.092058,2149
62.871841,-75.994585,2185
62.871841,-76.897112,2235
62.871841,-77.799639,2349
62.871841,-78.702166,2389
BREAK
62.871841,-72.384477,3386
62.871841,-73.287004,3518
62.871841,-74.189531,3540
62.871841,-75.092058,3556
62.871841,-75.994585,3578
62.871841,-76.897112,3610
62.871841,-77.799639,3656
62.871841,-78.702166,3816
62.871841,-79.604693,3834
62.871841,-80.50722,3856
62.871841,-81.409747,3884
62.871841,-82.312274,3932
62.871841,-83.214801,3980
62.871841,-84.117329,4539
62.871841,-85.019856,4554
61.969314,-85.019856,4568
61.969314,-85.922383,4604
BREAK
