START
32.949461,-22.027382,0
33.712264,-22.027382,112
36.000674,-22.027382,127
39.051887,-22.027382,143
42.1031,-22.027382,161
45.917116,-22.027382,177
47.442722,-22.027382,195
49.731132,-22.027382,211
50.493935,-22.027382,227
51.256739,-22.027382,244
53.545148,-22.027382,260
54.307951,-22.027382,277
56.596361,-22.027382,295
58.121968,-22.027382,312
58.884771,-22.027382,327
59.647574,-22.027382,362
60.410377,-22.027382,394
61.173181,-22.027382,478
61.935984,-22.027382,545
62.698787,-22.027382,561
64.224394,-22.027382,595
64.987197,-22.027382,628
65.75,-22.027382,662
66.512803,-22.027382,679
67.275606,-22.027382,813
68.03841,-22.027382,846
68.801213,-22.027382,879
69.564016,-22.027382,1081
70.326819,-22.027382,1147
71.089623,-22.027382,1231
71.852426,-22.027382,1299
71.852426,-22.790185,1633
71.852426,-23.552988,1649
71.852426,-24.315791,1665
71.852426,-25.078595,1703
71.852426,-25.841398,1716
71.852426,-26.604201,1733
71.852426,-28.129808,1749
71.852426,-29.655414,1786
71.852426,-31.181021,1817
71.852426,-31.943824,1833
71.852426,-33.46943,1849
71.852426,-35.75784,1866
71.852426,-36.520643,1884
71.852426,-38.04625,1900
71.852426,-39.571856,1916
71.852426,-40.334659,1935
71.852426,-41.860266,1950
71.852426,-42.623069,1967
71.852426,-44.148676,1983
71.852426,-45.674282,2001
71.852426,-46.437085,2018
71.852426,-47.199889,2033
71.852426,-47.962692,2051
71.852426,-48.725495,2070
71.852426,-49.488298,2101
71.852426,-51.013905,2134
71.852426,-51.776708,2151
71.852426,-52.539511,2184
71.852426,-53.302314,2217
71.852426,-54.065118,2236
71.852426,-54.827921,2251
71.852426,-55.590724,2284
71.852426,-56.353527,2301
71.852426,-57.116331,2318
71.852426,-57.879134,2353
71.852426,-58.641937,2385
71.852426,-59.40474,2403
71.852426,-63.218756,2418
71.089623,-65.507166,2436
70.326819,-68.558379,2452
70.326819,-70.846789,2468
70.326819,-72.372395,2486
70.326819,-73.898002,2520
70.326819,-74.660805,2536
70.326819,-75.423608,2552
70.326819,-76.186411,2569
70.326819,-76.949215,2604
70.326819,-77.712018,2636
BREAK
