START
74.108491,-64.281124,0
74.108491,-63.281124,37
74.108491,-62.281124,61
74.108491,-61.281124,87
74.108491,-60.281124,98
74.108491,-58.281124,111
74.108491,-51.281124,122
74.108491,-47.281124,135
74.108491,-44.281124,148
74.108491,-43.281124,161
74.108491,-42.281124,173
74.108491,-41.281124,186
74.108491,-39.281124,198
74.108491,-36.281124,209
74.108491,-34.281124,222
73.108491,-33.281124,234
72.108491,-32.281124,259
71.108491,-31.281124,297
70.108491,-31.281124,321
69.108491,-31.281124,334
68.108491,-30.281124,346
67.108491,-30.281124,357
66.108491,-29.281124,382
65.108491,-29.281124,396
64.108491,-29.281124,407
63.108491,-29.281124,432
62.108491,-29.281124,457
61.108491,-29.281124,469
61.108491,-30.281124,481
61.108491,-32.281124,495
59.108491,-34.281124,507
59.108491,-37.281124,519
59.108491,-39.281124,531
59.108491,-42.281124,543
58.108491,-44.281124,556
58.108491,-46.281124,568
58.108491,-47.281124,580
58.108491,-49.281124,606
58.108491,-51.281124,618
57.108491,-51.281124,630
57.108491,-52.281124,642
57.108491,-54.281124,655
57.108491,-57.281124,667
57.108491,-58.281124,680
57.108491,-59.281124,704
57.108491,-56.281124,791
57.108491,-51.281124,803
57.108491,-47.281124,816
57.108491,-45.281124,829
57.108491,-39.281124,841
57.108491,-35.281124,855
57.108491,-33.281124,866
57.108491,-31.281124,877
57.108491,-30.281124,889
57.108491,-28.281124,903
57.108491,-26.281124,915
56.108491,-26.281124,964
54.108491,-26.281124,990
53.108491,-26.281124,1014
51.108491,-26.281124,1026
49.108491,-27.281124,1051
48.108491,-27.281124,1075
47.108491,-27.281124,1088
46.108491,-27.281124,1101
45.108491,-27.281124,1126
44.108491,-28.281124,1151
42.108491,-29.281124,1176
42.108491,-30.281124,1212
41.108491,-31.281124,1224
41.108491,-32.281124,1236
40.108491,-35.281124,1273
39.108491,-37.281124,1286
39.108491,-38.281124,1299
39.108491,-40.281124,1323
39.108491,-42.281124,1335
39.108491,-43.281124,1348
39.108491,-44.281124,1360
39.108491,-45.281124,1373
39.108491,-47.281124,1385
39.108491,-48.281124,1398
40.108491,-49.281124,1409
40.108491,-50.281124,1423
41.108491,-50.281124,1435
42.108491,-52.281124,1447
43.108491,-53.281124,1459
44.108491,-54.281124,1471
45.108491,-55.281124,1483
46.108491,-57.281124,1496
48.108491,-58.281124,1508
49.108491,-59.281124,1522
51.108491,-61.281124,1533
53.108491,-62.281124,1546
54.108491,-65.281124,1558
56.108491,-65.281124,1571
56.108491,-66.281124,1583
57.108491,-67.281124,1595
58.108491,-68.281124,1608
59.108491,-69.281124,1632
59.108491,-70.281124,1670
59.108491,-71.281124,1954
61.108491,-73.281124,2152
61.108491,-74.281124,2164
63.108491,-76.281124,2176
63.108491,-77.281124,2189
64.108491,-79.281124,2202
65.108491,-79.281124,2214
65.108491,-80.281124,2227
66.108491,-81.281124,2239
67.108491,-82.281124,2252
67.108491,-83.281124,2264
68.108491,-84.281124,2276
68.108491,-85.281124,2288
68.108491,-86.281124,2300
67.108491,-86.281124,2486
65.108491,-86.281124,2498
64.108491,-86.281124,2511
62.108491,-86.281124,2523
59.108491,-85.281124,2536
55.108491,-84.281124,2548
52.108491,-83.281124,2560
48.108491,-81.281124,2573
45.108491,-81.281124,2585
43.108491,-80.281124,2597
41.108491,-80.281124,2610
41.108491,-79.281124,2621
40.108491,-79.281124,2635
40.108491,-80.281124,2770
BREAK
