START
50.108491,-84.281124,0
49.108491,-84.281124,60
48.108491,-84.281124,119
47.108491,-84.281124,139
46.108491,-84.281124,149
44.108491,-84.281124,159
41.108491,-83.281124,169
40.108491,-82.281124,180
39.108491,-81.281124,190
37.108491,-80.281124,200
36.108491,-79.281124,211
35.108491,-78.281124,221
33.108491,-77.281124,231
32.108491,-76.281124,241
31.108491,-74.281124,251
30.108491,-73.281124,263
30.108491,-72.281124,272
30.108491,-71.281124,282
29.108491,-71.281124,292
29.108491,-70.281124,302
29.108491,-68.281124,325
28.108491,-68.281124,335
28.108491,-67.281124,344
27.108491,-66.281124,355
27.108491,-65.281124,365
27.108491,-64.281124,375
26.108491,-63.281124,395
26.108491,-62.281124,405
26.108491,-61.281124,415
26.108491,-60.281124,435
26.108491,-59.281124,445
25.108491,-59.281124,456
25.108491,-58.281124,466
25.108491,-56.281124,476
25.108491,-55.281124,486
25.108491,-54.281124,496
25.108491,-53.281124,505
25.108491,-51.281124,515
25.108491,-50.281124,525
25.108491,-49.281124,535
25.108491,-47.281124,546
25.108491,-46.281124,565
25.108491,-44.281124,576
25.108491,-43.281124,596
26.108491,-42.281124,607
26.108491,-41.281124,618
27.108491,-40.281124,629
28.108491,-39.281124,649
29.108491,-38.281124,659
31.108491,-36.281124,669
32.108491,-35.281124,679
34.108491,-34.281124,689
35.108491,-34.281124,699
36.108491,-34.281124,709
37.108491,-33.281124,718
38.108491,-33.281124,728
39.108491,-32.281124,738
40.108491,-32.281124,749
42.108491,-32.281124,769
43.108491,-32.281124,778
44.108491,-32.281124,788
45.108491,-32.281124,798
46.108491,-32.281124,808
47.108491,-33.281124,819
47.108491,-34.281124,829
48.108491,-35.281124,840
49.108491,-36.281124,864
49.108491,-37.281124,875
49.108491,-38.281124,886
50.108491,-38.281124,905
50.108491,-39.281124,925
51.108491,-40.281124,966
51.108491,-41.281124,1001
51.108491,-42.281124,1011
51.108491,-43.281124,1050
52.108491,-41.281124,1289
52.108491,-40.281124,1299
53.108491,-39.281124,1309
54.108491,-38.281124,1331
54.108491,-37.281124,1352
55.108491,-36.281124,1362
56.108491,-36.281124,1372
57.108491,-35.281124,1382
57.108491,-34.281124,1402
58.108491,-34.281124,1412
59.108491,-33.281124,1433
59.108491,-32.281124,1456
60.108491,-32.281124,1467
61.108491,-32.281124,1479
61.108491,-31.281124,1490
62.108491,-31.281124,1500
63.108491,-31.281124,1510
64.108491,-30.281124,1520
66.108491,-30.281124,1530
68.108491,-30.281124,1540
70.108491,-30.281124,1550
72.108491,-30.281124,1560
73.108491,-30.281124,1570
75.108491,-30.281124,1580
76.108491,-30.281124,1600
77.108491,-30.281124,1611
77.108491,-31.281124,1621
78.108491,-31.281124,1632
79.108491,-32.281124,1643
79.108491,-33.281124,1666
80.108491,-33.281124,1678
80.108491,-35.281124,1689
80.108491,-37.281124,1709
81.108491,-37.281124,1719
81.108491,-38.281124,1729
81.108491,-39.281124,1750
81.108491,-40.281124,1771
81.108491,-42.281124,1783
81.108491,-43.281124,1794
81.108491,-45.281124,1806
81.108491,-47.281124,1817
81.108491,-48.281124,1829
81.108491,-49.281124,1841
80.108491,-50.281124,1852
79.108491,-50.281124,1863
79.108491,-51.281124,1873
78.108491,-52.281124,1893
77.108491,-53.281124,1903
76.108491,-54.281124,1913
75.108491,-54.281124,1923
75.108491,-55.281124,1934
74.108491,-56.281124,1945
73.108491,-56.281124,1968
72.108491,-57.281124,1999
71.108491,-57.281124,2029
71.108491,-58.281124,2039
70.108491,-59.281124,2069
70.108491,-60.281124,2088
BREAK
48.108491,-86.281124,3148
46.108491,-86.281124,3312
44.108491,-85.281124,3332
43.108491,-84.281124,3352
42.108491,-84.281124,3362
41.108491,-83.281124,3383
40.108491,-83.281124,3394
39.108491,-83.281124,3416
39.108491,-82.281124,3426
38.108491,-82.281124,3436
37.108491,-81.281124,3446
36.108491,-81.281124,3456
35.108491,-81.281124,3476
33.108491,-80.281124,3496
32.108491,-79.281124,3507
31.108491,-79.281124,3518
29.108491,-79.281124,3530
28.108491,-78.281124,3540
27.108491,-78.281124,3550
26.108491,-78.281124,3569
26.108491,-77.281124,3579
25.108491,-77.281124,3619
25.108491,-76.281124,3639
24.108491,-76.281124,3649
23.108491,-76.281124,3669
22.108491,-76.281124,3689
22.108491,-75.281124,3699
21.108491,-75.281124,3711
20.108491,-75.281124,3750
19.108491,-75.281124,3772
18.108491,-75.281124,3840
17.108491,-75.281124,3901
16.108491,-75.281124,3941
BREAK
