START
22.108491,-30.281124,0
23.108491,-30.281124,192
23.108491,-31.281124,215
23.108491,-30.281124,432
23.108491,-29.281124,448
23.108491,-28.281124,487
23.108491,-27.281124,559
23.108491,-26.281124,599
24.108491,-25.281124,639
24.108491,-24.281124,680
25.108491,-24.281124,704
25.108491,-23.281124,736
26.108491,-22.281124,776
27.108491,-21.281124,792
28.108491,-20.281124,856
29.108491,-19.281124,872
30.108491,-19.281124,896
31.108491,-19.281124,976
32.108491,-19.281124,1016
33.108491,-19.281124,1056
34.108491,-19.281124,1120
35.108491,-19.281124,1176
36.108491,-19.281124,1240
36.108491,-20.281124,1272
37.108491,-20.281124,1296
38.108491,-20.281124,1384
38.108491,-21.281124,1424
39.108491,-21.281124,1448
39.108491,-22.281124,1512
40.108491,-22.281124,1520
41.108491,-22.281124,1616
41.108491,-23.281124,1624
42.108491,-23.281124,1672
42.108491,-24.281124,1736
43.108491,-24.281124,1776
43.108491,-25.281124,1784
43.108491,-26.281124,1848
44.108491,-26.281124,1856
44.108491,-27.281124,1896
44.108491,-28.281124,1992
44.108491,-29.281124,2072
44.108491,-30.281124,2152
45.108491,-31.281124,2192
45.108491,-32.281124,2232
46.108491,-32.281124,2240
46.108491,-33.281124,2264
46.108491,-34.281124,2304
46.108491,-35.281124,2320
47.108491,-35.281124,2336
47.108491,-36.281124,2368
48.108491,-36.281124,2376
48.108491,-37.281124,2408
49.108491,-37.281124,2432
50.108491,-38.281124,2472
50.108491,-39.281124,2496
51.108491,-39.281124,2520
51.108491,-40.281124,2536
51.108491,-41.281124,2568
52.108491,-41.281124,2576
52.108491,-42.281124,2584
53.108491,-43.281124,2608
54.108491,-44.281124,2632
54.108491,-45.281124,2648
55.108491,-45.281124,2680
55.108491,-46.281124,2688
55.108491,-47.281124,2712
56.108491,-47.281124,2728
57.108491,-48.281124,2752
57.108491,-49.281124,2768
57.108491,-50.281124,2824
57.108491,-51.281124,2864
58.108491,-51.281124,2896
58.108491,-52.281124,2920
58.108491,-53.281124,2944
58.108491,-54.281124,2960
59.108491,-54.281124,2976
60.108491,-55.281124,3008
60.108491,-56.281124,3024
60.108491,-57.281124,3048
61.108491,-58.281124,3088
61.108491,-59.281124,3112
61.108491,-60.281124,3136
61.108491,-61.281124,3168
61.108491,-62.281124,3184
60.108491,-63.281124,3216
60.108491,-64.281124,3240
60.108491,-65.281124,3272
61.108491,-66.281124,3312
61.108491,-67.281124,3352
62.108491,-68.281124,3392
62.108491,-69.281124,3440
63.108491,-70.281124,3472
64.108491,-70.281124,3505
64.108491,-71.281124,3536
64.108491,-72.281124,3552
65.108491,-72.281124,3576
65.108491,-73.281124,3592
65.108491,-74.281124,3632
65.108491,-75.281124,3656
65.108491,-76.281124,3696
66.108491,-77.281124,3736
67.108491,-78.281124,3784
67.108491,-79.281124,3848
68.108491,-79.281124,3864
68.108491,-80.281124,3920
69.108491,-80.281124,3960
70.108491,-80.281124,4008
71.108491,-81.281124,4064
73.108491,-81.281124,4080
74.108491,-81.281124,4112
75.108491,-81.281124,4152
76.108491,-81.281124,4224
76.108491,-80.281124,4232
77.108491,-80.281124,4264
78.108491,-79.281124,4296
78.108491,-78.281124,4328
79.108491,-78.281124,4352
79.108491,-77.281124,4392
80.108491,-77.281124,4408
80.108491,-76.281124,4480
80.108491,-75.281124,4504
80.108491,-74.281124,4536
81.108491,-74.281124,4568
81.108491,-73.281124,4576
81.108491,-72.281124,4600
80.108491,-71.281124,4640
80.108491,-70.281124,4656
80.108491,-69.281124,4680
80.108491,-68.281124,4696
80.108491,-67.281124,4728
80.108491,-66.281124,4760
80.108491,-65.281124,4792
79.108491,-65.281124,4800
78.108491,-64.281124,4808
BREAK
62.108491,-16.281124,5944
63.108491,-16.281124,6032
64.108491,-16.281124,6096
65.108491,-16.281124,6128
66.108491,-16.281124,6152
67.108491,-17.281124,6168
68.108491,-17.281124,6184
69.108491,-17.281124,6208
70.108491,-17.281124,6232
70.108491,-18.281124,6240
71.108491,-18.281124,6248
71.108491,-19.281124,6272
71.108491,-20.281124,6288
71.108491,-21.281124,6320
71.108491,-22.281124,6336
72.108491,-22.281124,6344
72.108491,-23.281124,6352
72.108491,-24.281124,6360
72.108491,-25.281124,6384
71.108491,-26.281124,6400
71.108491,-27.281124,6416
71.108491,-28.281124,6432
70.108491,-29.281124,6464
69.108491,-30.281124,6488
68.108491,-31.281124,6512
68.108491,-32.281124,6536
67.108491,-32.281124,6544
66.108491,-32.281124,6568
66.108491,-33.281124,6576
65.108491,-34.281124,6606
64.108491,-34.281124,6616
63.108491,-35.281124,6640
62.108491,-36.281124,6656
61.108491,-36.281124,6680
60.108491,-37.281124,6728
59.108491,-37.281124,6752
59.108491,-38.281124,6768
58.108491,-38.281124,6800
58.108491,-39.281124,6808
57.108491,-39.281124,6840
57.108491,-40.281124,6848
56.108491,-40.281124,6880
55.108491,-41.281124,6904
55.108491,-42.281124,6920
54.108491,-42.281124,6952
54.108491,-43.281124,6992
53.108491,-43.281124,7000
52.108491,-43.281124,7024
52.108491,-44.281124,7032
52.108491,-45.281124,7056
51.108491,-45.281124,7064
51.108491,-46.281124,7096
50.108491,-46.281124,7104
49.108491,-47.281124,7144
48.108491,-48.281124,7160
47.108491,-48.281124,7184
46.108491,-49.281124,7216
46.108491,-50.281124,7248
45.108491,-50.281124,7288
45.108491,-51.281124,7312
44.108491,-51.281124,7344
44.108491,-52.281124,7360
43.108491,-53.281124,7368
42.108491,-54.281124,7384
41.108491,-55.281124,7408
41.108491,-56.281124,7424
40.108491,-56.281124,7448
39.108491,-56.281124,7488
39.108491,-57.281124,7496
38.108491,-58.281124,7520
37.108491,-59.281124,7536
36.108491,-59.281124,7552
36.108491,-60.281124,7561
35.108491,-60.281124,7568
35.108491,-61.281124,7576
34.108491,-62.281124,7600
33.108491,-63.281124,7616
32.108491,-63.281124,7672
32.108491,-64.281124,7704
31.108491,-64.281124,7744
31.108491,-65.281124,7760
30.108491,-65.281124,7832
30.108491,-66.281124,7944
30.108491,-67.281124,8072
29.108491,-67.281124,8136
29.108491,-68.281124,8168
28.108491,-68.281124,8184
28.108491,-69.281124,8200
28.108491,-70.281124,8280
27.108491,-70.281124,8288
26.108491,-70.281124,8352
26.108491,-71.281124,8368
25.108491,-72.281124,8408
25.108491,-73.281124,8448
24.108491,-73.281124,8464
24.108491,-74.281124,8488
25.108491,-74.281124,8656
26.108491,-73.281124,8688
27.108491,-72.281124,8704
28.108491,-72.281124,8728
29.108491,-71.281124,8744
30.108491,-70.281124,8768
31.108491,-70.281124,8776
32.108491,-70.281124,8800
33.108491,-70.281124,8840
34.108491,-70.281124,8880
36.108491,-71.281124,8920
37.108491,-71.281124,8976
37.108491,-72.281124,8992
38.108491,-73.281124,9008
38.108491,-74.281124,9048
38.108491,-75.281124,9088
38.108491,-76.281124,9128
37.108491,-77.281124,9168
37.108491,-78.281124,9192
36.108491,-78.281124,9224
36.108491,-79.281124,9232
36.108491,-80.281124,9264
35.108491,-80.281124,9296
35.108491,-81.281124,9304
34.108491,-81.281124,9312
34.108491,-83.281124,9336
33.108491,-84.281124,9352
32.108491,-84.281124,9377
31.108491,-85.281124,9392
30.108491,-86.281124,9416
29.108491,-87.281124,9440
28.108491,-87.281124,9480
27.108491,-87.281124,9497
27.108491,-88.281124,9504
26.108491,-88.281124,9521
25.108491,-88.281124,9544
24.108491,-88.281124,9576
23.108491,-88.281124,9632
23.108491,-87.281124,9720
BREAK
