START
20.108491,-39.281124,0
20.108491,-38.281124,172
20.108491,-37.281124,188
19.108491,-37.281124,205
19.108491,-36.281124,222
19.108491,-35.281124,239
19.108491,-34.281124,272
19.108491,-33.281124,306
19.108491,-32.281124,356
19.108491,-31.281124,372
19.108491,-30.281124,406
20.108491,-30.281124,439
20.108491,-29.281124,473
21.108491,-29.281124,490
22.108491,-29.281124,523
24.108491,-29.281124,540
25.108491,-29.281124,557
26.108491,-29.281124,573
27.108491,-29.281124,590
28.108491,-29.281124,607
29.108491,-29.281124,623
31.108491,-29.281124,640
32.108491,-30.281124,674
33.108491,-30.281124,690
33.108491,-31.281124,707
35.108491,-31.281124,724
35.108491,-32.281124,741
37.108491,-32.281124,774
37.108491,-33.281124,791
38.108491,-33.281124,824
38.108491,-34.281124,858
38.108491,-36.281124,874
38.108491,-37.281124,908
39.108491,-38.281124,941
39.108491,-39.281124,975
40.108491,-40.281124,991
41.108491,-41.281124,1008
41.108491,-43.281124,1025
42.108491,-45.281124,1042
42.108491,-46.281124,1075
44.108491,-46.281124,1092
44.108491,-47.281124,1109
45.108491,-48.281124,1125
45.108491,-49.281124,1142
47.108491,-51.281124,1176
47.108491,-52.281124,1192
48.108491,-53.281124,1209
49.108491,-54.281124,1226
49.108491,-55.281124,1242
50.108491,-56.281124,1259
51.108491,-57.281124,1276
52.108491,-58.281124,1293
52.108491,-59.281124,1309
53.108491,-60.281124,1326
54.108491,-61.281124,1343
55.108491,-62.281124,1360
56.108491,-63.281124,1376
56.108491,-64.281124,1393
57.108491,-65.281124,1427
59.108491,-65.281124,1460
59.108491,-66.281124,1477
60.108491,-67.281124,1510
62.108491,-68.281124,1544
63.108491,-68.281124,1577
64.108491,-69.281124,1627
65.108491,-69.281124,1644
66.108491,-70.281124,1661
67.108491,-71.281124,1694
68.108491,-71.281124,1728
69.108491,-72.281124,1761
69.108491,-73.281124,1794
70.108491,-73.281124,1811
70.108491,-74.281124,1828
72.108491,-74.281124,1845
73.108491,-74.281124,1878
74.108491,-75.281124,1912
74.108491,-76.281124,1928
75.108491,-76.281124,1945
76.108491,-77.281124,1979
77.108491,-77.281124,2029
77.108491,-78.281124,2045
78.108491,-78.281124,2062
79.108491,-78.281124,2096
80.108491,-78.281124,2112
81.108491,-78.281124,2146
82.108491,-78.281124,2179
83.108491,-78.281124,2213
84.108491,-78.281124,2263
85.108491,-78.281124,2313
85.108491,-77.281124,2347
87.108491,-77.281124,2363
87.108491,-76.281124,2380
87.108491,-75.281124,2413
87.108491,-74.281124,2447
87.108491,-73.281124,2514
87.108491,-72.281124,2581
BREAK
61.108491,-16.281124,3552
62.108491,-15.281124,3718
63.108491,-15.281124,3735
64.108491,-15.281124,3768
65.108491,-15.281124,3785
66.108491,-15.281124,3835
67.108491,-15.281124,3902
67.108491,-16.281124,3936
69.108491,-16.281124,3952
69.108491,-18.281124,3986
70.108491,-19.281124,4019
70.108491,-20.281124,4036
70.108491,-21.281124,4053
70.108491,-22.281124,4069
71.108491,-23.281124,4086
71.108491,-25.281124,4103
71.108491,-27.281124,4136
71.108491,-29.281124,4170
71.108491,-30.281124,4186
71.108491,-32.281124,4203
71.108491,-34.281124,4220
71.108491,-35.281124,4237
70.108491,-36.281124,4253
70.108491,-37.281124,4270
70.108491,-38.281124,4304
68.108491,-38.281124,4320
67.108491,-39.281124,4354
65.108491,-40.281124,4370
64.108491,-40.281124,4404
63.108491,-41.281124,4420
61.108491,-41.281124,4437
59.108491,-43.281124,4454
57.108491,-43.281124,4471
55.108491,-44.281124,4488
53.108491,-44.281124,4504
52.108491,-44.281124,4521
51.108491,-44.281124,4538
49.108491,-44.281124,4554
48.108491,-44.281124,4571
47.108491,-45.281124,4588
46.108491,-46.281124,4605
44.108491,-46.281124,4621
43.108491,-46.281124,4638
42.108491,-47.281124,4655
41.108491,-48.281124,4672
40.108491,-48.281124,4688
39.108491,-48.281124,4722
38.108491,-49.281124,4738
37.108491,-49.281124,4755
36.108491,-50.281124,4772
35.108491,-50.281124,4805
34.108491,-51.281124,4822
33.108491,-51.281124,4856
33.108491,-52.281124,4872
31.108491,-52.281124,4906
31.108491,-53.281124,4940
29.108491,-53.281124,4956
28.108491,-53.281124,4989
27.108491,-54.281124,5023
27.108491,-55.281124,5040
25.108491,-55.281124,5073
25.108491,-57.281124,5090
24.108491,-57.281124,5107
24.108491,-58.281124,5140
22.108491,-58.281124,5173
22.108491,-59.281124,5207
21.108491,-59.281124,5224
21.108491,-60.281124,5240
20.108491,-60.281124,5257
20.108491,-61.281124,5274
18.108491,-61.281124,5291
18.108491,-62.281124,5307
16.108491,-62.281124,5324
16.108491,-63.281124,5341
14.108491,-63.281124,5357
14.108491,-64.281124,5391
12.108491,-64.281124,5408
12.108491,-65.281124,5424
11.108491,-66.281124,5475
11.108491,-67.281124,5525
12.108491,-67.281124,5642
13.108491,-67.281124,5659
14.108491,-67.281124,5675
15.108491,-67.281124,5692
17.108491,-67.281124,5709
18.108491,-67.281124,5725
20.108491,-67.281124,5742
21.108491,-68.281124,5759
23.108491,-68.281124,5792
23.108491,-69.281124,5809
24.108491,-70.281124,5826
25.108491,-71.281124,5859
25.108491,-72.281124,5876
26.108491,-73.281124,5893
26.108491,-75.281124,5909
26.108491,-76.281124,5926
26.108491,-77.281124,5943
26.108491,-78.281124,5960
26.108491,-79.281124,5976
26.108491,-80.281124,6010
26.108491,-81.281124,6027
25.108491,-81.281124,6043
24.108491,-81.281124,6077
23.108491,-82.281124,6093
22.108491,-82.281124,6110
20.108491,-83.281124,6144
19.108491,-83.281124,6194
18.108491,-83.281124,6211
16.108491,-83.281124,6227
15.108491,-83.281124,6244
BREAK
