START
20.108491,-31.281124,0
21.108491,-30.281124,142
22.108491,-29.281124,162
22.108491,-28.281124,175
23.108491,-28.281124,186
23.108491,-27.281124,196
23.108491,-26.281124,206
24.108491,-25.281124,217
24.108491,-24.281124,239
24.108491,-23.281124,259
25.108491,-23.281124,269
25.108491,-22.281124,280
26.108491,-21.281124,291
27.108491,-20.281124,336
28.108491,-20.281124,379
29.108491,-19.281124,406
30.108491,-19.281124,429
31.108491,-19.281124,451
32.108491,-19.281124,460
33.108491,-19.281124,471
34.108491,-19.281124,481
35.108491,-19.281124,533
36.108491,-19.281124,539
38.108491,-19.281124,550
39.108491,-19.281124,560
40.108491,-19.281124,571
41.108491,-19.281124,580
41.108491,-20.281124,608
42.108491,-20.281124,619
43.108491,-21.281124,639
43.108491,-22.281124,660
44.108491,-22.281124,670
44.108491,-24.281124,680
44.108491,-25.281124,701
45.108491,-25.281124,711
46.108491,-25.281124,734
47.108491,-26.281124,752
48.108491,-26.281124,763
48.108491,-27.281124,774
49.108491,-28.281124,784
50.108491,-29.281124,794
50.108491,-31.281124,804
51.108491,-31.281124,816
51.108491,-33.281124,826
52.108491,-33.281124,836
52.108491,-35.281124,847
53.108491,-35.281124,857
53.108491,-37.281124,868
53.108491,-38.281124,888
54.108491,-38.281124,899
54.108491,-39.281124,909
54.108491,-40.281124,919
55.108491,-41.281124,929
55.108491,-42.281124,940
56.108491,-42.281124,974
56.108491,-43.281124,995
57.108491,-43.281124,1004
57.108491,-44.281124,1015
57.108491,-45.281124,1026
57.108491,-46.281124,1038
57.108491,-47.281124,1059
58.108491,-48.281124,1080
59.108491,-50.281124,1100
60.108491,-52.281124,1111
62.108491,-53.281124,1121
62.108491,-54.281124,1132
63.108491,-55.281124,1143
64.108491,-56.281124,1164
65.108491,-57.281124,1173
65.108491,-58.281124,1184
66.108491,-59.281124,1215
66.108491,-60.281124,1225
67.108491,-61.281124,1246
67.108491,-62.281124,1278
68.108491,-63.281124,1331
68.108491,-64.281124,1352
69.108491,-65.281124,1373
70.108491,-65.281124,1393
70.108491,-66.281124,1414
71.108491,-66.281124,1441
71.108491,-67.281124,1448
72.108491,-67.281124,1492
72.108491,-68.281124,1514
73.108491,-68.281124,1557
73.108491,-69.281124,1582
74.108491,-70.281124,1605
75.108491,-70.281124,1636
75.108491,-71.281124,1647
75.108491,-72.281124,1667
76.108491,-72.281124,1700
76.108491,-73.281124,1709
77.108491,-73.281124,1730
78.108491,-73.281124,1823
79.108491,-73.281124,1849
80.108491,-73.281124,1873
80.108491,-72.281124,1885
81.108491,-72.281124,1895
82.108491,-72.281124,1910
82.108491,-71.281124,1925
83.108491,-70.281124,1935
84.108491,-70.281124,1946
85.108491,-69.281124,1960
85.108491,-68.281124,1985
86.108491,-68.281124,1995
86.108491,-67.281124,2007
87.108491,-67.281124,2022
87.108491,-66.281124,2033
87.108491,-65.281124,2067
87.108491,-64.281124,2082
87.108491,-63.281124,2108
87.108491,-62.281124,2134
87.108491,-61.281124,2184
88.108491,-60.281124,2198
88.108491,-59.281124,2355
BREAK
71.108491,-19.281124,3591
72.108491,-18.281124,3614
73.108491,-18.281124,3642
75.108491,-17.281124,3665
76.108491,-17.281124,3692
78.108491,-16.281124,3720
79.108491,-16.281124,3730
80.108491,-16.281124,3755
81.108491,-16.281124,3791
82.108491,-16.281124,3816
83.108491,-17.281124,3827
84.108491,-17.281124,3838
85.108491,-17.281124,3860
86.108491,-17.281124,3881
87.108491,-17.281124,3892
88.108491,-17.281124,3913
88.108491,-18.281124,3935
89.108491,-18.281124,3946
89.108491,-19.281124,3980
90.108491,-19.281124,4009
90.108491,-20.281124,4011
90.108491,-21.281124,4039
90.108491,-22.281124,4059
90.108491,-23.281124,4069
90.108491,-24.281124,4090
90.108491,-25.281124,4116
90.108491,-26.281124,4126
90.108491,-27.281124,4136
90.108491,-28.281124,4148
89.108491,-30.281124,4169
89.108491,-31.281124,4190
89.108491,-32.281124,4210
87.108491,-33.281124,4221
85.108491,-34.281124,4242
85.108491,-36.281124,4252
84.108491,-36.281124,4262
84.108491,-38.281124,4273
82.108491,-38.281124,4283
82.108491,-39.281124,4293
81.108491,-39.281124,4310
80.108491,-40.281124,4332
79.108491,-41.281124,4365
79.108491,-42.281124,4391
77.108491,-42.281124,4403
75.108491,-43.281124,4423
73.108491,-43.281124,4454
72.108491,-44.281124,4487
71.108491,-45.281124,4521
70.108491,-45.281124,4540
69.108491,-45.281124,4551
68.108491,-45.281124,4562
67.108491,-45.281124,4588
66.108491,-45.281124,4615
64.108491,-46.281124,4625
63.108491,-46.281124,4663
61.108491,-47.281124,4673
60.108491,-48.281124,4724
59.108491,-49.281124,4735
58.108491,-49.281124,4745
56.108491,-50.281124,4782
55.108491,-50.281124,4792
54.108491,-51.281124,4802
54.108491,-52.281124,4828
53.108491,-52.281124,4838
52.108491,-52.281124,4862
51.108491,-53.281124,4898
50.108491,-53.281124,4908
49.108491,-54.281124,4925
48.108491,-55.281124,4944
47.108491,-55.281124,4964
46.108491,-55.281124,4975
45.108491,-56.281124,4985
44.108491,-56.281124,5005
43.108491,-56.281124,5016
42.108491,-57.281124,5026
41.108491,-58.281124,5046
40.108491,-59.281124,5067
39.108491,-59.281124,5088
38.108491,-59.281124,5109
38.108491,-60.281124,5138
37.108491,-60.281124,5149
36.108491,-60.281124,5169
35.108491,-61.281124,5201
34.108491,-61.281124,5210
34.108491,-62.281124,5289
33.108491,-62.281124,5343
32.108491,-62.281124,5365
31.108491,-63.281124,5414
30.108491,-63.281124,5455
30.108491,-64.281124,5464
29.108491,-64.281124,5480
29.108491,-65.281124,5494
28.108491,-65.281124,5507
28.108491,-66.281124,5523
27.108491,-67.281124,5534
27.108491,-68.281124,5701
28.108491,-68.281124,5978
29.108491,-68.281124,5988
31.108491,-68.281124,6008
32.108491,-68.281124,6029
34.108491,-68.281124,6040
35.108491,-68.281124,6098
36.108491,-68.281124,6121
37.108491,-68.281124,6131
38.108491,-68.281124,6152
39.108491,-68.281124,6271
39.108491,-69.281124,6301
39.108491,-70.281124,6335
40.108491,-70.281124,6345
40.108491,-71.281124,6370
40.108491,-72.281124,6428
40.108491,-73.281124,6457
40.108491,-74.281124,6479
40.108491,-75.281124,6496
40.108491,-76.281124,6524
40.108491,-77.281124,6557
40.108491,-78.281124,6587
40.108491,-79.281124,6613
40.108491,-80.281124,6657
39.108491,-80.281124,6678
38.108491,-81.281124,6689
38.108491,-82.281124,6699
37.108491,-83.281124,6728
36.108491,-83.281124,6765
36.108491,-84.281124,6775
35.108491,-84.281124,6806
35.108491,-85.281124,6833
34.108491,-86.281124,6844
33.108491,-86.281124,6865
32.108491,-86.281124,6877
31.108491,-86.281124,6909
30.108491,-87.281124,6919
29.108491,-87.281124,6969
28.108491,-87.281124,7099
27.108491,-88.281124,7203
26.108491,-88.281124,7229
BREAK
