START
19.108491,-22.281124,0
20.108491,-22.281124,137
20.108491,-21.281124,206
21.108491,-21.281124,287
22.108491,-21.281124,310
22.108491,-20.281124,342
23.108491,-20.281124,358
24.108491,-20.281124,406
25.108491,-20.281124,438
26.108491,-20.281124,446
28.108491,-20.281124,454
29.108491,-20.281124,462
31.108491,-20.281124,470
33.108491,-21.281124,478
34.108491,-21.281124,494
35.108491,-21.281124,638
35.108491,-22.281124,654
36.108491,-23.281124,662
38.108491,-23.281124,670
39.108491,-24.281124,678
40.108491,-25.281124,686
42.108491,-25.281124,694
42.108491,-26.281124,702
43.108491,-26.281124,718
44.108491,-27.281124,742
44.108491,-28.281124,751
45.108491,-28.281124,767
45.108491,-29.281124,782
46.108491,-30.281124,799
46.108491,-31.281124,815
47.108491,-32.281124,823
48.108491,-32.281124,831
48.108491,-33.281124,839
49.108491,-34.281124,855
49.108491,-35.281124,878
49.108491,-36.281124,886
50.108491,-37.281124,902
50.108491,-38.281124,911
51.108491,-38.281124,919
51.108491,-39.281124,927
52.108491,-40.281124,935
52.108491,-42.281124,942
53.108491,-43.281124,959
53.108491,-44.281124,975
53.108491,-45.281124,983
54.108491,-45.281124,991
54.108491,-46.281124,999
55.108491,-46.281124,1007
55.108491,-47.281124,1015
55.108491,-48.281124,1023
55.108491,-49.281124,1031
56.108491,-49.281124,1039
56.108491,-50.281124,1047
55.108491,-51.281124,1055
55.108491,-52.281124,1071
56.108491,-53.281124,1079
56.108491,-54.281124,1095
56.108491,-55.281124,1103
57.108491,-55.281124,1111
57.108491,-56.281124,1119
57.108491,-57.281124,1135
57.108491,-58.281124,1151
57.108491,-59.281124,1159
57.108491,-60.281124,1175
58.108491,-60.281124,1183
58.108491,-61.281124,1191
59.108491,-61.281124,1199
59.108491,-62.281124,1207
59.108491,-63.281124,1215
59.108491,-64.281124,1231
59.108491,-65.281124,1247
60.108491,-65.281124,1255
60.108491,-66.281124,1263
60.108491,-67.281124,1287
60.108491,-68.281124,1295
61.108491,-69.281124,1311
61.108491,-70.281124,1335
61.108491,-71.281124,1351
61.108491,-72.281124,1367
62.108491,-73.281124,1383
62.108491,-74.281124,1407
63.108491,-74.281124,1423
63.108491,-75.281124,1430
63.108491,-76.281124,1438
63.108491,-77.281124,1463
63.108491,-78.281124,1495
64.108491,-78.281124,1511
64.108491,-79.281124,1519
64.108491,-80.281124,1543
65.108491,-80.281124,1567
65.108491,-81.281124,1583
65.108491,-82.281124,1623
66.108491,-82.281124,1639
67.108491,-83.281124,1671
67.108491,-84.281124,1679
68.108491,-85.281124,1703
68.108491,-86.281124,1743
69.108491,-86.281124,1759
69.108491,-87.281124,1767
69.108491,-88.281124,1783
70.108491,-88.281124,1831
70.108491,-89.281124,1847
71.108491,-89.281124,1863
72.108491,-90.281124,1879
73.108491,-90.281124,2591
75.108491,-90.281124,2639
76.108491,-90.281124,2655
77.108491,-90.281124,2672
76.108491,-90.281124,2895
75.108491,-90.281124,2911
75.108491,-89.281124,2975
75.108491,-88.281124,2992
76.108491,-88.281124,3103
76.108491,-87.281124,3111
77.108491,-87.281124,3127
78.108491,-87.281124,3143
78.108491,-86.281124,3151
BREAK
69.108491,-23.281124,9919
70.108491,-23.281124,10342
71.108491,-23.281124,10366
71.108491,-22.281124,10382
72.108491,-23.281124,10678
73.108491,-24.281124,10702
74.108491,-24.281124,10710
74.108491,-25.281124,10726
75.108491,-25.281124,10734
75.108491,-26.281124,10854
75.108491,-27.281124,10862
75.108491,-28.281124,10878
76.108491,-30.281124,10894
77.108491,-30.281124,10902
77.108491,-31.281124,10910
77.108491,-32.281124,10926
76.108491,-32.281124,10934
76.108491,-33.281124,10958
76.108491,-34.281124,10966
76.108491,-35.281124,11022
75.108491,-36.281124,11046
75.108491,-38.281124,11070
74.108491,-38.281124,11078
74.108491,-39.281124,11094
74.108491,-40.281124,11126
74.108491,-42.281124,11158
73.108491,-42.281124,11166
73.108491,-43.281124,11182
72.108491,-43.281124,11191
72.108491,-44.281124,11199
71.108491,-45.281124,11215
70.108491,-46.281124,11231
69.108491,-47.281124,11255
68.108491,-47.281124,11271
68.108491,-48.281124,11279
68.108491,-49.281124,11287
67.108491,-49.281124,11295
66.108491,-49.281124,11319
66.108491,-50.281124,11335
65.108491,-50.281124,11343
64.108491,-50.281124,11350
63.108491,-51.281124,11359
62.108491,-51.281124,11375
61.108491,-52.281124,11390
60.108491,-53.281124,11406
59.108491,-53.281124,11414
58.108491,-53.281124,11430
58.108491,-54.281124,11438
57.108491,-54.281124,11448
56.108491,-54.281124,11469
56.108491,-55.281124,11477
55.108491,-55.281124,11485
54.108491,-55.281124,11501
54.108491,-56.281124,11509
53.108491,-57.281124,11517
52.108491,-57.281124,11533
51.108491,-58.281124,11541
49.108491,-58.281124,11549
48.108491,-59.281124,11566
47.108491,-60.281124,11574
46.108491,-61.281124,11591
45.108491,-61.281124,11615
45.108491,-62.281124,11623
44.108491,-63.281124,11639
43.108491,-63.281124,11655
42.108491,-64.281124,11663
42.108491,-65.281124,11679
41.108491,-65.281124,11687
41.108491,-66.281124,11695
40.108491,-67.281124,11703
39.108491,-68.281124,11719
38.108491,-68.281124,11727
38.108491,-69.281124,11735
37.108491,-69.281124,11759
36.108491,-70.281124,11823
35.108491,-71.281124,11831
35.108491,-72.281124,11847
34.108491,-72.281124,11855
34.108491,-73.281124,11863
33.108491,-73.281124,11871
33.108491,-74.281124,11879
32.108491,-75.281124,11887
31.108491,-76.281124,11919
30.108491,-76.281124,11951
30.108491,-77.281124,11959
29.108491,-78.281124,11991
29.108491,-79.281124,11999
28.108491,-80.281124,12023
28.108491,-81.281124,12071
27.108491,-81.281124,12111
26.108491,-82.281124,12127
26.108491,-83.281124,12135
25.108491,-83.281124,12151
25.108491,-84.281124,12167
24.108491,-84.281124,12183
24.108491,-85.281124,12191
BREAK
24.108491,-83.281124,12967
23.108491,-83.281124,12984
24.108491,-83.281124,13046
25.108491,-83.281124,13078
25.108491,-82.281124,13086
27.108491,-82.281124,13094
28.108491,-81.281124,13110
29.108491,-81.281124,13118
30.108491,-81.281124,13126
30.108491,-80.281124,13150
31.108491,-80.281124,13174
32.108491,-80.281124,13190
33.108491,-80.281124,13206
34.108491,-79.281124,13222
35.108491,-79.281124,13238
36.108491,-80.281124,13342
37.108491,-80.281124,13358
37.108491,-81.281124,13374
38.108491,-81.281124,13406
38.108491,-83.281124,13454
39.108491,-83.281124,13471
39.108491,-84.281124,13478
39.108491,-85.281124,13495
39.108491,-86.281124,13518
39.108491,-87.281124,13599
38.108491,-87.281124,13615
37.108491,-87.281124,13630
37.108491,-88.281124,13638
36.108491,-88.281124,13654
36.108491,-89.281124,13663
36.108491,-90.281124,13679
35.108491,-90.281124,13687
35.108491,-91.281124,13695
34.108491,-91.281124,13702
33.108491,-91.281124,13711
32.108491,-92.281124,13742
31.108491,-92.281124,13759
31.108491,-93.281124,13775
30.108491,-93.281124,13783
29.108491,-93.281124,13791
29.108491,-94.281124,13807
28.108491,-94.281124,13823
27.108491,-94.281124,13935
27.108491,-95.281124,13991
27.108491,-94.281124,14007
26.108491,-94.281124,14095
26.108491,-95.281124,14102
BREAK
