START
56.410341,-17.647613,0
54.730952,-19.327003,55
54.730952,-20.166697,65
53.051563,-21.006392,76
53.051563,-21.846087,86
51.372173,-23.525476,97
49.692784,-25.204865,118
49.692784,-26.04456,128
48.853089,-26.884255,139
48.013395,-28.563644,149
46.334005,-28.563644,160
46.334005,-29.403339,170
44.654616,-30.243033,180
43.814922,-31.082728,191
42.975227,-32.762117,201
41.295838,-34.441506,222
41.295838,-35.281201,233
39.616448,-36.120896,243
39.616448,-36.96059,254
38.776754,-37.800285,264
37.937059,-38.63998,274
37.097364,-39.479674,285
36.25767,-40.319369,295
35.417975,-41.998758,306
35.417975,-42.838453,316
33.738586,-43.678148,327
32.898891,-44.517842,348
32.898891,-45.357537,428
33.738586,-45.357537,545
35.417975,-45.357537,556
39.616448,-46.197232,566
45.494311,-47.876621,577
50.532479,-49.55601,587
53.051563,-51.2354,598
53.891257,-52.075094,608
54.730952,-52.075094,618
55.570647,-52.075094,639
56.410341,-52.075094,650
58.089731,-52.075094,660
59.76912,-52.075094,671
62.288204,-52.075094,681
63.967593,-52.075094,692
64.807288,-52.075094,702
65.646983,-52.075094,715
66.486677,-52.075094,909
66.486677,-51.2354,920
66.486677,-50.395705,938
66.486677,-49.55601,961
66.486677,-47.876621,972
67.326372,-46.197232,993
67.326372,-45.357537,1003
67.326372,-43.678148,1029
67.326372,-42.838453,1039
67.326372,-41.998758,1050
67.326372,-41.159064,1060
66.486677,-41.159064,1070
66.486677,-38.63998,1081
65.646983,-36.96059,1091
64.807288,-36.120896,1102
64.807288,-35.281201,1112
64.807288,-34.441506,1123
64.807288,-33.601812,1141
64.807288,-32.762117,1162
64.807288,-31.922423,1172
64.807288,-31.082728,1182
63.127899,-30.243033,1203
63.127899,-29.403339,1224
63.127899,-28.563644,1235
62.288204,-28.563644,1255
61.448509,-28.563644,1266
61.448509,-27.723949,1276
61.448509,-26.884255,1287
61.448509,-26.04456,1311
60.608815,-26.04456,1321
59.76912,-25.204865,1332
59.76912,-24.365171,1342
59.76912,-23.525476,1366
60.608815,-23.525476,1626
60.608815,-24.365171,1648
60.608815,-26.04456,1670
61.448509,-26.04456,1679
61.448509,-26.884255,1690
61.448509,-27.723949,1700
61.448509,-28.563644,1710
61.448509,-29.403339,1721
61.448509,-31.082728,1742
61.448509,-31.922423,1752
61.448509,-32.762117,1763
61.448509,-34.441506,1773
61.448509,-36.120896,1784
61.448509,-37.800285,1794
61.448509,-38.63998,1804
61.448509,-39.479674,1815
61.448509,-40.319369,1825
61.448509,-41.159064,1836
61.448509,-42.838453,1846
62.288204,-42.838453,1857
63.127899,-44.517842,1877
63.127899,-46.197232,1888
63.127899,-47.036926,1898
63.127899,-49.55601,1909
63.967593,-50.395705,1919
63.967593,-51.2354,1929
63.967593,-52.914789,1940
63.967593,-55.433873,1950
63.967593,-56.273568,1961
64.807288,-58.792652,1971
64.807288,-60.472041,1982
65.646983,-62.15143,1992
66.486677,-63.830819,2002
66.486677,-65.510209,2013
66.486677,-66.349903,2023
66.486677,-68.029293,2034
66.486677,-69.708682,2044
66.486677,-70.548377,2065
66.486677,-72.227766,2086
66.486677,-73.067461,2107
66.486677,-73.907155,2129
66.486677,-74.74685,2181
66.486677,-75.586545,2197
BREAK
57.250036,-16.807919,3583
BREAK
58.929425,-18.487308,5473
58.929425,-19.327003,5519
58.929425,-20.166697,5608
59.76912,-20.166697,5633
59.76912,-21.006392,5643
59.76912,-21.846087,5654
59.76912,-22.685781,5674
60.608815,-25.204865,5685
60.608815,-26.884255,5695
61.448509,-28.563644,5706
62.288204,-29.403339,5717
62.288204,-30.243033,5727
62.288204,-31.082728,5750
62.288204,-31.922423,5760
BREAK
67.326372,-51.2354,7018
67.326372,-52.075094,7052
68.166067,-52.914789,7073
68.166067,-53.754484,7099
68.166067,-54.594178,7122
69.005761,-55.433873,7133
69.005761,-56.273568,7176
69.845456,-56.273568,7203
69.845456,-57.113262,7224
69.845456,-57.952957,7245
69.845456,-58.792652,7255
69.845456,-59.632346,7266
69.845456,-60.472041,7286
69.845456,-61.311735,7309
69.845456,-62.15143,7330
69.845456,-62.991125,7340
69.845456,-63.830819,7350
69.005761,-63.830819,7376
68.166067,-63.830819,7390
69.005761,-64.670514,7411
69.005761,-65.510209,7431
69.005761,-66.349903,7447
69.005761,-67.189598,7457
69.005761,-68.029293,7481
69.005761,-68.868987,7556
69.005761,-69.708682,7588
69.005761,-70.548377,7610
69.005761,-71.388071,7641
69.005761,-72.227766,7697
69.005761,-73.067461,7753
69.005761,-73.907155,7789
69.845456,-73.907155,7934
BREAK
