START
19.138779,-21.64944,0
20.012463,-21.64944,95
21.759831,-21.64944,112
22.633515,-21.64944,129
24.380884,-21.64944,145
27.875621,-21.64944,162
29.622989,-21.64944,179
31.370357,-21.64944,196
33.117726,-21.64944,212
34.865094,-21.64944,229
35.738779,-21.64944,246
37.486147,-21.64944,262
39.233515,-21.64944,279
41.854568,-21.64944,296
43.601936,-21.64944,313
45.349305,-21.64944,329
46.222989,-21.64944,346
47.970357,-21.64944,363
48.844042,-21.64944,380
49.717726,-21.64944,396
50.59141,-21.64944,413
53.212463,-21.64944,430
54.959831,-21.64944,446
57.580884,-21.64944,463
60.201936,-21.64944,480
61.949305,-21.64944,497
64.570357,-22.523124,513
68.065094,-22.523124,530
70.686147,-22.523124,547
72.433515,-22.523124,564
74.180884,-22.523124,580
75.054568,-22.523124,597
75.928252,-22.523124,614
76.801936,-22.523124,631
78.549305,-22.523124,647
79.422989,-22.523124,664
80.296673,-22.523124,681
82.044042,-22.523124,697
82.917726,-22.523124,714
83.79141,-22.523124,731
84.665094,-22.523124,748
85.538779,-22.523124,781
86.412463,-22.523124,815
87.286147,-22.523124,881
87.286147,-21.64944,965
88.159831,-21.64944,999
89.033515,-21.64944,1032
89.9072,-21.64944,1049
BREAK
43.601936,-22.523124,2192
43.601936,-23.396808,2270
43.601936,-25.144177,2287
43.601936,-26.891545,2303
43.601936,-27.765229,2320
43.601936,-29.512598,2337
43.601936,-31.259966,2353
43.601936,-33.007335,2370
43.601936,-34.754703,2387
43.601936,-36.502071,2404
43.601936,-39.123124,2420
43.601936,-40.870492,2437
43.601936,-41.744177,2454
43.601936,-42.617861,2471
43.601936,-43.491545,2504
43.601936,-44.365229,2521
43.601936,-45.238914,2537
43.601936,-46.112598,2554
43.601936,-47.859966,2571
43.601936,-48.73365,2588
43.601936,-49.607335,2605
43.601936,-50.481019,2621
43.601936,-51.354703,2638
43.601936,-53.102071,2655
43.601936,-53.975756,2671
43.601936,-54.84944,2688
43.601936,-55.723124,2722
43.601936,-57.470492,2738
43.601936,-58.344177,2755
43.601936,-59.217861,2772
43.601936,-60.091545,2788
43.601936,-60.965229,2822
43.601936,-61.838914,2839
44.475621,-61.838914,2872
44.475621,-62.712598,2889
44.475621,-63.586282,2906
44.475621,-64.459966,2939
45.349305,-64.459966,2972
45.349305,-65.33365,2989
45.349305,-66.207335,3023
45.349305,-67.081019,3039
45.349305,-67.954703,3090
46.222989,-68.828387,3123
46.222989,-69.702071,3140
46.222989,-70.575756,3207
46.222989,-71.44944,3374
BREAK
26.128252,-41.744177,4272
26.128252,-40.870492,4445
26.128252,-39.996808,4478
27.875621,-39.996808,4511
28.749305,-39.123124,4545
29.622989,-39.123124,4561
30.496673,-38.24944,4578
31.370357,-38.24944,4595
32.244042,-38.24944,4612
33.117726,-38.24944,4645
33.117726,-37.375756,4662
33.99141,-37.375756,4679
34.865094,-37.375756,4695
35.738779,-37.375756,4729
36.612463,-37.375756,4745
37.486147,-37.375756,4762
38.359831,-37.375756,4779
40.1072,-37.375756,4796
40.980884,-37.375756,4812
42.728252,-37.375756,4846
43.601936,-37.375756,4863
44.475621,-37.375756,4879
45.349305,-37.375756,4896
46.222989,-37.375756,4913
47.096673,-37.375756,4930
47.970357,-37.375756,4946
47.970357,-38.24944,4997
49.717726,-38.24944,5030
49.717726,-39.996808,5047
50.59141,-39.996808,5063
51.465094,-40.870492,5080
52.338779,-41.744177,5114
53.212463,-41.744177,5214
54.086147,-42.617861,5247
54.959831,-42.617861,5281
54.959831,-43.491545,5314
56.7072,-43.491545,5331
57.580884,-43.491545,5348
58.454568,-44.365229,5364
60.201936,-44.365229,5381
61.075621,-44.365229,5398
61.949305,-44.365229,5415
61.949305,-46.112598,5431
62.822989,-46.112598,5448
64.570357,-46.112598,5482
65.444042,-46.112598,5498
66.317726,-46.112598,5515
66.317726,-47.859966,5532
67.19141,-47.859966,5548
68.065094,-47.859966,5565
68.938779,-47.859966,5582
69.812463,-47.859966,5599
70.686147,-47.859966,5632
71.559831,-47.859966,5649
72.433515,-47.859966,5666
73.3072,-47.859966,5682
74.180884,-47.859966,5716
75.054568,-47.859966,5732
75.928252,-47.859966,5749
77.675621,-47.859966,5767
78.549305,-46.986282,5783
79.422989,-46.986282,5799
79.422989,-46.112598,5833
80.296673,-46.112598,5850
80.296673,-45.238914,5866
80.296673,-44.365229,5900
80.296673,-43.491545,5933
80.296673,-42.617861,6117
79.422989,-42.617861,6134
78.549305,-42.617861,6168
77.675621,-42.617861,6218
76.801936,-42.617861,6318
76.801936,-43.491545,6368
76.801936,-44.365229,6418
76.801936,-45.238914,6452
76.801936,-46.112598,6485
76.801936,-46.986282,6519
76.801936,-47.859966,6552
77.675621,-48.73365,6586
78.549305,-49.607335,6619
78.549305,-50.481019,6636
79.422989,-51.354703,6653
80.296673,-51.354703,6686
80.296673,-53.102071,6703
81.170357,-53.975756,6736
81.170357,-55.723124,6753
82.917726,-55.723124,6770
82.917726,-56.596808,6786
83.79141,-56.596808,6837
83.79141,-57.470492,6853
84.665094,-58.344177,6904
84.665094,-59.217861,6937
85.538779,-60.091545,6970
86.412463,-60.091545,6987
87.286147,-60.965229,7054
86.412463,-60.965229,8041
85.538779,-60.965229,8058
84.665094,-60.965229,8074
82.917726,-60.965229,8091
80.296673,-60.965229,8125
79.422989,-60.965229,8141
78.549305,-60.965229,8158
77.675621,-60.965229,8175
76.801936,-60.965229,8208
75.928252,-60.965229,8225
75.054568,-60.965229,8258
75.054568,-61.838914,8309
74.180884,-61.838914,8325
74.180884,-63.586282,8342
73.3072,-64.459966,8376
73.3072,-65.33365,8392
72.433515,-65.33365,8426
72.433515,-66.207335,8442
72.433515,-67.081019,8476
72.433515,-67.954703,8493
71.559831,-68.828387,8509
71.559831,-69.702071,8543
71.559831,-70.575756,8560
71.559831,-71.44944,8576
71.559831,-72.323124,8593
71.559831,-73.196808,8627
71.559831,-74.070492,8643
71.559831,-74.944177,8660
71.559831,-75.817861,8677
71.559831,-76.691545,8693
71.559831,-77.565229,8710
72.433515,-78.438914,8744
73.3072,-79.312598,8760
74.180884,-80.186282,8777
74.180884,-81.059966,8794
75.928252,-81.059966,8811
76.801936,-81.93365,8827
77.675621,-81.93365,8844
77.675621,-82.807335,8861
79.422989,-82.807335,8877
80.296673,-82.807335,8894
81.170357,-83.681019,8911
82.044042,-83.681019,8928
82.917726,-83.681019,8944
83.79141,-83.681019,8961
84.665094,-84.554703,8978
86.412463,-84.554703,8995
87.286147,-84.554703,9011
88.159831,-84.554703,9028
89.033515,-84.554703,9061
89.9072,-84.554703,9095
90.780884,-84.554703,9112
91.654568,-84.554703,9128
92.528252,-84.554703,9145
92.528252,-82.807335,9162
93.401936,-82.807335,9179
94.275621,-81.93365,9212
95.149305,-81.93365,9229
95.149305,-81.059966,9245
96.022989,-80.186282,9279
96.022989,-79.312598,9296
96.896673,-79.312598,9329
BREAK
42.728252,-39.123124,10400
41.854568,-39.123124,10483
40.980884,-39.996808,10517
40.1072,-41.744177,10533
39.233515,-42.617861,10550
38.359831,-42.617861,10567
38.359831,-44.365229,10584
37.486147,-45.238914,10600
37.486147,-46.986282,10617
35.738779,-46.986282,10634
34.865094,-48.73365,10650
33.99141,-49.607335,10667
33.117726,-50.481019,10684
33.117726,-51.354703,10701
31.370357,-51.354703,10717
31.370357,-52.228387,10734
29.622989,-53.975756,10751
28.749305,-54.84944,10768
28.749305,-55.723124,10784
27.875621,-56.596808,10801
27.001936,-57.470492,10818
27.001936,-58.344177,10851
26.128252,-58.344177,10885
26.128252,-60.091545,10901
25.254568,-60.091545,10935
25.254568,-61.838914,10952
24.380884,-62.712598,10985
24.380884,-63.586282,11169
BREAK
