START
31.678851,-36.77349,0
32.075136,-36.377205,57
32.471421,-36.377205,86
32.867705,-36.377205,110
33.26399,-36.377205,121
34.05656,-36.377205,130
35.245414,-36.377205,141
36.434269,-36.377205,152
38.019408,-36.377205,162
40.000832,-36.377205,172
41.982257,-36.377205,182
43.963681,-36.377205,193
45.152535,-36.377205,204
46.737675,-36.377205,213
47.926529,-36.377205,224
49.115383,-36.377205,234
50.304238,-36.377205,245
51.096808,-36.377205,255
51.493092,-36.377205,265
51.889377,-36.377205,280
52.285662,-36.377205,286
53.474517,-35.980921,296
53.870801,-35.980921,307
55.455941,-35.584636,317
55.852226,-35.584636,328
56.644795,-35.584636,337
57.04108,-35.584636,348
57.437365,-35.188351,361
57.04108,-35.188351,482
56.644795,-35.188351,492
BREAK
35.245414,-35.980921,1345
35.245414,-36.377205,1421
35.245414,-37.169775,1431
35.245414,-37.56606,1452
35.245414,-38.35863,1462
35.641699,-38.35863,1473
35.641699,-38.754914,1483
36.037984,-38.754914,1494
36.037984,-39.151199,1514
36.037984,-39.943769,1525
36.434269,-39.943769,1535
36.434269,-40.340054,1545
36.434269,-41.132623,1555
36.434269,-41.925193,1577
36.830554,-42.717763,1586
36.830554,-43.510332,1610
36.830554,-44.302902,1618
36.830554,-44.699187,1628
36.830554,-45.888041,1638
36.830554,-46.284326,1660
36.830554,-47.473181,1669
36.830554,-47.869465,1680
36.830554,-48.26575,1690
36.830554,-48.662035,1701
36.830554,-49.05832,1711
36.830554,-49.454605,1721
36.830554,-49.85089,1732
36.830554,-50.247174,1752
36.830554,-50.643459,1800
36.830554,-51.039744,1810
36.830554,-51.436029,1821
36.830554,-51.832314,1846
37.226839,-51.832314,1867
37.226839,-52.228599,2050
BREAK
49.907953,-37.962345,3976
49.907953,-38.35863,4102
49.907953,-38.754914,4123
49.907953,-39.151199,4132
49.907953,-39.547484,4143
49.907953,-40.340054,4154
49.907953,-41.132623,4164
49.907953,-42.321478,4185
49.907953,-43.114048,4206
49.907953,-43.510332,4215
49.907953,-44.302902,4226
49.907953,-45.095472,4247
49.907953,-45.491756,4257
49.511668,-45.491756,4267
49.511668,-46.284326,4283
49.511668,-46.680611,4288
49.511668,-47.076896,4298
49.511668,-47.869465,4309
49.511668,-48.26575,4319
49.511668,-48.662035,4330
49.511668,-49.454605,4340
49.511668,-49.85089,4350
49.511668,-50.247174,4371
49.511668,-50.643459,4381
49.511668,-51.436029,4392
49.511668,-52.228599,4402
49.511668,-53.021168,4413
49.511668,-53.417453,4423
49.115383,-53.813738,4433
49.115383,-54.210023,4444
49.115383,-54.606308,4454
49.115383,-55.002592,4464
49.115383,-55.398877,4475
49.115383,-55.795162,4485
49.115383,-56.191447,4496
49.115383,-57.380301,4505
49.115383,-57.776586,4516
49.115383,-58.172871,4527
49.115383,-58.965441,4537
49.115383,-59.361726,4547
49.115383,-59.75801,4557
49.115383,-60.154295,4568
49.115383,-60.55058,4579
49.115383,-61.34315,4599
49.115383,-61.739435,4609
49.115383,-62.135719,4630
49.115383,-62.532004,4643
49.115383,-62.928289,4666
49.115383,-63.720859,4686
48.719099,-63.720859,4701
48.719099,-64.117143,4715
48.322814,-64.513428,4738
47.926529,-64.513428,4748
47.530244,-65.305998,4758
46.737675,-65.305998,4778
46.34139,-65.305998,4789
45.54882,-65.702283,4799
44.75625,-65.702283,4809
43.963681,-65.702283,4820
43.171111,-65.702283,4830
42.378541,-65.702283,4840
41.189687,-65.702283,4851
40.793402,-65.702283,4861
39.604548,-65.702283,4872
38.415693,-65.702283,4881
37.623123,-65.702283,4892
36.830554,-65.702283,4913
36.037984,-65.702283,4923
35.245414,-65.702283,4934
34.452845,-65.702283,4944
33.660275,-65.702283,4955
33.26399,-65.702283,4964
32.867705,-65.702283,4975
32.075136,-65.702283,4986
31.678851,-64.909713,4996
31.282566,-64.909713,5006
30.093712,-64.117143,5017
29.697427,-64.117143,5027
28.904857,-63.324574,5038
28.112288,-62.928289,5047
27.716003,-62.532004,5069
26.527148,-62.532004,5079
26.130863,-62.135719,5089
25.338294,-62.135719,5099
24.942009,-61.739435,5110
24.942009,-61.34315,5121
24.149439,-61.34315,5162
24.149439,-60.946865,5171
23.753154,-60.55058,5182
23.35687,-60.55058,5192
23.35687,-60.154295,5203
22.5643,-60.154295,5213
22.5643,-59.75801,5223
22.168015,-59.361726,5234
22.168015,-58.965441,5245
21.77173,-58.965441,5254
21.375445,-58.965441,5265
21.375445,-58.569156,5276
21.375445,-58.172871,5286
21.375445,-57.776586,5296
21.77173,-56.984017,5317
22.168015,-56.587732,5328
22.168015,-56.191447,5337
22.168015,-55.795162,5348
22.168015,-55.398877,5359
22.5643,-55.002592,5369
23.35687,-54.210023,5389
23.753154,-53.813738,5411
24.149439,-53.417453,5420
24.545724,-53.417453,5431
25.338294,-53.021168,5441
25.734579,-53.021168,5452
26.130863,-53.021168,5462
26.923433,-52.624883,5472
27.716003,-52.624883,5483
28.904857,-52.228599,5515
29.301142,-52.228599,5517
29.697427,-51.832314,5524
30.489996,-51.832314,5535
30.886281,-51.832314,5564
31.282566,-51.832314,5585
31.678851,-51.832314,5594
32.075136,-51.832314,5610
32.471421,-51.832314,5616
32.867705,-51.832314,5625
33.26399,-51.832314,5646
33.660275,-51.832314,5657
34.05656,-51.832314,5667
34.452845,-51.832314,5680
34.84913,-51.832314,5703
35.245414,-51.832314,5712
35.641699,-51.832314,5733
36.037984,-51.832314,5753
36.830554,-51.832314,5774
37.226839,-51.832314,5785
37.623123,-51.832314,5805
38.019408,-51.832314,5818
38.415693,-51.832314,5855
38.811978,-51.832314,5884
39.208263,-51.832314,5906
39.604548,-51.832314,5916
40.000832,-51.832314,5926
40.397117,-51.832314,5936
40.793402,-51.832314,5947
41.189687,-51.832314,5967
41.585972,-51.832314,5978
41.982257,-51.832314,5988
42.378541,-51.832314,5999
42.774826,-51.832314,6009
43.171111,-51.832314,6019
43.567396,-51.832314,6030
43.963681,-51.832314,6040
44.359966,-51.832314,6050
44.75625,-51.832314,6071
45.152535,-51.832314,6082
45.54882,-51.832314,6094
45.945105,-51.832314,6118
46.737675,-51.832314,6127
47.530244,-51.832314,6149
47.926529,-51.832314,6159
48.322814,-51.832314,6169
49.115383,-51.832314,6190
49.511668,-51.832314,6210
50.304238,-51.832314,6231
50.700523,-51.832314,6242
51.493092,-51.832314,6252
51.889377,-51.832314,6262
52.681947,-51.832314,6273
53.474517,-51.832314,6283
54.663371,-51.832314,6303
55.059656,-51.832314,6314
55.059656,-52.228599,6325
55.852226,-52.228599,6334
56.24851,-52.228599,6345
57.437365,-52.228599,6355
58.229935,-52.228599,6376
58.626219,-52.228599,6386
59.022504,-52.228599,6397
59.418789,-52.228599,6407
59.815074,-52.228599,6417
60.211359,-52.228599,6428
60.607644,-52.228599,6438
61.003928,-52.228599,6449
61.400213,-52.228599,6459
61.796498,-52.228599,6480
62.192783,-52.228599,6490
62.589068,-52.228599,6512
62.985353,-52.228599,6522
63.381637,-52.228599,6533
64.174207,-52.228599,6543
64.570492,-52.228599,6553
64.966777,-52.228599,6564
65.363062,-52.228599,6574
65.759346,-52.228599,6587
66.155631,-52.228599,6609
66.551916,-52.228599,6620
66.948201,-52.228599,6630
67.344486,-52.228599,6655
67.74077,-52.228599,6686
68.137055,-52.228599,6696
68.929625,-52.228599,6716
69.32591,-52.228599,6727
69.722195,-52.228599,6738
BREAK
59.418789,-52.624883,7584
59.418789,-53.021168,7675
59.815074,-53.417453,7699
59.815074,-54.210023,7720
59.815074,-55.002592,7732
60.211359,-55.002592,7741
60.607644,-55.398877,7750
61.003928,-55.795162,7772
61.003928,-56.191447,7782
61.003928,-56.587732,7792
61.003928,-56.984017,7804
61.003928,-57.380301,7825
61.003928,-57.776586,7845
61.003928,-58.172871,7868
61.003928,-58.569156,7877
61.003928,-58.965441,7899
61.003928,-59.361726,7909
61.003928,-60.154295,7929
61.003928,-60.55058,7955
61.003928,-60.946865,7983
61.003928,-61.34315,8015
61.003928,-61.739435,8026
61.003928,-62.135719,8047
61.003928,-62.928289,8069
60.607644,-63.324574,8091
60.607644,-63.720859,8117
60.607644,-64.117143,8147
60.607644,-64.513428,8158
60.607644,-64.909713,8167
60.607644,-65.305998,8189
60.607644,-65.702283,8200
60.607644,-66.098568,8209
61.003928,-66.098568,8430
61.796498,-66.098568,8440
62.589068,-66.098568,8457
64.174207,-66.098568,8467
64.966777,-66.098568,8477
66.155631,-66.098568,8488
66.551916,-66.098568,8498
66.948201,-66.098568,8508
67.344486,-66.098568,8554
67.74077,-66.098568,8577
68.137055,-66.098568,8590
68.53334,-66.098568,8618
68.929625,-66.098568,8728
69.32591,-66.098568,8991
69.32591,-65.702283,9082
69.32591,-65.305998,9093
69.32591,-64.909713,9114
69.722195,-64.909713,9125
69.722195,-64.513428,9134
69.722195,-64.117143,9145
69.722195,-63.720859,9159
69.722195,-63.324574,9187
69.722195,-62.532004,9208
70.118479,-61.739435,9217
70.118479,-61.34315,9259
70.514764,-59.361726,9261
70.514764,-58.569156,9269
70.514764,-58.172871,9280
70.514764,-57.380301,9291
70.514764,-56.587732,9311
70.514764,-56.191447,9321
70.514764,-55.795162,9332
70.514764,-55.398877,9342
70.514764,-55.002592,9352
69.722195,-55.002592,9363
69.722195,-54.606308,9374
69.32591,-54.606308,9383
69.32591,-54.210023,9394
68.53334,-54.210023,9404
68.53334,-53.813738,9415
68.53334,-53.417453,9425
68.53334,-53.021168,9435
67.74077,-52.624883,9446
67.74077,-52.228599,9456
67.74077,-51.436029,9466
66.948201,-51.436029,9477
66.551916,-51.039744,9487
66.551916,-50.643459,9498
66.551916,-50.247174,9507
66.551916,-49.85089,9520
65.759346,-49.85089,9541
65.759346,-49.454605,9551
65.759346,-49.05832,9561
65.759346,-48.662035,9572
65.759346,-47.869465,9592
66.155631,-47.076896,9603
66.155631,-45.888041,9624
66.155631,-45.491756,9634
66.551916,-45.095472,9644
66.551916,-44.699187,9655
66.551916,-44.302902,9666
66.551916,-43.906617,9675
66.551916,-43.510332,9686
66.551916,-43.114048,9707
66.948201,-42.717763,9717
66.948201,-42.321478,9728
67.344486,-41.925193,9749
67.344486,-41.132623,9759
67.74077,-40.736339,9781
67.74077,-40.340054,9792
67.74077,-39.943769,9812
68.137055,-39.151199,9843
68.137055,-38.754914,9856
68.137055,-38.35863,9986
68.53334,-37.962345,10016
68.53334,-37.56606,10037
68.53334,-37.169775,10061
68.53334,-36.77349,10077
68.53334,-36.377205,10098
68.53334,-35.980921,10111
68.53334,-35.584636,10123
68.53334,-35.188351,10143
68.53334,-34.792066,10156
68.53334,-34.395781,10183
68.53334,-35.188351,10455
68.53334,-36.377205,10464
68.53334,-37.169775,10475
68.53334,-37.56606,10486
68.53334,-38.754914,10496
68.929625,-39.151199,10506
68.929625,-39.547484,10516
68.929625,-40.340054,10527
68.929625,-41.528908,10538
68.929625,-41.925193,10547
68.929625,-43.114048,10558
68.929625,-43.510332,10579
68.929625,-44.699187,10589
68.929625,-45.095472,10607
68.929625,-45.888041,10610
68.929625,-47.076896,10621
68.929625,-47.869465,10631
68.929625,-48.26575,10641
68.929625,-48.662035,10651
68.929625,-49.05832,10662
68.929625,-49.454605,10672
68.929625,-50.643459,10682
68.929625,-51.039744,10703
68.929625,-51.832314,10714
68.929625,-52.228599,10734
68.929625,-52.624883,10745
68.929625,-53.021168,10756
68.929625,-53.417453,10766
68.929625,-53.813738,10790
68.929625,-54.606308,10810
68.929625,-55.002592,10820
68.929625,-55.398877,10834
68.929625,-55.795162,10855
68.929625,-56.191447,10876
69.32591,-56.191447,10885
69.32591,-56.984017,10903
69.32591,-57.380301,10926
69.722195,-57.380301,10947
69.722195,-57.776586,10958
69.722195,-58.172871,10984
70.118479,-58.172871,11000
70.118479,-58.569156,11034
BREAK
