START
56.24851,-37.56606,0
56.24851,-37.962345,17
55.852226,-37.962345,112
55.455941,-37.962345,136
54.663371,-38.35863,152
54.267086,-38.35863,176
53.870801,-38.754914,184
53.474517,-38.754914,200
53.078232,-38.754914,216
52.681947,-38.754914,240
52.285662,-38.754914,248
51.889377,-38.754914,264
51.096808,-38.754914,280
50.304238,-38.754914,296
49.907953,-39.151199,312
49.511668,-39.151199,320
49.115383,-39.547484,329
48.719099,-39.547484,336
47.926529,-39.943769,352
47.530244,-39.943769,360
47.133959,-39.943769,368
46.737675,-39.943769,392
46.34139,-40.340054,400
45.945105,-40.340054,408
45.54882,-40.736339,416
45.152535,-41.132623,440
44.75625,-41.132623,448
44.359966,-41.132623,464
43.963681,-41.132623,472
43.567396,-41.132623,480
43.567396,-41.528908,488
43.171111,-41.528908,512
42.774826,-41.925193,520
42.378541,-41.925193,544
41.982257,-41.925193,632
42.378541,-41.925193,1040
42.774826,-42.321478,1072
42.774826,-42.717763,1088
43.171111,-43.114048,1112
43.171111,-43.510332,1120
43.567396,-43.906617,1128
43.567396,-44.302902,1144
43.963681,-44.699187,1152
43.963681,-45.095472,1168
44.359966,-45.491756,1184
44.359966,-45.888041,1193
44.359966,-46.284326,1202
44.359966,-46.680611,1208
44.359966,-47.076896,1224
44.359966,-47.473181,1232
44.359966,-47.869465,1240
44.359966,-48.26575,1264
44.359966,-48.662035,1272
44.75625,-49.05832,1296
44.75625,-49.454605,1304
44.75625,-49.85089,1320
45.152535,-50.247174,1352
BREAK
36.037984,-50.247174,2257
35.641699,-50.247174,2288
36.037984,-50.247174,2488
36.434269,-50.247174,2504
36.830554,-50.247174,2528
37.226839,-50.247174,2592
37.623123,-49.85089,2664
38.019408,-49.85089,2672
38.415693,-49.85089,2696
38.811978,-49.454605,2712
39.208263,-49.454605,2720
40.000832,-49.05832,2744
40.397117,-49.05832,2760
40.793402,-48.662035,2776
41.189687,-48.662035,2792
41.585972,-48.662035,2816
41.982257,-48.662035,2832
41.982257,-48.26575,2849
42.378541,-48.26575,2856
42.774826,-48.26575,2864
43.171111,-47.869465,2888
43.567396,-47.869465,2896
43.963681,-47.869465,2920
44.359966,-47.869465,2936
44.75625,-47.473181,2944
45.152535,-47.473181,2969
45.54882,-47.473181,2984
45.945105,-47.076896,3008
46.34139,-47.076896,3016
46.737675,-47.076896,3040
47.133959,-47.076896,3056
47.530244,-47.076896,3080
47.926529,-47.076896,3096
48.322814,-47.076896,3120
48.719099,-47.076896,3136
48.719099,-47.473181,3152
49.115383,-47.473181,3160
49.511668,-47.473181,3169
49.907953,-47.473181,3192
50.304238,-47.473181,3200
50.700523,-47.473181,3224
51.096808,-47.473181,3232
51.493092,-47.869465,3248
51.889377,-47.869465,3264
52.285662,-47.869465,3272
52.681947,-47.869465,3288
53.078232,-47.869465,3304
53.474517,-47.869465,3320
53.870801,-47.869465,3344
54.267086,-47.869465,3360
54.663371,-47.869465,3376
55.059656,-47.869465,3392
55.455941,-47.473181,3416
55.852226,-47.473181,3432
56.24851,-47.473181,3456
56.644795,-47.473181,3472
57.04108,-47.473181,3504
57.437365,-47.473181,3544
57.83365,-47.473181,3584
58.229935,-47.473181,3608
58.626219,-47.473181,3632
59.022504,-47.473181,3657
59.418789,-47.473181,3680
59.815074,-47.473181,3696
60.211359,-47.473181,3720
60.607644,-47.076896,3736
61.003928,-47.076896,3760
61.400213,-47.076896,3784
61.796498,-47.076896,3832
62.192783,-46.680611,3848
62.589068,-46.680611,3888
62.985353,-46.680611,3920
63.381637,-46.680611,3936
63.777922,-46.680611,3960
64.174207,-46.680611,3992
64.570492,-46.680611,4008
BREAK
34.84913,-50.247174,4992
35.245414,-50.247174,5008
34.84913,-50.247174,5112
34.452845,-50.247174,5160
34.452845,-50.643459,5168
34.05656,-51.039744,5176
33.26399,-51.436029,5184
32.867705,-51.436029,5200
32.471421,-51.832314,5208
32.075136,-52.228599,5216
31.678851,-52.624883,5240
31.678851,-53.021168,5256
31.282566,-53.021168,5264
31.282566,-53.417453,5288
31.282566,-53.813738,5296
30.886281,-54.210023,5320
30.886281,-54.606308,5328
30.489996,-55.002592,5352
30.489996,-55.398877,5368
30.489996,-55.795162,5376
30.489996,-56.191447,5392
30.489996,-56.587732,5400
30.489996,-56.984017,5424
30.489996,-57.380301,5432
30.489996,-57.776586,5464
30.489996,-58.172871,5504
30.489996,-58.569156,5520
30.886281,-58.569156,5528
31.282566,-58.569156,5552
31.282566,-58.965441,5560
31.282566,-59.361726,5584
31.678851,-59.361726,5592
32.075136,-59.75801,5624
32.075136,-60.154295,5664
32.867705,-60.154295,5672
33.26399,-60.55058,5688
33.660275,-60.946865,5696
34.05656,-60.946865,5704
34.05656,-61.34315,5712
34.452845,-61.34315,5728
34.84913,-61.739435,5736
35.245414,-61.739435,5784
35.641699,-61.739435,5816
36.037984,-61.739435,5824
36.434269,-61.739435,5848
36.830554,-61.739435,5856
37.226839,-61.739435,5864
37.623123,-61.739435,5888
38.019408,-61.739435,5896
38.415693,-61.34315,5904
38.811978,-60.946865,5928
39.208263,-60.946865,5936
39.604548,-60.55058,5952
40.000832,-60.154295,5976
40.397117,-60.154295,5992
40.793402,-60.154295,6000
40.793402,-59.75801,6016
41.189687,-59.75801,6032
41.585972,-59.75801,6048
41.585972,-59.361726,6080
41.982257,-59.361726,6089
41.982257,-58.965441,6120
42.378541,-58.965441,6129
42.378541,-58.569156,6160
42.774826,-58.569156,6184
42.774826,-58.172871,6232
43.171111,-58.172871,6280
43.567396,-58.172871,6320
43.567396,-57.776586,6336
43.963681,-57.776586,6344
43.963681,-57.380301,6352
44.359966,-57.380301,6369
44.75625,-57.380301,6384
44.75625,-56.984017,6416
45.152535,-56.984017,6456
45.54882,-56.587732,6480
45.945105,-56.191447,6528
46.34139,-56.191447,6536
46.34139,-55.795162,6544
46.737675,-55.398877,6568
47.133959,-55.002592,6584
47.530244,-54.606308,6608
47.926529,-54.606308,6640
47.926529,-54.210023,6648
48.719099,-53.813738,6672
48.719099,-53.417453,6680
49.115383,-53.417453,6688
49.511668,-53.021168,6696
49.511668,-52.624883,6712
49.907953,-52.228599,6729
50.304238,-52.228599,6760
50.304238,-51.832314,6769
50.700523,-51.436029,6785
50.700523,-51.039744,6792
51.096808,-50.643459,6800
51.493092,-50.247174,6824
51.493092,-49.85089,6832
51.889377,-49.85089,6840
51.889377,-49.454605,6848
51.889377,-49.05832,6872
51.889377,-48.662035,6897
52.285662,-48.26575,6912
52.285662,-47.869465,6921
52.285662,-47.473181,6945
51.889377,-47.076896,6960
51.889377,-46.680611,6977
51.889377,-46.284326,6993
51.889377,-45.888041,7008
51.889377,-45.491756,7025
51.889377,-45.095472,7033
51.889377,-44.699187,7049
51.889377,-44.302902,7064
51.889377,-43.906617,7089
51.889377,-43.510332,7096
51.493092,-43.114048,7105
51.493092,-42.717763,7129
51.493092,-42.321478,7137
51.096808,-42.321478,7144
51.096808,-41.925193,7161
50.700523,-41.528908,7177
50.700523,-41.132623,7208
50.700523,-40.736339,7216
50.700523,-40.340054,7241
50.304238,-40.340054,7248
50.304238,-39.943769,7312
50.304238,-39.547484,7329
49.907953,-39.151199,7360
49.511668,-39.151199,7377
BREAK
57.04108,-48.662035,9177
57.04108,-49.05832,9328
57.04108,-49.454605,9336
57.04108,-49.85089,9344
57.04108,-50.247174,9360
57.04108,-51.039744,9368
57.437365,-51.436029,9377
57.437365,-52.228599,9384
57.83365,-52.624883,9400
57.83365,-53.417453,9408
58.229935,-53.813738,9416
58.626219,-54.210023,9424
58.626219,-54.606308,9440
59.022504,-55.002592,9448
59.022504,-55.398877,9456
59.022504,-55.795162,9472
59.022504,-56.191447,9480
59.418789,-56.984017,9496
59.418789,-57.776586,9520
59.418789,-58.172871,9528
59.418789,-58.965441,9536
59.418789,-59.361726,9552
59.418789,-59.75801,9560
59.418789,-60.154295,9568
59.418789,-60.55058,9576
59.815074,-61.34315,9600
59.815074,-61.739435,9624
59.815074,-62.135719,9632
59.815074,-62.532004,9680
60.211359,-62.532004,9704
60.211359,-62.928289,9728
60.211359,-63.324574,9800
60.607644,-62.928289,9936
61.003928,-62.928289,9952
61.400213,-62.928289,9976
61.796498,-62.928289,9992
62.192783,-62.532004,10008
62.589068,-62.532004,10024
62.985353,-62.135719,10032
63.777922,-62.135719,10049
64.570492,-61.739435,10065
64.966777,-61.739435,10088
65.363062,-61.739435,10096
65.759346,-61.739435,10120
66.155631,-61.739435,10128
66.551916,-61.34315,10168
66.948201,-61.34315,10200
66.948201,-60.946865,10256
66.551916,-60.946865,10272
66.551916,-60.55058,10320
66.551916,-60.154295,10336
66.551916,-59.75801,10360
66.551916,-59.361726,10392
66.155631,-59.361726,10400
66.155631,-58.965441,10408
66.155631,-58.569156,10440
66.155631,-58.172871,10448
66.155631,-57.776586,10472
66.155631,-57.380301,10480
66.155631,-56.984017,10488
66.155631,-56.587732,10504
65.759346,-56.191447,10512
65.363062,-55.398877,10520
64.966777,-54.606308,10544
64.966777,-54.210023,10552
64.570492,-53.417453,10560
64.570492,-53.021168,10576
64.570492,-52.228599,10592
64.174207,-51.436029,10616
64.174207,-51.039744,10624
63.777922,-50.247174,10632
63.777922,-49.85089,10640
63.777922,-49.454605,10657
63.777922,-49.05832,10664
63.777922,-48.662035,10672
63.777922,-48.26575,10688
63.777922,-47.869465,10696
63.777922,-47.473181,10712
63.777922,-47.076896,10736
63.381637,-47.076896,10744
63.381637,-46.680611,10752
63.381637,-46.284326,10776
63.381637,-45.888041,10784
63.381637,-45.491756,10800
62.985353,-45.095472,10808
62.985353,-44.699187,10824
62.985353,-44.302902,10856
62.589068,-44.302902,10864
62.589068,-43.906617,10880
62.589068,-43.510332,10896
62.589068,-43.114048,10921
62.589068,-42.717763,10937
62.589068,-42.321478,10968
62.589068,-41.925193,11009
62.589068,-41.528908,11049
62.589068,-41.132623,11064
62.589068,-40.736339,11080
62.589068,-40.340054,11104
62.192783,-39.943769,11112
62.192783,-39.547484,11128
61.796498,-39.151199,11144
61.796498,-38.754914,11152
61.796498,-38.35863,11160
61.796498,-37.56606,11185
61.796498,-37.169775,11193
61.796498,-36.377205,11200
61.796498,-35.584636,11216
61.796498,-35.188351,11224
61.796498,-34.395781,11232
61.796498,-33.999496,11256
62.192783,-34.395781,11329
BREAK
