START
21.108491,-49.281124,0
20.108491,-51.281124,132
20.108491,-52.281124,145
20.108491,-53.281124,157
20.108491,-55.281124,169
19.108491,-57.281124,182
19.108491,-58.281124,194
19.108491,-59.281124,206
18.108491,-61.281124,219
18.108491,-63.281124,244
17.108491,-64.281124,255
17.108491,-65.281124,267
17.108491,-66.281124,280
17.108491,-67.281124,292
17.108491,-68.281124,304
17.108491,-69.281124,328
17.108491,-70.281124,352
17.108491,-71.281124,364
17.108491,-72.281124,401
17.108491,-73.281124,413
17.108491,-74.281124,426
17.108491,-75.281124,437
17.108491,-76.281124,463
17.108491,-77.281124,474
17.108491,-78.281124,488
18.108491,-79.281124,512
18.108491,-80.281124,523
18.108491,-81.281124,535
19.108491,-81.281124,547
19.108491,-82.281124,559
20.108491,-83.281124,573
20.108491,-84.281124,583
21.108491,-84.281124,596
22.108491,-86.281124,620
23.108491,-87.281124,645
25.108491,-88.281124,671
25.108491,-89.281124,681
27.108491,-89.281124,695
28.108491,-90.281124,706
29.108491,-91.281124,718
31.108491,-91.281124,730
32.108491,-92.281124,743
34.108491,-93.281124,755
35.108491,-94.281124,767
36.108491,-94.281124,779
37.108491,-94.281124,791
38.108491,-94.281124,803
39.108491,-94.281124,815
40.108491,-94.281124,828
41.108491,-94.281124,842
42.108491,-95.281124,852
43.108491,-95.281124,864
44.108491,-95.281124,876
46.108491,-95.281124,890
47.108491,-95.281124,901
48.108491,-95.281124,913
50.108491,-95.281124,926
52.108491,-95.281124,938
54.108491,-95.281124,950
55.108491,-95.281124,962
56.108491,-95.281124,974
57.108491,-95.281124,986
58.108491,-95.281124,998
69.108491,-91.281124,1153
71.108491,-90.281124,1157
73.108491,-89.281124,1169
74.108491,-88.281124,1181
75.108491,-88.281124,1193
75.108491,-87.281124,1205
77.108491,-87.281124,1217
77.108491,-86.281124,1230
79.108491,-85.281124,1243
79.108491,-84.281124,1255
79.108491,-83.281124,1266
79.108491,-82.281124,1280
79.108491,-81.281124,1292
79.108491,-80.281124,1303
79.108491,-79.281124,1316
79.108491,-77.281124,1343
79.108491,-76.281124,1367
79.108491,-74.281124,1377
79.108491,-73.281124,1388
79.108491,-71.281124,1400
79.108491,-70.281124,1413
79.108491,-69.281124,1425
79.108491,-68.281124,1438
79.108491,-67.281124,1449
79.108491,-66.281124,1462
79.108491,-65.281124,1474
79.108491,-64.281124,1498
79.108491,-63.281124,1510
79.108491,-62.281124,1523
79.108491,-61.281124,1534
79.108491,-60.281124,1547
79.108491,-59.281124,1559
79.108491,-58.281124,1571
79.108491,-57.281124,1583
79.108491,-56.281124,1596
79.108491,-55.281124,1608
79.108491,-53.281124,1619
79.108491,-52.281124,1644
79.108491,-50.281124,1755
79.108491,-49.281124,1779
79.108491,-47.281124,1804
79.108491,-46.281124,1815
79.108491,-45.281124,1828
78.108491,-44.281124,1840
78.108491,-43.281124,1853
77.108491,-43.281124,1864
76.108491,-42.281124,1877
75.108491,-41.281124,1901
74.108491,-40.281124,1926
73.108491,-39.281124,1938
72.108491,-38.281124,1963
71.108491,-37.281124,1987
71.108491,-36.281124,1998
70.108491,-35.281124,2011
68.108491,-34.281124,2024
67.108491,-33.281124,2035
65.108491,-31.281124,2048
63.108491,-31.281124,2060
61.108491,-30.281124,2072
60.108491,-29.281124,2083
58.108491,-29.281124,2096
56.108491,-29.281124,2108
55.108491,-29.281124,2120
53.108491,-28.281124,2132
52.108491,-28.281124,2157
50.108491,-28.281124,2280
49.108491,-28.281124,2292
48.108491,-28.281124,2315
47.108491,-28.281124,2328
46.108491,-28.281124,2352
45.108491,-28.281124,2425
44.108491,-28.281124,2438
44.108491,-29.281124,2450
43.108491,-29.281124,2463
43.108491,-30.281124,2474
42.108491,-31.281124,2548
42.108491,-32.281124,2560
41.108491,-33.281124,2572
41.108491,-34.281124,2597
40.108491,-35.281124,2622
40.108491,-36.281124,2647
39.108491,-37.281124,2672
38.108491,-38.281124,2698
38.108491,-39.281124,2706
38.108491,-40.281124,2720
38.108491,-41.281124,2743
38.108491,-42.281124,2767
38.108491,-43.281124,2778
38.108491,-44.281124,2791
38.108491,-45.281124,2815
39.108491,-46.281124,2852
39.108491,-47.281124,2864
40.108491,-47.281124,2889
41.108491,-48.281124,2913
42.108491,-48.281124,2938
43.108491,-48.281124,2950
44.108491,-48.281124,2987
45.108491,-48.281124,3011
46.108491,-48.281124,3023
47.108491,-48.281124,3048
48.108491,-48.281124,3072
49.108491,-48.281124,3097
50.108491,-48.281124,3121
50.108491,-47.281124,3196
51.108491,-47.281124,3205
51.108491,-46.281124,3218
51.108491,-45.281124,3256
52.108491,-45.281124,3267
52.108491,-44.281124,3293
53.108491,-43.281124,3303
53.108491,-42.281124,3328
53.108491,-41.281124,3353
53.108491,-40.281124,3377
53.108491,-39.281124,3389
53.108491,-38.281124,3901
52.108491,-37.281124,3914
52.108491,-36.281124,3925
51.108491,-35.281124,3950
50.108491,-34.281124,3986
49.108491,-33.281124,3999
48.108491,-33.281124,4023
47.108491,-32.281124,4037
46.108491,-32.281124,4047
45.108491,-32.281124,4072
44.108491,-31.281124,4084
43.108491,-31.281124,4096
42.108491,-31.281124,4120
41.108491,-31.281124,4156
40.108491,-30.281124,4169
39.108491,-30.281124,4182
37.108491,-29.281124,4206
36.108491,-29.281124,4243
36.108491,-28.281124,4254
36.108491,-27.281124,4304
35.108491,-27.281124,4316
35.108491,-26.281124,4339
34.108491,-26.281124,4352
34.108491,-25.281124,4365
34.108491,-24.281124,4401
34.108491,-23.281124,4499
34.108491,-22.281124,4548
34.108491,-21.281124,4584
34.108491,-20.281124,4608
34.108491,-19.281124,4622
35.108491,-19.281124,4633
35.108491,-18.281124,4645
35.108491,-17.281124,4669
36.108491,-16.281124,4683
36.108491,-15.281124,4707
37.108491,-15.281124,4718
38.108491,-14.281124,4732
38.108491,-13.281124,4779
39.108491,-12.281124,4792
40.108491,-12.281124,4878
41.108491,-12.281124,4901
42.108491,-12.281124,4914
43.108491,-12.281124,4975
45.108491,-12.281124,5000
46.108491,-12.281124,5060
47.108491,-12.281124,5085
47.108491,-13.281124,5181
47.108491,-14.281124,5206
48.108491,-14.281124,5219
48.108491,-15.281124,5267
48.108491,-16.281124,5292
48.108491,-17.281124,5304
48.108491,-18.281124,5474
48.108491,-19.281124,5498
48.108491,-20.281124,5548
48.108491,-21.281124,5707
48.108491,-22.281124,5742
48.108491,-23.281124,5778
48.108491,-24.281124,5803
47.108491,-24.281124,5816
47.108491,-25.281124,5828
47.108491,-26.281124,5925
BREAK
