START
15.81271,-43.534334,0
16.598165,-42.748879,39
15.81271,-41.963425,87
15.027256,-41.17797,103
15.027256,-40.392516,144
15.027256,-39.607061,151
15.027256,-38.821606,183
15.027256,-38.036152,200
15.027256,-37.250697,215
15.027256,-36.465243,224
15.027256,-35.679788,231
15.027256,-34.894334,240
15.027256,-34.108879,247
15.027256,-33.323425,272
15.027256,-32.53797,296
15.027256,-31.752516,311
15.027256,-30.967061,336
15.81271,-30.967061,344
15.81271,-30.181606,368
16.598165,-29.396152,375
17.383619,-28.610697,447
18.169074,-28.610697,471
18.954528,-28.610697,520
19.739983,-28.610697,535
20.525437,-29.396152,631
21.310892,-30.181606,648
21.310892,-30.967061,688
21.310892,-31.752516,712
21.310892,-32.53797,743
22.096346,-33.323425,760
22.096346,-34.108879,792
22.096346,-34.894334,808
22.096346,-35.679788,824
22.096346,-36.465243,840
22.881801,-36.465243,848
22.881801,-37.250697,888
22.881801,-38.036152,912
22.881801,-38.821606,952
22.881801,-39.607061,960
22.881801,-40.392516,968
22.881801,-41.17797,992
22.881801,-41.963425,1008
22.881801,-42.748879,1032
22.881801,-43.534334,1040
22.881801,-44.319788,1064
22.881801,-45.105243,1072
23.667256,-45.890697,1089
23.667256,-46.676152,1104
23.667256,-47.461606,1120
23.667256,-48.247061,1128
23.667256,-49.032516,1144
23.667256,-49.81797,1160
23.667256,-50.603425,1168
23.667256,-51.388879,1192
23.667256,-52.174334,1200
23.667256,-52.959788,1232
23.667256,-53.745243,1248
22.881801,-54.530697,1288
22.881801,-55.316152,1304
22.881801,-56.101606,1336
22.881801,-56.887061,1352
22.881801,-57.672516,1384
22.881801,-58.45797,1400
22.881801,-59.243425,1448
22.096346,-60.028879,1456
22.096346,-60.814334,1536
22.096346,-61.599788,1632
22.096346,-62.385243,1744
22.096346,-63.170697,1848
22.096346,-63.956152,1872
22.096346,-64.741606,1912
22.096346,-65.527061,1936
22.096346,-66.312516,1984
22.096346,-67.09797,2000
22.096346,-67.883425,2056
22.096346,-68.668879,2072
22.096346,-69.454334,2128
22.881801,-70.239788,2136
23.667256,-71.025243,2184
24.45271,-71.025243,2280
25.238165,-71.025243,2320
26.023619,-71.025243,2352
26.809074,-71.025243,2376
27.594528,-71.025243,2408
28.379983,-71.025243,2424
29.165437,-71.025243,2448
29.950892,-71.025243,2464
30.736346,-70.239788,2504
31.521801,-69.454334,2520
32.307256,-68.668879,2544
32.307256,-67.883425,2560
32.307256,-67.09797,2568
32.307256,-65.527061,2584
33.09271,-63.956152,2592
33.09271,-63.170697,2616
33.09271,-62.385243,2624
33.09271,-61.599788,2640
33.09271,-60.814334,2648
33.09271,-60.028879,2664
33.09271,-59.243425,2672
33.09271,-57.672516,2680
33.09271,-56.887061,2688
33.09271,-56.101606,2704
33.09271,-55.316152,2712
33.09271,-54.530697,2736
33.09271,-53.745243,2752
33.09271,-52.959788,2776
33.09271,-52.174334,2792
33.09271,-51.388879,2816
33.09271,-50.603425,2832
33.878165,-49.81797,2848
33.878165,-49.032516,2872
33.878165,-48.247061,2880
33.878165,-47.461606,2904
33.878165,-46.676152,2920
33.878165,-45.890697,2944
33.878165,-45.105243,2960
33.878165,-44.319788,2984
33.878165,-43.534334,3000
34.663619,-42.748879,3016
34.663619,-41.963425,3048
35.449074,-41.17797,3064
36.234528,-40.392516,3104
36.234528,-39.607061,3112
36.234528,-38.821606,3128
36.234528,-38.036152,3168
37.019983,-38.036152,3176
37.805437,-36.465243,3208
37.805437,-35.679788,3232
38.590892,-34.108879,3264
39.376346,-33.323425,3304
40.161801,-32.53797,3352
40.161801,-31.752516,3416
40.947256,-31.752516,3512
41.73271,-31.752516,3544
43.303619,-32.53797,3584
43.303619,-33.323425,3608
44.874528,-33.323425,3632
45.659983,-34.108879,3648
45.659983,-34.894334,3664
46.445437,-34.894334,3688
47.230892,-35.679788,3704
47.230892,-36.465243,3736
47.230892,-37.250697,3752
48.016346,-38.036152,3768
48.016346,-38.821606,3784
48.801801,-39.607061,3808
48.801801,-40.392516,3824
48.801801,-41.17797,3840
48.801801,-41.963425,3848
48.801801,-42.748879,3864
48.801801,-43.534334,3880
49.587256,-43.534334,3896
49.587256,-44.319788,3904
49.587256,-45.105243,3912
49.587256,-45.890697,3944
50.37271,-46.676152,3952
50.37271,-47.461606,3968
50.37271,-48.247061,3984
50.37271,-49.032516,4000
50.37271,-49.81797,4025
50.37271,-50.603425,4040
50.37271,-51.388879,4072
50.37271,-52.174334,4080
50.37271,-52.959788,4105
50.37271,-53.745243,4120
50.37271,-54.530697,4152
50.37271,-55.316152,4177
50.37271,-56.101606,4224
50.37271,-56.887061,4256
51.158165,-57.672516,4288
51.158165,-58.45797,4321
51.158165,-59.243425,4328
51.943619,-60.028879,4360
52.729074,-60.814334,4384
53.514528,-61.599788,4424
54.299983,-62.385243,4440
54.299983,-63.170697,4464
55.085437,-63.956152,4488
55.870892,-63.956152,4513
55.870892,-64.741606,4537
56.656346,-65.527061,4576
57.441801,-65.527061,4600
58.227256,-66.312516,4641
59.01271,-66.312516,4664
59.798165,-66.312516,4696
60.583619,-66.312516,4713
61.369074,-66.312516,4721
62.154528,-66.312516,4737
62.939983,-66.312516,4745
63.725437,-66.312516,4768
64.510892,-66.312516,4792
65.296346,-65.527061,4801
66.081801,-64.741606,4825
66.867256,-63.956152,4841
67.65271,-63.956152,4856
69.223619,-63.170697,4865
69.223619,-62.385243,4881
70.009074,-62.385243,4889
70.794528,-61.599788,4913
70.794528,-60.814334,4929
71.579983,-60.028879,4945
72.365437,-59.243425,4969
73.150892,-54.530697,5066
73.150892,-53.745243,5073
73.936346,-52.959788,5081
73.936346,-52.174334,5113
73.936346,-51.388879,5121
73.936346,-50.603425,5137
73.936346,-49.81797,5145
73.936346,-49.032516,5153
73.936346,-48.247061,5161
73.936346,-47.461606,5169
73.936346,-46.676152,5185
73.936346,-45.890697,5193
73.936346,-45.105243,5209
73.936346,-43.534334,5217
73.936346,-42.748879,5233
73.936346,-41.963425,5241
73.936346,-41.17797,5257
73.936346,-40.392516,5265
73.936346,-39.607061,5273
73.936346,-38.821606,5281
73.936346,-38.036152,5313
73.936346,-37.250697,5337
73.150892,-36.465243,5353
73.150892,-35.679788,5473
73.150892,-34.894334,5601
72.365437,-34.894334,5609
72.365437,-34.108879,5641
71.579983,-33.323425,5697
71.579983,-32.53797,5721
71.579983,-31.752516,5729
71.579983,-30.967061,5921
72.365437,-30.967061,5961
73.150892,-30.967061,5993
73.936346,-31.752516,6001
74.721801,-31.752516,6025
75.507256,-32.53797,6033
76.29271,-32.53797,6049
77.078165,-32.53797,6065
77.078165,-33.323425,6081
77.863619,-34.108879,6089
78.649074,-34.108879,6105
78.649074,-34.894334,6113
79.434528,-35.679788,6129
80.219983,-35.679788,6145
80.219983,-36.465243,6161
80.219983,-37.250697,6169
80.219983,-38.036152,6193
80.219983,-38.821606,6209
80.219983,-39.607061,6217
81.005437,-40.392516,6233
81.005437,-41.17797,6249
81.790892,-41.963425,6265
81.790892,-42.748879,6283
81.790892,-43.534334,6305
81.790892,-44.319788,6313
81.790892,-45.105243,6337
81.790892,-46.676152,6353
81.790892,-47.461606,6377
81.790892,-48.247061,6386
82.576346,-49.032516,6393
82.576346,-49.81797,6410
82.576346,-50.603425,6425
82.576346,-51.388879,6433
82.576346,-52.174334,6449
82.576346,-52.959788,6457
82.576346,-53.745243,6466
82.576346,-54.530697,6482
82.576346,-55.316152,6489
82.576346,-56.101606,6506
82.576346,-56.887061,6514
82.576346,-57.672516,6528
82.576346,-58.45797,6536
82.576346,-59.243425,6544
82.576346,-60.028879,6552
82.576346,-60.814334,6568
81.790892,-62.385243,6577
81.790892,-63.170697,6600
81.790892,-63.956152,6608
81.790892,-64.741606,6624
81.790892,-65.527061,6640
81.790892,-66.312516,6648
81.005437,-67.09797,6728
81.005437,-66.312516,6784
80.219983,-65.527061,6792
79.434528,-64.741606,6800
78.649074,-63.956152,6808
BREAK
