START
18.086147,-64.870897,0
17.304192,-64.870897,54
17.304192,-64.088942,62
16.522237,-63.306987,70
15.740282,-63.306987,86
15.740282,-62.525032,94
14.958327,-62.525032,103
14.176373,-61.743078,110
11.830508,-60.961123,128
11.048553,-60.179168,134
10.266598,-59.397213,142
9.4846432,-59.397213,150
9.4846432,-58.615258,158
8.7026883,-58.615258,172
8.7026883,-57.833303,174
8.7026883,-57.051348,238
7.9207334,-57.051348,254
7.9207334,-56.269393,262
7.1387786,-55.487438,270
6.3568237,-55.487438,278
6.3568237,-54.705484,286
5.5748688,-53.923529,326
5.5748688,-53.141574,346
5.5748688,-52.359619,350
5.5748688,-51.577664,366
5.5748688,-50.013754,375
5.5748688,-49.231799,390
5.5748688,-48.449844,414
5.5748688,-47.66789,422
5.5748688,-46.885935,474
5.5748688,-46.10398,486
6.3568237,-45.322025,494
6.3568237,-44.54007,502
7.9207334,-44.54007,510
8.7026883,-44.54007,519
9.4846432,-43.758115,526
10.266598,-42.97616,534
10.266598,-42.194205,567
10.266598,-41.412251,582
11.048553,-40.630296,598
11.830508,-39.848341,606
12.612463,-39.848341,622
13.394418,-39.066386,630
13.394418,-38.284431,638
14.176373,-38.284431,654
14.176373,-37.502476,663
14.176373,-36.720521,676
14.958327,-35.938566,686
15.740282,-35.156611,710
16.522237,-34.374657,720
17.304192,-34.374657,727
17.304192,-33.592702,743
18.086147,-33.592702,759
18.086147,-32.810747,767
18.868102,-32.028792,785
19.650057,-31.246837,798
20.432012,-31.246837,814
20.432012,-30.464882,823
21.213967,-29.682927,830
21.995921,-28.900972,846
22.777876,-28.900972,862
23.559831,-28.119017,872
24.341786,-27.337063,894
25.123741,-27.337063,910
25.905696,-26.555108,927
26.687651,-26.555108,934
27.469606,-26.555108,958
28.251561,-26.555108,975
29.033515,-26.555108,1014
29.81547,-26.555108,1022
30.597425,-26.555108,1039
32.161335,-26.555108,1046
32.94329,-26.555108,1056
34.5072,-26.555108,1062
36.071109,-26.555108,1070
36.853064,-26.555108,1078
37.635019,-26.555108,1086
38.416974,-26.555108,1112
38.416974,-27.337063,1126
39.198929,-27.337063,1134
39.198929,-28.119017,1142
39.980884,-28.119017,1151
39.980884,-28.900972,1175
40.762839,-28.900972,1183
40.762839,-29.682927,1191
41.544794,-29.682927,1198
41.544794,-30.464882,1207
41.544794,-31.246837,1222
41.544794,-32.028792,1230
41.544794,-32.810747,1246
41.544794,-33.592702,1279
41.544794,-35.156611,1295
42.326748,-35.156611,1302
42.326748,-35.938566,1310
42.326748,-37.502476,1331
42.326748,-38.284431,1343
42.326748,-39.066386,1351
42.326748,-39.848341,1358
42.326748,-40.630296,1374
42.326748,-41.412251,1391
42.326748,-42.194205,1406
42.326748,-42.97616,1424
42.326748,-43.758115,1441
42.326748,-44.54007,1454
42.326748,-45.322025,1478
42.326748,-46.10398,1495
42.326748,-46.885935,1519
41.544794,-47.66789,1550
40.762839,-48.449844,1567
40.762839,-49.231799,1592
39.980884,-49.231799,1599
39.980884,-50.013754,1614
39.980884,-50.795709,1631
39.198929,-50.795709,1638
38.416974,-51.577664,1659
38.416974,-52.359619,1678
37.635019,-52.359619,1694
37.635019,-53.141574,1711
36.853064,-53.141574,1718
36.853064,-53.923529,1736
36.071109,-53.923529,1768
36.071109,-54.705484,1807
35.289154,-54.705484,1822
34.5072,-54.705484,1887
33.725245,-54.705484,1911
32.94329,-54.705484,1926
32.94329,-55.487438,2143
33.725245,-55.487438,2158
33.725245,-56.269393,2166
34.5072,-56.269393,2175
34.5072,-57.051348,2182
35.289154,-57.051348,2191
36.071109,-57.051348,2206
36.071109,-57.833303,2208
36.853064,-57.833303,2223
36.853064,-58.615258,2232
36.853064,-59.397213,2256
36.853064,-60.179168,2270
37.635019,-60.179168,2278
38.416974,-60.179168,2294
38.416974,-60.961123,2304
38.416974,-61.743078,2343
39.198929,-61.743078,2367
39.198929,-62.525032,2382
39.980884,-63.306987,2471
39.980884,-64.088942,2502
39.980884,-64.870897,2615
39.980884,-65.652852,2644
39.980884,-66.434807,2671
40.762839,-66.434807,2703
40.762839,-67.216762,2727
40.762839,-67.998717,2857
41.544794,-67.998717,2870
42.326748,-67.998717,2887
42.326748,-68.780672,2910
43.108703,-68.780672,2943
43.890658,-68.780672,2982
44.672613,-68.780672,3023
45.454568,-68.780672,3238
46.236523,-68.780672,3263
47.018478,-68.780672,3294
47.018478,-67.998717,3334
47.800433,-67.998717,3350
48.582388,-67.998717,3358
48.582388,-67.216762,3366
49.364342,-67.216762,3374
50.146297,-67.216762,3404
50.146297,-66.434807,3408
50.146297,-65.652852,3447
50.928252,-65.652852,3470
50.928252,-64.870897,3479
50.928252,-64.088942,3486
51.710207,-64.088942,3495
52.492162,-63.306987,3526
53.274117,-63.306987,3556
54.056072,-63.306987,3576
54.056072,-62.525032,3599
54.838027,-62.525032,3679
55.619982,-62.525032,3808
55.619982,-61.743078,3831
56.401936,-61.743078,3847
57.183891,-61.743078,3863
57.965846,-61.743078,3878
58.747801,-61.743078,3894
59.529756,-61.743078,3903
59.529756,-60.961123,4065
59.529756,-60.179168,4086
59.529756,-59.397213,4695
59.529756,-58.615258,4743
59.529756,-57.833303,4791
59.529756,-57.051348,4871
59.529756,-56.269393,4919
58.747801,-55.487438,4959
58.747801,-54.705484,4983
57.965846,-53.923529,4991
57.965846,-53.141574,5023
57.183891,-52.359619,5050
57.183891,-51.577664,5063
57.183891,-50.795709,5087
57.183891,-50.013754,5135
57.183891,-49.231799,5176
57.183891,-48.449844,5199
57.183891,-47.66789,5206
57.183891,-46.885935,5231
57.183891,-46.10398,5256
57.183891,-45.322025,5295
57.183891,-44.54007,5311
57.183891,-43.758115,5335
57.183891,-42.97616,5358
57.183891,-42.194205,5377
57.183891,-41.412251,5382
57.183891,-40.630296,5407
57.183891,-39.848341,5422
57.183891,-39.066386,5446
57.183891,-38.284431,5482
57.183891,-37.502476,5502
57.183891,-36.720521,5526
57.183891,-35.938566,5543
57.183891,-35.156611,5559
57.183891,-34.374657,5582
57.183891,-33.592702,5598
57.183891,-32.810747,5606
57.183891,-32.028792,5615
57.183891,-31.246837,5638
57.183891,-30.464882,5647
57.183891,-29.682927,5663
57.183891,-28.900972,5679
57.965846,-28.900972,5686
57.965846,-28.119017,5700
58.747801,-28.119017,5703
58.747801,-26.555108,5712
59.529756,-26.555108,5730
60.311711,-25.773153,5736
60.311711,-24.991198,5743
61.093666,-24.991198,5759
61.093666,-24.209243,5775
61.093666,-23.427288,5783
61.875621,-23.427288,5800
62.657576,-22.645333,5815
62.657576,-21.863378,5830
62.657576,-21.081423,5861
63.43953,-21.081423,5871
64.221485,-20.299469,5887
65.00344,-20.299469,5895
65.785395,-20.299469,5903
66.56735,-20.299469,5911
67.349305,-20.299469,5927
68.13126,-20.299469,5935
68.913215,-20.299469,5943
69.69517,-20.299469,5951
70.477124,-20.299469,5967
71.259079,-20.299469,5991
72.041034,-20.299469,6007
72.041034,-21.081423,6015
73.604944,-21.081423,6022
74.386899,-21.081423,6031
75.168854,-21.863378,6039
75.950809,-21.863378,6047
77.514718,-21.863378,6055
78.296673,-21.863378,6063
79.078628,-21.863378,6080
79.860583,-21.863378,6110
80.642538,-21.863378,6135
80.642538,-22.645333,6143
82.206448,-22.645333,6151
82.206448,-23.427288,6159
82.206448,-24.209243,6167
82.206448,-24.991198,6207
82.988403,-24.991198,6236
82.988403,-25.773153,6239
83.770357,-26.555108,6271
83.770357,-27.337063,6279
83.770357,-28.119017,6287
83.770357,-28.900972,6304
83.770357,-29.682927,6311
83.770357,-30.464882,6319
83.770357,-31.246837,6327
83.770357,-32.028792,6343
83.770357,-32.810747,6351
83.770357,-33.592702,6366
83.770357,-35.156611,6368
83.770357,-35.938566,6383
83.770357,-36.720521,6391
83.770357,-37.502476,6407
83.770357,-38.284431,6415
83.770357,-39.066386,6423
83.770357,-39.848341,6439
83.770357,-40.630296,6455
83.770357,-41.412251,6463
83.770357,-42.194205,6487
83.770357,-42.97616,6511
83.770357,-43.758115,6519
83.770357,-44.54007,6535
83.770357,-45.322025,6557
83.770357,-46.10398,6567
83.770357,-46.885935,6575
83.770357,-47.66789,6592
83.770357,-48.449844,6599
83.770357,-49.231799,6607
83.770357,-50.013754,6615
83.770357,-50.795709,6631
83.770357,-51.577664,6639
83.770357,-52.359619,6647
83.770357,-53.141574,6655
83.770357,-53.923529,6671
83.770357,-54.705484,6679
83.770357,-55.487438,6695
83.770357,-56.269393,6719
83.770357,-57.051348,6743
83.770357,-57.833303,6754
83.770357,-58.615258,6783
82.988403,-59.397213,6807
82.206448,-59.397213,6823
81.424493,-59.397213,6839
81.424493,-60.179168,6855
80.642538,-60.179168,6864
79.860583,-60.961123,6887
79.078628,-60.961123,6895
78.296673,-60.961123,6911
77.514718,-60.961123,6919
76.732764,-60.961123,6935
75.950809,-60.961123,6951
74.386899,-60.961123,6959
73.604944,-60.961123,6983
72.822989,-60.961123,7007
72.041034,-60.961123,7079
71.259079,-60.961123,7231
71.259079,-60.179168,7271
70.477124,-60.179168,7287
69.69517,-60.179168,7319
69.69517,-59.397213,7359
BREAK
41.544794,-27.337063,8418
41.544794,-26.555108,8439
42.326748,-26.555108,8462
42.326748,-25.773153,8470
43.108703,-25.773153,8478
43.890658,-24.991198,8486
44.672613,-24.991198,8494
45.454568,-24.991198,8502
46.236523,-24.209243,8519
47.018478,-23.427288,8526
47.800433,-23.427288,8534
47.800433,-22.645333,8542
48.582388,-22.645333,8558
49.364342,-21.863378,8566
50.146297,-21.863378,8598
50.928252,-21.863378,8718
50.928252,-22.645333,8726
51.710207,-22.645333,8742
52.492162,-23.427288,8750
53.274117,-24.209243,8774
53.274117,-24.991198,8790
53.274117,-25.773153,8799
54.056072,-26.555108,8822
54.056072,-27.337063,8982
54.838027,-28.119017,8999
BREAK
