START
28.232441,-72.676174,0
28.232441,-61.125154,2
28.232441,-59.970052,11
28.232441,-58.237399,19
28.232441,-57.659848,21
28.232441,-57.082297,29
28.232441,-55.927194,38
28.232441,-54.772092,45
28.232441,-54.194541,55
28.232441,-53.61699,61
28.232441,-52.461888,69
28.232441,-51.306786,77
28.232441,-50.729235,92
28.232441,-49.574133,94
28.232441,-48.419031,101
28.232441,-47.84148,110
28.809992,-46.686378,117
29.387543,-45.531276,125
29.387543,-44.376174,135
29.965094,-43.221072,149
29.965094,-42.643521,158
30.542645,-42.06597,165
30.542645,-40.910868,176
31.120196,-40.333317,181
31.697747,-39.178215,190
32.275298,-38.600664,197
33.4304,-37.445562,206
33.4304,-36.29046,216
35.163054,-35.712909,222
35.740605,-34.557807,229
37.473258,-33.980256,238
38.050809,-33.402705,246
38.62836,-32.825154,255
40.361013,-32.247603,262
40.938564,-31.670052,270
41.516115,-31.670052,278
42.671217,-31.092501,286
43.248768,-31.092501,300
44.40387,-30.51495,302
45.558972,-30.51495,310
46.136523,-30.51495,318
47.291625,-30.51495,326
48.446727,-30.51495,340
50.17938,-30.51495,341
52.489584,-30.51495,350
54.222237,-30.51495,358
55.95489,-30.51495,366
57.687543,-31.670052,375
59.420196,-32.247603,382
60.575298,-32.247603,390
62.307951,-32.825154,398
63.463054,-32.825154,406
64.040605,-33.402705,420
65.195707,-33.980256,423
65.773258,-33.980256,430
66.350809,-34.557807,438
66.350809,-35.135358,446
66.92836,-35.712909,462
66.92836,-36.29046,470
67.505911,-37.445562,478
68.083462,-38.023113,486
68.661013,-38.600664,496
68.661013,-39.755766,502
69.238564,-39.755766,510
69.816115,-40.910868,518
69.816115,-42.06597,526
69.816115,-42.643521,536
69.816115,-43.798623,542
69.816115,-44.376174,550
69.816115,-46.108827,558
69.816115,-47.263929,566
69.816115,-48.419031,580
69.816115,-49.574133,582
69.816115,-50.729235,590
70.393666,-52.461888,598
70.393666,-53.61699,606
70.393666,-54.772092,622
70.393666,-55.349643,630
70.393666,-55.927194,638
70.393666,-56.504746,646
70.393666,-57.082297,662
70.393666,-57.659848,670
70.393666,-58.237399,678
70.393666,-59.392501,696
70.393666,-59.970052,702
70.393666,-60.547603,710
69.816115,-61.125154,718
69.816115,-61.702705,726
69.238564,-62.857807,736
69.238564,-63.435358,758
BREAK
