START
10.248849,-28.224138,0
10.248849,-30.202918,84
10.248849,-30.202918,88
11.238239,-32.181698,97
12.227629,-35.149867,110
12.227629,-38.118037,124
13.217019,-41.086207,137
14.206409,-44.054377,150
15.195799,-45.043767,177
15.195799,-46.033156,189
15.195799,-47.022546,203
15.195799,-48.011936,229
16.185188,-49.990716,256
17.174578,-50.980106,322
18.163968,-50.980106,336
19.153358,-50.980106,349
20.142748,-50.980106,362
22.121528,-50.980106,389
23.110918,-50.980106,402
24.100308,-50.980106,415
25.089698,-50.980106,429
25.089698,-49.990716,462
25.089698,-49.001326,475
26.079088,-49.001326,488
28.057867,-47.022546,501
29.047257,-47.022546,515
31.026037,-45.043767,528
32.015427,-45.043767,541
32.015427,-44.054377,555
33.994207,-43.064987,567
33.994207,-42.075597,581
33.994207,-40.096817,607
33.994207,-39.107427,621
33.994207,-38.118037,635
33.994207,-37.128647,647
34.983597,-36.139257,660
34.983597,-35.149867,674
34.983597,-34.160477,687
34.983597,-33.171088,700
34.983597,-31.192308,714
34.983597,-30.202918,740
34.983597,-29.213528,767
34.983597,-28.224138,780
34.983597,-27.234748,793
34.983597,-26.245358,807
34.983597,-25.255968,840
34.983597,-24.266578,859
34.983597,-23.277188,904
33.994207,-22.287798,937
BREAK
37.951767,-38.118037,2713
37.951767,-37.128647,3039
38.941157,-37.128647,3064
38.941157,-36.139257,3085
39.930547,-36.139257,3111
39.930547,-35.149867,3137
40.919936,-35.149867,3150
40.919936,-34.160477,3164
41.909326,-34.160477,3177
41.909326,-33.171088,3217
42.898716,-33.171088,3274
42.898716,-32.181698,3313
43.888106,-32.181698,3365
44.877496,-31.192308,3494
44.877496,-30.202918,3520
45.866886,-29.213528,3604
45.866886,-28.224138,3656
45.866886,-27.234748,3688
45.866886,-26.245358,3728
45.866886,-25.255968,3755
45.866886,-24.266578,3807
45.866886,-23.277188,3840
45.866886,-22.287798,3866
45.866886,-21.298408,3905
45.866886,-20.309019,3919
46.856276,-20.309019,3944
47.845666,-19.319629,3990
47.845666,-18.330239,4030
48.835056,-17.340849,4057
49.824446,-17.340849,4069
50.813836,-16.351459,4096
51.803226,-16.351459,4129
52.792615,-15.362069,4155
53.782005,-15.362069,4194
53.782005,-14.372679,4207
54.771395,-14.372679,4221
54.771395,-13.383289,4240
55.760785,-13.383289,4267
57.739565,-12.393899,4280
59.718345,-12.393899,4294
61.697125,-12.393899,4307
62.686515,-11.404509,4391
63.675905,-11.404509,4404
66.644074,-10.415119,4417
68.622854,-10.415119,4431
69.612244,-10.415119,4457
71.591024,-9.4257294,4528
72.580414,-9.4257294,4541
73.569804,-9.4257294,4555
74.559194,-9.4257294,4651
76.537974,-9.4257294,4664
78.516753,-9.4257294,4678
80.495533,-9.4257294,4690
81.484923,-9.4257294,4718
82.474313,-9.4257294,4865
82.474313,-10.415119,4878
84.453093,-10.415119,4892
84.453093,-11.404509,4904
85.442483,-12.393899,4918
85.442483,-13.383289,4982
85.442483,-14.372679,5016
85.442483,-15.362069,5081
85.442483,-16.351459,5134
85.442483,-17.340849,5198
BREAK
31.026037,-38.118037,6106
32.015427,-37.128647,6145
33.004817,-37.128647,6165
33.004817,-36.139257,6179
33.994207,-36.139257,6198
34.983597,-36.139257,6225
34.983597,-35.149867,6244
35.972987,-35.149867,6277
37.951767,-35.149867,6290
38.941157,-35.149867,6304
39.930547,-35.149867,6316
40.919936,-35.149867,6330
41.909326,-35.149867,6344
42.898716,-34.160477,6356
44.877496,-33.171088,6370
45.866886,-33.171088,6396
47.845666,-33.171088,6410
48.835056,-32.181698,6423
49.824446,-32.181698,6436
51.803226,-32.181698,6449
51.803226,-31.192308,6482
53.782005,-31.192308,6509
56.750175,-30.202918,6522
60.707735,-30.202918,6535
62.686515,-29.213528,6549
63.675905,-29.213528,6561
65.654684,-28.224138,6627
66.644074,-27.234748,6641
67.633464,-27.234748,6653
68.622854,-27.234748,6667
69.612244,-27.234748,6706
70.601634,-26.245358,6745
71.591024,-26.245358,6758
72.580414,-25.255968,6771
74.559194,-24.266578,6784
75.548584,-24.266578,6798
76.537974,-24.266578,6810
77.527363,-23.277188,6824
78.516753,-22.287798,6838
79.506143,-22.287798,6935
80.495533,-22.287798,6947
81.484923,-21.298408,6961
82.474313,-21.298408,7045
83.463703,-20.309019,7059
85.442483,-19.319629,7071
86.431873,-19.319629,7085
87.421263,-19.319629,7296
87.421263,-18.330239,7310
88.410653,-18.330239,7322
BREAK
