START
36.612463,-67.954703,0
36.612463,-67.081019,9
35.738779,-66.207335,28
35.738779,-65.33365,37
35.738779,-64.459966,75
34.865094,-63.586282,84
34.865094,-62.712598,93
33.99141,-61.838914,103
33.117726,-61.838914,112
32.244042,-60.091545,121
31.370357,-58.344177,131
30.496673,-56.596808,140
29.622989,-54.84944,149
28.749305,-53.975756,159
28.749305,-53.102071,168
27.875621,-52.228387,177
27.001936,-50.481019,187
27.001936,-48.73365,196
27.001936,-47.859966,205
27.001936,-46.986282,215
27.001936,-46.112598,224
27.001936,-44.365229,233
27.001936,-43.491545,252
27.001936,-42.617861,261
27.001936,-41.744177,280
27.001936,-40.870492,317
27.875621,-40.870492,336
28.749305,-40.870492,345
29.622989,-39.996808,354
30.496673,-39.996808,364
32.244042,-39.996808,373
33.99141,-39.996808,382
36.612463,-39.996808,392
40.1072,-39.996808,401
42.728252,-39.996808,410
45.349305,-39.996808,420
47.970357,-39.996808,429
50.59141,-39.996808,438
54.086147,-38.24944,448
56.7072,-38.24944,457
59.328252,-38.24944,466
61.949305,-38.24944,476
62.822989,-38.24944,485
63.696673,-38.24944,504
BREAK
62.822989,-26.017861,877
62.822989,-27.765229,989
62.822989,-29.512598,998
62.822989,-30.386282,1007
62.822989,-32.13365,1017
62.822989,-33.881019,1026
63.696673,-38.24944,1035
63.696673,-39.123124,1045
64.570357,-43.491545,1054
65.444042,-46.112598,1063
65.444042,-49.607335,1073
66.317726,-52.228387,1082
66.317726,-54.84944,1091
66.317726,-56.596808,1101
66.317726,-58.344177,1110
66.317726,-60.091545,1119
66.317726,-60.965229,1129
66.317726,-61.838914,1138
66.317726,-62.712598,1157
66.317726,-63.586282,1166
BREAK
23.5072,-22.523124,4279
43.601936,-22.523124,4426
47.096673,-22.523124,4429
50.59141,-22.523124,4437
54.959831,-22.523124,4446
58.454568,-22.523124,4456
61.075621,-22.523124,4465
63.696673,-22.523124,4474
66.317726,-22.523124,4484
68.065094,-22.523124,4493
70.686147,-22.523124,4502
71.559831,-22.523124,4512
72.433515,-22.523124,4521
73.3072,-22.523124,4530
74.180884,-22.523124,4540
74.180884,-21.64944,4549
75.054568,-21.64944,4642
75.928252,-21.64944,4651
76.801936,-21.64944,4661
77.675621,-21.64944,4670
BREAK
