START
46.737675,-51.039744,0
47.133959,-50.643459,119
47.530244,-50.643459,163
47.530244,-50.247174,172
47.926529,-49.85089,216
48.322814,-49.454605,249
48.719099,-48.662035,265
48.719099,-48.662035,275
49.511668,-48.662035,333
50.700523,-48.662035,359
50.700523,-48.662035,375
51.096808,-48.662035,404
51.493092,-48.662035,414
52.285662,-48.662035,428
52.285662,-48.662035,439
52.681947,-48.662035,449
52.681947,-49.05832,459
52.681947,-49.05832,475
52.681947,-49.454605,504
53.078232,-49.85089,514
53.078232,-50.247174,543
53.078232,-50.643459,559
53.078232,-51.039744,574
53.474517,-51.039744,584
53.870801,-51.039744,594
53.870801,-51.436029,613
53.870801,-51.832314,623
53.870801,-52.228599,634
53.870801,-52.624883,647
53.870801,-52.624883,658
53.870801,-53.021168,671
53.870801,-53.417453,682
53.870801,-54.210023,698
53.870801,-54.606308,714
53.870801,-54.606308,743
53.078232,-54.606308,752
53.078232,-55.002592,763
52.681947,-55.002592,780
52.681947,-55.398877,790
51.889377,-55.795162,817
51.493092,-56.191447,828
51.096808,-56.191447,859
50.700523,-56.191447,878
50.700523,-56.587732,888
50.304238,-56.587732,908
49.115383,-56.587732,923
48.719099,-56.587732,934
48.719099,-56.587732,947
48.719099,-55.795162,974
47.926529,-55.795162,985
47.530244,-55.795162,1001
47.133959,-55.795162,1024
46.737675,-55.795162,1034
46.737675,-55.795162,1044
46.34139,-55.795162,1056
45.945105,-55.795162,1066
45.152535,-55.795162,1077
45.152535,-55.002592,1088
44.75625,-55.002592,1114
44.75625,-54.210023,1138
43.963681,-54.210023,1155
43.963681,-53.417453,1177
43.963681,-53.021168,1188
43.171111,-53.021168,1198
43.171111,-52.624883,1209
42.774826,-52.624883,1224
42.774826,-51.832314,1243
41.982257,-51.832314,1273
41.982257,-50.643459,1315
41.982257,-50.643459,1334
41.189687,-50.643459,1344
41.189687,-49.85089,1364
41.189687,-49.454605,1382
41.189687,-49.05832,1392
41.585972,-48.662035,1417
41.585972,-48.662035,1433
41.585972,-48.26575,1451
41.982257,-47.869465,1464
41.982257,-47.076896,1474
41.982257,-46.680611,1508
BREAK
46.34139,-50.643459,2439
46.737675,-50.643459,2449
BREAK
44.75625,-51.832314,3588
BREAK
41.189687,-48.662035,4438
41.189687,-48.26575,4563
41.189687,-47.869465,4575
41.189687,-47.473181,4596
41.189687,-47.076896,4622
41.585972,-46.680611,4631
41.585972,-46.680611,4673
41.585972,-46.284326,4689
41.982257,-45.491756,4702
42.378541,-45.095472,4720
42.378541,-44.699187,4755
42.378541,-44.699187,4781
42.378541,-44.302902,4791
42.774826,-44.302902,4807
42.774826,-44.302902,4820
43.171111,-43.510332,4844
43.171111,-43.114048,4872
43.567396,-42.717763,4881
43.963681,-42.717763,4896
44.359966,-42.321478,4916
44.75625,-41.925193,4960
44.75625,-41.925193,4987
44.75625,-41.132623,5020
45.152535,-41.132623,5039
45.54882,-40.736339,5048
45.945105,-40.736339,5068
46.34139,-40.736339,5079
46.737675,-39.943769,5099
46.737675,-39.547484,5125
47.133959,-39.547484,5179
48.719099,-39.151199,5190
49.115383,-39.151199,5210
49.511668,-39.151199,5220
49.907953,-39.151199,5231
50.304238,-39.151199,5241
50.700523,-39.151199,5253
50.700523,-39.151199,5280
51.889377,-39.151199,5291
52.285662,-39.151199,5300
52.681947,-39.151199,5314
52.681947,-39.151199,5331
53.078232,-39.151199,5341
54.663371,-39.151199,5356
54.663371,-39.151199,5366
55.059656,-39.151199,5376
55.455941,-39.151199,5386
56.24851,-39.151199,5397
56.644795,-39.151199,5407
57.04108,-39.151199,5598
57.04108,-39.547484,5608
57.437365,-39.547484,5625
57.83365,-39.943769,5641
58.229935,-39.943769,5655
58.626219,-40.340054,5676
58.626219,-40.736339,5706
59.022504,-41.132623,5716
59.418789,-41.132623,5735
59.418789,-41.132623,5747
59.815074,-41.528908,5757
60.211359,-41.528908,5773
60.607644,-41.528908,5796
60.607644,-41.528908,5819
61.003928,-41.528908,5881
BREAK
56.644795,-39.943769,8943
57.04108,-39.547484,8953
57.437365,-39.547484,9022
57.83365,-39.547484,9041
58.229935,-39.547484,9104
58.626219,-39.547484,9172
58.626219,-39.547484,9183
59.022504,-39.943769,9221
59.815074,-40.340054,9236
60.211359,-40.736339,9261
60.607644,-41.132623,9307
60.607644,-41.132623,9336
62.192783,-41.528908,9398
62.192783,-42.321478,9425
62.192783,-42.717763,9442
62.589068,-43.906617,9500
61.003928,-43.114048,9537
62.589068,-44.699187,9547
62.589068,-44.699187,9557
62.589068,-45.095472,9568
62.985353,-45.888041,9578
62.985353,-46.284326,9588
63.381637,-46.680611,9598
63.381637,-46.680611,9613
63.777922,-46.680611,9639
63.777922,-47.076896,9650
63.777922,-47.473181,9660
63.777922,-47.869465,9670
63.777922,-48.26575,9697
63.777922,-48.662035,9729
63.777922,-48.662035,9739
64.174207,-49.05832,9754
64.174207,-49.85089,9765
64.570492,-49.85089,9794
64.570492,-50.247174,9805
64.570492,-50.643459,9825
64.570492,-50.643459,9834
64.570492,-51.039744,9858
64.570492,-51.436029,9868
64.570492,-51.832314,9888
64.570492,-52.228599,9906
64.570492,-52.624883,9917
64.570492,-53.021168,9931
64.570492,-53.417453,9942
64.570492,-53.813738,9960
64.570492,-54.210023,9977
64.570492,-54.606308,9987
64.570492,-54.606308,10003
64.570492,-55.398877,10013
64.570492,-55.795162,10035
64.570492,-56.191447,10053
64.570492,-56.587732,10064
63.777922,-56.587732,10080
63.381637,-56.587732,10090
63.381637,-56.587732,10106
63.381637,-56.984017,10148
63.381637,-57.380301,10159
62.589068,-57.380301,10183
62.589068,-57.380301,10195
62.589068,-57.776586,10206
61.796498,-57.776586,10222
61.796498,-58.172871,10233
61.003928,-58.569156,10244
60.607644,-58.569156,10253
60.607644,-58.569156,10293
60.607644,-58.569156,10304
59.815074,-58.965441,10353
59.418789,-59.361726,10370
59.022504,-59.361726,10399
58.626219,-59.361726,10412
58.626219,-59.75801,10422
58.229935,-60.154295,10452
57.83365,-60.55058,10469
57.437365,-60.55058,10480
57.04108,-60.55058,10490
56.644795,-60.55058,10505
56.644795,-60.55058,10525
56.644795,-60.946865,10535
56.644795,-61.34315,10551
55.455941,-61.34315,10562
55.059656,-61.739435,10584
54.663371,-62.135719,10619
54.663371,-62.532004,10697
54.267086,-62.532004,10711
54.267086,-62.532004,10721
54.267086,-62.928289,10750
53.474517,-62.928289,10760
53.474517,-63.720859,10802
52.681947,-64.117143,10851
52.681947,-64.513428,10861
52.681947,-64.513428,10883
52.681947,-64.909713,10894
52.681947,-65.702283,10921
53.078232,-65.702283,10949
53.474517,-65.702283,11007
53.870801,-66.098568,11017
54.267086,-66.098568,11070
54.663371,-66.098568,11084
54.663371,-66.098568,11127
55.059656,-66.098568,11139
55.852226,-66.494852,11188
56.24851,-66.494852,11226
56.644795,-66.494852,11242
56.644795,-66.494852,11252
57.04108,-66.494852,11282
58.229935,-66.494852,11324
58.626219,-66.494852,11334
59.022504,-66.494852,11344
59.418789,-66.494852,11355
60.607644,-66.494852,11365
61.003928,-66.494852,11375
61.796498,-66.494852,11385
62.192783,-66.494852,11396
62.589068,-66.494852,11406
62.985353,-66.494852,11417
63.381637,-66.494852,11426
63.777922,-66.494852,11437
64.570492,-66.494852,11447
64.570492,-66.494852,11458
65.363062,-66.494852,11468
65.759346,-66.494852,11478
66.155631,-66.494852,11489
66.551916,-66.494852,11499
66.948201,-66.494852,11524
67.344486,-66.494852,11553
67.74077,-66.494852,11565
68.137055,-66.494852,11583
68.53334,-66.494852,11593
68.53334,-66.494852,11605
69.32591,-66.494852,11618
69.722195,-66.494852,11627
70.118479,-66.494852,11639
70.514764,-66.494852,11663
70.911049,-66.494852,11686
71.703619,-66.494852,11697
72.099904,-66.494852,11707
72.496188,-66.494852,11723
72.892473,-66.494852,11733
74.081328,-66.494852,11747
74.477613,-66.494852,11756
74.873897,-66.494852,11767
76.062752,-66.494852,11777
76.855322,-66.494852,11788
76.855322,-66.494852,11797
78.044176,-66.494852,11808
78.836746,-66.494852,11818
79.233031,-66.494852,11839
79.629315,-66.494852,11932
78.836746,-66.494852,12105
78.836746,-66.494852,12158
78.836746,-65.702283,12168
BREAK
78.044176,-65.305998,12951
78.440461,-65.305998,13429
79.629315,-65.702283,13439
79.629315,-66.098568,13459
79.629315,-67.287422,13557
80.0256,-67.287422,13575
80.421885,-67.287422,13595
80.421885,-66.494852,13615
80.81817,-66.494852,13663
80.81817,-66.098568,13673
81.214455,-66.098568,13683
82.007024,-66.098568,13694
82.799594,-66.098568,13705
82.799594,-65.305998,13721
82.799594,-65.305998,13732
82.799594,-64.513428,13746
BREAK
84.384733,-44.699187,17719
84.384733,-44.699187,17894
84.384733,-45.095472,17904
84.384733,-45.888041,17915
84.384733,-46.284326,17925
84.384733,-47.076896,17935
84.384733,-47.473181,17946
84.384733,-47.869465,17956
84.384733,-48.26575,17966
84.384733,-49.05832,17976
84.384733,-49.454605,17990
84.384733,-49.85089,18001
84.384733,-50.247174,18012
84.384733,-50.643459,18030
84.384733,-50.643459,18041
84.384733,-51.039744,18064
84.384733,-51.832314,18075
84.781018,-51.832314,18085
84.781018,-52.228599,18095
84.781018,-52.624883,18108
84.781018,-52.624883,18118
84.781018,-53.021168,18132
84.781018,-53.417453,18144
84.781018,-53.813738,18155
84.781018,-54.210023,18165
84.781018,-54.606308,18175
84.781018,-55.002592,18190
84.781018,-55.398877,18228
84.781018,-55.795162,18244
84.781018,-56.191447,18257
84.781018,-56.587732,18267
84.781018,-56.587732,18278
84.781018,-57.380301,18294
84.781018,-57.776586,18310
84.781018,-58.172871,18321
84.781018,-58.569156,18337
85.177303,-58.569156,18361
85.177303,-58.569156,18371
85.573588,-58.569156,18382
84.781018,-58.965441,18396
84.781018,-59.361726,18416
84.781018,-59.75801,18455
84.781018,-60.55058,18495
84.781018,-60.55058,18522
84.781018,-61.34315,18532
84.781018,-61.739435,18564
84.781018,-62.135719,18588
84.781018,-62.532004,18598
84.781018,-62.532004,18626
84.781018,-62.928289,18635
84.781018,-62.928289,18673
85.177303,-62.928289,18684
85.177303,-63.324574,18778
85.177303,-63.720859,18791
85.177303,-64.117143,18848
85.177303,-64.513428,18866
85.177303,-64.513428,18913
85.177303,-64.909713,18950
85.177303,-65.305998,18963
85.177303,-66.098568,19057
84.781018,-66.098568,19067
84.781018,-66.494852,19078
83.988449,-66.494852,19111
83.988449,-66.494852,19121
83.195879,-66.494852,19340
82.799594,-66.494852,19369
82.799594,-66.494852,19420
82.799594,-66.098568,19473
BREAK
84.781018,-43.510332,20430
84.781018,-43.114048,20732
84.781018,-42.717763,20746
84.781018,-42.321478,20781
83.988449,-42.321478,20865
83.988449,-41.528908,20953
83.988449,-41.132623,20975
BREAK
