START
14.241801,-42.748879,0
14.241801,-41.963425,72
14.241801,-41.17797,79
14.241801,-40.392516,95
15.027256,-39.607061,104
15.81271,-38.821606,111
15.81271,-38.036152,119
16.598165,-37.250697,128
17.383619,-36.465243,135
17.383619,-35.679788,144
17.383619,-34.894334,151
18.169074,-34.108879,159
18.169074,-33.323425,168
18.954528,-32.53797,176
19.739983,-31.752516,192
19.739983,-30.967061,200
20.525437,-30.967061,216
21.310892,-30.181606,223
21.310892,-29.396152,240
22.096346,-28.610697,256
22.881801,-28.610697,264
23.667256,-28.610697,280
24.45271,-27.825243,296
25.238165,-27.825243,312
26.023619,-27.825243,328
26.809074,-27.039788,344
27.594528,-27.039788,376
28.379983,-27.039788,384
29.165437,-27.039788,408
29.950892,-27.039788,424
31.521801,-27.039788,480
32.307256,-27.825243,496
32.307256,-28.610697,512
32.307256,-29.396152,528
33.09271,-30.181606,536
33.878165,-31.752516,552
33.878165,-32.53797,568
33.878165,-33.323425,576
33.878165,-34.108879,584
33.878165,-35.679788,600
33.878165,-36.465243,608
33.878165,-38.036152,624
33.878165,-38.821606,640
33.878165,-40.392516,648
33.878165,-41.17797,664
33.878165,-41.963425,680
33.878165,-42.748879,688
33.878165,-43.534334,696
33.878165,-44.319788,712
33.878165,-45.105243,720
33.878165,-45.890697,744
33.878165,-46.676152,752
33.878165,-47.461606,760
33.878165,-48.247061,784
33.878165,-49.032516,792
33.878165,-49.81797,808
33.878165,-50.603425,816
33.09271,-52.174334,832
32.307256,-52.174334,848
32.307256,-52.959788,864
31.521801,-54.530697,880
30.736346,-55.316152,896
30.736346,-56.101606,912
30.736346,-56.887061,920
29.950892,-57.672516,928
29.165437,-58.45797,952
29.165437,-59.243425,960
28.379983,-60.814334,976
27.594528,-60.814334,984
27.594528,-61.599788,1016
27.594528,-62.385243,1032
26.809074,-63.170697,1072
26.023619,-64.741606,1080
25.238165,-64.741606,1096
25.238165,-65.527061,1120
24.45271,-66.312516,1136
23.667256,-66.312516,1160
23.667256,-67.09797,1168
22.881801,-67.883425,1184
22.096346,-67.883425,1192
21.310892,-67.883425,1256
20.525437,-67.883425,1264
19.739983,-67.883425,1360
18.954528,-67.09797,1408
18.954528,-66.312516,1448
18.954528,-65.527061,1456
18.954528,-64.741606,1480
18.954528,-63.956152,1496
18.954528,-63.170697,1504
18.954528,-62.385243,1512
18.954528,-61.599788,1528
18.954528,-60.028879,1536
18.954528,-59.243425,1552
18.954528,-58.45797,1568
19.739983,-57.672516,1600
20.525437,-56.887061,1616
20.525437,-56.101606,1632
21.310892,-55.316152,1640
22.096346,-54.530697,1664
22.881801,-53.745243,1696
24.45271,-52.959788,1728
26.023619,-52.959788,1752
26.809074,-52.174334,1768
27.594528,-52.174334,1784
28.379983,-52.174334,1800
29.165437,-52.174334,1856
29.950892,-52.174334,1896
30.736346,-52.174334,1992
31.521801,-52.174334,2040
32.307256,-52.174334,2056
33.09271,-52.959788,2096
34.663619,-53.745243,2120
35.449074,-54.530697,2168
36.234528,-55.316152,2200
36.234528,-56.101606,2248
37.019983,-56.887061,2256
37.805437,-57.672516,2280
37.805437,-58.45797,2304
37.805437,-59.243425,2320
37.805437,-60.028879,2344
38.590892,-60.028879,2352
38.590892,-60.814334,2368
38.590892,-61.599788,2384
39.376346,-62.385243,2392
39.376346,-63.170697,2432
40.161801,-63.956152,2472
40.947256,-65.527061,2520
41.73271,-66.312516,2600
41.73271,-67.09797,2632
42.518165,-67.883425,2664
43.303619,-67.883425,2696
43.303619,-68.668879,2704
44.089074,-68.668879,2776
44.874528,-68.668879,2793
45.659983,-68.668879,2808
45.659983,-69.454334,2816
46.445437,-69.454334,2840
47.230892,-69.454334,2856
48.016346,-69.454334,2872
48.801801,-69.454334,2880
49.587256,-69.454334,2896
50.37271,-69.454334,2904
51.158165,-69.454334,2928
51.943619,-69.454334,2944
52.729074,-69.454334,2960
53.514528,-69.454334,2976
54.299983,-69.454334,2984
55.085437,-69.454334,3008
55.870892,-69.454334,3016
56.656346,-69.454334,3033
57.441801,-69.454334,3048
58.227256,-69.454334,3073
59.01271,-69.454334,3080
59.798165,-69.454334,3104
60.583619,-69.454334,3112
61.369074,-69.454334,3128
62.154528,-69.454334,3136
62.939983,-69.454334,3144
63.725437,-69.454334,3153
65.296346,-68.668879,3161
66.081801,-67.883425,3177
66.867256,-67.883425,3193
67.65271,-67.883425,3216
68.438165,-67.09797,3225
69.223619,-66.312516,3265
70.009074,-66.312516,3281
70.009074,-65.527061,3288
70.794528,-65.527061,3297
71.579983,-65.527061,3304
71.579983,-64.741606,3320
72.365437,-63.956152,3329
73.150892,-63.956152,3337
73.936346,-63.170697,3353
73.936346,-62.385243,3369
73.936346,-61.599788,3385
74.721801,-60.814334,3393
74.721801,-60.028879,3401
75.507256,-59.243425,3409
75.507256,-58.45797,3425
75.507256,-56.887061,3441
75.507256,-56.101606,3457
75.507256,-55.316152,3481
75.507256,-54.530697,3489
75.507256,-53.745243,3505
75.507256,-52.959788,3513
75.507256,-52.174334,3529
75.507256,-51.388879,3537
75.507256,-50.603425,3561
75.507256,-49.81797,3569
75.507256,-49.032516,3593
75.507256,-48.247061,3601
74.721801,-46.676152,3617
73.936346,-45.890697,3625
73.150892,-44.319788,3641
73.150892,-43.534334,3649
72.365437,-43.534334,3665
72.365437,-42.748879,3673
71.579983,-41.963425,3697
71.579983,-41.17797,3721
70.794528,-40.392516,3729
70.009074,-40.392516,3737
69.223619,-39.607061,3745
69.223619,-38.821606,3761
68.438165,-38.036152,3801
66.081801,-38.036152,3919
65.296346,-38.036152,3937
64.510892,-38.036152,4657
63.725437,-38.036152,4665
62.939983,-38.036152,4673
62.154528,-38.036152,4697
61.369074,-38.036152,4713
60.583619,-38.036152,4729
62.154528,-37.250697,5049
63.725437,-37.250697,5065
64.510892,-37.250697,5073
65.296346,-37.250697,5089
66.081801,-37.250697,5105
66.867256,-37.250697,5137
67.65271,-37.250697,5145
68.438165,-37.250697,5161
69.223619,-37.250697,5169
70.009074,-37.250697,5177
70.794528,-37.250697,5185
71.579983,-37.250697,5201
72.365437,-37.250697,5217
73.150892,-37.250697,5225
73.936346,-37.250697,5249
74.721801,-37.250697,5257
75.507256,-37.250697,5273
76.29271,-37.250697,5281
77.078165,-37.250697,5321
77.863619,-38.036152,5329
78.649074,-38.036152,5345
79.434528,-38.036152,5361
80.219983,-38.821606,5369
81.005437,-38.821606,5425
81.790892,-38.821606,5433
82.576346,-39.607061,5465
83.361801,-40.392516,5497
84.147256,-41.17797,5537
84.93271,-41.963425,5553
85.718165,-42.748879,5577
86.503619,-43.534334,5593
87.289074,-44.319788,5617
88.074528,-45.105243,5625
88.859983,-45.890697,5641
88.859983,-46.676152,5649
88.859983,-47.461606,5657
89.645437,-47.461606,5665
89.645437,-48.247061,5673
90.430892,-49.032516,5681
90.430892,-49.81797,5713
90.430892,-51.388879,5721
90.430892,-52.174334,5738
90.430892,-52.959788,5745
90.430892,-53.745243,5761
90.430892,-54.530697,5769
90.430892,-55.316152,5785
90.430892,-56.101606,5793
90.430892,-56.887061,5817
90.430892,-57.672516,5825
89.645437,-59.243425,5849
88.859983,-60.028879,5866
88.074528,-61.599788,5881
88.074528,-62.385243,5905
88.074528,-63.170697,5929
87.289074,-63.956152,5945
87.289074,-64.741606,5977
86.503619,-65.527061,5985
86.503619,-66.312516,6001
86.503619,-67.09797,6017
85.718165,-67.883425,6033
85.718165,-68.668879,6049
85.718165,-69.454334,6057
84.93271,-70.239788,6073
84.93271,-71.025243,6113
84.93271,-71.810697,6145
84.93271,-72.596152,6170
84.93271,-73.381606,6305
BREAK
