START
18.428446,-18.116023,0
43.54709,-18.116023,266
44.513192,-18.116023,272
46.445395,-18.116023,282
47.411497,-18.116023,292
49.3437,-18.116023,302
50.309802,-18.116023,313
52.242005,-18.116023,334
54.174209,-18.116023,354
55.14031,-18.116023,365
57.072514,-18.116023,376
59.004717,-18.116023,386
59.970819,-18.116023,397
60.93692,-18.116023,407
62.869124,-18.116023,417
63.835225,-18.116023,428
65.767429,-18.116023,450
66.733531,-18.116023,459
67.699632,-18.116023,470
68.665734,-18.116023,480
70.597937,-18.116023,501
71.564039,-18.116023,522
72.530141,-18.116023,532
73.496242,-18.116023,543
74.462344,-18.116023,553
75.428446,-18.116023,564
76.394547,-18.116023,584
77.360649,-18.116023,595
78.326751,-18.116023,616
79.292853,-18.116023,637
80.258954,-18.116023,647
81.225056,-18.116023,668
82.191158,-18.116023,689
83.157259,-18.116023,700
84.123361,-18.116023,720
85.089463,-18.116023,741
86.055564,-18.116023,773
87.021666,-18.116023,794
87.987768,-18.116023,804
88.95387,-18.116023,835
BREAK
29.055564,-18.116023,2079
29.055564,-19.082125,2120
29.055564,-20.048227,2131
29.055564,-21.014329,2152
29.055564,-21.98043,2162
29.055564,-22.946532,2204
29.055564,-23.912634,2235
29.055564,-24.878735,2266
29.055564,-25.844837,2277
29.055564,-26.810939,2308
29.055564,-27.77704,2340
29.055564,-28.743142,2361
29.055564,-29.709244,2371
29.055564,-30.675345,2402
29.055564,-31.641447,2444
29.055564,-32.607549,2476
29.055564,-33.573651,2486
29.055564,-34.539752,2517
29.055564,-35.505854,2559
29.055564,-36.471956,2601
29.055564,-37.438057,2643
29.055564,-38.404159,2664
BREAK
29.055564,-31.641447,5350
29.055564,-32.607549,5422
29.055564,-33.573651,5485
29.055564,-34.539752,5505
29.055564,-35.505854,5589
29.055564,-36.471956,5662
29.055564,-37.438057,5704
29.055564,-38.404159,5746
29.055564,-39.370261,5777
29.055564,-40.336362,5808
29.055564,-41.302464,5850
29.055564,-42.268566,5871
29.055564,-43.234667,5934
29.055564,-44.200769,5966
29.055564,-45.166871,6070
29.055564,-46.132973,6091
29.055564,-47.099074,6122
29.055564,-48.065176,6185
29.055564,-49.031278,6268
BREAK
29.055564,-49.031278,6959
29.055564,-49.997379,7125
29.055564,-50.963481,7188
29.055564,-51.929583,7230
29.055564,-52.895684,7407
30.021666,-52.895684,7428
30.987768,-52.895684,7480
31.95387,-52.895684,7522
32.919971,-52.895684,7564
33.886073,-52.895684,7585
34.852175,-52.895684,7616
35.818276,-52.895684,7658
36.784378,-52.895684,7679
37.75048,-51.929583,7701
38.716581,-51.929583,7731
39.682683,-50.963481,7742
40.648785,-49.997379,7762
40.648785,-49.031278,7794
40.648785,-48.065176,7815
40.648785,-47.099074,7826
41.614886,-47.099074,7846
41.614886,-46.132973,7857
42.580988,-45.166871,7877
42.580988,-44.200769,7898
42.580988,-43.234667,7919
42.580988,-42.268566,7951
42.580988,-41.302464,7971
42.580988,-40.336362,8003
42.580988,-39.370261,8013
42.580988,-38.404159,8066
42.580988,-37.438057,8128
41.614886,-37.438057,8201
41.614886,-36.471956,8233
41.614886,-35.505854,8275
BREAK
42.580988,-35.505854,9811
43.54709,-35.505854,9904
43.54709,-34.539752,9915
44.513192,-33.573651,9936
45.479293,-32.607549,9977
46.445395,-32.607549,10040
48.377598,-32.607549,10176
50.309802,-32.607549,10186
51.275903,-32.607549,10197
52.242005,-32.607549,10207
53.208107,-32.607549,10218
54.174209,-32.607549,10228
55.14031,-32.607549,10260
56.106412,-32.607549,10280
57.072514,-32.607549,10333
58.038615,-32.607549,10374
58.038615,-33.573651,10385
59.004717,-33.573651,10427
59.004717,-34.539752,10437
59.970819,-34.539752,10458
59.970819,-35.505854,10479
59.970819,-36.471956,10510
59.970819,-37.438057,10531
59.970819,-39.370261,10573
60.93692,-39.370261,10583
60.93692,-40.336362,10604
60.93692,-41.302464,10657
60.93692,-42.268566,10688
60.93692,-43.234667,10719
60.93692,-44.200769,10740
60.93692,-45.166871,10750
60.93692,-46.132973,10771
59.970819,-47.099074,10803
59.970819,-48.065176,10824
59.970819,-49.031278,10834
59.004717,-49.031278,10855
59.004717,-49.997379,10866
58.038615,-49.997379,10876
58.038615,-50.963481,10897
57.072514,-50.963481,10907
57.072514,-51.929583,10918
56.106412,-51.929583,10928
56.106412,-52.895684,10949
55.14031,-52.895684,10960
54.174209,-52.895684,10991
54.174209,-53.861786,11012
53.208107,-53.861786,11043
52.242005,-53.861786,11085
52.242005,-54.827888,11127
51.275903,-54.827888,11179
50.309802,-54.827888,11189
50.309802,-55.79399,11597
51.275903,-55.79399,11610
54.174209,-56.760091,11668
54.174209,-57.726193,11671
55.14031,-57.726193,11681
56.106412,-57.726193,11733
57.072514,-58.692295,11764
58.038615,-58.692295,11795
58.038615,-59.658396,11806
59.004717,-59.658396,11816
59.970819,-59.658396,11837
60.93692,-59.658396,11858
61.903022,-59.658396,11879
61.903022,-60.624498,11900
62.869124,-60.624498,11910
63.835225,-60.624498,11931
64.801327,-60.624498,11942
64.801327,-61.5906,11952
65.767429,-61.5906,11973
65.767429,-62.556701,11984
66.733531,-62.556701,11994
67.699632,-62.556701,12026
68.665734,-62.556701,12047
68.665734,-63.522803,12067
69.631836,-63.522803,12088
70.597937,-63.522803,12119
71.564039,-63.522803,12140
72.530141,-63.522803,12182
73.496242,-63.522803,12235
73.496242,-64.488905,12255
74.462344,-64.488905,12276
75.428446,-64.488905,12318
76.394547,-64.488905,12370
76.394547,-65.455006,12381
77.360649,-65.455006,12402
78.326751,-66.421108,12444
77.360649,-65.455006,12663
76.394547,-64.488905,12673
75.428446,-62.556701,12684
73.496242,-62.556701,12694
BREAK
32.919971,-27.77704,13447
32.919971,-28.743142,13582
32.919971,-29.709244,13603
33.886073,-30.675345,13624
33.886073,-31.641447,13645
34.852175,-32.607549,13676
34.852175,-33.573651,13697
34.852175,-34.539752,13749
35.818276,-35.505854,13770
35.818276,-36.471956,13791
35.818276,-37.438057,13812
35.818276,-38.404159,13864
36.784378,-38.404159,13895
37.75048,-38.404159,13958
38.716581,-38.404159,14199
BREAK
