START
38.75,-40.859438,0
38.75,-42.859438,75
38.75,-46.859438,92
38.75,-49.859438,109
38.75,-52.859438,125
38.75,-55.859438,142
38.75,-56.859438,159
38.75,-57.859438,176
38.75,-58.859438,192
38.75,-59.859438,209
38.75,-61.859438,226
38.75,-63.859438,242
38.75,-64.859438,260
40.75,-66.859438,276
41.75,-67.859438,292
42.75,-67.859438,309
42.75,-69.859438,326
45.75,-69.859438,342
48.75,-69.859438,359
52.75,-69.859438,376
57.75,-69.859438,393
59.75,-69.859438,409
62.75,-68.859438,443
63.75,-67.859438,476
63.75,-66.859438,493
63.75,-64.859438,509
64.75,-62.859438,526
66.75,-58.859438,543
68.75,-54.859438,560
70.75,-50.859438,576
71.75,-46.859438,593
71.75,-43.859438,610
73.75,-39.859438,626
73.75,-38.859438,643
73.75,-37.859438,660
73.75,-36.859438,793
73.75,-35.859438,827
BREAK
