START
51.051887,-43.859438,0
53.051887,-43.859438,472
53.051887,-44.859438,480
54.051887,-44.859438,488
55.051887,-44.859438,552
57.051887,-44.859438,616
58.051887,-44.859438,672
59.051887,-44.859438,688
61.051887,-44.859438,728
62.051887,-44.859438,856
62.051887,-42.859438,864
63.051887,-42.859438,904
63.051887,-41.859438,920
65.051887,-39.859438,944
65.051887,-38.859438,1016
66.051887,-38.859438,1024
67.051887,-37.859438,1064
69.051887,-35.859438,1104
70.051887,-34.859438,1152
70.051887,-33.859438,1176
71.051887,-31.859438,1216
73.051887,-30.859438,1240
73.051887,-29.859438,1288
73.051887,-28.859438,1328
74.051887,-26.859438,1352
74.051887,-25.859438,1376
74.051887,-24.859438,1432
74.051887,-22.859438,1456
74.051887,-21.859438,1488
74.051887,-20.859438,1504
74.051887,-19.859438,1520
74.051887,-18.859438,1536
74.051887,-17.859438,1544
74.051887,-16.859438,1568
74.051887,-15.859438,1608
74.051887,-14.859438,1785
74.051887,-12.859438,1896
73.051887,-12.859438,1952
72.051887,-12.859438,1976
71.051887,-12.859438,1984
71.051887,-11.859438,1992
70.051887,-11.859438,2032
70.051887,-10.859438,2072
69.051887,-10.859438,2152
69.051887,-9.8594378,2176
68.051887,-9.8594378,2208
68.051887,-7.8594378,2241
66.051887,-7.8594378,2248
65.051887,-7.8594378,2288
65.051887,-6.8594378,2344
64.051887,-6.8594378,2360
62.051887,-6.8594378,2440
62.051887,-5.8594378,2480
61.051887,-5.8594378,2496
61.051887,-4.8594378,2521
60.051887,-4.8594378,2560
60.051887,-2.8594378,2617
59.051887,-2.8594378,2624
57.051887,-2.8594378,2673
56.051887,-2.8594378,2729
55.051887,-2.8594378,2736
53.051887,-2.8594378,2784
52.051887,-2.8594378,2809
51.051887,-2.8594378,2832
49.051887,-2.8594378,2872
48.051887,-2.8594378,2896
47.051887,-2.8594378,2921
45.051887,-2.8594378,2936
45.051887,-3.8594378,2961
44.051887,-3.8594378,2968
43.051887,-3.8594378,3025
43.051887,-4.8594378,3032
42.051887,-4.8594378,3065
42.051887,-5.8594378,3080
40.051887,-7.8594378,3105
40.051887,-8.8594378,3129
39.051887,-8.8594378,3144
39.051887,-9.8594378,3152
39.051887,-11.859438,3193
38.051887,-11.859438,3217
38.051887,-12.859438,3233
36.051887,-12.859438,3240
36.051887,-13.859438,3257
36.051887,-14.859438,3281
36.051887,-15.859438,3305
35.051887,-17.859438,3337
35.051887,-18.859438,3353
35.051887,-19.859438,3377
35.051887,-20.859438,3392
34.051887,-22.859438,3409
34.051887,-23.859438,3424
34.051887,-24.859438,3433
34.051887,-25.859438,3449
34.051887,-27.859438,3465
34.051887,-28.859438,3489
34.051887,-29.859438,3521
34.051887,-30.859438,3528
34.051887,-31.859438,3537
34.051887,-32.859438,3553
34.051887,-33.859438,3577
34.051887,-34.859438,3585
34.051887,-36.859438,3609
34.051887,-37.859438,3625
34.051887,-38.859438,3641
34.051887,-40.859438,3657
34.051887,-41.859438,3673
34.051887,-42.859438,3681
34.051887,-43.859438,3705
35.051887,-43.859438,3729
35.051887,-45.859438,3736
35.051887,-46.859438,3753
35.051887,-47.859438,3769
35.051887,-49.859438,3793
35.051887,-50.859438,3800
37.051887,-50.859438,3825
37.051887,-51.859438,3833
37.051887,-53.859438,3865
37.051887,-54.859438,3889
37.051887,-55.859438,3913
37.051887,-56.859438,3937
37.051887,-57.859438,3945
37.051887,-58.859438,3952
37.051887,-59.859438,3985
37.051887,-60.859438,4009
38.051887,-60.859438,4033
38.051887,-61.859438,4040
38.051887,-62.859438,4065
38.051887,-63.859438,4073
38.051887,-64.859438,4081
38.051887,-65.859438,4105
38.051887,-66.859438,4129
38.051887,-67.859438,4153
38.051887,-68.859438,4161
38.051887,-69.859438,4177
38.051887,-70.859438,4193
38.051887,-72.859438,4217
38.051887,-73.859438,4249
38.051887,-74.859438,4257
38.051887,-75.859438,4281
38.051887,-77.859438,4305
38.051887,-78.859438,4377
38.051887,-79.859438,4417
38.051887,-81.859438,4433
38.051887,-82.859438,4457
38.051887,-83.859438,4545
38.051887,-84.859438,4569
38.051887,-86.859438,4633
38.051887,-87.859438,4673
38.051887,-88.859438,4697
38.051887,-90.859438,4753
38.051887,-91.859438,4817
38.051887,-92.859438,4849
38.051887,-93.859438,4937
BREAK
50.051887,-42.859438,6152
49.051887,-42.859438,6320
48.051887,-42.859438,6336
46.051887,-42.859438,6368
45.051887,-42.859438,6688
44.051887,-42.859438,6712
44.051887,-40.859438,6736
42.051887,-40.859438,6744
41.051887,-40.859438,6848
40.051887,-40.859438,6864
38.051887,-40.859438,6880
BREAK
