START
30.641509,-15.859438,0
30.641509,-16.859438,159
30.641509,-17.859438,173
30.641509,-18.859438,186
30.641509,-19.859438,197
30.641509,-20.859438,209
30.641509,-21.859438,223
30.641509,-22.859438,272
30.641509,-23.859438,371
30.641509,-25.859438,381
30.641509,-26.859438,393
30.641509,-28.859438,407
29.641509,-30.859438,419
29.641509,-32.859438,442
29.641509,-34.859438,457
28.641509,-36.859438,468
27.641509,-37.859438,479
26.641509,-41.859438,491
26.641509,-43.859438,505
26.641509,-46.859438,518
25.641509,-47.859438,528
24.641509,-49.859438,541
24.641509,-50.859438,555
24.641509,-51.859438,567
24.641509,-52.859438,578
24.641509,-53.859438,590
23.641509,-53.859438,605
23.641509,-54.859438,616
23.641509,-55.859438,639
22.641509,-55.859438,665
21.641509,-56.859438,714
20.641509,-56.859438,737
19.641509,-56.859438,762
18.641509,-56.859438,811
15.641509,-57.859438,824
12.641509,-59.859438,838
10.641509,-61.859438,849
9.6415094,-61.859438,860
8.6415094,-61.859438,887
8.6415094,-62.859438,1106
BREAK
24.641509,-47.859438,1982
25.641509,-47.859438,2016
26.641509,-47.859438,2054
28.641509,-47.859438,2080
29.641509,-47.859438,2092
30.641509,-47.859438,2103
33.641509,-47.859438,2115
38.641509,-48.859438,2130
41.641509,-49.859438,2141
43.641509,-50.859438,2152
44.641509,-51.859438,2179
45.641509,-52.859438,2228
46.641509,-54.859438,2240
46.641509,-55.859438,2251
47.641509,-57.859438,2265
47.641509,-60.859438,2277
48.641509,-63.859438,2288
49.641509,-65.859438,2300
49.641509,-66.859438,2315
49.641509,-67.859438,2349
50.641509,-67.859438,2386
52.641509,-68.859438,2424
52.641509,-69.859438,2435
53.641509,-69.859438,2462
BREAK
87.641509,-19.859438,3738
87.641509,-20.859438,3851
87.641509,-21.859438,3861
87.641509,-23.859438,3888
87.641509,-26.859438,3900
86.641509,-28.859438,3911
84.641509,-32.859438,3924
82.641509,-38.859438,3938
81.641509,-41.859438,3949
80.641509,-46.859438,3960
78.641509,-48.859438,3972
77.641509,-50.859438,3986
77.641509,-51.859438,3998
75.641509,-53.859438,4009
74.641509,-54.859438,4021
74.641509,-55.859438,4036
73.641509,-56.859438,4047
72.641509,-56.859438,4059
71.641509,-57.859438,4070
70.641509,-58.859438,4085
69.641509,-58.859438,4096
68.641509,-59.859438,4123
67.641509,-60.859438,4134
66.641509,-60.859438,4145
65.641509,-60.859438,4157
64.641509,-60.859438,4183
63.641509,-60.859438,4206
62.641509,-60.859438,4232
62.641509,-61.859438,4244
61.641509,-61.859438,4269
BREAK
81.641509,-45.859438,5463
82.641509,-45.859438,5485
83.641509,-45.859438,5534
83.641509,-46.859438,5546
85.641509,-47.859438,5561
86.641509,-49.859438,5572
88.641509,-50.859438,5584
89.641509,-52.859438,5598
90.641509,-55.859438,5610
91.641509,-57.859438,5621
91.641509,-58.859438,5647
92.641509,-59.859438,5683
92.641509,-60.859438,5719
93.641509,-60.859438,5867
93.641509,-61.859438,5879
95.641509,-61.859438,5894
95.641509,-62.859438,5904
97.641509,-62.859438,5916
98.641509,-63.859438,5943
99.641509,-63.859438,5953
100.64151,-63.859438,5980
100.64151,-64.859438,5992
100.64151,-65.859438,6029
101.64151,-65.859438,6041
101.64151,-66.859438,6078
102.64151,-66.859438,6126
BREAK
13.641509,-11.859438,7713
14.641509,-11.859438,7849
15.641509,-11.859438,7859
16.641509,-11.859438,7872
17.641509,-11.859438,7886
18.641509,-11.859438,7898
20.641509,-11.859438,7908
22.641509,-11.859438,7920
23.641509,-11.859438,7935
24.641509,-11.859438,7947
26.641509,-11.859438,7957
29.641509,-11.859438,7970
31.641509,-11.859438,7983
32.641509,-11.859438,7997
33.641509,-11.859438,8007
35.641509,-10.859438,8019
36.641509,-10.859438,8056
37.641509,-10.859438,8068
38.641509,-10.859438,8105
40.641509,-9.8594378,8117
42.641509,-9.8594378,8132
44.641509,-8.8594378,8143
46.641509,-8.8594378,8156
BREAK
76.641509,-17.859438,9287
77.641509,-16.859438,9410
79.641509,-14.859438,9434
81.641509,-14.859438,9445
83.641509,-14.859438,9461
84.641509,-14.859438,9472
85.641509,-14.859438,9483
88.641509,-13.859438,9495
91.641509,-12.859438,9510
93.641509,-11.859438,9522
95.641509,-11.859438,9532
97.641509,-11.859438,9544
98.641509,-11.859438,9570
99.641509,-11.859438,9596
100.64151,-11.859438,9619
101.64151,-11.859438,9631
BREAK
