START
23.033019,-20.501775,0
25.321429,-25.078595,117
29.898248,-31.181021,135
35.237871,-37.283446,151
38.289084,-42.623069,167
39.051887,-44.911479,184
40.577493,-47.962692,200
42.865903,-51.776708,217
43.628706,-55.590724,234
45.917116,-58.641937,250
46.679919,-61.69315,268
47.442722,-63.218756,285
48.205526,-63.98156,301
48.205526,-65.507166,317
48.205526,-66.269969,334
48.205526,-67.795576,352
48.205526,-68.558379,386
48.205526,-69.321182,418
48.205526,-70.083986,435
48.205526,-71.609592,455
48.968329,-71.609592,468
48.968329,-72.372395,485
49.731132,-72.372395,501
49.731132,-73.898002,519
50.493935,-74.660805,553
50.493935,-75.423608,585
51.256739,-75.423608,602
52.019542,-76.186411,635
52.782345,-76.949215,669
52.782345,-75.423608,869
53.545148,-73.898002,886
54.307951,-70.846789,903
55.070755,-67.795576,919
56.596361,-66.269969,936
56.596361,-63.98156,953
57.359164,-61.69315,971
58.121968,-59.40474,987
58.884771,-57.879134,1004
58.884771,-56.353527,1020
58.884771,-55.590724,1037
60.410377,-52.539511,1053
60.410377,-51.013905,1071
61.935984,-48.725495,1087
62.698787,-47.962692,1103
63.46159,-45.674282,1120
64.224394,-43.385872,1137
65.75,-41.860266,1154
66.512803,-40.334659,1172
67.275606,-38.809053,1187
68.801213,-36.520643,1204
69.564016,-34.995037,1224
69.564016,-33.46943,1239
70.326819,-31.943824,1256
71.089623,-30.418217,1271
72.615229,-28.129808,1288
73.378032,-26.604201,1308
73.378032,-25.841398,1323
73.378032,-24.315791,1338
73.378032,-23.552988,1354
74.903639,-23.552988,1371
74.903639,-22.790185,1390
74.903639,-22.027382,1438
75.666442,-20.501775,1455
75.666442,-19.738972,1489
76.429245,-19.738972,1523
76.429245,-18.976169,1556
76.429245,-18.213366,1589
75.666442,-18.213366,1773
74.903639,-18.213366,1829
74.140836,-18.213366,1840
73.378032,-18.213366,1856
73.378032,-18.976169,1873
72.615229,-18.976169,1890
71.852426,-18.976169,1907
71.089623,-18.976169,1925
70.326819,-19.738972,1957
68.801213,-19.738972,1990
68.03841,-19.738972,2024
67.275606,-19.738972,2042
65.75,-21.264579,2058
64.987197,-21.264579,2074
64.224394,-21.264579,2091
63.46159,-21.264579,2107
62.698787,-21.264579,2126
61.935984,-22.027382,2141
60.410377,-22.027382,2158
58.884771,-22.027382,2174
57.359164,-22.027382,2191
55.833558,-22.027382,2208
55.070755,-22.027382,2224
54.307951,-22.027382,2259
53.545148,-22.027382,2276
52.782345,-22.027382,2291
52.019542,-22.027382,2327
50.493935,-22.027382,2358
49.731132,-22.027382,2376
48.968329,-22.027382,2392
48.205526,-22.027382,2410
47.442722,-22.027382,2425
46.679919,-22.027382,2442
45.154313,-22.027382,2459
42.865903,-22.027382,2492
41.340296,-22.027382,2509
40.577493,-22.027382,2526
39.81469,-22.027382,2542
39.051887,-22.027382,2559
36.763477,-22.027382,2609
36.000674,-22.027382,2643
35.237871,-22.027382,2676
34.475067,-22.027382,2727
33.712264,-22.027382,2743
32.949461,-22.027382,2777
32.186658,-22.027382,2793
31.423854,-22.027382,2811
30.661051,-22.027382,2843
29.898248,-22.027382,2860
29.135445,-22.027382,2895
BREAK
