START
33.188679,-27.405622,0
34.188679,-28.405622,206
35.188679,-29.405622,216
35.188679,-31.405622,227
36.188679,-32.405622,238
37.188679,-33.405622,252
37.188679,-36.405622,265
38.188679,-36.405622,276
38.188679,-37.405622,287
38.188679,-38.405622,297
38.188679,-39.405622,308
39.188679,-40.405622,319
40.188679,-40.405622,330
40.188679,-41.405622,343
40.188679,-42.405622,354
41.188679,-43.405622,374
41.188679,-45.405622,396
42.188679,-45.405622,410
43.188679,-47.405622,420
43.188679,-48.405622,431
44.188679,-51.405622,442
45.188679,-52.405622,453
45.188679,-53.405622,463
45.188679,-55.405622,474
47.188679,-55.405622,485
47.188679,-57.405622,496
48.188679,-58.405622,520
48.188679,-59.405622,547
49.188679,-59.405622,648
49.188679,-60.405622,676
49.188679,-61.405622,693
50.188679,-62.405622,704
50.188679,-63.405622,727
50.188679,-64.405622,738
50.188679,-68.405622,980
51.188679,-65.405622,1012
52.188679,-64.405622,1030
52.188679,-62.405622,1043
53.188679,-60.405622,1054
54.188679,-59.405622,1065
54.188679,-58.405622,1086
55.188679,-57.405622,1102
56.188679,-55.405622,1121
56.188679,-53.405622,1131
57.188679,-52.405622,1147
58.188679,-51.405622,1164
58.188679,-48.405622,1179
59.188679,-47.405622,1190
59.188679,-46.405622,1209
60.188679,-45.405622,1229
60.188679,-44.405622,1255
60.188679,-43.405622,1266
56.188679,-40.405622,1344
60.188679,-42.405622,1355
60.188679,-40.405622,1368
60.188679,-39.405622,1378
61.188679,-39.405622,1403
62.188679,-37.405622,1419
62.188679,-36.405622,1438
62.188679,-35.405622,1452
62.188679,-34.405622,1462
64.188679,-34.405622,1473
64.188679,-31.405622,1484
64.188679,-30.405622,1495
64.188679,-29.405622,1505
66.188679,-29.405622,1516
66.188679,-26.405622,1527
66.188679,-25.405622,1538
66.188679,-22.405622,1548
68.188679,-22.405622,1559
68.188679,-20.405622,1575
68.188679,-19.405622,1628
68.188679,-18.405622,1716
68.188679,-17.405622,1730
68.188679,-16.405622,1778
69.188679,-15.405622,1797
70.188679,-15.405622,1816
71.188679,-15.405622,1831
72.188679,-15.405622,1841
BREAK
