START
30.877358,-32.859438,0
31.877358,-32.859438,183
31.877358,-31.859438,191
31.877358,-29.859438,215
31.877358,-28.859438,255
31.877358,-27.859438,279
31.877358,-26.859438,295
31.877358,-24.859438,327
31.877358,-23.859438,359
31.877358,-22.859438,383
31.877358,-20.859438,399
31.877358,-19.859438,463
31.877358,-18.859438,479
31.877358,-17.859438,503
31.877358,-15.859438,519
31.877358,-14.859438,535
31.877358,-13.859438,551
31.877358,-11.859438,559
31.877358,-10.859438,687
32.877358,-10.859438,1055
34.877358,-10.859438,1063
35.877358,-10.859438,1071
36.877358,-10.859438,1079
37.877358,-10.859438,1151
38.877358,-9.8594378,1159
39.877358,-9.8594378,1167
40.877358,-9.8594378,1175
41.877358,-9.8594378,1183
42.877358,-9.8594378,1191
44.877358,-9.8594378,1207
45.877358,-9.8594378,1255
46.877358,-9.8594378,1263
47.877358,-9.8594378,1271
49.877358,-9.8594378,1279
50.877358,-9.8594378,1287
51.877358,-9.8594378,1375
53.877358,-9.8594378,1391
54.877358,-9.8594378,1399
55.877358,-9.8594378,1407
56.877358,-9.8594378,1463
58.877358,-9.8594378,1471
59.877358,-9.8594378,1479
60.877358,-9.8594378,1495
62.877358,-9.8594378,1663
63.877358,-9.8594378,1671
64.877358,-9.8594378,1679
65.877358,-9.8594378,1687
67.877358,-9.8594378,1695
68.877358,-9.8594378,1711
69.877358,-9.8594378,1743
71.877358,-9.8594378,1823
71.877358,-10.859438,2407
71.877358,-12.859438,2423
71.877358,-13.859438,2448
72.877358,-14.859438,2471
72.877358,-15.859438,2479
72.877358,-16.859438,2487
72.877358,-18.859438,2503
72.877358,-19.859438,2527
72.877358,-20.859438,2543
72.877358,-22.859438,2583
72.877358,-23.859438,2615
72.877358,-24.859438,2623
72.877358,-25.859438,2647
72.877358,-27.859438,2679
72.877358,-28.859438,2703
72.877358,-29.859438,2719
72.877358,-30.859438,2727
73.877358,-30.859438,2743
73.877358,-32.859438,2847
72.877358,-32.859438,2855
71.877358,-33.859438,2871
71.877358,-34.859438,2895
71.877358,-35.859438,2935
71.877358,-37.859438,2951
71.877358,-38.859438,2967
72.877358,-39.859438,2983
72.877358,-40.859438,2991
72.877358,-41.859438,2999
72.877358,-43.859438,3023
72.877358,-44.859438,3103
72.877358,-45.859438,3111
72.877358,-47.859438,3127
72.877358,-48.859438,3167
72.877358,-49.859438,3199
72.877358,-50.859438,3223
72.877358,-52.859438,3239
72.877358,-53.859438,3247
72.877358,-54.859438,3263
72.877358,-56.859438,3279
72.877358,-57.859438,3295
72.877358,-58.859438,3319
72.877358,-59.859438,3367
72.877358,-61.859438,3367
72.877358,-62.859438,3375
72.877358,-63.859438,3383
72.877358,-64.859438,3400
72.877358,-66.859438,3415
72.877358,-67.859438,3439
72.877358,-68.859438,3559
72.877358,-70.859438,3575
73.877358,-70.859438,3887
75.877358,-70.859438,3895
76.877358,-71.859438,3903
77.877358,-71.859438,3928
79.877358,-71.859438,4143
80.877358,-71.859438,4159
81.877358,-71.859438,4167
82.877358,-71.859438,4359
84.877358,-71.859438,5103
85.877358,-71.859438,5111
86.877358,-71.859438,5119
89.877358,-71.859438,5127
BREAK
82.877358,-75.859438,7935
82.877358,-76.859438,8166
82.877358,-77.859438,8190
82.877358,-78.859438,8206
82.877358,-80.859438,8278
83.877358,-81.859438,8326
83.877358,-82.859438,8342
83.877358,-83.859438,8350
83.877358,-85.859438,8374
83.877358,-86.859438,8398
83.877358,-87.859438,8446
83.877358,-88.859438,8526
83.877358,-90.859438,8542
83.877358,-91.859438,8558
83.877358,-92.859438,8582
83.877358,-93.859438,8654
82.877358,-94.859438,8662
BREAK
