START
27.877358,-36.859438,0
27.877358,-34.859438,96
27.877358,-33.859438,104
27.877358,-32.859438,112
27.877358,-30.859438,120
27.877358,-29.859438,128
27.877358,-27.859438,136
27.877358,-26.859438,144
27.877358,-24.859438,152
27.877358,-23.859438,160
27.877358,-22.859438,168
27.877358,-21.859438,184
28.877358,-21.859438,296
29.877358,-21.859438,312
30.877358,-21.859438,320
31.877358,-21.859438,328
32.877358,-20.859438,336
33.877358,-20.859438,344
35.877358,-20.859438,352
37.877358,-19.859438,360
39.877358,-19.859438,368
39.877358,-18.859438,376
40.877358,-18.859438,384
41.877358,-18.859438,472
42.877358,-17.859438,488
43.877358,-17.859438,720
45.877358,-17.859438,728
46.877358,-17.859438,744
47.877358,-17.859438,760
48.877358,-17.859438,816
49.877358,-17.859438,832
50.877358,-17.859438,840
51.877358,-17.859438,904
52.877358,-17.859438,968
53.877358,-17.859438,1000
54.877358,-17.859438,1248
55.877358,-17.859438,1264
56.877358,-17.859438,1296
57.877358,-17.859438,1336
58.877358,-17.859438,1368
59.877358,-17.859438,1392
59.877358,-18.859438,1520
59.877358,-19.859438,1544
59.877358,-20.859438,1576
59.877358,-21.859438,1600
59.877358,-22.859438,1608
59.877358,-23.859438,1624
59.877358,-24.859438,1640
59.877358,-25.859438,1656
59.877358,-26.859438,1664
59.877358,-28.859438,1672
59.877358,-29.859438,1680
59.877358,-30.859438,1688
60.877358,-32.859438,1696
61.877358,-34.859438,1704
61.877358,-35.859438,1712
61.877358,-36.859438,1720
61.877358,-38.859438,1728
61.877358,-39.859438,1736
61.877358,-40.859438,1744
61.877358,-41.859438,1752
61.877358,-42.859438,1760
61.877358,-43.859438,1768
61.877358,-44.859438,1784
61.877358,-45.859438,1792
61.877358,-46.859438,1800
61.877358,-47.859438,1816
61.877358,-49.859438,1832
61.877358,-50.859438,1848
61.877358,-51.859438,1856
61.877358,-52.859438,1864
61.877358,-53.859438,1880
61.877358,-54.859438,1896
61.877358,-55.859438,1904
61.877358,-56.859438,1912
61.877358,-57.859438,1928
61.877358,-59.859438,1936
61.877358,-60.859438,1952
61.877358,-61.859438,1960
61.877358,-62.859438,1968
61.877358,-63.859438,1976
61.877358,-64.859438,1992
61.877358,-65.859438,2000
61.877358,-66.859438,2024
61.877358,-67.859438,2280
61.877358,-68.859438,2304
61.877358,-69.859438,2320
61.877358,-70.859438,2336
61.877358,-71.859438,2360
61.877358,-72.859438,2416
62.877358,-72.859438,2560
63.877358,-72.859438,2600
64.877358,-72.859438,2776
66.877358,-72.859438,2784
67.877358,-72.859438,2792
69.877358,-72.859438,2800
70.877358,-71.859438,2816
71.877358,-71.859438,2832
71.877358,-72.859438,3136
71.877358,-73.859438,3161
71.877358,-74.859438,3177
71.877358,-75.859438,3192
71.877358,-76.859438,3232
71.877358,-77.859438,3256
71.877358,-78.859438,3272
71.877358,-79.859438,3280
71.877358,-80.859438,3312
71.877358,-81.859438,3328
71.877358,-82.859438,3336
71.877358,-83.859438,3344
71.877358,-84.859438,3352
71.877358,-86.859438,3360
71.877358,-87.859438,3368
71.877358,-88.859438,3376
71.877358,-89.859438,3392
71.877358,-90.859438,3416
BREAK
