START
28.877358,-37.859438,0
28.877358,-36.859438,391
28.877358,-35.859438,463
28.877358,-32.859438,574
28.877358,-30.859438,592
28.877358,-29.859438,624
28.877358,-25.859438,796
28.877358,-22.859438,809
28.877358,-20.859438,821
28.877358,-19.859438,834
28.877358,-18.859438,858
BREAK
28.877358,-17.859438,11723
29.877358,-16.859438,12168
31.877358,-16.859438,12181
33.877358,-16.859438,12193
34.877358,-16.859438,12206
35.877358,-16.859438,12218
36.877358,-16.859438,12230
37.877358,-16.859438,12242
39.877358,-16.859438,12255
41.877358,-16.859438,12267
44.877358,-16.859438,12280
46.877358,-16.859438,12292
48.877358,-16.859438,12305
49.877358,-17.859438,12317
50.877358,-17.859438,12329
51.877358,-17.859438,12341
52.877358,-17.859438,12354
53.877358,-17.859438,12366
54.877358,-17.859438,12378
55.877358,-17.859438,12404
56.877358,-17.859438,12441
57.877358,-17.859438,12453
58.877358,-17.859438,12478
59.877358,-17.859438,12502
60.877358,-17.859438,12514
61.877358,-17.859438,12540
61.877358,-18.859438,12564
62.877358,-18.859438,12593
62.877358,-19.859438,13139
62.877358,-20.859438,13151
63.877358,-22.859438,13163
63.877358,-24.859438,13175
63.877358,-25.859438,13188
63.877358,-27.859438,13200
63.877358,-28.859438,13212
63.877358,-30.859438,13225
63.877358,-32.859438,13237
63.877358,-34.859438,13249
63.877358,-37.859438,13263
63.877358,-39.859438,13274
63.877358,-42.859438,13287
63.877358,-45.859438,13300
64.877358,-48.859438,13310
64.877358,-51.859438,13324
64.877358,-53.859438,13337
64.877358,-56.859438,13349
64.877358,-60.859438,13361
64.877358,-62.859438,13373
64.877358,-64.859438,13386
64.877358,-66.859438,13398
64.877358,-67.859438,13411
64.877358,-68.859438,13422
64.877358,-69.859438,13434
64.877358,-71.859438,13447
64.877358,-72.859438,13460
64.877358,-73.859438,13472
64.877358,-74.859438,13485
64.877358,-75.859438,13690
64.877358,-76.859438,13714
65.877358,-76.859438,13961
66.877358,-75.859438,13998
67.877358,-75.859438,14035
68.877358,-74.859438,14058
69.877358,-74.859438,14082
70.877358,-73.859438,14106
72.877358,-73.859438,14356
73.877358,-73.859438,14367
74.877358,-73.859438,14392
75.877358,-73.859438,14439
76.877358,-73.859438,14475
78.877358,-73.859438,14750
80.877358,-72.859438,14762
80.877358,-73.859438,15000
80.877358,-74.859438,15012
80.877358,-75.859438,15024
80.877358,-77.859438,15036
80.877358,-78.859438,15048
80.877358,-79.859438,15059
80.877358,-80.859438,15071
80.877358,-81.859438,15083
80.877358,-82.859438,15096
80.877358,-83.859438,15120
80.877358,-84.859438,15143
80.877358,-85.859438,15167
80.877358,-86.859438,15322
80.877358,-87.859438,15334
80.877358,-88.859438,15394
80.877358,-89.859438,15405
80.877358,-90.859438,16085
80.877358,-91.859438,16097
80.877358,-92.859438,16121
80.877358,-93.859438,16147
80.877358,-94.859438,16172
80.877358,-95.859438,16258
80.877358,-96.859438,16296
80.877358,-97.859438,16333
80.877358,-98.859438,16370
BREAK
