START
39.108491,-67.281124,0
39.108491,-66.281124,64
39.108491,-65.281124,79
38.108491,-64.281124,88
37.108491,-63.281124,96
36.108491,-62.281124,104
36.108491,-61.281124,111
35.108491,-60.281124,119
34.108491,-59.281124,128
33.108491,-58.281124,136
33.108491,-57.281124,144
32.108491,-56.281124,151
31.108491,-55.281124,159
31.108491,-54.281124,168
30.108491,-52.281124,176
29.108491,-50.281124,191
29.108491,-49.281124,199
29.108491,-47.281124,216
28.108491,-47.281124,224
28.108491,-46.281124,232
28.108491,-45.281124,239
28.108491,-44.281124,248
28.108491,-43.281124,272
28.108491,-42.281124,279
28.108491,-41.281124,296
28.108491,-40.281124,304
28.108491,-39.281124,312
29.108491,-38.281124,327
30.108491,-36.281124,336
31.108491,-35.281124,352
32.108491,-34.281124,359
33.108491,-33.281124,367
34.108491,-32.281124,384
35.108491,-31.281124,392
36.108491,-30.281124,400
37.108491,-30.281124,407
38.108491,-30.281124,416
38.108491,-29.281124,424
40.108491,-28.281124,432
42.108491,-27.281124,440
44.108491,-26.281124,455
45.108491,-26.281124,464
46.108491,-25.281124,472
47.108491,-25.281124,480
48.108491,-24.281124,487
49.108491,-24.281124,504
51.108491,-24.281124,512
53.108491,-24.281124,527
55.108491,-24.281124,536
57.108491,-24.281124,552
58.108491,-24.281124,560
59.108491,-24.281124,567
60.108491,-25.281124,576
61.108491,-26.281124,584
62.108491,-26.281124,592
63.108491,-27.281124,600
64.108491,-28.281124,608
65.108491,-29.281124,616
66.108491,-29.281124,624
67.108491,-29.281124,632
67.108491,-30.281124,648
67.108491,-31.281124,664
67.108491,-32.281124,680
67.108491,-34.281124,688
67.108491,-36.281124,704
67.108491,-37.281124,712
67.108491,-38.281124,720
67.108491,-39.281124,728
67.108491,-40.281124,735
67.108491,-41.281124,744
67.108491,-42.281124,752
67.108491,-43.281124,760
67.108491,-44.281124,776
67.108491,-45.281124,784
67.108491,-46.281124,792
67.108491,-47.281124,800
67.108491,-48.281124,808
67.108491,-49.281124,840
67.108491,-50.281124,864
67.108491,-51.281124,888
67.108491,-52.281124,904
67.108491,-53.281124,936
67.108491,-54.281124,952
67.108491,-55.281124,976
67.108491,-56.281124,992
66.108491,-56.281124,1000
66.108491,-57.281124,1017
65.108491,-58.281124,1024
64.108491,-58.281124,1048
63.108491,-59.281124,1072
63.108491,-60.281124,1088
62.108491,-60.281124,1096
62.108491,-61.281124,1136
61.108491,-61.281124,1144
61.108491,-62.281124,1232
60.108491,-62.281124,1248
60.108491,-63.281124,1352
60.108491,-64.281124,1368
59.108491,-64.281124,1384
59.108491,-65.281124,1408
58.108491,-65.281124,1416
58.108491,-66.281124,1440
57.108491,-66.281124,1528
BREAK
