START
35.108491,-73.281124,0
33.108491,-73.281124,122
32.108491,-72.281124,133
31.108491,-70.281124,143
29.108491,-69.281124,153
27.108491,-67.281124,163
25.108491,-66.281124,173
25.108491,-65.281124,183
23.108491,-62.281124,193
23.108491,-61.281124,214
22.108491,-59.281124,225
21.108491,-57.281124,248
21.108491,-56.281124,269
21.108491,-54.281124,289
21.108491,-53.281124,309
21.108491,-52.281124,319
21.108491,-51.281124,329
21.108491,-50.281124,339
21.108491,-49.281124,359
21.108491,-48.281124,368
21.108491,-47.281124,378
21.108491,-46.281124,398
21.108491,-45.281124,408
21.108491,-44.281124,418
21.108491,-43.281124,428
22.108491,-43.281124,438
22.108491,-41.281124,448
23.108491,-41.281124,458
24.108491,-40.281124,478
25.108491,-40.281124,488
27.108491,-39.281124,499
28.108491,-38.281124,509
29.108491,-37.281124,518
31.108491,-36.281124,528
32.108491,-35.281124,539
33.108491,-34.281124,548
35.108491,-33.281124,570
35.108491,-32.281124,581
36.108491,-32.281124,591
38.108491,-32.281124,601
39.108491,-32.281124,611
40.108491,-31.281124,621
42.108491,-31.281124,632
44.108491,-31.281124,642
46.108491,-30.281124,652
48.108491,-30.281124,662
49.108491,-30.281124,672
51.108491,-30.281124,682
52.108491,-30.281124,692
54.108491,-30.281124,711
55.108491,-30.281124,731
56.108491,-30.281124,751
57.108491,-30.281124,762
58.108491,-31.281124,795
59.108491,-32.281124,814
59.108491,-33.281124,834
60.108491,-34.281124,844
61.108491,-35.281124,854
61.108491,-37.281124,885
62.108491,-37.281124,895
62.108491,-38.281124,905
62.108491,-40.281124,916
63.108491,-41.281124,939
63.108491,-43.281124,951
63.108491,-44.281124,961
63.108491,-45.281124,971
63.108491,-47.281124,980
63.108491,-48.281124,990
63.108491,-50.281124,1011
63.108491,-51.281124,1040
63.108491,-52.281124,1051
63.108491,-53.281124,1061
63.108491,-54.281124,1072
63.108491,-55.281124,1095
63.108491,-56.281124,1115
63.108491,-57.281124,1125
62.108491,-57.281124,1144
62.108491,-58.281124,1154
61.108491,-58.281124,1164
61.108491,-60.281124,1174
61.108491,-61.281124,1194
60.108491,-61.281124,1204
60.108491,-62.281124,1236
59.108491,-63.281124,1265
58.108491,-64.281124,1275
58.108491,-65.281124,1295
57.108491,-66.281124,1335
BREAK
