START
28.641509,-23.859438,0
29.641509,-23.859438,177
30.641509,-24.859438,186
31.641509,-25.859438,196
31.641509,-26.859438,205
31.641509,-28.859438,466
31.641509,-30.859438,475
31.641509,-32.859438,484
31.641509,-34.859438,494
31.641509,-36.859438,512
31.641509,-38.859438,522
31.641509,-40.859438,531
31.641509,-41.859438,540
31.641509,-42.859438,550
31.641509,-44.859438,559
31.641509,-46.859438,568
31.641509,-48.859438,578
31.641509,-49.859438,587
31.641509,-51.859438,596
31.641509,-52.859438,615
31.641509,-54.859438,624
31.641509,-55.859438,633
31.641509,-56.859438,653
31.641509,-57.859438,661
31.641509,-58.859438,671
31.641509,-59.859438,680
31.641509,-60.859438,689
31.641509,-61.859438,699
31.641509,-62.859438,708
31.641509,-63.859438,717
31.641509,-64.859438,727
31.641509,-65.859438,745
31.641509,-66.859438,755
31.641509,-67.859438,764
31.641509,-68.859438,773
31.641509,-69.859438,792
31.641509,-70.859438,801
31.641509,-71.859438,811
31.641509,-72.859438,820
BREAK
46.641509,-20.859438,1817
46.641509,-21.859438,1919
46.641509,-22.859438,1928
47.641509,-24.859438,1938
48.641509,-26.859438,1956
49.641509,-26.859438,1966
50.641509,-27.859438,1975
51.641509,-28.859438,1984
51.641509,-29.859438,1994
51.641509,-30.859438,2077
51.641509,-31.859438,2096
51.641509,-32.859438,2105
51.641509,-33.859438,2115
51.641509,-34.859438,2124
51.641509,-35.859438,2143
51.641509,-36.859438,2152
51.641509,-37.859438,2161
51.641509,-38.859438,2171
51.641509,-39.859438,2180
51.641509,-40.859438,2189
51.641509,-41.859438,2199
51.641509,-42.859438,2208
51.641509,-44.859438,2217
51.641509,-45.859438,2236
51.641509,-47.859438,2245
51.641509,-48.859438,2254
51.641509,-49.859438,2273
51.641509,-50.859438,2282
51.641509,-51.859438,2301
51.641509,-52.859438,2310
51.641509,-53.859438,2320
51.641509,-54.859438,2329
51.641509,-55.859438,2338
51.641509,-57.859438,2348
51.641509,-58.859438,2357
51.641509,-59.859438,2376
51.641509,-60.859438,2385
51.641509,-61.859438,2413
51.641509,-62.859438,2441
51.641509,-63.859438,2450
51.641509,-64.859438,2469
51.641509,-65.859438,2497
51.641509,-66.859438,2525
51.641509,-67.859438,2562
51.641509,-68.859438,2581
51.641509,-69.859438,2665
BREAK
33.641509,-45.859438,3355
33.641509,-44.859438,3457
34.641509,-43.859438,3466
37.641509,-43.859438,3475
38.641509,-43.859438,3485
40.641509,-42.859438,3494
42.641509,-42.859438,3503
44.641509,-41.859438,3513
46.641509,-41.859438,3522
48.641509,-41.859438,3531
49.641509,-41.859438,3541
BREAK
31.641509,-56.859438,4081
32.641509,-56.859438,4165
34.641509,-56.859438,4174
36.641509,-56.859438,4183
37.641509,-56.859438,4193
39.641509,-56.859438,4202
41.641509,-56.859438,4211
43.641509,-56.859438,4221
45.641509,-56.859438,4230
46.641509,-56.859438,4239
47.641509,-56.859438,4277
48.641509,-56.859438,4286
49.641509,-56.859438,4305
50.641509,-56.859438,4323
51.641509,-56.859438,4426
BREAK
