START
40.108491,-30.281124,0
40.108491,-29.281124,303
40.108491,-28.281124,319
40.108491,-27.281124,327
41.108491,-26.281124,343
41.108491,-25.281124,375
42.108491,-25.281124,488
42.108491,-24.281124,503
42.108491,-23.281124,543
43.108491,-23.281124,551
44.108491,-23.281124,567
45.108491,-23.281124,583
46.108491,-23.281124,607
46.108491,-22.281124,615
47.108491,-22.281124,647
48.108491,-22.281124,671
49.108491,-22.281124,695
50.108491,-22.281124,767
50.108491,-23.281124,799
51.108491,-23.281124,807
52.108491,-23.281124,823
52.108491,-24.281124,830
53.108491,-24.281124,846
53.108491,-25.281124,870
54.108491,-25.281124,886
54.108491,-26.281124,902
54.108491,-27.281124,918
55.108491,-27.281124,926
55.108491,-28.281124,935
55.108491,-29.281124,959
56.108491,-29.281124,991
56.108491,-31.281124,999
57.108491,-31.281124,1023
57.108491,-32.281124,1031
56.108491,-31.281124,1223
56.108491,-30.281124,1255
57.108491,-30.281124,1280
57.108491,-29.281124,1288
57.108491,-28.281124,1311
58.108491,-28.281124,1320
58.108491,-27.281124,1352
58.108491,-26.281124,1376
59.108491,-26.281124,1400
59.108491,-25.281124,1416
60.108491,-24.281124,1456
61.108491,-24.281124,1472
61.108491,-23.281124,1488
62.108491,-23.281124,1504
62.108491,-22.281124,1520
63.108491,-22.281124,1544
64.108491,-22.281124,1560
65.108491,-22.281124,1584
66.108491,-22.281124,1656
67.108491,-22.281124,1672
68.108491,-22.281124,1688
69.108491,-22.281124,1704
70.108491,-22.281124,1712
71.108491,-22.281124,1728
72.108491,-22.281124,1736
72.108491,-23.281124,1904
73.108491,-23.281124,1912
74.108491,-23.281124,1928
74.108491,-24.281124,1936
75.108491,-24.281124,1952
75.108491,-25.281124,1968
76.108491,-26.281124,2008
76.108491,-27.281124,2024
77.108491,-28.281124,2048
77.108491,-29.281124,2088
78.108491,-30.281124,2136
78.108491,-31.281124,2152
78.108491,-32.281124,2176
78.108491,-33.281124,2192
78.108491,-34.281124,2208
78.108491,-35.281124,2216
79.108491,-36.281124,2232
79.108491,-37.281124,2248
79.108491,-38.281124,2264
79.108491,-39.281124,2280
79.108491,-40.281124,2304
79.108491,-41.281124,2320
79.108491,-42.281124,2336
79.108491,-43.281124,2344
79.108491,-44.281124,2368
78.108491,-45.281124,2384
78.108491,-46.281124,2408
78.108491,-47.281124,2416
78.108491,-48.281124,2440
78.108491,-49.281124,2472
78.108491,-50.281124,2496
78.108491,-51.281124,2512
78.108491,-52.281124,2536
78.108491,-53.281124,2552
78.108491,-54.281124,2568
78.108491,-55.281124,2584
78.108491,-56.281124,2600
78.108491,-57.281124,2624
78.108491,-58.281124,2656
78.108491,-59.281124,2680
78.108491,-60.281124,2696
78.108491,-61.281124,2720
78.108491,-62.281124,2736
78.108491,-63.281124,2744
78.108491,-64.281124,2776
78.108491,-65.281124,2808
78.108491,-66.281124,2832
78.108491,-67.281124,2848
78.108491,-68.281124,2872
77.108491,-68.281124,2888
77.108491,-69.281124,2896
77.108491,-70.281124,2912
77.108491,-71.281124,2920
77.108491,-72.281124,2944
77.108491,-73.281124,2976
77.108491,-74.281124,2992
77.108491,-75.281124,3016
76.108491,-75.281124,3048
76.108491,-76.281124,3056
76.108491,-77.281124,3081
76.108491,-78.281124,3097
76.108491,-79.281124,3104
76.108491,-80.281124,3120
75.108491,-80.281124,3136
75.108491,-81.281124,3145
75.108491,-82.281124,3176
74.108491,-83.281124,3240
73.108491,-83.281124,3256
73.108491,-84.281124,3264
72.108491,-85.281124,3288
71.108491,-85.281124,3304
70.108491,-86.281124,3320
69.108491,-86.281124,3329
68.108491,-86.281124,3336
66.108491,-86.281124,3352
65.108491,-86.281124,3368
64.108491,-86.281124,3376
63.108491,-87.281124,3384
63.108491,-86.281124,3392
62.108491,-86.281124,3408
62.108491,-85.281124,3512
61.108491,-85.281124,3544
61.108491,-84.281124,3560
60.108491,-84.281124,3568
59.108491,-83.281124,3576
58.108491,-83.281124,3592
57.108491,-82.281124,3671
57.108491,-81.281124,3679
57.108491,-80.281124,3727
56.108491,-80.281124,3751
56.108491,-79.281124,3767
56.108491,-78.281124,3799
55.108491,-77.281124,3815
55.108491,-76.281124,3847
55.108491,-75.281124,3871
55.108491,-74.281124,3903
55.108491,-73.281124,3927
55.108491,-72.281124,3975
55.108491,-71.281124,3991
55.108491,-70.281124,4007
55.108491,-69.281124,4015
55.108491,-68.281124,4039
55.108491,-67.281124,4055
55.108491,-66.281124,4071
55.108491,-65.281124,4080
55.108491,-64.281124,4103
56.108491,-64.281124,4112
56.108491,-63.281124,4127
56.108491,-62.281124,4143
56.108491,-61.281124,4151
56.108491,-60.281124,4175
56.108491,-59.281124,4223
57.108491,-58.281124,4255
57.108491,-57.281124,4271
58.108491,-56.281124,4287
59.108491,-55.281124,4303
60.108491,-55.281124,4312
60.108491,-54.281124,4319
61.108491,-53.281124,4327
61.108491,-52.281124,4343
62.108491,-51.281124,4359
63.108491,-51.281124,4431
64.108491,-51.281124,4456
65.108491,-51.281124,4464
66.108491,-51.281124,4471
67.108491,-50.281124,4481
68.108491,-50.281124,4487
69.108491,-50.281124,4497
70.108491,-50.281124,4503
71.108491,-50.281124,4583
72.108491,-50.281124,4591
73.108491,-50.281124,4607
74.108491,-50.281124,4615
75.108491,-50.281124,4679
76.108491,-50.281124,4759
BREAK
