START
30.108491,-27.281124,0
30.108491,-28.281124,128
30.108491,-29.281124,168
30.108491,-30.281124,232
29.108491,-31.281124,248
29.108491,-30.281124,400
29.108491,-29.281124,416
29.108491,-28.281124,432
29.108491,-27.281124,448
30.108491,-26.281124,456
30.108491,-25.281124,464
31.108491,-25.281124,472
31.108491,-24.281124,488
32.108491,-23.281124,504
33.108491,-22.281124,528
34.108491,-22.281124,544
35.108491,-22.281124,568
36.108491,-22.281124,584
37.108491,-22.281124,616
38.108491,-22.281124,680
39.108491,-22.281124,720
39.108491,-23.281124,752
40.108491,-23.281124,760
40.108491,-24.281124,792
41.108491,-24.281124,800
41.108491,-25.281124,808
41.108491,-26.281124,832
42.108491,-26.281124,856
42.108491,-27.281124,872
42.108491,-28.281124,904
43.108491,-28.281124,912
43.108491,-29.281124,920
43.108491,-30.281124,944
43.108491,-31.281124,968
43.108491,-32.281124,1008
43.108491,-33.281124,1152
43.108491,-32.281124,1376
43.108491,-31.281124,1400
43.108491,-30.281124,1417
43.108491,-29.281124,1424
43.108491,-28.281124,1440
44.108491,-27.281124,1448
45.108491,-26.281124,1456
46.108491,-25.281124,1464
47.108491,-24.281124,1480
47.108491,-23.281124,1488
48.108491,-22.281124,1496
49.108491,-22.281124,1520
49.108491,-21.281124,1528
50.108491,-21.281124,1536
50.108491,-20.281124,1552
51.108491,-20.281124,1560
52.108491,-19.281124,1568
53.108491,-19.281124,1592
54.108491,-19.281124,1616
55.108491,-19.281124,1648
56.108491,-19.281124,1672
57.108491,-19.281124,1688
58.108491,-19.281124,1712
59.108491,-19.281124,1728
59.108491,-20.281124,1744
60.108491,-21.281124,1760
60.108491,-22.281124,1784
61.108491,-22.281124,1792
61.108491,-23.281124,1800
61.108491,-24.281124,1824
62.108491,-25.281124,1832
63.108491,-26.281124,1856
63.108491,-27.281124,1864
64.108491,-28.281124,1880
64.108491,-29.281124,1904
65.108491,-30.281124,1936
65.108491,-31.281124,1952
65.108491,-32.281124,1984
65.108491,-33.281124,2016
65.108491,-34.281124,2032
65.108491,-35.281124,2056
65.108491,-36.281124,2120
65.108491,-37.281124,2136
64.108491,-38.281124,2160
64.108491,-39.281124,2200
64.108491,-40.281124,2224
64.108491,-41.281124,2248
64.108491,-42.281124,2280
64.108491,-43.281124,2320
64.108491,-44.281124,2360
63.108491,-45.281124,2376
63.108491,-46.281124,2408
63.108491,-47.281124,2432
63.108491,-48.281124,2464
62.108491,-49.281124,2480
62.108491,-50.281124,2504
62.108491,-51.281124,2544
62.108491,-52.281124,2576
61.108491,-52.281124,2584
61.108491,-53.281124,2592
60.108491,-54.281124,2600
60.108491,-55.281124,2624
60.108491,-56.281124,2656
59.108491,-57.281124,2672
59.108491,-58.281124,2696
59.108491,-59.281124,2728
58.108491,-60.281124,2752
58.108491,-61.281124,2768
57.108491,-62.281124,2784
56.108491,-63.281124,2824
56.108491,-64.281124,2848
56.108491,-65.281124,2880
55.108491,-65.281124,2888
55.108491,-66.281124,2896
54.108491,-67.281124,2920
54.108491,-68.281124,2960
53.108491,-69.281124,2992
53.108491,-70.281124,3040
52.108491,-71.281124,3048
51.108491,-71.281124,3072
51.108491,-72.281124,3088
50.108491,-73.281124,3112
49.108491,-73.281124,3128
49.108491,-74.281124,3152
48.108491,-74.281124,3184
47.108491,-75.281124,3192
46.108491,-76.281124,3208
45.108491,-76.281124,3224
44.108491,-77.281124,3232
43.108491,-78.281124,3240
42.108491,-79.281124,3264
41.108491,-79.281124,3280
40.108491,-79.281124,3344
39.108491,-79.281124,3352
38.108491,-79.281124,3384
37.108491,-79.281124,3408
36.108491,-79.281124,3424
35.108491,-79.281124,3448
34.108491,-77.281124,3456
33.108491,-77.281124,3464
32.108491,-76.281124,3472
31.108491,-75.281124,3496
30.108491,-75.281124,3504
30.108491,-74.281124,3520
29.108491,-74.281124,3528
29.108491,-73.281124,3536
28.108491,-72.281124,3544
28.108491,-71.281124,3568
28.108491,-70.281124,3576
28.108491,-69.281124,3600
28.108491,-68.281124,3616
28.108491,-67.281124,3632
28.108491,-66.281124,3649
28.108491,-65.281124,3656
28.108491,-64.281124,3688
28.108491,-63.281124,3712
29.108491,-62.281124,3728
29.108491,-61.281124,3736
30.108491,-60.281124,3752
31.108491,-58.281124,3768
32.108491,-57.281124,3784
33.108491,-56.281124,3800
33.108491,-55.281124,3808
35.108491,-54.281124,3840
36.108491,-53.281124,3848
37.108491,-52.281124,3864
38.108491,-51.281124,3872
39.108491,-51.281124,3880
40.108491,-50.281124,3896
41.108491,-49.281124,3904
42.108491,-49.281124,3936
42.108491,-48.281124,3944
43.108491,-48.281124,3952
44.108491,-47.281124,3960
44.108491,-46.281124,3976
45.108491,-45.281124,3984
46.108491,-45.281124,3992
47.108491,-44.281124,4000
47.108491,-43.281124,4024
48.108491,-43.281124,4032
49.108491,-43.281124,4057
50.108491,-43.281124,4072
51.108491,-43.281124,4098
52.108491,-43.281124,4104
53.108491,-43.281124,4128
54.108491,-43.281124,4160
55.108491,-44.281124,4176
56.108491,-45.281124,4200
57.108491,-46.281124,4217
57.108491,-47.281124,4240
58.108491,-47.281124,4248
58.108491,-48.281124,4280
59.108491,-48.281124,4288
60.108491,-48.281124,4328
60.108491,-49.281124,4336
BREAK
