START
34.877358,-11.859438,0
34.877358,-12.859438,104
34.877358,-13.859438,120
34.877358,-14.859438,128
34.877358,-15.859438,136
34.877358,-16.859438,144
34.877358,-18.859438,152
34.877358,-20.859438,168
34.877358,-22.859438,176
34.877358,-23.859438,184
34.877358,-24.859438,192
34.877358,-27.859438,200
34.877358,-28.859438,208
34.877358,-30.859438,216
34.877358,-32.859438,224
34.877358,-34.859438,232
34.877358,-37.859438,240
34.877358,-40.859438,248
34.877358,-42.859438,256
34.877358,-43.859438,264
34.877358,-44.859438,272
34.877358,-46.859438,280
34.877358,-47.859438,288
34.877358,-48.859438,296
34.877358,-50.859438,304
34.877358,-51.859438,320
34.877358,-52.859438,328
34.877358,-53.859438,336
34.877358,-54.859438,344
34.877358,-56.859438,360
34.877358,-57.859438,368
34.877358,-58.859438,376
34.877358,-59.859438,384
34.877358,-60.859438,392
34.877358,-61.859438,400
34.877358,-62.859438,408
34.877358,-63.859438,416
34.877358,-65.859438,424
34.877358,-67.859438,440
34.877358,-68.859438,448
34.877358,-69.859438,456
34.877358,-70.859438,464
34.877358,-71.859438,480
34.877358,-72.859438,496
34.877358,-73.859438,504
34.877358,-74.859438,648
35.877358,-74.859438,656
36.877358,-74.859438,672
38.877358,-74.859438,688
40.877358,-74.859438,696
42.877358,-74.859438,704
45.877358,-74.859438,712
47.877358,-74.859438,720
50.877358,-74.859438,728
52.877358,-74.859438,736
55.877358,-73.859438,744
56.877358,-73.859438,752
57.877358,-73.859438,760
58.877358,-73.859438,776
59.877358,-73.859438,784
60.877358,-73.859438,792
61.877358,-73.859438,808
62.877358,-73.859438,824
63.877358,-73.859438,872
64.877358,-73.859438,952
65.877358,-73.859438,976
66.877358,-73.859438,992
67.877358,-73.859438,1000
68.877358,-73.859438,1008
69.877358,-73.859438,1016
70.877358,-73.859438,1024
BREAK
37.877358,-10.859438,1832
38.877358,-10.859438,1888
39.877358,-10.859438,1904
41.877358,-10.859438,1912
43.877358,-10.859438,1928
45.877358,-10.859438,1936
46.877358,-10.859438,1944
47.877358,-10.859438,1952
48.877358,-10.859438,1960
49.877358,-10.859438,1968
50.877358,-10.859438,1976
51.877358,-10.859438,1992
52.877358,-11.859438,2000
53.877358,-11.859438,2008
54.877358,-11.859438,2016
56.877358,-12.859438,2024
58.877358,-14.859438,2032
60.877358,-14.859438,2040
61.877358,-14.859438,2048
62.877358,-15.859438,2056
63.877358,-15.859438,2064
63.877358,-16.859438,2080
64.877358,-16.859438,2088
65.877358,-17.859438,2096
65.877358,-18.859438,2112
66.877358,-19.859438,2120
66.877358,-20.859438,2128
67.877358,-21.859438,2144
68.877358,-22.859438,2160
68.877358,-23.859438,2168
68.877358,-24.859438,2176
68.877358,-25.859438,2192
68.877358,-26.859438,2200
68.877358,-27.859438,2216
68.877358,-28.859438,2232
68.877358,-29.859438,2256
67.877358,-29.859438,2264
67.877358,-30.859438,2272
66.877358,-30.859438,2288
65.877358,-31.859438,2304
64.877358,-31.859438,2312
63.877358,-31.859438,2320
62.877358,-31.859438,2328
61.877358,-33.859438,2336
60.877358,-33.859438,2344
59.877358,-33.859438,2352
57.877358,-34.859438,2360
57.877358,-35.859438,2368
55.877358,-35.859438,2376
54.877358,-36.859438,2392
53.877358,-36.859438,2400
52.877358,-37.859438,2408
51.877358,-37.859438,2424
50.877358,-37.859438,2440
49.877358,-37.859438,2448
48.877358,-38.859438,2456
46.877358,-38.859438,2472
45.877358,-38.859438,2488
44.877358,-38.859438,2496
43.877358,-38.859438,2504
42.877358,-39.859438,2512
41.877358,-39.859438,2520
40.877358,-39.859438,2528
39.877358,-39.859438,2536
38.877358,-39.859438,2544
36.877358,-39.859438,2552
36.877358,-40.859438,2568
35.877358,-40.859438,2624
35.877358,-39.859438,2776
BREAK
