START
66.555838,-17.559507,0
66.555838,-19.366614,120
66.555838,-20.270167,128
66.555838,-22.980827,136
65.652284,-25.691487,144
65.652284,-27.498593,152
65.652284,-29.3057,160
65.652284,-31.112807,168
65.652284,-33.823466,176
65.652284,-34.72702,184
65.652284,-36.534126,192
65.652284,-37.43768,200
65.652284,-39.244786,208
64.748731,-40.14834,216
64.748731,-41.051893,224
64.748731,-42.858999,232
64.748731,-43.762553,240
64.748731,-44.666106,248
64.748731,-47.376766,256
64.748731,-48.280319,264
64.748731,-50.087426,280
64.748731,-51.894532,297
64.748731,-52.798086,312
64.748731,-53.701639,319
64.748731,-54.605192,327
64.748731,-55.508746,336
64.748731,-56.412299,344
65.652284,-57.315852,352
65.652284,-58.219406,359
66.555838,-59.122959,368
67.459391,-60.930065,376
68.362944,-62.737172,392
69.266497,-62.737172,408
69.266497,-63.640725,416
70.170051,-63.640725,473
BREAK
62.038071,-39.244786,992
61.134518,-39.244786,1080
61.134518,-38.341233,1087
60.230964,-38.341233,1095
60.230964,-37.43768,1112
59.327411,-37.43768,1120
58.423858,-36.534126,1136
57.520305,-36.534126,1143
56.616751,-36.534126,1168
55.713198,-36.534126,1192
55.713198,-35.630573,1200
54.809645,-35.630573,1216
53.906091,-35.630573,1224
53.002538,-35.630573,1232
51.195431,-35.630573,1240
49.388325,-35.630573,1248
47.581218,-35.630573,1256
46.677665,-35.630573,1264
45.774112,-36.534126,1272
44.870558,-36.534126,1280
43.967005,-36.534126,1288
43.967005,-37.43768,1296
43.063452,-37.43768,1304
43.063452,-38.341233,1328
41.256345,-38.341233,1336
41.256345,-40.14834,1344
40.352792,-40.14834,1352
39.449239,-41.955446,1360
38.545685,-42.858999,1376
38.545685,-43.762553,1392
37.642132,-44.666106,1424
37.642132,-45.569659,1432
37.642132,-46.473213,1448
37.642132,-47.376766,1456
37.642132,-48.280319,1464
37.642132,-49.183873,1472
37.642132,-50.087426,1480
37.642132,-50.990979,1488
37.642132,-51.894532,1496
38.545685,-52.798086,1504
38.545685,-53.701639,1512
40.352792,-55.508746,1528
40.352792,-56.412299,1536
41.256345,-56.412299,1544
42.159898,-57.315852,1552
42.159898,-58.219406,1568
43.063452,-58.219406,1617
43.967005,-58.219406,1664
43.967005,-59.122959,1680
44.870558,-60.026512,1704
45.774112,-60.026512,1720
46.677665,-60.930065,1944
47.581218,-61.833619,1952
48.484772,-61.833619,1968
48.484772,-62.737172,1976
48.484772,-63.640725,2032
BREAK
