START
10.314528,-38.821606,0
10.314528,-38.036152,151
10.314528,-37.250697,207
10.314528,-36.465243,231
10.314528,-35.679788,255
10.314528,-34.894334,319
10.314528,-34.108879,335
10.314528,-33.323425,407
10.314528,-32.53797,447
10.314528,-31.752516,511
10.314528,-30.967061,551
10.314528,-30.181606,655
11.099983,-29.396152,687
11.885437,-29.396152,759
12.670892,-28.610697,791
13.456346,-28.610697,815
14.241801,-28.610697,871
15.027256,-28.610697,919
15.81271,-28.610697,999
16.598165,-28.610697,1039
17.383619,-28.610697,1096
18.169074,-28.610697,1120
18.954528,-28.610697,1152
19.739983,-29.396152,1184
19.739983,-30.181606,1248
19.739983,-30.967061,1312
19.739983,-31.752516,1320
19.739983,-32.53797,1344
19.739983,-33.323425,1368
19.739983,-34.108879,1408
19.739983,-34.894334,1424
19.739983,-35.679788,1447
19.739983,-36.465243,1456
19.739983,-37.250697,1496
19.739983,-38.036152,1512
19.739983,-38.821606,1544
19.739983,-39.607061,1552
19.739983,-40.392516,1568
19.739983,-41.17797,1592
19.739983,-41.963425,1608
19.739983,-42.748879,1664
19.739983,-43.534334,1680
19.739983,-44.319788,1728
19.739983,-45.105243,1752
19.739983,-45.890697,1784
19.739983,-46.676152,1808
19.739983,-47.461606,1832
19.739983,-48.247061,1856
19.739983,-49.032516,1888
19.739983,-49.81797,1912
19.739983,-50.603425,1976
19.739983,-51.388879,2000
19.739983,-52.174334,2016
20.525437,-52.174334,2040
20.525437,-52.959788,2064
20.525437,-53.745243,2080
20.525437,-54.530697,2128
20.525437,-55.316152,2152
20.525437,-56.101606,2208
20.525437,-56.887061,2224
20.525437,-57.672516,2272
20.525437,-58.45797,2304
20.525437,-59.243425,2336
21.310892,-60.814334,2360
21.310892,-61.599788,2432
21.310892,-62.385243,2472
21.310892,-63.170697,2512
22.096346,-63.956152,2528
22.096346,-64.741606,2600
22.096346,-65.527061,2624
22.881801,-65.527061,2656
23.667256,-66.312516,2736
23.667256,-67.09797,2888
24.45271,-67.09797,3080
25.238165,-67.09797,3185
26.023619,-66.312516,3232
26.809074,-65.527061,3288
26.809074,-64.741606,3304
27.594528,-64.741606,3328
28.379983,-63.956152,3432
28.379983,-63.170697,3448
28.379983,-62.385243,3480
28.379983,-61.599788,3504
28.379983,-60.814334,3560
28.379983,-60.028879,3584
28.379983,-59.243425,3624
28.379983,-58.45797,3648
28.379983,-57.672516,3688
28.379983,-56.887061,3744
28.379983,-56.101606,3784
28.379983,-55.316152,3800
28.379983,-54.530697,3840
28.379983,-53.745243,3872
28.379983,-52.959788,3888
28.379983,-52.174334,3928
28.379983,-51.388879,3936
28.379983,-50.603425,3976
28.379983,-49.81797,3992
28.379983,-49.032516,4040
28.379983,-48.247061,4064
28.379983,-47.461606,4104
28.379983,-46.676152,4112
29.165437,-45.890697,4152
29.165437,-45.105243,4192
29.165437,-44.319788,4216
29.165437,-43.534334,4248
29.165437,-42.748879,4264
29.165437,-41.963425,4296
29.165437,-41.17797,4312
29.165437,-40.392516,4360
29.165437,-39.607061,4368
29.165437,-38.821606,4409
29.165437,-38.036152,4432
29.165437,-37.250697,4440
29.165437,-36.465243,4528
29.165437,-35.679788,4560
29.165437,-34.894334,4632
29.165437,-34.108879,4648
29.165437,-33.323425,4680
29.165437,-32.53797,4696
29.165437,-31.752516,4728
29.165437,-30.967061,4744
29.165437,-30.181606,4784
29.165437,-29.396152,4800
29.165437,-28.610697,4816
29.950892,-27.825243,4864
29.950892,-27.039788,4880
30.736346,-27.039788,4912
30.736346,-26.254334,4936
30.736346,-25.468879,4976
31.521801,-25.468879,4984
32.307256,-24.683425,5032
32.307256,-23.89797,5144
33.09271,-23.89797,5200
33.878165,-23.89797,5224
34.663619,-23.89797,5240
35.449074,-23.89797,5248
36.234528,-23.89797,5280
37.019983,-23.89797,5296
37.805437,-23.89797,5313
38.590892,-23.89797,5352
39.376346,-23.89797,5408
40.161801,-23.89797,5888
40.947256,-23.89797,5928
40.947256,-24.683425,6360
40.947256,-25.468879,6400
40.161801,-26.254334,6424
40.161801,-27.039788,6440
40.161801,-27.825243,6480
40.161801,-28.610697,6496
39.376346,-29.396152,6520
38.590892,-30.967061,6552
38.590892,-31.752516,6600
38.590892,-32.53797,6616
37.805437,-33.323425,6639
37.805437,-34.108879,6687
37.805437,-34.894334,6704
37.019983,-35.679788,6767
37.019983,-36.465243,6783
37.019983,-37.250697,6863
37.019983,-38.036152,6887
37.019983,-38.821606,6920
37.019983,-39.607061,6935
37.019983,-40.392516,6952
36.234528,-41.17797,6983
36.234528,-41.963425,7008
36.234528,-42.748879,7032
36.234528,-43.534334,7040
36.234528,-44.319788,7056
36.234528,-45.105243,7072
36.234528,-45.890697,7104
36.234528,-46.676152,7128
36.234528,-47.461606,7144
36.234528,-48.247061,7168
36.234528,-49.032516,7184
36.234528,-49.81797,7200
36.234528,-50.603425,7216
36.234528,-51.388879,7248
36.234528,-52.174334,7280
36.234528,-52.959788,7320
36.234528,-53.745243,7344
36.234528,-54.530697,7360
36.234528,-55.316152,7392
36.234528,-56.101606,7416
36.234528,-56.887061,7448
36.234528,-57.672516,7456
36.234528,-59.243425,7488
37.019983,-60.028879,7520
37.805437,-60.814334,7584
37.805437,-61.599788,7609
38.590892,-62.385243,7672
39.376346,-63.170697,7720
40.161801,-63.956152,7753
40.947256,-63.956152,7800
41.73271,-63.956152,7816
42.518165,-63.956152,7856
43.303619,-63.956152,7880
44.089074,-63.956152,7912
44.874528,-63.956152,7928
45.659983,-63.170697,7952
46.445437,-62.385243,7984
47.230892,-61.599788,8016
48.016346,-60.814334,8064
48.801801,-60.028879,8096
49.587256,-59.243425,8168
49.587256,-58.45797,8192
49.587256,-57.672516,8248
49.587256,-56.887061,8264
49.587256,-56.101606,8288
49.587256,-55.316152,8312
49.587256,-54.530697,8344
49.587256,-53.745243,8352
49.587256,-52.959788,8368
49.587256,-52.174334,8400
49.587256,-51.388879,8424
48.801801,-50.603425,8512
48.801801,-49.81797,8712
49.587256,-49.032516,8864
50.37271,-49.032516,9009
51.158165,-49.032516,9081
51.943619,-49.81797,9089
52.729074,-50.603425,9145
54.299983,-50.603425,9216
54.299983,-51.388879,9297
55.085437,-52.174334,9376
55.085437,-52.959788,9449
55.870892,-53.745243,9480
55.870892,-54.530697,9497
55.870892,-55.316152,9577
55.870892,-56.101606,9601
56.656346,-56.101606,9617
57.441801,-56.887061,9641
57.441801,-57.672516,9721
58.227256,-58.45797,9769
59.01271,-59.243425,9889
59.798165,-59.243425,9945
60.583619,-60.028879,9961
61.369074,-60.028879,9993
62.154528,-60.028879,10017
62.939983,-60.028879,10057
63.725437,-60.028879,10073
64.510892,-60.028879,10089
64.510892,-60.814334,10097
65.296346,-60.814334,10113
66.081801,-61.599788,10137
66.867256,-61.599788,10169
67.65271,-61.599788,10201
67.65271,-60.814334,10225
68.438165,-60.814334,10241
69.223619,-60.814334,10257
70.009074,-60.814334,10281
70.794528,-60.028879,10297
71.579983,-60.028879,10305
71.579983,-59.243425,10313
72.365437,-59.243425,10329
73.150892,-59.243425,10337
73.936346,-58.45797,10361
74.721801,-57.672516,10377
75.507256,-57.672516,10402
77.078165,-56.887061,10417
77.078165,-56.101606,10457
77.863619,-56.101606,10481
78.649074,-55.316152,10513
78.649074,-54.530697,10537
78.649074,-53.745243,10545
78.649074,-52.959788,10561
78.649074,-52.174334,10585
78.649074,-51.388879,10609
78.649074,-50.603425,10617
78.649074,-49.81797,10633
78.649074,-49.032516,10641
78.649074,-48.247061,10657
78.649074,-47.461606,10673
78.649074,-46.676152,10681
78.649074,-45.890697,10697
78.649074,-45.105243,10705
79.434528,-45.105243,10713
79.434528,-44.319788,10729
79.434528,-43.534334,10737
79.434528,-42.748879,10745
79.434528,-41.963425,10761
79.434528,-41.17797,10777
79.434528,-40.392516,10785
78.649074,-39.607061,10801
77.863619,-38.821606,10809
77.863619,-38.036152,10817
77.863619,-37.250697,10849
77.863619,-36.465243,10865
77.078165,-35.679788,10881
77.078165,-34.894334,10905
77.078165,-34.108879,10929
76.29271,-33.323425,10945
75.507256,-31.752516,10961
75.507256,-30.967061,10993
75.507256,-30.181606,11009
74.721801,-29.396152,11033
73.936346,-28.610697,11057
73.150892,-27.825243,11081
73.150892,-27.039788,11098
72.365437,-27.039788,11129
71.579983,-26.254334,11145
71.579983,-25.468879,11161
70.794528,-25.468879,11185
70.009074,-24.683425,11217
69.223619,-24.683425,11249
68.438165,-24.683425,11257
67.65271,-24.683425,11361
66.867256,-24.683425,11401
66.081801,-24.683425,11513
65.296346,-25.468879,11538
64.510892,-26.254334,11609
64.510892,-25.468879,11961
65.296346,-24.683425,11993
66.081801,-23.89797,12009
66.867256,-23.89797,12033
67.65271,-23.89797,12049
68.438165,-23.89797,12065
69.223619,-23.89797,12074
70.794528,-23.112516,12097
71.579983,-23.112516,12121
72.365437,-23.112516,12169
73.150892,-23.112516,12177
73.936346,-23.112516,12217
74.721801,-23.112516,12249
75.507256,-23.112516,12273
76.29271,-23.112516,12289
77.078165,-23.112516,12321
77.863619,-23.112516,12353
78.649074,-23.112516,12362
79.434528,-23.89797,12402
80.219983,-23.89797,12410
81.005437,-24.683425,12433
81.790892,-24.683425,12450
82.576346,-25.468879,12481
84.147256,-26.254334,12521
84.93271,-27.039788,12577
84.93271,-28.610697,12618
84.93271,-29.396152,12665
85.718165,-30.181606,12673
85.718165,-30.967061,12721
85.718165,-31.752516,12737
85.718165,-32.53797,12755
85.718165,-33.323425,12769
85.718165,-34.108879,12793
85.718165,-34.894334,12810
85.718165,-35.679788,12825
85.718165,-36.465243,12842
85.718165,-37.250697,12850
85.718165,-38.036152,12881
85.718165,-38.821606,12889
85.718165,-39.607061,12913
85.718165,-40.392516,12921
85.718165,-41.17797,12953
85.718165,-41.963425,12970
85.718165,-42.748879,12994
85.718165,-43.534334,13002
85.718165,-44.319788,13026
85.718165,-45.105243,13034
85.718165,-45.890697,13065
85.718165,-46.676152,13082
85.718165,-47.461606,13089
85.718165,-48.247061,13105
85.718165,-49.032516,13129
85.718165,-49.81797,13161
85.718165,-50.603425,13178
84.93271,-51.388879,13194
84.93271,-52.174334,13218
84.93271,-52.959788,13241
84.93271,-53.745243,13265
84.93271,-54.530697,13282
84.93271,-55.316152,13313
84.93271,-56.101606,13330
84.93271,-56.887061,13345
84.93271,-57.672516,13369
84.93271,-58.45797,13401
84.93271,-59.243425,13425
84.93271,-60.028879,13443
84.93271,-60.814334,13458
84.93271,-61.599788,13473
84.93271,-62.385243,13497
84.93271,-63.170697,13505
84.93271,-63.956152,13529
84.93271,-64.741606,13546
84.93271,-65.527061,13577
84.93271,-66.312516,13601
84.93271,-67.09797,13641
84.93271,-66.312516,14066
84.93271,-64.741606,14074
BREAK
