START
39.449239,-39.244786,0
39.449239,-38.341233,112
38.545685,-38.341233,152
37.642132,-38.341233,168
37.642132,-37.43768,176
36.738579,-37.43768,187
35.835025,-36.534126,192
34.931472,-36.534126,208
34.931472,-35.630573,216
34.027919,-35.630573,232
34.027919,-34.72702,240
34.027919,-33.823466,262
34.027919,-32.919913,264
34.027919,-32.01636,280
33.124365,-32.01636,296
33.124365,-31.112807,306
33.124365,-30.209253,312
33.124365,-29.3057,328
33.124365,-27.498593,345
33.124365,-26.59504,360
34.027919,-25.691487,376
34.027919,-24.787933,392
34.931472,-23.88438,400
35.835025,-23.88438,422
36.738579,-22.980827,432
37.642132,-22.980827,448
38.545685,-22.980827,466
39.449239,-22.980827,472
40.352792,-22.980827,502
41.256345,-22.980827,512
41.256345,-23.88438,520
42.159898,-23.88438,528
43.063452,-24.787933,536
43.967005,-25.691487,552
44.870558,-26.59504,581
45.774112,-28.402147,592
45.774112,-29.3057,608
45.774112,-30.209253,625
45.774112,-31.112807,632
46.677665,-32.01636,640
46.677665,-32.919913,648
46.677665,-34.72702,656
46.677665,-36.534126,672
46.677665,-37.43768,680
46.677665,-38.341233,688
46.677665,-39.244786,702
46.677665,-41.051893,704
46.677665,-41.955446,720
46.677665,-42.858999,728
46.677665,-43.762553,736
45.774112,-43.762553,752
45.774112,-44.666106,760
44.870558,-44.666106,782
44.870558,-45.569659,784
44.870558,-46.473213,792
44.870558,-47.376766,808
43.967005,-47.376766,816
43.967005,-48.280319,827
43.063452,-48.280319,840
43.063452,-49.183873,848
42.159898,-50.087426,856
42.159898,-50.990979,880
41.256345,-50.990979,888
41.256345,-51.894532,904
40.352792,-52.798086,912
39.449239,-53.701639,928
38.545685,-53.701639,941
37.642132,-53.701639,952
37.642132,-54.605192,960
36.738579,-54.605192,968
35.835025,-54.605192,986
34.931472,-54.605192,992
34.027919,-54.605192,1000
32.220812,-54.605192,1022
31.317259,-54.605192,1024
30.413706,-54.605192,1032
29.510152,-54.605192,1040
27.703046,-54.605192,1056
25.895939,-54.605192,1072
24.992386,-54.605192,1088
24.088832,-54.605192,1102
23.185279,-53.701639,1104
23.185279,-52.798086,1112
22.281726,-52.798086,1120
22.281726,-51.894532,1128
21.378173,-51.894532,1136
20.474619,-50.990979,1152
19.571066,-50.990979,1160
19.571066,-49.183873,1168
18.667513,-49.183873,1186
18.667513,-48.280319,1192
19.571066,-48.280319,1312
20.474619,-48.280319,1336
21.378173,-48.280319,1368
21.378173,-49.183873,1376
21.378173,-50.087426,1392
22.281726,-50.990979,1401
22.281726,-51.894532,1408
22.281726,-52.798086,1424
23.185279,-53.701639,1432
24.088832,-54.605192,1448
24.088832,-55.508746,1466
24.992386,-56.412299,1472
25.895939,-57.315852,1489
26.799492,-58.219406,1496
26.799492,-59.122959,1506
27.703046,-59.122959,1520
27.703046,-60.026512,1528
28.606599,-60.026512,1536
29.510152,-60.026512,1546
29.510152,-60.930065,1560
30.413706,-60.930065,1568
32.220812,-60.930065,1592
32.220812,-61.833619,1600
33.124365,-62.737172,1616
34.027919,-62.737172,1626
34.931472,-62.737172,1632
35.835025,-62.737172,1649
36.738579,-62.737172,1664
37.642132,-62.737172,1672
38.545685,-62.737172,1680
40.352792,-62.737172,1688
41.256345,-62.737172,1696
42.159898,-62.737172,1706
43.967005,-62.737172,1712
44.870558,-62.737172,1720
45.774112,-62.737172,1728
47.581218,-62.737172,1736
48.484772,-62.737172,1752
49.388325,-62.737172,1760
50.291878,-62.737172,1768
51.195431,-62.737172,1787
52.098985,-61.833619,1801
52.098985,-60.930065,1808
53.002538,-60.930065,1816
53.906091,-60.026512,1826
54.809645,-59.122959,1840
54.809645,-58.219406,1848
55.713198,-58.219406,1862
55.713198,-57.315852,1864
56.616751,-57.315852,1872
56.616751,-55.508746,1880
57.520305,-54.605192,1896
57.520305,-53.701639,1906
57.520305,-52.798086,1912
57.520305,-50.990979,1920
58.423858,-50.990979,1928
59.327411,-49.183873,1942
59.327411,-47.376766,1944
59.327411,-46.473213,1952
59.327411,-45.569659,1960
59.327411,-43.762553,1969
59.327411,-41.955446,1976
59.327411,-41.051893,1986
59.327411,-39.244786,1992
60.230964,-37.43768,2001
60.230964,-35.630573,2009
60.230964,-33.823466,2022
60.230964,-32.919913,2024
60.230964,-30.209253,2032
60.230964,-29.3057,2040
60.230964,-28.402147,2048
60.230964,-26.59504,2056
60.230964,-25.691487,2072
60.230964,-24.787933,2089
61.134518,-24.787933,2169
61.134518,-25.691487,2201
62.038071,-27.498593,2208
62.038071,-28.402147,2216
62.941624,-30.209253,2226
62.941624,-32.919913,2233
62.941624,-33.823466,2241
62.941624,-34.72702,2249
62.941624,-36.534126,2262
62.941624,-38.341233,2264
62.941624,-39.244786,2273
62.941624,-41.051893,2280
62.941624,-42.858999,2289
62.941624,-44.666106,2296
62.941624,-45.569659,2306
62.941624,-46.473213,2312
62.941624,-49.183873,2321
62.941624,-50.087426,2329
62.941624,-50.990979,2342
62.941624,-52.798086,2344
62.038071,-53.701639,2353
62.038071,-54.605192,2360
62.038071,-56.412299,2369
62.038071,-58.219406,2377
62.038071,-59.122959,2386
62.038071,-60.026512,2392
62.038071,-61.833619,2401
62.038071,-63.640725,2417
62.038071,-64.544279,2433
62.038071,-65.447832,2449
62.941624,-66.351385,2466
63.845178,-66.351385,2473
63.845178,-67.254939,2480
64.748731,-67.254939,2497
66.555838,-67.254939,2521
66.555838,-68.158492,2529
67.459391,-68.158492,2545
68.362944,-68.158492,2553
69.266497,-68.158492,2561
70.170051,-68.158492,2569
71.073604,-69.062045,2585
71.977157,-69.062045,2601
72.880711,-69.062045,2609
73.784264,-69.062045,2641
BREAK
