START
24.088832,-31.112807,0
23.185279,-31.112807,224
22.281726,-30.209253,256
23.185279,-30.209253,272
22.281726,-30.209253,280
21.378173,-30.209253,336
21.378173,-29.3057,344
21.378173,-28.402147,432
21.378173,-27.498593,440
21.378173,-26.59504,448
22.281726,-25.691487,456
22.281726,-24.787933,464
22.281726,-23.88438,472
22.281726,-22.980827,480
23.185279,-22.077274,488
24.088832,-20.270167,496
24.992386,-18.46306,512
25.895939,-17.559507,520
25.895939,-16.655954,528
26.799492,-16.655954,536
26.799492,-15.7524,560
27.703046,-15.7524,648
28.606599,-15.7524,728
28.606599,-14.848847,736
29.510152,-14.848847,744
30.413706,-14.848847,760
30.413706,-13.945294,768
31.317259,-13.945294,776
32.220812,-13.945294,808
32.220812,-13.041741,816
33.124365,-13.041741,824
34.027919,-13.041741,840
34.027919,-12.138187,848
34.027919,-13.041741,944
34.931472,-13.945294,1088
35.835025,-13.945294,1112
35.835025,-14.848847,1120
36.738579,-15.7524,1144
36.738579,-16.655954,1166
36.738579,-17.559507,1177
37.642132,-17.559507,1184
37.642132,-19.366614,1193
38.545685,-19.366614,1200
38.545685,-20.270167,1224
39.449239,-20.270167,1240
39.449239,-21.17372,1256
39.449239,-22.077274,1304
40.352792,-22.077274,1360
39.449239,-22.077274,1368
40.352792,-22.980827,1377
40.352792,-23.88438,1384
40.352792,-24.787933,1393
40.352792,-25.691487,1416
40.352792,-26.59504,1440
40.352792,-27.498593,1456
40.352792,-28.402147,1472
40.352792,-29.3057,1536
40.352792,-31.112807,1552
39.449239,-32.01636,1568
39.449239,-32.919913,1577
39.449239,-33.823466,1600
38.545685,-33.823466,1632
38.545685,-34.72702,1640
37.642132,-34.72702,1664
37.642132,-35.630573,1672
36.738579,-35.630573,1680
36.738579,-36.534126,1696
35.835025,-36.534126,1712
35.835025,-37.43768,1720
34.931472,-37.43768,1736
34.027919,-37.43768,1768
34.027919,-38.341233,1784
33.124365,-38.341233,1808
32.220812,-38.341233,1840
31.317259,-38.341233,1848
30.413706,-38.341233,1864
30.413706,-39.244786,1872
29.510152,-39.244786,1888
28.606599,-39.244786,1920
27.703046,-39.244786,1960
26.799492,-39.244786,1977
25.895939,-39.244786,1993
24.992386,-39.244786,2000
24.088832,-39.244786,2040
23.185279,-39.244786,2056
23.185279,-38.341233,2416
23.185279,-37.43768,2432
23.185279,-36.534126,2488
23.185279,-35.630573,2536
22.281726,-34.72702,2568
BREAK
21.378173,-23.88438,4168
21.378173,-24.787933,4320
22.281726,-25.691487,4352
22.281726,-26.59504,4360
22.281726,-27.498593,4368
23.185279,-27.498593,4392
22.281726,-28.402147,4400
23.185279,-28.402147,4408
23.185279,-29.3057,4424
23.185279,-30.209253,4432
23.185279,-31.112807,4465
24.088832,-31.112807,4472
24.088832,-32.01636,4488
24.992386,-32.01636,4520
24.088832,-32.01636,4536
24.992386,-32.01636,4545
24.088832,-32.919913,4552
24.992386,-33.823466,4576
BREAK
43.967005,-29.3057,7536
43.967005,-30.209253,7784
43.967005,-31.112807,7792
43.967005,-32.01636,7800
43.967005,-32.919913,7816
43.967005,-33.823466,7848
43.967005,-34.72702,7896
43.063452,-34.72702,8040
43.063452,-35.630573,8048
42.159898,-35.630573,8072
42.159898,-36.534126,8088
41.256345,-36.534126,8096
40.352792,-37.43768,8136
39.449239,-38.341233,8144
38.545685,-39.244786,8152
37.642132,-40.14834,8160
36.738579,-41.051893,8169
35.835025,-41.051893,8176
34.931472,-41.051893,8184
34.931472,-41.955446,8192
33.124365,-41.955446,8200
33.124365,-42.858999,8208
32.220812,-42.858999,8224
32.220812,-43.762553,8248
31.317259,-43.762553,8256
30.413706,-43.762553,8280
30.413706,-44.666106,8288
29.510152,-44.666106,8296
28.606599,-44.666106,8312
27.703046,-44.666106,8320
27.703046,-45.569659,8328
26.799492,-45.569659,8344
25.895939,-46.473213,8360
24.992386,-46.473213,8384
24.088832,-47.376766,8400
23.185279,-47.376766,8408
22.281726,-48.280319,8416
21.378173,-48.280319,8424
20.474619,-48.280319,8432
19.571066,-49.183873,8440
18.667513,-49.183873,8448
17.763959,-50.087426,8456
15.956853,-50.087426,8465
15.053299,-50.990979,8472
13.246193,-51.894532,8481
12.34264,-51.894532,8489
11.439086,-51.894532,8496
10.535533,-51.894532,8504
9.6319797,-51.894532,8512
8.7284264,-51.894532,8568
8.7284264,-52.798086,8576
7.8248731,-52.798086,8584
BREAK
5.1142132,-53.701639,9640
6.0177665,-54.605192,9776
6.9213198,-54.605192,9792
6.9213198,-55.508746,9800
7.8248731,-55.508746,9808
8.7284264,-56.412299,9824
9.6319797,-56.412299,9840
9.6319797,-57.315852,9849
10.535533,-57.315852,9912
11.439086,-58.219406,9928
11.439086,-59.122959,9944
12.34264,-59.122959,9952
13.246193,-60.026512,9984
14.149746,-60.026512,10000
15.053299,-59.122959,10008
15.053299,-60.930065,10016
15.956853,-61.833619,10024
16.860406,-62.737172,10033
17.763959,-63.640725,10049
18.667513,-63.640725,10064
18.667513,-64.544279,10080
19.571066,-64.544279,10088
20.474619,-64.544279,10104
21.378173,-64.544279,10112
22.281726,-65.447832,10120
23.185279,-65.447832,10128
24.088832,-65.447832,10136
24.992386,-66.351385,10144
25.895939,-66.351385,10152
26.799492,-66.351385,10160
27.703046,-66.351385,10169
28.606599,-67.254939,10176
29.510152,-67.254939,10184
30.413706,-67.254939,10200
31.317259,-67.254939,10208
31.317259,-68.158492,10217
32.220812,-68.158492,10224
33.124365,-68.158492,10233
34.027919,-68.158492,10240
34.931472,-68.158492,10256
35.835025,-69.062045,10264
36.738579,-69.062045,10272
37.642132,-69.062045,10296
38.545685,-69.062045,10312
39.449239,-69.062045,10328
40.352792,-69.062045,10384
43.063452,-69.965598,10479
43.967005,-69.965598,10616
45.774112,-69.965598,10624
46.677665,-69.965598,10640
47.581218,-69.965598,10680
48.484772,-69.965598,10696
49.388325,-69.965598,10720
50.291878,-69.965598,10728
51.195431,-69.965598,10744
52.098985,-69.965598,10760
53.002538,-69.965598,10800
53.906091,-69.062045,10824
54.809645,-69.062045,10833
55.713198,-69.062045,10840
56.616751,-69.062045,10864
57.520305,-68.158492,10896
58.423858,-68.158492,10904
59.327411,-68.158492,10928
58.423858,-68.158492,10936
59.327411,-68.158492,10976
60.230964,-68.158492,11448
61.134518,-68.158492,11472
61.134518,-67.254939,11480
62.038071,-67.254939,11496
62.941624,-67.254939,11512
63.845178,-66.351385,11536
64.748731,-66.351385,11568
65.652284,-65.447832,11576
66.555838,-64.544279,11592
67.459391,-64.544279,11601
68.362944,-63.640725,11617
BREAK
66.555838,-13.945294,23512
66.555838,-14.848847,23568
66.555838,-15.7524,23648
66.555838,-16.655954,23656
66.555838,-17.559507,23673
66.555838,-18.46306,23680
66.555838,-19.366614,23696
66.555838,-20.270167,23712
66.555838,-21.17372,23720
66.555838,-22.077274,23736
66.555838,-22.980827,23744
66.555838,-23.88438,23752
66.555838,-24.787933,23760
66.555838,-25.691487,23776
66.555838,-26.59504,23784
66.555838,-27.498593,23800
66.555838,-28.402147,23809
66.555838,-29.3057,23832
66.555838,-30.209253,23896
66.555838,-31.112807,23904
66.555838,-32.01636,23920
66.555838,-32.919913,23952
66.555838,-33.823466,23976
66.555838,-34.72702,23984
66.555838,-35.630573,24016
66.555838,-36.534126,24080
66.555838,-35.630573,24096
66.555838,-36.534126,24104
66.555838,-37.43768,24160
66.555838,-38.341233,24174
67.459391,-38.341233,24200
66.555838,-39.244786,24208
67.459391,-39.244786,24216
67.459391,-40.14834,24232
67.459391,-41.051893,24248
67.459391,-41.955446,24272
67.459391,-42.858999,24288
67.459391,-43.762553,24328
67.459391,-44.666106,24352
68.362944,-45.569659,24392
67.459391,-45.569659,24400
68.362944,-45.569659,24464
67.459391,-46.473213,24472
68.362944,-46.473213,24480
67.459391,-46.473213,24496
67.459391,-47.376766,24528
67.459391,-48.280319,24544
68.362944,-49.183873,24568
67.459391,-49.183873,24577
68.362944,-49.183873,24593
68.362944,-50.087426,24600
68.362944,-50.990979,24656
68.362944,-51.894532,24672
68.362944,-52.798086,24688
68.362944,-53.701639,24704
68.362944,-54.605192,24872
68.362944,-53.701639,24880
68.362944,-54.605192,24888
68.362944,-53.701639,24896
68.362944,-54.605192,24976
68.362944,-55.508746,24984
69.266497,-55.508746,25024
68.362944,-55.508746,25032
69.266497,-55.508746,25048
69.266497,-57.315852,25064
69.266497,-58.219406,25112
68.362944,-58.219406,25120
68.362944,-59.122959,25152
68.362944,-60.026512,25161
68.362944,-60.930065,25296
69.266497,-61.833619,25312
69.266497,-62.737172,25360
70.170051,-63.640725,25377
71.073604,-64.544279,25424
71.977157,-64.544279,25752
72.880711,-65.447832,25761
73.784264,-65.447832,25800
74.687817,-66.351385,25816
75.591371,-66.351385,25848
76.494924,-66.351385,25912
77.398477,-67.254939,25968
78.30203,-67.254939,25977
79.205584,-67.254939,25984
80.109137,-68.158492,25992
81.01269,-68.158492,26056
81.916244,-68.158492,26072
82.819797,-68.158492,26088
BREAK
