START
13.597937,-62.556701,0
13.597937,-63.522803,7
13.597937,-64.488905,23
13.597937,-65.455006,31
14.564039,-66.421108,39
15.530141,-67.38721,47
15.530141,-68.353312,55
17.462344,-70.285515,63
19.394547,-72.217718,79
21.326751,-74.149922,87
23.258954,-75.116023,96
26.157259,-76.082125,103
29.055564,-78.014329,113
30.987768,-78.98043,119
33.886073,-78.98043,127
37.75048,-80.912634,135
40.648785,-80.912634,143
43.54709,-81.878735,151
46.445395,-82.844837,159
49.3437,-82.844837,167
52.242005,-82.844837,176
55.14031,-82.844837,183
57.072514,-82.844837,191
59.004717,-82.844837,199
61.903022,-82.844837,208
61.903022,-81.878735,216
63.835225,-81.878735,224
63.835225,-79.946532,232
64.801327,-78.98043,240
65.767429,-78.014329,248
65.767429,-76.082125,256
65.767429,-75.116023,263
65.767429,-73.18382,271
66.733531,-70.285515,280
66.733531,-69.319413,288
66.733531,-67.38721,296
66.733531,-65.455006,304
67.699632,-62.556701,312
67.699632,-60.624498,320
67.699632,-58.692295,327
67.699632,-56.760091,336
67.699632,-55.79399,343
67.699632,-53.861786,352
67.699632,-52.895684,367
66.733531,-51.929583,376
65.767429,-50.963481,391
65.767429,-49.997379,408
65.767429,-49.031278,416
65.767429,-48.065176,423
64.801327,-48.065176,432
64.801327,-47.099074,439
64.801327,-46.132973,447
63.835225,-45.166871,464
BREAK
63.835225,-45.166871,904
63.835225,-46.132973,967
63.835225,-47.099074,975
63.835225,-48.065176,983
63.835225,-49.031278,991
63.835225,-49.997379,999
63.835225,-50.963481,1007
62.869124,-52.895684,1015
62.869124,-53.861786,1023
62.869124,-55.79399,1031
62.869124,-56.760091,1039
61.903022,-57.726193,1047
60.93692,-58.692295,1055
59.970819,-60.624498,1071
59.004717,-61.5906,1087
58.038615,-61.5906,1096
58.038615,-62.556701,1103
57.072514,-62.556701,1112
57.072514,-63.522803,1119
56.106412,-63.522803,1127
55.14031,-63.522803,1143
54.174209,-63.522803,1151
54.174209,-64.488905,1159
53.208107,-64.488905,1167
52.242005,-64.488905,1175
51.275903,-64.488905,1183
50.309802,-64.488905,1191
48.377598,-64.488905,1207
47.411497,-64.488905,1223
46.445395,-64.488905,1231
45.479293,-64.488905,1239
44.513192,-63.522803,1256
43.54709,-62.556701,1271
42.580988,-61.5906,1279
41.614886,-60.624498,1296
41.614886,-59.658396,1303
40.648785,-58.692295,1313
39.682683,-57.726193,1319
39.682683,-56.760091,1336
39.682683,-55.79399,1343
39.682683,-54.827888,1351
38.716581,-53.861786,1359
38.716581,-52.895684,1367
38.716581,-50.963481,1383
38.716581,-49.997379,1399
38.716581,-49.031278,1407
38.716581,-48.065176,1416
38.716581,-47.099074,1423
38.716581,-46.132973,1431
38.716581,-45.166871,1439
39.682683,-43.234667,1447
39.682683,-42.268566,1456
40.648785,-41.302464,1463
40.648785,-39.370261,1471
40.648785,-37.438057,1488
40.648785,-36.471956,1496
40.648785,-35.505854,1504
40.648785,-34.539752,1513
40.648785,-33.573651,1529
40.648785,-32.607549,1536
40.648785,-31.641447,1560
40.648785,-30.675345,1583
40.648785,-29.709244,1616
40.648785,-28.743142,1631
BREAK
13.597937,-27.77704,2152
14.564039,-27.77704,2183
15.530141,-27.77704,2199
18.428446,-27.77704,2207
21.326751,-27.77704,2215
25.191158,-27.77704,2223
28.089463,-27.77704,2231
32.919971,-27.77704,2239
38.716581,-27.77704,2247
43.54709,-27.77704,2255
49.3437,-27.77704,2263
53.208107,-27.77704,2271
56.106412,-26.810939,2279
59.970819,-26.810939,2287
62.869124,-26.810939,2296
65.767429,-25.844837,2303
67.699632,-25.844837,2312
69.631836,-25.844837,2319
70.597937,-25.844837,2328
72.530141,-25.844837,2335
73.496242,-25.844837,2351
74.462344,-25.844837,2359
75.428446,-25.844837,2375
76.394547,-25.844837,2391
77.360649,-25.844837,2415
78.326751,-25.844837,2431
79.292853,-25.844837,2511
79.292853,-26.810939,2543
80.258954,-26.810939,2551
81.225056,-26.810939,2591
82.191158,-26.810939,2615
83.157259,-26.810939,2631
84.123361,-26.810939,2647
85.089463,-26.810939,2655
86.055564,-26.810939,2679
BREAK
