START
19.023585,-29.702811,0
20.023585,-29.702811,63
21.023585,-29.702811,79
21.023585,-30.702811,87
23.023585,-30.702811,95
24.023585,-31.702811,111
25.023585,-32.702811,127
26.023585,-32.702811,135
27.023585,-32.702811,151
28.023585,-32.702811,159
29.023585,-32.702811,176
29.023585,-33.702811,192
30.023585,-33.702811,199
31.023585,-33.702811,225
32.023585,-33.702811,231
33.023585,-33.702811,255
BREAK
24.023585,-34.702811,1160
24.023585,-35.702811,1247
24.023585,-36.702811,1272
24.023585,-38.702811,1287
24.023585,-39.702811,1311
24.023585,-40.702811,1319
24.023585,-41.702811,1327
24.023585,-42.702811,1351
24.023585,-43.702811,1367
24.023585,-44.702811,1376
24.023585,-45.702811,1391
24.023585,-46.702811,1407
24.023585,-47.702811,1439
24.023585,-49.702811,1455
23.023585,-49.702811,1463
23.023585,-50.702811,1479
23.023585,-51.702811,1495
23.023585,-52.702811,1511
23.023585,-54.702811,1527
23.023585,-55.702811,1543
23.023585,-56.702811,1559
23.023585,-57.702811,1583
23.023585,-58.702811,1591
23.023585,-59.702811,1607
23.023585,-60.702811,1631
23.023585,-61.702811,1664
23.023585,-62.702811,1688
24.023585,-63.702811,1695
24.023585,-64.702811,1712
24.023585,-65.702811,1728
24.023585,-66.702811,1760
24.023585,-67.702811,1768
24.023585,-68.702811,1800
25.023585,-68.702811,1839
25.023585,-69.702811,1856
25.023585,-70.702811,1880
25.023585,-71.702811,1904
26.023585,-71.702811,1912
26.023585,-72.702811,1936
27.023585,-72.702811,2047
28.023585,-73.702811,2080
29.023585,-73.702811,2088
30.023585,-73.702811,2136
31.023585,-74.702811,2384
32.023585,-74.702811,2392
33.023585,-74.702811,2416
34.023585,-74.702811,2440
35.023585,-74.702811,2456
36.023585,-74.702811,2464
38.023585,-74.702811,2480
39.023585,-74.702811,2496
41.023585,-74.702811,2512
42.023585,-74.702811,2528
44.023585,-74.702811,2536
46.023585,-74.702811,2552
47.023585,-74.702811,2560
48.023585,-74.702811,2568
49.023585,-74.702811,2576
50.023585,-74.702811,2584
51.023585,-74.702811,2592
52.023585,-74.702811,2608
53.023585,-74.702811,2616
54.023585,-74.702811,2624
55.023585,-74.702811,2632
57.023585,-74.702811,2647
58.023585,-74.702811,2656
59.023585,-74.702811,2664
60.023585,-74.702811,2672
61.023585,-74.702811,2688
62.023585,-74.702811,2704
63.023585,-74.702811,2720
64.023585,-74.702811,2760
65.023585,-74.702811,2816
66.023585,-74.702811,2832
67.023585,-74.702811,2864
69.023585,-74.702811,2975
69.023585,-73.702811,3216
69.023585,-72.702811,3256
69.023585,-71.702811,3272
69.023585,-70.702811,3296
69.023585,-69.702811,3312
69.023585,-68.702811,3320
69.023585,-67.702811,3336
69.023585,-66.702811,3360
69.023585,-65.702811,3368
69.023585,-64.702811,3400
69.023585,-63.702811,3432
70.023585,-63.702811,3560
70.023585,-62.702811,3576
70.023585,-60.702811,3591
70.023585,-59.702811,3599
70.023585,-58.702811,3632
70.023585,-57.702811,3656
70.023585,-56.702811,3663
70.023585,-55.702811,3711
70.023585,-54.702811,3751
70.023585,-53.702811,3783
69.023585,-52.702811,3791
69.023585,-51.702811,3807
69.023585,-50.702811,3831
69.023585,-49.702811,3839
69.023585,-48.702811,3863
69.023585,-47.702811,3888
69.023585,-46.702811,3920
69.023585,-45.702811,3944
69.023585,-44.702811,3960
69.023585,-43.702811,3984
69.023585,-42.702811,3992
69.023585,-41.702811,4016
69.023585,-40.702811,4040
69.023585,-39.702811,4056
69.023585,-38.702811,4064
69.023585,-37.702811,4080
69.023585,-36.702811,4096
69.023585,-35.702811,4112
69.023585,-34.702811,4128
68.023585,-34.702811,4136
68.023585,-33.702811,4144
68.023585,-32.702811,4184
68.023585,-31.702811,4192
67.023585,-30.702811,4312
66.023585,-30.702811,4392
66.023585,-29.702811,4400
65.023585,-29.702811,4408
65.023585,-28.702811,4424
64.023585,-28.702811,4440
64.023585,-27.702811,4448
63.023585,-27.702811,4472
63.023585,-26.702811,4497
62.023585,-26.702811,4504
61.023585,-26.702811,4520
61.023585,-25.702811,4528
60.023585,-25.702811,4536
60.023585,-24.702811,4544
60.023585,-23.702811,4568
58.023585,-23.702811,4576
58.023585,-22.702811,4584
58.023585,-21.702811,4600
58.023585,-20.702811,4624
57.023585,-20.702811,4632
57.023585,-19.702811,4680
57.023585,-18.702811,4688
56.023585,-18.702811,4712
56.023585,-17.702811,4720
BREAK
41.023585,-23.702811,5329
41.023585,-24.702811,5351
40.023585,-24.702811,5383
39.023585,-24.702811,5391
39.023585,-25.702811,5407
40.023585,-25.702811,5655
41.023585,-25.702811,5695
42.023585,-25.702811,5751
43.023585,-25.702811,5759
44.023585,-25.702811,5935
45.023585,-25.702811,5968
46.023585,-25.702811,5991
BREAK
41.023585,-26.702811,6968
41.023585,-27.702811,7071
41.023585,-28.702811,7095
41.023585,-29.702811,7111
41.023585,-30.702811,7127
41.023585,-32.702811,7143
41.023585,-33.702811,7159
42.023585,-33.702811,7167
42.023585,-34.702811,7175
42.023585,-35.702811,7183
43.023585,-36.702811,7191
43.023585,-38.702811,7207
43.023585,-40.702811,7215
43.023585,-41.702811,7231
43.023585,-42.702811,7247
43.023585,-43.702811,7255
44.023585,-44.702811,7279
44.023585,-45.702811,7288
44.023585,-46.702811,7295
44.023585,-47.702811,7311
44.023585,-48.702811,7320
44.023585,-49.702811,7327
44.023585,-50.702811,7344
44.023585,-51.702811,7359
44.023585,-52.702811,7384
44.023585,-53.702811,7392
44.023585,-54.702811,7407
44.023585,-55.702811,7424
44.023585,-56.702811,7431
44.023585,-57.702811,7447
44.023585,-58.702811,7463
44.023585,-59.702811,7471
44.023585,-60.702811,7480
44.023585,-62.702811,7496
44.023585,-63.702811,7504
44.023585,-64.702811,7520
44.023585,-65.702811,7528
43.023585,-66.702811,7535
43.023585,-67.702811,7544
42.023585,-68.702811,7560
42.023585,-69.702811,7576
42.023585,-70.702811,7584
42.023585,-71.702811,7600
42.023585,-72.702811,7608
42.023585,-73.702811,7616
41.023585,-73.702811,7624
41.023585,-74.702811,7640
41.023585,-75.702811,7664
41.023585,-76.702811,7696
BREAK
