START
26.023585,-19.702811,0
26.023585,-20.702811,137
26.023585,-21.702811,170
27.023585,-21.702811,191
27.023585,-22.702811,202
27.023585,-23.702811,231
27.023585,-24.702811,273
28.023585,-24.702811,291
28.023585,-25.702811,301
29.023585,-25.702811,322
29.023585,-26.702811,333
30.023585,-26.702811,343
30.023585,-27.702811,353
31.023585,-28.702811,365
32.023585,-28.702811,375
32.023585,-29.702811,394
33.023585,-29.702811,425
33.023585,-30.702811,435
34.023585,-30.702811,466
36.023585,-30.702811,492
36.023585,-31.702811,530
37.023585,-31.702811,572
37.023585,-30.702811,900
36.023585,-29.702811,930
35.023585,-29.702811,940
35.023585,-28.702811,950
34.023585,-27.702811,984
33.023585,-27.702811,1001
33.023585,-26.702811,1016
32.023585,-25.702811,1051
31.023585,-24.702811,1086
30.023585,-24.702811,1096
30.023585,-22.702811,1107
29.023585,-22.702811,1146
28.023585,-21.702811,1177
28.023585,-20.702811,1189
BREAK
31.023585,-29.702811,2508
31.023585,-30.702811,2518
31.023585,-31.702811,2529
31.023585,-32.702811,2539
31.023585,-33.702811,2560
31.023585,-34.702811,2607
31.023585,-35.702811,2627
31.023585,-36.702811,2640
31.023585,-37.702811,2663
31.023585,-38.702811,2684
31.023585,-39.702811,2696
31.023585,-40.702811,2715
31.023585,-41.702811,2736
31.023585,-42.702811,2757
31.023585,-43.702811,2767
31.023585,-44.702811,2778
31.023585,-45.702811,2788
31.023585,-46.702811,2814
31.023585,-47.702811,2831
31.023585,-48.702811,2851
31.023585,-49.702811,2872
31.023585,-50.702811,2893
31.023585,-51.702811,2904
31.023585,-52.702811,2924
31.023585,-53.702811,2945
31.023585,-54.702811,2989
31.023585,-55.702811,3009
31.023585,-56.702811,3030
31.023585,-57.702811,3063
31.023585,-58.702811,3090
31.023585,-59.702811,3131
31.023585,-60.702811,3205
32.023585,-60.702811,3254
32.023585,-61.702811,3275
32.023585,-62.702811,3289
33.023585,-62.702811,3437
33.023585,-63.702811,3448
34.023585,-63.702811,3505
35.023585,-63.702811,3540
35.023585,-64.702811,3562
36.023585,-64.702811,3581
37.023585,-64.702811,3605
38.023585,-64.702811,3626
38.023585,-65.702811,3637
39.023585,-65.702811,3650
40.023585,-65.702811,3661
41.023585,-65.702811,3682
43.023585,-65.702811,3703
44.023585,-65.702811,3729
45.023585,-65.702811,3740
46.023585,-65.702811,3761
48.023585,-65.702811,3771
49.023585,-65.702811,3782
51.023585,-65.702811,3792
53.023585,-65.702811,3802
54.023585,-65.702811,3813
55.023585,-65.702811,3823
56.023585,-65.702811,3838
57.023585,-65.702811,3859
58.023585,-65.702811,3880
59.023585,-65.702811,3890
60.023585,-65.702811,3901
62.023585,-65.702811,3921
63.023585,-65.702811,3945
64.023585,-65.702811,3966
65.023585,-65.702811,3987
66.023585,-65.702811,4014
67.023585,-65.702811,4042
68.023585,-65.702811,4111
68.023585,-64.702811,4285
69.023585,-64.702811,4312
69.023585,-63.702811,4323
69.023585,-62.702811,4333
70.023585,-60.702811,4344
70.023585,-59.702811,4365
71.023585,-57.702811,4396
71.023585,-56.702811,4417
72.023585,-55.702811,4427
72.023585,-54.702811,4438
72.023585,-53.702811,4448
72.023585,-52.702811,4460
73.023585,-52.702811,4470
73.023585,-50.702811,4481
74.023585,-49.702811,4491
74.023585,-48.702811,4503
74.023585,-46.702811,4524
75.023585,-46.702811,4546
75.023585,-45.702811,4555
75.023585,-44.702811,4569
76.023585,-43.702811,4590
76.023585,-42.702811,4601
74.023585,-41.702811,4611
73.023585,-40.702811,4676
73.023585,-39.702811,4687
73.023585,-38.702811,4697
72.023585,-36.702811,4718
72.023585,-35.702811,4728
71.023585,-33.702811,4754
70.023585,-33.702811,4765
70.023585,-32.702811,4775
70.023585,-31.702811,4785
69.023585,-30.702811,4805
68.023585,-30.702811,4815
68.023585,-29.702811,4831
67.023585,-29.702811,4843
66.023585,-28.702811,4853
66.023585,-27.702811,4863
66.023585,-26.702811,4884
66.023585,-25.702811,4920
65.023585,-25.702811,4933
64.023585,-24.702811,4943
64.023585,-23.702811,4973
64.023585,-22.702811,4984
64.023585,-21.702811,5012
64.023585,-20.702811,5059
65.023585,-20.702811,5080
65.023585,-18.702811,5091
65.023585,-17.702811,5113
66.023585,-17.702811,5149
66.023585,-16.702811,5163
66.023585,-15.702811,5173
67.023585,-15.702811,5194
67.023585,-14.702811,5219
67.023585,-13.702811,5232
BREAK
51.023585,-19.702811,6441
49.023585,-19.702811,6451
49.023585,-20.702811,6780
47.023585,-22.702811,6831
48.023585,-23.702811,6901
49.023585,-23.702811,6993
50.023585,-23.702811,7017
51.023585,-23.702811,7090
52.023585,-23.702811,7129
53.023585,-23.702811,7175
BREAK
49.023585,-25.702811,7981
48.023585,-25.702811,8024
47.023585,-25.702811,8035
47.023585,-26.702811,8056
47.023585,-27.702811,8107
48.023585,-29.702811,8128
46.023585,-29.702811,8148
46.023585,-30.702811,8183
46.023585,-31.702811,8204
46.023585,-34.702811,8214
46.023585,-35.702811,8225
46.023585,-37.702811,8246
46.023585,-38.702811,8266
46.023585,-39.702811,8277
46.023585,-40.702811,8287
46.023585,-41.702811,8298
46.023585,-43.702811,8308
46.023585,-44.702811,8318
47.023585,-45.702811,8329
47.023585,-46.702811,8339
47.023585,-47.702811,8350
46.023585,-47.702811,8373
45.023585,-47.702811,8383
45.023585,-48.702811,8394
45.023585,-49.702811,8404
44.023585,-49.702811,8414
43.023585,-51.702811,8425
43.023585,-53.702811,8435
42.023585,-53.702811,8446
40.023585,-53.702811,8456
40.023585,-54.702811,8467
40.023585,-55.702811,8477
40.023585,-56.702811,8487
40.023585,-58.702811,8498
40.023585,-59.702811,8508
39.023585,-59.702811,8536
38.023585,-59.702811,8560
38.023585,-60.702811,8602
BREAK
62.023585,-13.702811,9410
63.023585,-13.702811,9535
64.023585,-13.702811,9557
65.023585,-13.702811,9601
66.023585,-13.702811,9626
67.023585,-13.702811,9644
68.023585,-13.702811,9691
69.023585,-13.702811,9765
70.023585,-13.702811,9786
71.023585,-13.702811,9895
72.023585,-13.702811,10063
BREAK
