START
19.978261,-24.50958,0
20.818182,-24.50958,88
21.658103,-24.50958,104
22.498024,-24.50958,112
24.177866,-24.50958,120
25.017787,-24.50958,128
27.537549,-24.50958,136
29.217391,-24.50958,144
30.897233,-24.50958,152
35.936759,-24.50958,160
36.77668,-24.50958,168
38.456522,-24.50958,176
40.976285,-25.349501,184
42.656126,-25.349501,192
43.496047,-25.349501,200
45.175889,-25.349501,208
46.855731,-25.349501,216
47.695652,-25.349501,224
48.535573,-25.349501,232
49.375494,-25.349501,241
50.215415,-25.349501,248
51.055336,-25.349501,264
51.895257,-25.349501,288
52.735178,-25.349501,296
53.575099,-25.349501,312
54.41502,-25.349501,336
56.094862,-25.349501,353
56.094862,-26.189422,360
57.774704,-26.189422,368
58.614625,-26.189422,384
59.454545,-26.189422,408
59.454545,-27.029343,760
58.614625,-27.869264,768
57.774704,-27.869264,776
57.774704,-28.709185,784
56.934783,-29.549106,792
56.094862,-29.549106,800
55.254941,-30.389026,808
54.41502,-30.389026,816
53.575099,-32.068868,825
52.735178,-32.068868,833
52.735178,-33.74871,848
51.895257,-33.74871,865
51.055336,-34.588631,880
50.215415,-34.588631,897
49.375494,-35.428552,904
49.375494,-36.268473,912
48.535573,-36.268473,929
48.535573,-37.108394,944
47.695652,-37.108394,961
47.695652,-37.948315,984
46.855731,-37.948315,1001
46.01581,-38.788236,1008
46.01581,-39.628157,1025
45.175889,-39.628157,1041
45.175889,-40.468078,1057
44.335968,-40.468078,1073
43.496047,-41.307999,1089
43.496047,-42.14792,1097
42.656126,-42.14792,1105
41.816206,-42.987841,1129
41.816206,-43.827762,1153
40.976285,-43.827762,1161
40.136364,-44.667683,1177
39.296443,-44.667683,1209
38.456522,-44.667683,1217
37.616601,-45.507604,1233
36.77668,-45.507604,1257
35.936759,-46.347524,1273
35.096838,-46.347524,1281
34.256917,-46.347524,1329
34.256917,-47.187445,1361
34.256917,-48.027366,2169
35.096838,-48.027366,2313
35.936759,-48.027366,2321
36.77668,-48.027366,2409
37.616601,-48.027366,2417
38.456522,-48.027366,2425
39.296443,-48.027366,2433
40.976285,-48.027366,2449
41.816206,-48.027366,2457
42.656126,-48.027366,2465
44.335968,-48.027366,2489
45.175889,-48.027366,2529
46.855731,-48.027366,2545
48.535573,-48.867287,2553
49.375494,-48.867287,2561
50.215415,-48.867287,2569
51.895257,-48.867287,2577
52.735178,-48.867287,2585
53.575099,-48.867287,2593
54.41502,-48.867287,2625
55.254941,-48.867287,2649
56.094862,-48.867287,2657
56.934783,-48.867287,2665
58.614625,-48.867287,2681
59.454545,-48.867287,2705
60.294466,-48.867287,2729
61.134387,-48.867287,2745
61.974308,-48.027366,2761
62.814229,-48.027366,2769
63.65415,-48.027366,2777
64.494071,-48.027366,2785
65.333992,-48.027366,2801
66.173913,-48.027366,2809
67.853755,-47.187445,2817
68.693676,-47.187445,2833
69.533597,-47.187445,2849
70.373518,-47.187445,2865
71.213439,-46.347524,2873
72.05336,-46.347524,2897
72.893281,-46.347524,2913
73.733202,-45.507604,2921
74.573123,-44.667683,2961
74.573123,-43.827762,2977
75.413043,-43.827762,2993
76.252964,-43.827762,3033
76.252964,-42.987841,3041
76.252964,-42.14792,3073
77.092885,-42.14792,3090
77.092885,-41.307999,3097
77.932806,-40.468078,3113
77.932806,-39.628157,3129
77.932806,-38.788236,3169
78.772727,-38.788236,3185
78.772727,-37.948315,3193
79.612648,-37.948315,3209
79.612648,-37.108394,3249
79.612648,-37.948315,3641
79.612648,-38.788236,3665
79.612648,-39.628157,3681
78.772727,-39.628157,3713
78.772727,-40.468078,3721
78.772727,-41.307999,3745
77.932806,-42.14792,3793
77.932806,-42.987841,3825
77.092885,-42.987841,3841
76.252964,-42.987841,3897
76.252964,-43.827762,3945
76.252964,-44.667683,3969
75.413043,-44.667683,3993
74.573123,-45.507604,4073
73.733202,-45.507604,4177
72.893281,-45.507604,4233
72.893281,-46.347524,4241
72.893281,-47.187445,4305
72.05336,-47.187445,4321
72.05336,-48.027366,4369
71.213439,-48.027366,4377
70.373518,-48.027366,4393
70.373518,-48.867287,4401
69.533597,-48.867287,4417
69.533597,-49.707208,4425
69.533597,-50.547129,4433
68.693676,-50.547129,4457
68.693676,-51.38705,4466
67.013834,-51.38705,4481
67.013834,-52.226971,4490
66.173913,-53.066892,4497
64.494071,-53.906813,4514
63.65415,-54.746734,4529
62.814229,-54.746734,4537
62.814229,-55.586655,4545
61.974308,-56.426576,4554
61.134387,-56.426576,4561
60.294466,-57.266497,4569
60.294466,-58.106418,4577
59.454545,-58.106418,4585
58.614625,-58.946339,4601
57.774704,-58.946339,4609
57.774704,-59.78626,4617
56.934783,-60.626181,4626
56.094862,-61.466102,4642
55.254941,-61.466102,4649
54.41502,-61.466102,4658
53.575099,-62.306023,4665
52.735178,-63.145943,4674
51.895257,-63.145943,4682
50.215415,-63.145943,4690
49.375494,-63.145943,4697
49.375494,-63.985864,4706
48.535573,-63.985864,4714
47.695652,-63.985864,4722
46.855731,-63.985864,4729
46.01581,-63.985864,4762
45.175889,-63.985864,4786
43.496047,-64.825785,4801
42.656126,-64.825785,4818
41.816206,-64.825785,4826
40.976285,-64.825785,4834
40.136364,-65.665706,4842
39.296443,-65.665706,4850
38.456522,-65.665706,4858
37.616601,-66.505627,4866
36.77668,-66.505627,4874
35.936759,-66.505627,4882
35.096838,-66.505627,4890
33.416996,-67.345548,4898
32.577075,-67.345548,4906
31.737154,-67.345548,4914
30.057312,-67.345548,4922
29.217391,-67.345548,4930
28.37747,-67.345548,4938
26.697628,-67.345548,4946
25.017787,-67.345548,4954
22.498024,-67.345548,4962
21.658103,-67.345548,4970
19.978261,-67.345548,4978
18.298419,-67.345548,4986
17.458498,-67.345548,4994
16.618577,-67.345548,5002
15.778656,-67.345548,5010
14.938735,-67.345548,5018
14.098814,-67.345548,5026
13.258893,-67.345548,5042
12.418972,-67.345548,5050
11.579051,-67.345548,5074
BREAK
82.972332,-56.426576,5825
82.972332,-57.266497,5961
82.972332,-58.106418,6009
82.132411,-58.106418,6297
82.132411,-58.946339,6321
BREAK
14.938735,-33.74871,8738
14.938735,-34.588631,8929
14.938735,-35.428552,9265
14.938735,-36.268473,9297
14.938735,-35.428552,9401
14.938735,-34.588631,9738
15.778656,-33.74871,9746
15.778656,-32.908789,9762
BREAK
