START
41.909326,-22.287798,0
41.909326,-23.277188,63
41.909326,-24.266578,79
42.898716,-25.255968,95
42.898716,-26.245358,111
43.888106,-27.234748,119
43.888106,-28.224138,135
44.877496,-30.202918,143
44.877496,-32.181698,151
45.866886,-34.160477,167
45.866886,-36.139257,175
45.866886,-38.118037,183
45.866886,-40.096817,191
45.866886,-42.075597,207
45.866886,-45.043767,215
46.856276,-49.001326,223
46.856276,-49.990716,231
46.856276,-51.969496,247
47.845666,-53.948276,255
47.845666,-54.937666,263
47.845666,-55.927056,271
47.845666,-56.916446,287
47.845666,-57.905836,295
47.845666,-59.884615,303
46.856276,-61.863395,319
45.866886,-63.842175,328
45.866886,-65.820955,335
44.877496,-66.810345,343
44.877496,-67.799735,359
44.877496,-68.789125,383
BREAK
35.972987,-71.757294,1703
35.972987,-72.746684,1727
36.962377,-71.757294,1767
37.951767,-71.757294,1775
37.951767,-70.767905,1783
38.941157,-69.778515,1799
39.930547,-68.789125,1807
40.919936,-67.799735,1815
41.909326,-65.820955,1823
42.898716,-64.831565,1839
43.888106,-63.842175,1847
44.877496,-61.863395,1855
45.866886,-60.874005,1871
47.845666,-58.895225,1879
48.835056,-57.905836,1887
50.813836,-55.927056,1895
51.803226,-54.937666,1911
52.792615,-52.958886,1919
53.782005,-51.969496,1927
54.771395,-50.980106,1935
55.760785,-50.980106,1951
56.750175,-49.990716,1960
58.728955,-49.001326,1967
59.718345,-48.011936,1983
60.707735,-47.022546,1991
61.697125,-46.033156,1999
61.697125,-45.043767,2007
62.686515,-44.054377,2024
63.675905,-44.054377,2047
64.665295,-43.064987,2079
65.654684,-43.064987,2103
66.644074,-43.064987,2111
67.633464,-42.075597,2119
68.622854,-42.075597,2151
69.612244,-42.075597,2175
69.612244,-41.086207,2191
70.601634,-41.086207,2215
71.591024,-41.086207,2231
72.580414,-41.086207,2247
73.569804,-41.086207,2263
74.559194,-41.086207,2303
75.548584,-41.086207,2343
76.537974,-42.075597,2367
77.527363,-43.064987,2383
78.516753,-44.054377,2407
79.506143,-44.054377,2415
79.506143,-45.043767,2423
80.495533,-46.033156,2447
81.484923,-47.022546,2463
82.474313,-48.011936,2487
83.463703,-49.001326,2511
83.463703,-49.990716,2551
83.463703,-50.980106,2567
82.474313,-51.969496,2591
82.474313,-52.958886,2607
82.474313,-53.948276,2639
82.474313,-54.937666,2679
81.484923,-55.927056,2703
81.484923,-56.916446,2719
80.495533,-56.916446,2727
79.506143,-57.905836,2751
78.516753,-58.895225,2775
77.527363,-58.895225,2783
76.537974,-58.895225,2799
76.537974,-59.884615,2815
75.548584,-59.884615,2823
75.548584,-60.874005,2831
74.559194,-61.863395,2839
73.569804,-61.863395,2855
73.569804,-62.852785,2863
72.580414,-62.852785,2871
70.601634,-63.842175,2895
69.612244,-65.820955,2911
68.622854,-65.820955,2927
67.633464,-66.810345,2935
65.654684,-67.799735,2943
63.675905,-68.789125,2967
62.686515,-68.789125,2975
61.697125,-69.778515,2983
60.707735,-70.767905,2991
58.728955,-70.767905,3007
57.739565,-71.757294,3015
55.760785,-72.746684,3023
54.771395,-72.746684,3039
52.792615,-72.746684,3047
51.803226,-73.736074,3055
49.824446,-73.736074,3063
48.835056,-74.725464,3079
46.856276,-74.725464,3088
44.877496,-75.714854,3095
42.898716,-75.714854,3103
41.909326,-75.714854,3119
39.930547,-76.704244,3127
37.951767,-76.704244,3135
36.962377,-76.704244,3143
35.972987,-76.704244,3167
34.983597,-76.704244,3175
33.994207,-76.704244,3200
33.004817,-76.704244,3207
32.015427,-76.704244,3239
31.026037,-76.704244,3279
30.036647,-76.704244,3304
29.047257,-76.704244,3431
29.047257,-77.693634,3463
28.057867,-77.693634,3471
26.079088,-78.683024,3511
25.089698,-78.683024,3543
24.100308,-78.683024,3559
23.110918,-78.683024,3583
22.121528,-78.683024,3591
21.132138,-78.683024,3616
20.142748,-77.693634,3631
19.153358,-77.693634,3663
19.153358,-78.683024,3695
18.163968,-78.683024,3703
17.174578,-78.683024,3895
16.185188,-78.683024,3975
17.174578,-79.672414,4071
18.163968,-79.672414,4079
19.153358,-79.672414,4103
20.142748,-79.672414,4111
21.132138,-79.672414,4119
22.121528,-79.672414,4127
24.100308,-79.672414,4143
25.089698,-78.683024,4151
27.068478,-78.683024,4159
29.047257,-77.693634,4167
30.036647,-77.693634,4183
32.015427,-76.704244,4191
33.994207,-76.704244,4199
35.972987,-76.704244,4215
36.962377,-75.714854,4223
38.941157,-75.714854,4231
40.919936,-75.714854,4239
42.898716,-75.714854,4255
43.888106,-74.725464,4263
45.866886,-74.725464,4271
49.824446,-72.746684,4279
51.803226,-72.746684,4295
53.782005,-71.757294,4303
55.760785,-71.757294,4311
56.750175,-70.767905,4320
58.728955,-70.767905,4335
59.718345,-69.778515,4343
60.707735,-69.778515,4351
61.697125,-69.778515,4367
62.686515,-69.778515,4383
63.675905,-69.778515,4391
64.665295,-69.778515,4415
65.654684,-69.778515,4431
66.644074,-69.778515,4447
67.633464,-69.778515,4463
68.622854,-69.778515,4471
69.612244,-69.778515,4495
70.601634,-68.789125,4519
71.591024,-68.789125,4527
72.580414,-67.799735,4535
73.569804,-66.810345,4559
74.559194,-66.810345,4568
75.548584,-65.820955,4583
76.537974,-65.820955,4608
77.527363,-65.820955,4623
78.516753,-65.820955,4647
79.506143,-65.820955,4687
79.506143,-66.810345,4711
80.495533,-66.810345,4719
81.484923,-66.810345,4736
82.474313,-66.810345,4759
83.463703,-66.810345,4775
84.453093,-66.810345,4799
85.442483,-66.810345,4847
84.453093,-66.810345,4943
BREAK
