START
43.888106,-18.330239,0
43.888106,-19.319629,90
41.909326,-21.298408,101
40.919936,-22.287798,112
40.919936,-25.255968,122
40.919936,-26.245358,133
40.919936,-27.234748,144
40.919936,-31.192308,155
40.919936,-33.171088,165
40.919936,-36.139257,176
40.919936,-37.128647,187
40.919936,-39.107427,198
40.919936,-42.075597,208
37.951767,-45.043767,219
37.951767,-47.022546,300
37.951767,-49.990716,311
37.951767,-52.958886,322
37.951767,-53.948276,332
37.951767,-54.937666,343
37.951767,-56.916446,354
35.972987,-57.905836,365
35.972987,-59.884615,375
35.972987,-61.863395,386
35.972987,-62.852785,398
35.972987,-63.842175,409
35.972987,-64.831565,419
35.972987,-67.799735,430
35.972987,-68.789125,441
35.972987,-70.767905,451
35.972987,-71.757294,462
35.972987,-73.736074,484
35.972987,-74.725464,494
35.972987,-75.714854,509
35.972987,-76.704244,520
35.972987,-77.693634,552
35.972987,-78.683024,563
35.972987,-79.672414,576
35.972987,-77.693634,763
35.972987,-76.704244,782
35.972987,-75.714854,796
35.972987,-74.725464,807
35.972987,-73.736074,818
37.951767,-70.767905,828
37.951767,-69.778515,839
37.951767,-67.799735,850
38.941157,-64.831565,861
41.909326,-58.895225,871
38.941157,-62.852785,882
40.919936,-59.884615,893
40.919936,-58.895225,916
41.909326,-58.895225,936
42.898716,-56.916446,977
44.877496,-55.927056,991
45.866886,-54.937666,1019
47.845666,-54.937666,1036
48.835056,-54.937666,1047
52.792615,-52.958886,1076
53.782005,-52.958886,1088
55.760785,-52.958886,1099
58.728955,-52.958886,1110
60.707735,-52.958886,1120
63.675905,-52.958886,1131
64.665295,-52.958886,1161
65.654684,-52.958886,1175
66.644074,-52.958886,1198
67.633464,-52.958886,1208
67.633464,-53.948276,1230
67.633464,-54.937666,1251
68.622854,-54.937666,1269
69.612244,-54.937666,1289
69.612244,-55.927056,1299
70.601634,-55.927056,1311
70.601634,-56.916446,1329
70.601634,-57.905836,1343
73.569804,-57.905836,1377
73.569804,-58.895225,1410
73.569804,-59.884615,1421
73.569804,-60.874005,1470
73.569804,-61.863395,1481
70.601634,-62.852785,1539
69.612244,-63.842175,1554
68.622854,-65.820955,1565
67.633464,-65.820955,1576
65.654684,-65.820955,1586
64.665295,-66.810345,1597
63.675905,-66.810345,1608
61.697125,-67.799735,1618
60.707735,-67.799735,1629
58.728955,-67.799735,1640
57.739565,-68.789125,1651
55.760785,-68.789125,1661
54.771395,-68.789125,1672
53.782005,-68.789125,1684
53.782005,-69.778515,1696
50.813836,-69.778515,1712
50.813836,-70.767905,1724
48.835056,-70.767905,1735
47.845666,-70.767905,1755
46.856276,-71.757294,1780
44.877496,-72.746684,1790
42.898716,-72.746684,1801
41.909326,-73.736074,1863
40.919936,-74.725464,1886
38.941157,-74.725464,1901
38.941157,-75.714854,1911
36.962377,-76.704244,1922
35.972987,-77.693634,2007
34.983597,-77.693634,2130
34.983597,-78.683024,2166
BREAK
