START
38.941157,-39.107427,0
37.951767,-38.118037,57
36.962377,-38.118037,84
36.962377,-37.128647,96
33.994207,-36.139257,122
33.004817,-36.139257,135
32.015427,-35.149867,149
31.026037,-35.149867,162
29.047257,-35.149867,176
30.036647,-36.139257,293
31.026037,-37.128647,307
32.015427,-38.118037,320
33.994207,-40.096817,331
34.983597,-41.086207,359
35.972987,-43.064987,398
36.962377,-43.064987,410
37.951767,-44.054377,437
37.951767,-46.033156,450
38.941157,-47.022546,489
38.941157,-48.011936,515
38.941157,-49.001326,528
39.930547,-49.990716,542
39.930547,-51.969496,568
39.930547,-52.958886,593
40.919936,-53.948276,619
40.919936,-54.937666,632
40.919936,-56.916446,658
40.919936,-57.905836,682
40.919936,-58.895225,725
40.919936,-59.884615,749
39.930547,-60.874005,798
39.930547,-61.863395,848
38.941157,-62.852785,881
38.941157,-63.842175,955
BREAK
17.174578,-73.736074,1985
18.163968,-73.736074,2023
19.153358,-73.736074,2136
20.142748,-73.736074,2185
21.132138,-73.736074,2209
22.121528,-73.736074,2266
23.110918,-73.736074,2322
24.100308,-73.736074,2398
25.089698,-73.736074,2424
26.079088,-73.736074,2507
28.057867,-73.736074,2518
28.057867,-72.746684,2543
29.047257,-72.746684,2580
31.026037,-72.746684,2605
32.015427,-72.746684,2632
33.004817,-72.746684,2643
33.994207,-71.757294,2683
34.983597,-71.757294,2697
35.972987,-70.767905,2706
37.951767,-70.767905,2733
39.930547,-70.767905,2747
39.930547,-69.778515,2760
40.919936,-69.778515,2774
41.909326,-69.778515,2801
42.898716,-68.789125,2814
43.888106,-68.789125,2839
44.877496,-67.799735,2852
46.856276,-67.799735,2866
46.856276,-66.810345,2880
47.845666,-65.820955,2891
48.835056,-65.820955,2918
50.813836,-65.820955,2928
51.803226,-64.831565,2953
52.792615,-64.831565,2979
54.771395,-63.842175,2991
55.760785,-63.842175,3018
56.750175,-62.852785,3031
57.739565,-62.852785,3044
58.728955,-62.852785,3058
60.707735,-61.863395,3071
61.697125,-60.874005,3096
63.675905,-60.874005,3123
64.665295,-60.874005,3136
65.654684,-60.874005,3148
66.644074,-60.874005,3179
67.633464,-60.874005,3240
68.622854,-60.874005,3265
69.612244,-61.863395,3323
70.601634,-62.852785,3360
71.591024,-63.842175,3413
72.580414,-63.842175,3498
72.580414,-65.820955,3509
72.580414,-66.810345,3573
73.569804,-66.810345,3584
73.569804,-68.789125,3611
73.569804,-69.778515,3635
74.559194,-70.767905,3651
74.559194,-71.757294,3661
75.548584,-72.746684,3687
75.548584,-73.736074,3700
75.548584,-74.725464,3711
76.537974,-76.704244,3749
76.537974,-77.693634,3803
76.537974,-78.683024,3834
77.527363,-78.683024,3868
77.527363,-79.672414,3901
76.537974,-79.672414,4009
75.548584,-79.672414,4036
74.559194,-79.672414,4063
72.580414,-79.672414,4074
71.591024,-78.683024,4099
69.612244,-78.683024,4112
67.633464,-78.683024,4125
64.665295,-77.693634,4137
62.686515,-77.693634,4161
59.718345,-76.704244,4187
58.728955,-76.704244,4198
57.739565,-76.704244,4225
55.760785,-76.704244,4238
54.771395,-76.704244,4250
53.782005,-76.704244,4275
51.803226,-76.704244,4286
50.813836,-76.704244,4311
49.824446,-76.704244,4336
48.835056,-76.704244,4373
47.845666,-76.704244,4465
45.866886,-76.704244,4571
43.888106,-76.704244,4639
42.898716,-76.704244,4665
41.909326,-76.704244,4678
39.930547,-75.714854,4703
36.962377,-75.714854,4741
35.972987,-75.714854,4768
34.983597,-75.714854,4779
33.994207,-75.714854,4806
33.004817,-75.714854,4819
32.015427,-75.714854,4830
30.036647,-75.714854,4857
29.047257,-75.714854,4869
28.057867,-75.714854,4895
26.079088,-75.714854,4905
25.089698,-75.714854,4946
23.110918,-75.714854,4957
22.121528,-75.714854,5043
21.132138,-75.714854,5209
BREAK
