START
28.877358,-17.702811,0
28.877358,-21.702811,103
28.877358,-29.702811,111
28.877358,-33.702811,119
28.877358,-36.702811,127
28.877358,-40.702811,135
28.877358,-43.702811,143
28.877358,-45.702811,151
28.877358,-46.702811,159
28.877358,-47.702811,167
28.877358,-49.702811,175
28.877358,-50.702811,183
28.877358,-51.702811,191
28.877358,-52.702811,199
28.877358,-54.702811,207
28.877358,-56.702811,215
28.877358,-57.702811,223
28.877358,-60.702811,231
28.877358,-61.702811,239
28.877358,-62.702811,247
28.877358,-63.702811,255
28.877358,-64.702811,287
28.877358,-65.702811,295
28.877358,-66.702811,303
28.877358,-68.702811,319
28.877358,-69.702811,335
28.877358,-70.702811,359
28.877358,-71.702811,375
28.877358,-72.702811,487
28.877358,-73.702811,535
29.877358,-73.702811,583
29.877358,-75.702811,600
30.877358,-75.702811,607
31.877358,-76.702811,615
32.877358,-76.702811,647
33.877358,-76.702811,655
34.877358,-77.702811,663
35.877358,-77.702811,695
36.877358,-77.702811,719
37.877358,-77.702811,727
38.877358,-77.702811,743
39.877358,-77.702811,759
40.877358,-77.702811,775
41.877358,-77.702811,784
42.877358,-77.702811,799
43.877358,-77.702811,815
44.877358,-77.702811,823
45.877358,-76.702811,839
46.877358,-76.702811,863
47.877358,-75.702811,879
48.877358,-74.702811,903
48.877358,-73.702811,919
49.877358,-73.702811,927
49.877358,-72.702811,943
50.877358,-71.702811,975
51.877358,-70.702811,983
51.877358,-69.702811,991
51.877358,-67.702811,1007
52.877358,-67.702811,1015
52.877358,-66.702811,1023
52.877358,-65.702811,1039
52.877358,-64.702811,1055
52.877358,-63.702811,1071
53.877358,-62.702811,1095
53.877358,-61.702811,1119
53.877358,-60.702811,1143
53.877358,-59.702811,1159
53.877358,-58.702811,1175
53.877358,-57.702811,1199
53.877358,-56.702811,1247
53.877358,-55.702811,1263
53.877358,-54.702811,1271
53.877358,-53.702811,1287
53.877358,-52.702811,1319
53.877358,-50.702811,1343
53.877358,-49.702811,1375
52.877358,-48.702811,1399
52.877358,-47.702811,1455
51.877358,-47.702811,1471
50.877358,-46.702811,1479
49.877358,-45.702811,1495
49.877358,-44.702811,1504
47.877358,-44.702811,1519
46.877358,-44.702811,1575
45.877358,-43.702811,1591
44.877358,-43.702811,1607
43.877358,-43.702811,1631
42.877358,-43.702811,1663
40.877358,-43.702811,1679
39.877358,-43.702811,1688
38.877358,-43.702811,1695
37.877358,-43.702811,1711
36.877358,-43.702811,1719
35.877358,-43.702811,1727
34.877358,-43.702811,1743
33.877358,-43.702811,1767
32.877358,-43.702811,1775
31.877358,-43.702811,1807
30.877358,-43.702811,1847
30.877358,-44.702811,1855
29.877358,-44.702811,1919
28.877358,-44.702811,1983
28.877358,-45.702811,1999
27.877358,-45.702811,2039
BREAK
67.877358,-12.702811,3095
67.877358,-13.702811,3279
67.877358,-16.702811,3287
67.877358,-18.702811,3295
67.877358,-20.702811,3303
67.877358,-22.702811,3311
67.877358,-24.702811,3319
67.877358,-26.702811,3327
67.877358,-27.702811,3335
67.877358,-28.702811,3343
67.877358,-30.702811,3351
67.877358,-31.702811,3359
67.877358,-32.702811,3367
67.877358,-33.702811,3383
67.877358,-34.702811,3391
67.877358,-35.702811,3400
67.877358,-36.702811,3415
67.877358,-37.702811,3447
67.877358,-38.702811,3455
67.877358,-39.702811,3479
67.877358,-41.702811,3487
67.877358,-42.702811,3503
67.877358,-44.702811,3519
67.877358,-45.702811,3543
67.877358,-46.702811,3559
67.877358,-47.702811,3567
67.877358,-48.702811,3583
67.877358,-49.702811,3607
67.877358,-50.702811,3615
67.877358,-51.702811,3623
67.877358,-52.702811,3631
67.877358,-53.702811,3639
67.877358,-54.702811,3647
67.877358,-55.702811,3655
67.877358,-56.702811,3663
67.877358,-58.702811,3671
67.877358,-59.702811,3687
67.877358,-60.702811,3703
67.877358,-61.702811,3719
67.877358,-62.702811,3735
67.877358,-63.702811,3743
67.877358,-65.702811,3759
67.877358,-66.702811,3783
67.877358,-67.702811,3815
67.877358,-68.702811,3831
67.877358,-69.702811,3839
67.877358,-70.702811,3847
67.877358,-72.702811,3864
67.877358,-73.702811,3895
67.877358,-74.702811,3919
67.877358,-75.702811,3975
67.877358,-76.702811,4023
67.877358,-77.702811,4055
68.877358,-78.702811,4095
69.877358,-79.702811,4103
69.877358,-80.702811,4111
69.877358,-81.702811,4127
69.877358,-82.702811,4135
BREAK
