START
33.877358,-27.702811,0
33.877358,-28.702811,55
34.877358,-30.702811,63
34.877358,-31.702811,71
34.877358,-32.702811,79
35.877358,-35.702811,87
35.877358,-36.702811,95
35.877358,-38.702811,103
35.877358,-40.702811,111
35.877358,-42.702811,119
35.877358,-44.702811,127
35.877358,-45.702811,135
35.877358,-47.702811,143
35.877358,-49.702811,151
35.877358,-50.702811,159
35.877358,-51.702811,167
35.877358,-52.702811,175
35.877358,-53.702811,183
35.877358,-54.702811,191
35.877358,-55.702811,199
35.877358,-57.702811,215
35.877358,-58.702811,231
35.877358,-59.702811,239
35.877358,-60.702811,247
35.877358,-61.702811,255
35.877358,-62.702811,271
35.877358,-63.702811,279
35.877358,-64.702811,295
35.877358,-65.702811,311
35.877358,-66.702811,327
35.877358,-67.702811,343
35.877358,-68.702811,359
35.877358,-69.702811,375
35.877358,-70.702811,383
35.877358,-71.702811,399
35.877358,-72.702811,415
35.877358,-73.702811,423
35.877358,-74.702811,447
36.877358,-74.702811,719
38.877358,-74.702811,735
41.877358,-74.702811,743
43.877358,-74.702811,751
45.877358,-74.702811,759
46.877358,-74.702811,767
47.877358,-73.702811,775
48.877358,-73.702811,783
49.877358,-73.702811,791
50.877358,-72.702811,839
52.877358,-72.702811,855
52.877358,-71.702811,863
54.877358,-70.702811,871
55.877358,-70.702811,887
56.877358,-69.702811,895
57.877358,-69.702811,903
57.877358,-68.702811,911
57.877358,-67.702811,927
58.877358,-67.702811,935
58.877358,-66.702811,951
59.877358,-65.702811,959
60.877358,-64.702811,967
60.877358,-62.702811,975
61.877358,-61.702811,991
61.877358,-60.702811,999
61.877358,-59.702811,1007
62.877358,-58.702811,1023
62.877358,-57.702811,1039
62.877358,-56.702811,1047
62.877358,-55.702811,1063
62.877358,-53.702811,1079
62.877358,-52.702811,1095
62.877358,-51.702811,1111
62.877358,-50.702811,1127
61.877358,-50.702811,1135
61.877358,-49.702811,1143
60.877358,-49.702811,1159
59.877358,-49.702811,1167
59.877358,-48.702811,1175
58.877358,-48.702811,1191
56.877358,-47.702811,1207
56.877358,-46.702811,1215
55.877358,-46.702811,1223
54.877358,-46.702811,1231
53.877358,-46.702811,1239
52.877358,-45.702811,1255
51.877358,-45.702811,1271
50.877358,-45.702811,1287
49.877358,-45.702811,1295
48.877358,-45.702811,1303
47.877358,-45.702811,1311
46.877358,-44.702811,1327
45.877358,-44.702811,1343
44.877358,-44.702811,1471
43.877358,-44.702811,1487
42.877358,-44.702811,1511
41.877358,-44.702811,1615
41.877358,-45.702811,1647
42.877358,-45.702811,1871
43.877358,-45.702811,1895
44.877358,-44.702811,1903
45.877358,-43.702811,1919
46.877358,-43.702811,1927
47.877358,-41.702811,1935
48.877358,-41.702811,1943
49.877358,-39.702811,1951
50.877358,-39.702811,1959
52.877358,-37.702811,1967
53.877358,-36.702811,1975
54.877358,-35.702811,1983
54.877358,-34.702811,1991
55.877358,-33.702811,1999
56.877358,-33.702811,2007
56.877358,-32.702811,2015
56.877358,-31.702811,2023
56.877358,-30.702811,2031
57.877358,-30.702811,2039
57.877358,-29.702811,2047
57.877358,-28.702811,2055
57.877358,-27.702811,2071
58.877358,-27.702811,2079
58.877358,-25.702811,2087
58.877358,-24.702811,2103
58.877358,-22.702811,2119
58.877358,-21.702811,2136
58.877358,-20.702811,2151
58.877358,-18.702811,2167
57.877358,-18.702811,2175
56.877358,-17.702811,2183
55.877358,-16.702811,2199
54.877358,-15.702811,2215
53.877358,-15.702811,2232
52.877358,-15.702811,2239
51.877358,-15.702811,2255
50.877358,-15.702811,2279
49.877358,-15.702811,2287
48.877358,-15.702811,2303
47.877358,-15.702811,2319
46.877358,-15.702811,2335
45.877358,-15.702811,2343
45.877358,-16.702811,2367
44.877358,-16.702811,2375
43.877358,-16.702811,2399
42.877358,-17.702811,2407
41.877358,-17.702811,2423
40.877358,-18.702811,2439
40.877358,-19.702811,2472
39.877358,-19.702811,2479
39.877358,-20.702811,2487
38.877358,-21.702811,2503
38.877358,-22.702811,2520
37.877358,-23.702811,2527
37.877358,-24.702811,2543
37.877358,-25.702811,2559
37.877358,-26.702811,2575
37.877358,-27.702811,2592
37.877358,-28.702811,2648
36.877358,-28.702811,2672
36.877358,-29.702811,2688
36.877358,-30.702811,2704
BREAK
