START
20.877358,-20.702811,0
20.877358,-22.702811,294
20.877358,-24.702811,305
20.877358,-26.702811,315
20.877358,-29.702811,326
20.877358,-32.702811,337
20.877358,-35.702811,347
21.877358,-37.702811,358
21.877358,-40.702811,368
21.877358,-42.702811,379
21.877358,-43.702811,389
21.877358,-44.702811,400
21.877358,-45.702811,410
21.877358,-46.702811,438
21.877358,-47.702811,448
21.877358,-48.702811,469
21.877358,-49.702811,480
21.877358,-51.702811,501
21.877358,-52.702811,512
21.877358,-53.702811,525
21.877358,-54.702811,546
21.877358,-55.702811,556
21.877358,-56.702811,567
21.877358,-57.702811,577
21.877358,-58.702811,599
21.877358,-59.702811,620
21.877358,-60.702811,630
21.877358,-61.702811,641
21.877358,-62.702811,652
21.877358,-63.702811,662
21.877358,-64.702811,673
21.877358,-65.702811,683
21.877358,-66.702811,694
21.877358,-67.702811,715
21.877358,-70.702811,725
21.877358,-71.702811,747
21.877358,-72.702811,790
21.877358,-74.702811,861
21.877358,-75.702811,882
21.877358,-76.702811,893
21.877358,-78.702811,913
22.877358,-78.702811,989
BREAK
56.877358,-58.702811,6205
56.877358,-59.702811,6215
56.877358,-60.702811,6225
56.877358,-61.702811,6256
56.877358,-62.702811,6285
56.877358,-63.702811,6350
56.877358,-64.702811,6363
56.877358,-65.702811,6383
55.877358,-65.702811,6400
54.877358,-65.702811,6413
BREAK
43.877358,-85.702811,7199
BREAK
56.877358,-64.702811,9768
56.877358,-65.702811,9997
56.877358,-66.702811,10041
56.877358,-67.702811,10073
56.877358,-68.702811,10121
55.877358,-69.702811,10165
54.877358,-69.702811,10222
54.877358,-70.702811,10247
52.877358,-70.702811,10257
52.877358,-71.702811,10291
51.877358,-71.702811,10391
49.877358,-72.702811,10412
48.877358,-73.702811,10456
47.877358,-73.702811,10494
47.877358,-74.702811,10504
47.877358,-75.702811,10568
46.877358,-75.702811,10578
45.877358,-76.702811,10602
44.877358,-76.702811,10640
43.877358,-76.702811,10724
42.877358,-76.702811,10745
41.877358,-76.702811,10755
41.877358,-77.702811,10766
40.877358,-77.702811,10779
38.877358,-78.702811,10800
37.877358,-78.702811,10860
36.877358,-78.702811,10881
35.877358,-78.702811,10891
34.877358,-78.702811,10946
33.877358,-78.702811,10974
32.877358,-78.702811,11002
31.877358,-78.702811,11012
30.877358,-78.702811,11068
29.877358,-78.702811,11091
27.877358,-78.702811,11102
25.877358,-78.702811,11112
24.877358,-78.702811,11123
BREAK
