START
32.641509,-34.859438,0
32.641509,-32.859438,69
32.641509,-31.859438,122
32.641509,-30.859438,260
32.641509,-29.859438,434
32.641509,-31.859438,566
32.641509,-33.859438,580
31.641509,-35.859438,592
31.641509,-37.859438,603
30.641509,-39.859438,615
30.641509,-41.859438,630
30.641509,-43.859438,641
30.641509,-46.859438,651
29.641509,-49.859438,667
29.641509,-52.859438,679
29.641509,-54.859438,690
29.641509,-56.859438,702
29.641509,-57.859438,716
29.641509,-58.859438,728
28.641509,-59.859438,740
28.641509,-60.859438,752
27.641509,-60.859438,765
27.641509,-61.859438,776
27.641509,-62.859438,800
26.641509,-63.859438,814
25.641509,-63.859438,826
24.641509,-64.859438,837
22.641509,-64.859438,850
22.641509,-65.859438,864
20.641509,-66.859438,876
19.641509,-67.859438,913
19.641509,-68.859438,962
19.641509,-69.859438,973
18.641509,-69.859438,984
17.641509,-70.859438,1011
17.641509,-71.859438,1049
16.641509,-71.859438,1084
BREAK
74.641509,-27.859438,2596
73.641509,-28.859438,2720
73.641509,-29.859438,2732
73.641509,-30.859438,2743
73.641509,-31.859438,2770
73.641509,-32.859438,2782
72.641509,-33.859438,2804
72.641509,-34.859438,2819
72.641509,-35.859438,2830
71.641509,-37.859438,2841
70.641509,-39.859438,2857
68.641509,-42.859438,2869
67.641509,-44.859438,2879
66.641509,-47.859438,2892
65.641509,-49.859438,2903
63.641509,-52.859438,2917
63.641509,-55.859438,2928
61.641509,-58.859438,2941
60.641509,-60.859438,2955
59.641509,-64.859438,2966
58.641509,-65.859438,2977
56.641509,-67.859438,2990
55.641509,-68.859438,3004
54.641509,-69.859438,3016
53.641509,-71.859438,3026
52.641509,-71.859438,3039
51.641509,-71.859438,3087
51.641509,-72.859438,3114
51.641509,-73.859438,3174
50.641509,-73.859438,3250
BREAK
30.641509,-46.859438,4564
30.641509,-47.859438,4725
30.641509,-48.859438,4748
31.641509,-48.859438,4763
32.641509,-48.859438,4861
32.641509,-49.859438,4945
33.641509,-49.859438,4959
34.641509,-49.859438,4971
35.641509,-50.859438,5031
36.641509,-51.859438,5080
37.641509,-51.859438,5141
38.641509,-51.859438,5156
38.641509,-52.859438,5179
39.641509,-52.859438,5193
40.641509,-52.859438,5313
40.641509,-53.859438,5340
41.641509,-53.859438,5352
42.641509,-53.859438,5560
42.641509,-54.859438,5696
BREAK
68.641509,-51.859438,7197
68.641509,-53.859438,7330
68.641509,-54.859438,7346
69.641509,-56.859438,7356
70.641509,-57.859438,7383
71.641509,-58.859438,7395
72.641509,-59.859438,7405
73.641509,-59.859438,7417
75.641509,-60.859438,7432
76.641509,-61.859438,7445
77.641509,-63.859438,7454
79.641509,-65.859438,7481
81.641509,-66.859438,7504
84.641509,-68.859438,7516
85.641509,-68.859438,7531
86.641509,-69.859438,7542
BREAK
71.641509,-23.859438,133963
BREAK
30.641509,-28.859438,136053
BREAK
