START
65.641509,-26.859438,0
64.641509,-26.859438,207
64.641509,-27.859438,439
64.641509,-28.859438,455
64.641509,-29.859438,471
64.641509,-30.859438,495
64.641509,-31.859438,503
63.641509,-31.859438,519
63.641509,-32.859438,527
63.641509,-33.859438,551
63.641509,-35.859438,567
62.641509,-36.859438,583
62.641509,-37.859438,607
62.641509,-38.859438,615
62.641509,-39.859438,631
61.641509,-39.859438,639
61.641509,-40.859438,647
61.641509,-41.859438,663
61.641509,-42.859438,671
61.641509,-43.859438,679
60.641509,-43.859438,695
60.641509,-44.859438,703
59.641509,-44.859438,719
59.641509,-45.859438,727
59.641509,-46.859438,735
59.641509,-47.859438,755
58.641509,-47.859438,759
58.641509,-48.859438,767
58.641509,-49.859438,783
57.641509,-50.859438,791
57.641509,-51.859438,807
56.641509,-51.859438,815
55.641509,-52.859438,823
54.641509,-54.859438,847
53.641509,-55.859438,871
52.641509,-55.859438,879
51.641509,-57.859438,895
50.641509,-57.859438,911
50.641509,-58.859438,919
49.641509,-58.859438,927
48.641509,-59.859438,935
47.641509,-60.859438,943
46.641509,-61.859438,959
45.641509,-61.859438,967
44.641509,-61.859438,975
44.641509,-62.859438,984
43.641509,-62.859438,992
42.641509,-62.859438,1000
42.641509,-63.859438,1007
41.641509,-63.859438,1016
41.641509,-64.859438,1024
39.641509,-64.859438,1032
39.641509,-65.859438,1048
38.641509,-65.859438,1056
37.641509,-65.859438,1080
37.641509,-66.859438,1096
36.641509,-66.859438,1120
35.641509,-66.859438,1232
35.641509,-67.859438,1312
34.641509,-67.859438,1328
34.641509,-68.859438,1352
BREAK
36.641509,-23.859438,3848
35.641509,-23.859438,3983
34.641509,-23.859438,4111
34.641509,-24.859438,4135
34.641509,-25.859438,4143
34.641509,-26.859438,4167
34.641509,-27.859438,4183
33.641509,-28.859438,4199
33.641509,-29.859438,4207
33.641509,-30.859438,4223
33.641509,-31.859438,4247
32.641509,-31.859438,4255
32.641509,-32.859438,4271
31.641509,-32.859438,4279
31.641509,-33.859438,4287
31.641509,-34.859438,4303
30.641509,-35.859438,4311
30.641509,-36.859438,4319
29.641509,-37.859438,4336
28.641509,-38.859438,4351
27.641509,-39.859438,4367
27.641509,-40.859438,4375
26.641509,-41.859438,4392
25.641509,-42.859438,4415
24.641509,-42.859438,4423
24.641509,-43.859438,4431
23.641509,-44.859438,4439
22.641509,-45.859438,4463
21.641509,-45.859438,4471
21.641509,-46.859438,4479
20.641509,-46.859438,4487
19.641509,-47.859438,4511
19.641509,-48.859438,4520
18.641509,-48.859438,4543
17.641509,-48.859438,4575
16.641509,-49.859438,4583
15.641509,-50.859438,4600
14.641509,-51.859438,4615
13.641509,-51.859438,4631
14.641509,-51.859438,4863
14.641509,-50.859438,4872
BREAK
29.641509,-36.859438,5447
30.641509,-37.859438,5687
30.641509,-36.859438,5695
30.641509,-37.859438,5727
31.641509,-37.859438,5735
31.641509,-38.859438,5751
32.641509,-38.859438,5759
33.641509,-39.859438,5767
34.641509,-40.859438,5791
34.641509,-41.859438,5807
35.641509,-41.859438,5815
35.641509,-42.859438,5839
36.641509,-42.859438,5855
37.641509,-42.859438,5903
37.641509,-43.859438,5927
38.641509,-43.859438,5935
39.641509,-43.859438,5991
40.641509,-43.859438,6151
39.641509,-43.859438,6191
38.641509,-43.859438,6255
BREAK
63.641509,-41.859438,8280
64.641509,-42.859438,8455
64.641509,-43.859438,8479
64.641509,-44.859438,8503
65.641509,-45.859438,8535
65.641509,-46.859438,8543
65.641509,-47.859438,8567
66.641509,-48.859438,8591
66.641509,-49.859438,8607
66.641509,-50.859438,8615
67.641509,-50.859438,8623
68.641509,-51.859438,8639
68.641509,-52.859438,8655
68.641509,-53.859438,8672
69.641509,-54.859438,8679
69.641509,-55.859438,8703
70.641509,-55.859438,8727
70.641509,-56.859438,8735
70.641509,-57.859438,8751
71.641509,-58.859438,8767
71.641509,-59.859438,8791
72.641509,-59.859438,8815
72.641509,-60.859438,8839
71.641509,-60.859438,9055
BREAK
60.641509,-22.859438,10535
61.641509,-23.859438,10679
62.641509,-23.859438,10719
62.641509,-24.859438,10759
63.641509,-24.859438,10775
63.641509,-25.859438,10999
BREAK
29.641509,-18.859438,12223
30.641509,-18.859438,12247
31.641509,-18.859438,12311
32.641509,-18.859438,12335
33.641509,-19.859438,12406
34.641509,-19.859438,12447
35.641509,-20.859438,12503
36.641509,-20.859438,12583
37.641509,-21.859438,12703
BREAK
