START
27.683962,-22.859438,0
27.683962,-23.859438,61
27.683962,-24.859438,82
27.683962,-25.859438,99
27.683962,-27.859438,116
27.683962,-29.859438,132
27.683962,-31.859438,140
27.683962,-32.859438,149
27.683962,-33.859438,157
27.683962,-35.859438,165
27.683962,-36.859438,173
28.683962,-37.859438,181
28.683962,-39.859438,190
28.683962,-41.859438,198
28.683962,-42.859438,206
28.683962,-44.859438,214
28.683962,-46.859438,223
28.683962,-48.859438,231
28.683962,-50.859438,239
28.683962,-51.859438,247
28.683962,-53.859438,256
28.683962,-55.859438,264
28.683962,-57.859438,272
28.683962,-58.859438,289
28.683962,-59.859438,305
28.683962,-60.859438,313
28.683962,-61.859438,362
28.683962,-62.859438,404
28.683962,-63.859438,425
28.683962,-64.859438,592
28.683962,-65.859438,630
29.683962,-65.859438,852
29.683962,-64.859438,865
30.683962,-64.859438,887
30.683962,-63.859438,895
31.683962,-63.859438,912
31.683962,-62.859438,925
31.683962,-61.859438,962
31.683962,-60.859438,975
31.683962,-59.859438,984
32.683962,-58.859438,1000
32.683962,-57.859438,1009
33.683962,-56.859438,1025
33.683962,-55.859438,1041
34.683962,-55.859438,1050
34.683962,-54.859438,1058
34.683962,-53.859438,1066
35.683962,-53.859438,1074
35.683962,-52.859438,1083
36.683962,-51.859438,1091
36.683962,-50.859438,1099
37.683962,-49.859438,1107
38.683962,-49.859438,1116
38.683962,-48.859438,1124
38.683962,-47.859438,1132
39.683962,-46.859438,1140
40.683962,-45.859438,1157
40.683962,-44.859438,1165
41.683962,-44.859438,1173
42.683962,-43.859438,1182
42.683962,-42.859438,1198
42.683962,-41.859438,1214
43.683962,-40.859438,1233
43.683962,-39.859438,1249
44.683962,-39.859438,1266
44.683962,-37.859438,1274
45.683962,-37.859438,1282
45.683962,-36.859438,1291
46.683962,-36.859438,1299
47.683962,-35.859438,1307
47.683962,-34.859438,1316
47.683962,-33.859438,1332
48.683962,-33.859438,1340
48.683962,-32.859438,1354
48.683962,-31.859438,1370
48.683962,-30.859438,1378
49.683962,-30.859438,1387
49.683962,-29.859438,1395
50.683962,-28.859438,1416
50.683962,-27.859438,1448
50.683962,-26.859438,1470
50.683962,-24.859438,1491
50.683962,-23.859438,1508
50.683962,-22.859438,1535
50.683962,-21.859438,1562
50.683962,-20.859438,1575
51.683962,-20.859438,1593
51.683962,-19.859438,1682
52.683962,-19.859438,1714
52.683962,-18.859438,1722
52.683962,-17.859438,1888
53.683962,-16.859438,1977
53.683962,-15.859438,2010
54.683962,-15.859438,2034
BREAK
28.683962,-21.859438,2810
29.683962,-21.859438,2839
29.683962,-20.859438,2852
30.683962,-20.859438,2861
32.683962,-19.859438,2869
34.683962,-18.859438,2886
35.683962,-17.859438,2894
36.683962,-17.859438,2902
37.683962,-17.859438,2911
38.683962,-17.859438,2919
39.683962,-16.859438,2927
40.683962,-16.859438,2935
42.683962,-16.859438,2952
43.683962,-15.859438,2968
44.683962,-15.859438,2984
45.683962,-15.859438,2993
46.683962,-15.859438,3006
47.683962,-15.859438,3043
47.683962,-14.859438,3051
48.683962,-14.859438,3078
49.683962,-14.859438,3115
50.683962,-14.859438,3158
51.683962,-14.859438,3256
BREAK
44.683962,-36.859438,3868
45.683962,-36.859438,3940
45.683962,-37.859438,3948
46.683962,-37.859438,3956
46.683962,-38.859438,3965
47.683962,-38.859438,3973
48.683962,-39.859438,3981
49.683962,-39.859438,3989
49.683962,-40.859438,3998
50.683962,-41.859438,4006
51.683962,-42.859438,4014
52.683962,-44.859438,4022
53.683962,-45.859438,4031
54.683962,-47.859438,4039
55.683962,-47.859438,4047
55.683962,-49.859438,4055
56.683962,-50.859438,4064
57.683962,-51.859438,4072
58.683962,-52.859438,4080
59.683962,-53.859438,4088
59.683962,-54.859438,4097
59.683962,-55.859438,4158
60.683962,-55.859438,4175
60.683962,-56.859438,4183
60.683962,-57.859438,4216
60.683962,-58.859438,4233
BREAK
