START
34.683962,-79.859438,0
34.683962,-78.859438,93
34.683962,-76.859438,111
34.683962,-75.859438,120
34.683962,-72.859438,130
34.683962,-71.859438,139
33.683962,-69.859438,148
33.683962,-67.859438,158
33.683962,-65.859438,167
33.683962,-64.859438,176
33.683962,-63.859438,186
32.683962,-61.859438,195
32.683962,-60.859438,204
32.683962,-58.859438,214
32.683962,-56.859438,223
31.683962,-55.859438,232
31.683962,-54.859438,242
31.683962,-53.859438,251
31.683962,-52.859438,260
31.683962,-50.859438,269
31.683962,-49.859438,279
31.683962,-48.859438,288
31.683962,-46.859438,297
31.683962,-44.859438,307
31.683962,-43.859438,316
30.683962,-42.859438,325
30.683962,-41.859438,335
30.683962,-39.859438,344
30.683962,-38.859438,363
30.683962,-37.859438,381
30.683962,-36.859438,391
30.683962,-35.859438,400
30.683962,-34.859438,409
30.683962,-33.859438,418
30.683962,-32.859438,428
30.683962,-31.859438,437
30.683962,-30.859438,446
30.683962,-29.859438,456
30.683962,-28.859438,484
30.683962,-27.859438,493
30.683962,-26.859438,502
30.683962,-25.859438,512
30.683962,-24.859438,549
30.683962,-23.859438,754
30.683962,-22.859438,1015
31.683962,-22.859438,1024
33.683962,-22.859438,1033
36.683962,-22.859438,1043
39.683962,-22.859438,1052
43.683962,-22.859438,1061
47.683962,-22.859438,1071
52.683962,-22.859438,1080
56.683962,-22.859438,1089
60.683962,-22.859438,1099
62.683962,-22.859438,1108
64.683962,-22.859438,1117
65.683962,-22.859438,1136
66.683962,-22.859438,1183
67.683962,-22.859438,1210
68.683962,-22.859438,1229
69.683962,-22.859438,1238
69.683962,-24.859438,1630
68.683962,-25.859438,1639
68.683962,-26.859438,1648
67.683962,-27.859438,1658
67.683962,-28.859438,1667
66.683962,-30.859438,1676
64.683962,-31.859438,1686
63.683962,-33.859438,1695
62.683962,-35.859438,1704
61.683962,-37.859438,1713
60.683962,-37.859438,1723
59.683962,-38.859438,1732
59.683962,-39.859438,1751
58.683962,-40.859438,1760
58.683962,-41.859438,1769
57.683962,-41.859438,1779
56.683962,-42.859438,1788
56.683962,-43.859438,1797
55.683962,-45.859438,1807
54.683962,-46.859438,1816
53.683962,-47.859438,1825
53.683962,-48.859438,1835
52.683962,-49.859438,1844
52.683962,-50.859438,1853
51.683962,-50.859438,1863
51.683962,-51.859438,1881
51.683962,-52.859438,1891
50.683962,-53.859438,1900
49.683962,-54.859438,1909
49.683962,-55.859438,1918
48.683962,-56.859438,1928
48.683962,-57.859438,1937
47.683962,-59.859438,1946
46.683962,-60.859438,1965
46.683962,-61.859438,1974
45.683962,-62.859438,1993
45.683962,-63.859438,2003
45.683962,-64.859438,2012
44.683962,-64.859438,2021
43.683962,-66.859438,2030
43.683962,-67.859438,2040
42.683962,-68.859438,2049
41.683962,-69.859438,2058
41.683962,-71.859438,2068
40.683962,-72.859438,2077
39.683962,-73.859438,2086
39.683962,-74.859438,2096
39.683962,-75.859438,2105
38.683962,-76.859438,2133
37.683962,-77.859438,2152
37.683962,-78.859438,2161
36.683962,-79.859438,2170
35.683962,-80.859438,2189
35.683962,-81.859438,2198
35.683962,-82.859438,2235
BREAK
50.683962,-55.859438,3027
51.683962,-55.859438,3166
52.683962,-55.859438,3175
53.683962,-55.859438,3185
55.683962,-56.859438,3194
56.683962,-58.859438,3203
58.683962,-59.859438,3213
58.683962,-60.859438,3222
60.683962,-62.859438,3231
62.683962,-63.859438,3241
63.683962,-65.859438,3250
64.683962,-65.859438,3259
66.683962,-67.859438,3269
66.683962,-68.859438,3278
68.683962,-70.859438,3287
69.683962,-71.859438,3297
70.683962,-71.859438,3306
71.683962,-71.859438,3315
72.683962,-71.859438,3399
72.683962,-72.859438,3418
73.683962,-72.859438,3455
BREAK
