START
17.763959,-29.3057,0
18.667513,-29.3057,18
19.571066,-29.3057,41
20.474619,-29.3057,69
22.281726,-29.3057,92
23.185279,-29.3057,103
24.992386,-29.3057,114
25.895939,-29.3057,125
26.799492,-29.3057,137
27.703046,-29.3057,148
28.606599,-29.3057,159
29.510152,-29.3057,182
31.317259,-29.3057,204
33.124365,-29.3057,216
34.027919,-30.209253,232
34.931472,-30.209253,243
35.835025,-31.112807,254
35.835025,-32.01636,277
36.738579,-32.919913,289
37.642132,-32.919913,300
37.642132,-34.72702,311
37.642132,-36.534126,322
39.449239,-38.341233,334
39.449239,-40.14834,345
39.449239,-41.955446,356
39.449239,-43.762553,368
39.449239,-45.569659,379
39.449239,-46.473213,402
39.449239,-47.376766,413
39.449239,-48.280319,424
39.449239,-49.183873,435
39.449239,-50.087426,461
38.545685,-50.990979,472
38.545685,-51.894532,484
37.642132,-52.798086,495
36.738579,-53.701639,509
35.835025,-53.701639,533
34.931472,-54.605192,545
34.027919,-54.605192,556
32.220812,-54.605192,567
29.510152,-54.605192,579
27.703046,-54.605192,590
24.992386,-54.605192,601
23.185279,-54.605192,613
22.281726,-54.605192,624
21.378173,-54.605192,635
20.474619,-54.605192,647
18.667513,-54.605192,658
17.763959,-54.605192,669
16.860406,-54.605192,680
15.053299,-54.605192,692
13.246193,-53.701639,703
11.439086,-53.701639,714
9.6319797,-52.798086,726
8.7284264,-52.798086,737
BREAK
28.606599,-53.701639,1550
29.510152,-53.701639,1585
29.510152,-54.605192,1626
29.510152,-55.508746,1661
30.413706,-55.508746,1673
31.317259,-56.412299,1684
31.317259,-57.315852,1695
31.317259,-58.219406,1707
31.317259,-59.122959,1729
32.220812,-59.122959,1741
32.220812,-60.026512,1752
33.124365,-60.026512,1775
34.027919,-60.026512,1797
34.027919,-60.930065,1808
34.931472,-60.930065,1825
34.931472,-61.833619,1842
36.738579,-61.833619,1865
38.545685,-62.737172,1876
41.256345,-62.737172,1888
43.063452,-62.737172,1910
43.967005,-62.737172,1960
45.774112,-62.737172,1971
47.581218,-62.737172,1983
48.484772,-62.737172,1994
50.291878,-60.930065,2005
51.195431,-60.930065,2017
52.098985,-60.026512,2028
53.002538,-59.122959,2039
53.002538,-58.219406,2062
53.906091,-58.219406,2073
53.906091,-57.315852,2084
54.809645,-56.412299,2096
56.616751,-54.605192,2118
56.616751,-53.701639,2129
57.520305,-50.990979,2152
58.423858,-50.087426,2163
58.423858,-49.183873,2186
58.423858,-48.280319,2197
58.423858,-46.473213,2209
59.327411,-45.569659,2220
59.327411,-44.666106,2231
59.327411,-42.858999,2242
60.230964,-41.955446,2254
61.134518,-41.051893,2265
61.134518,-40.14834,2276
61.134518,-38.341233,2288
61.134518,-37.43768,2299
61.134518,-36.534126,2310
61.134518,-35.630573,2333
62.038071,-34.72702,2355
62.038071,-33.823466,2367
62.038071,-32.919913,2437
62.038071,-34.72702,2507
61.134518,-35.630573,2518
61.134518,-36.534126,2529
60.230964,-39.244786,2541
60.230964,-41.051893,2552
60.230964,-41.955446,2563
60.230964,-43.762553,2575
60.230964,-45.569659,2586
60.230964,-47.376766,2597
60.230964,-48.280319,2608
60.230964,-49.183873,2620
60.230964,-50.087426,2631
60.230964,-50.990979,2642
60.230964,-51.894532,2654
61.134518,-52.798086,2676
61.134518,-53.701639,2701
62.038071,-55.508746,2723
62.941624,-56.412299,2735
63.845178,-56.412299,2746
64.748731,-56.412299,2757
65.652284,-56.412299,2769
67.459391,-56.412299,2811
69.266497,-56.412299,2823
69.266497,-55.508746,2834
70.170051,-55.508746,2845
71.977157,-53.701639,2856
72.880711,-51.894532,2879
73.784264,-51.894532,2890
74.687817,-50.087426,2902
76.494924,-49.183873,2924
76.494924,-48.280319,2936
78.30203,-46.473213,2947
78.30203,-45.569659,2958
79.205584,-45.569659,2969
79.205584,-44.666106,2981
80.109137,-43.762553,2992
81.01269,-41.955446,3003
81.01269,-40.14834,3015
82.819797,-38.341233,3026
82.819797,-37.43768,3052
82.819797,-36.534126,3077
82.819797,-34.72702,3087
82.819797,-33.823466,3099
82.819797,-32.919913,3110
82.819797,-32.01636,3121
81.916244,-31.112807,3132
81.916244,-30.209253,3155
81.01269,-28.402147,3166
81.01269,-27.498593,3191
79.205584,-26.59504,3202
78.30203,-25.691487,3225
77.398477,-24.787933,3247
76.494924,-24.787933,3259
74.687817,-24.787933,3270
74.687817,-23.88438,3282
72.880711,-22.980827,3293
70.170051,-22.077274,3304
69.266497,-21.17372,3315
68.362944,-21.17372,3327
67.459391,-20.270167,3338
65.652284,-19.366614,3349
64.748731,-18.46306,3361
62.038071,-18.46306,3372
61.134518,-18.46306,3383
59.327411,-17.559507,3394
57.520305,-17.559507,3406
55.713198,-17.559507,3417
53.906091,-17.559507,3428
52.098985,-17.559507,3440
51.195431,-17.559507,3462
49.388325,-17.559507,3474
48.484772,-17.559507,3497
47.581218,-17.559507,3508
46.677665,-17.559507,3520
45.774112,-17.559507,3542
45.774112,-18.46306,3633
45.774112,-19.366614,3658
BREAK
84.626904,-32.919913,4379
84.626904,-33.823466,4439
84.626904,-34.72702,4462
84.626904,-36.534126,4473
84.626904,-37.43768,4496
84.626904,-39.244786,4507
84.626904,-40.14834,4518
83.72335,-41.051893,4529
83.72335,-43.762553,4541
83.72335,-44.666106,4552
83.72335,-45.569659,4563
83.72335,-46.473213,4575
83.72335,-48.280319,4586
81.916244,-50.087426,4597
81.916244,-51.894532,4609
81.916244,-53.701639,4620
81.916244,-55.508746,4631
81.916244,-57.315852,4643
81.01269,-60.026512,4655
81.01269,-61.833619,4666
81.01269,-62.737172,4677
81.01269,-65.447832,4689
81.01269,-67.254939,4700
81.01269,-69.062045,4711
81.01269,-70.869152,4723
81.01269,-73.579812,4734
81.01269,-75.386918,4745
81.01269,-76.290472,4757
81.01269,-77.194025,4768
81.916244,-77.194025,4779
82.819797,-78.097578,4790
82.819797,-79.001131,4802
82.819797,-79.904685,4813
83.72335,-79.904685,4866
84.626904,-79.904685,4877
85.530457,-79.904685,4888
87.337563,-79.001131,4915
89.14467,-78.097578,4976
90.048223,-77.194025,4987
BREAK
