START
11.641509,-47.859438,0
12.641509,-47.859438,136
16.641509,-46.859438,153
20.641509,-45.859438,170
22.641509,-44.859438,186
24.641509,-44.859438,220
25.641509,-43.859438,236
26.641509,-43.859438,253
27.641509,-42.859438,270
29.641509,-42.859438,287
31.641509,-41.859438,303
32.641509,-41.859438,320
33.641509,-41.859438,354
35.641509,-41.859438,370
35.641509,-39.859438,387
37.641509,-39.859438,420
38.641509,-38.859438,437
39.641509,-38.859438,454
41.641509,-38.859438,471
42.641509,-37.859438,487
43.641509,-37.859438,504
44.641509,-37.859438,521
46.641509,-36.859438,538
47.641509,-36.859438,554
48.641509,-36.859438,571
49.641509,-35.859438,588
50.641509,-35.859438,655
51.641509,-34.859438,688
53.641509,-34.859438,722
54.641509,-34.859438,755
55.641509,-34.859438,772
BREAK
32.641509,-44.859438,1472
32.641509,-45.859438,1508
32.641509,-47.859438,1541
32.641509,-48.859438,1558
32.641509,-50.859438,1575
32.641509,-51.859438,1591
32.641509,-55.859438,1608
32.641509,-56.859438,1625
32.641509,-58.859438,1642
32.641509,-59.859438,1658
32.641509,-60.859438,1692
32.641509,-61.859438,1709
32.641509,-63.859438,1725
32.641509,-65.859438,1742
32.641509,-66.859438,1759
32.641509,-67.859438,1792
32.641509,-68.859438,1809
32.641509,-69.859438,1826
32.641509,-70.859438,1842
32.641509,-71.859438,1876
32.641509,-72.859438,1909
32.641509,-73.859438,1926
32.641509,-74.859438,1960
32.641509,-75.859438,1976
32.641509,-76.859438,2060
33.641509,-76.859438,2077
BREAK
60.641509,-8.8594378,3128
60.641509,-7.8594378,3231
61.641509,-7.8594378,3264
63.641509,-7.8594378,3281
64.641509,-7.8594378,3298
66.641509,-7.8594378,3314
68.641509,-7.8594378,3348
68.641509,-8.8594378,3582
68.641509,-9.8594378,3615
68.641509,-10.859438,3632
68.641509,-11.859438,3649
68.641509,-12.859438,3666
68.641509,-13.859438,3699
68.641509,-14.859438,3716
68.641509,-15.859438,3749
68.641509,-16.859438,3766
68.641509,-17.859438,3783
68.641509,-18.859438,3799
68.641509,-19.859438,3816
68.641509,-20.859438,3833
68.641509,-21.859438,3850
68.641509,-22.859438,3866
68.641509,-23.859438,3883
68.641509,-25.859438,3900
68.641509,-26.859438,3917
68.641509,-27.859438,3933
68.641509,-28.859438,3950
68.641509,-29.859438,3983
68.641509,-30.859438,4000
68.641509,-31.859438,4034
68.641509,-33.859438,4050
68.641509,-34.859438,4067
68.641509,-35.859438,4084
68.641509,-36.859438,4117
68.641509,-37.859438,4134
68.641509,-38.859438,4151
68.641509,-39.859438,4167
68.641509,-41.859438,4184
68.641509,-43.859438,4218
68.641509,-44.859438,4234
68.641509,-46.859438,4251
68.641509,-47.859438,4268
68.641509,-49.859438,4285
68.641509,-50.859438,4301
68.641509,-52.859438,4318
68.641509,-54.859438,4335
68.641509,-56.859438,4351
68.641509,-57.859438,4368
68.641509,-59.859438,4385
68.641509,-60.859438,4402
68.641509,-62.859438,4418
68.641509,-64.859438,4435
69.641509,-66.859438,4452
69.641509,-67.859438,4469
69.641509,-69.859438,4485
69.641509,-71.859438,4502
69.641509,-72.859438,4519
69.641509,-74.859438,4535
69.641509,-75.859438,4552
69.641509,-76.859438,4569
69.641509,-77.859438,4586
69.641509,-78.859438,4602
69.641509,-79.859438,4619
69.641509,-80.859438,4636
69.641509,-81.859438,4653
69.641509,-82.859438,4686
69.641509,-83.859438,4703
70.641509,-83.859438,4736
BREAK
65.641509,-55.859438,5952
64.641509,-55.859438,6024
63.641509,-55.859438,6058
60.641509,-55.859438,6074
58.641509,-55.859438,6091
56.641509,-55.859438,6108
55.641509,-55.859438,6124
54.641509,-55.859438,6158
53.641509,-55.859438,6208
52.641509,-55.859438,6242
51.641509,-55.859438,6275
BREAK
