START
30.379807,-25.204865,0
30.379807,-26.04456,16
30.379807,-26.884255,32
30.379807,-27.723949,48
30.379807,-29.403339,72
30.379807,-30.243033,88
30.379807,-31.082728,96
31.219502,-31.922423,104
31.219502,-33.601812,120
31.219502,-34.441506,128
31.219502,-35.281201,136
31.219502,-36.120896,144
31.219502,-37.800285,152
31.219502,-38.63998,168
31.219502,-39.479674,184
31.219502,-40.319369,200
31.219502,-41.998758,208
31.219502,-42.838453,240
32.059196,-43.678148,264
32.059196,-44.517842,320
32.898891,-44.517842,344
32.898891,-46.197232,352
34.57828,-46.197232,368
34.57828,-47.036926,416
35.417975,-47.036926,424
36.25767,-47.036926,448
37.097364,-47.036926,464
38.776754,-47.036926,480
39.616448,-47.036926,496
40.456143,-47.036926,536
41.295838,-47.036926,552
42.975227,-47.036926,568
43.814922,-47.036926,584
43.814922,-46.197232,601
44.654616,-46.197232,632
45.494311,-44.517842,648
47.1737,-44.517842,656
47.1737,-43.678148,664
48.013395,-43.678148,672
48.013395,-42.838453,688
48.853089,-42.838453,704
49.692784,-42.838453,728
49.692784,-41.998758,744
51.372173,-41.998758,760
51.372173,-40.319369,768
52.211868,-40.319369,784
52.211868,-39.479674,792
52.211868,-38.63998,800
52.211868,-37.800285,832
52.211868,-33.601812,840
52.211868,-31.922423,848
52.211868,-27.723949,856
52.211868,-26.884255,872
52.211868,-26.04456,880
52.211868,-21.846087,888
52.211868,-21.006392,904
52.211868,-19.327003,928
51.372173,-19.327003,984
49.692784,-19.327003,1184
49.692784,-21.006392,1224
49.692784,-21.846087,1240
49.692784,-22.685781,1256
49.692784,-23.525476,1272
49.692784,-25.204865,1288
49.692784,-26.04456,1296
49.692784,-26.884255,1304
49.692784,-27.723949,1312
49.692784,-31.082728,1320
49.692784,-31.922423,1328
49.692784,-33.601812,1336
49.692784,-34.441506,1344
49.692784,-35.281201,1352
49.692784,-36.120896,1368
51.372173,-37.800285,1376
51.372173,-38.63998,1384
52.211868,-39.479674,1392
52.211868,-40.319369,1408
52.211868,-41.998758,1424
53.051563,-42.838453,1432
53.051563,-43.678148,1440
53.051563,-44.517842,1448
53.051563,-46.197232,1464
53.051563,-47.036926,1472
53.051563,-47.876621,1480
53.051563,-52.075094,1496
53.051563,-52.914789,1512
53.891257,-54.594178,1536
53.891257,-55.433873,1552
53.891257,-56.273568,1568
53.891257,-57.113262,1584
53.891257,-58.792652,1616
53.891257,-59.632346,1640
53.891257,-60.472041,1656
53.891257,-61.311735,1680
53.891257,-62.991125,1712
53.891257,-63.830819,1728
53.891257,-64.670514,1736
53.891257,-65.510209,1760
53.891257,-67.189598,1784
53.891257,-68.029293,1824
53.891257,-68.868987,1840
53.891257,-69.708682,1856
53.891257,-71.388071,1896
53.891257,-72.227766,1976
53.891257,-73.067461,2024
55.570647,-73.907155,2064
55.570647,-75.586545,2088
56.410341,-75.586545,2264
BREAK
