START
43.683962,-21.859438,0
44.683962,-21.859438,29
45.683962,-21.859438,65
45.683962,-22.859438,76
47.683962,-22.859438,87
47.683962,-23.859438,98
49.683962,-24.859438,109
49.683962,-25.859438,131
50.683962,-25.859438,167
50.683962,-24.859438,179
50.683962,-23.859438,190
50.683962,-22.859438,212
50.683962,-21.859438,223
50.683962,-19.859438,280
49.683962,-19.859438,284
48.683962,-18.859438,293
47.683962,-17.859438,315
47.683962,-16.859438,326
46.683962,-16.859438,337
45.683962,-16.859438,400
45.683962,-17.859438,457
45.683962,-18.859438,468
45.683962,-19.859438,479
45.683962,-20.859438,490
45.683962,-21.859438,512
46.683962,-21.859438,576
47.683962,-21.859438,611
47.683962,-20.859438,629
47.683962,-19.859438,641
47.683962,-18.859438,663
47.683962,-17.859438,692
46.683962,-17.859438,744
45.683962,-17.859438,757
44.683962,-17.859438,791
43.683962,-18.859438,802
42.683962,-19.859438,835
BREAK
65.683962,-42.859438,1509
64.683962,-42.859438,1581
63.683962,-42.859438,1612
62.683962,-42.859438,1642
61.683962,-43.859438,1653
60.683962,-43.859438,1664
60.683962,-45.859438,1675
60.683962,-46.859438,1697
61.683962,-46.859438,1806
61.683962,-45.859438,1835
61.683962,-44.859438,1853
61.683962,-43.859438,1875
61.683962,-42.859438,1904
61.683962,-43.859438,2035
61.683962,-44.859438,2046
61.683962,-45.859438,2058
61.683962,-46.859438,2069
61.683962,-47.859438,2091
61.683962,-48.859438,2113
62.683962,-48.859438,2190
63.683962,-48.859438,2201
64.683962,-46.859438,2212
65.683962,-46.859438,2223
65.683962,-45.859438,2235
65.683962,-44.859438,2246
65.683962,-43.859438,2268
65.683962,-42.859438,2324
65.683962,-41.859438,2367
64.683962,-41.859438,2378
63.683962,-40.859438,2389
62.683962,-40.859438,2412
62.683962,-41.859438,2481
62.683962,-42.859438,2493
62.683962,-44.859438,2504
61.683962,-45.859438,2515
61.683962,-47.859438,2526
61.683962,-48.859438,2549
61.683962,-49.859438,2585
62.683962,-49.859438,2627
63.683962,-49.859438,2645
65.683962,-49.859438,2667
67.683962,-49.859438,2690
68.683962,-49.859438,2708
69.683962,-49.859438,2719
70.683962,-47.859438,2730
70.683962,-46.859438,2773
70.683962,-45.859438,2784
70.683962,-44.859438,2806
69.683962,-43.859438,2835
68.683962,-43.859438,2846
68.683962,-42.859438,2857
67.683962,-42.859438,2869
66.683962,-42.859438,2880
64.683962,-42.859438,2891
BREAK
47.683962,-63.859438,3640
47.683962,-64.859438,3750
48.683962,-64.859438,3779
48.683962,-63.859438,3822
48.683962,-62.859438,3833
48.683962,-61.859438,3856
48.683962,-60.859438,3878
48.683962,-59.859438,3928
48.683962,-58.859438,3938
47.683962,-58.859438,4008
46.683962,-58.859438,4019
45.683962,-58.859438,4069
44.683962,-59.859438,4098
44.683962,-60.859438,4127
45.683962,-61.859438,4156
45.683962,-62.859438,4167
45.683962,-63.859438,4179
46.683962,-63.859438,4190
47.683962,-63.859438,4237
48.683962,-63.859438,4266
49.683962,-63.859438,4295
49.683962,-62.859438,4313
50.683962,-61.859438,4324
50.683962,-60.859438,4346
50.683962,-59.859438,4382
48.683962,-59.859438,4404
48.683962,-58.859438,4415
47.683962,-58.859438,4427
47.683962,-57.859438,4445
46.683962,-57.859438,4463
45.683962,-57.859438,4494
44.683962,-57.859438,4523
42.683962,-57.859438,4573
42.683962,-58.859438,4620
42.683962,-59.859438,4631
42.683962,-60.859438,4667
42.683962,-61.859438,4678
43.683962,-62.859438,4732
44.683962,-62.859438,4761
45.683962,-62.859438,4815
45.683962,-61.859438,4826
45.683962,-60.859438,4837
46.683962,-59.859438,4859
46.683962,-58.859438,4870
46.683962,-57.859438,4893
45.683962,-57.859438,5034
BREAK
