START
64.877358,-18.859438,0
63.877358,-18.859438,72
62.877358,-18.859438,80
61.877358,-19.859438,96
59.877358,-19.859438,112
58.877358,-20.859438,128
57.877358,-20.859438,136
56.877358,-21.859438,152
54.877358,-21.859438,160
53.877358,-21.859438,168
51.877358,-21.859438,176
49.877358,-21.859438,184
48.877358,-22.859438,200
47.877358,-22.859438,208
46.877358,-24.859438,216
45.877358,-24.859438,224
45.877358,-25.859438,232
44.877358,-25.859438,240
44.877358,-26.859438,248
42.877358,-27.859438,256
42.877358,-28.859438,264
40.877358,-28.859438,272
40.877358,-29.859438,281
40.877358,-30.859438,288
39.877358,-31.859438,296
38.877358,-31.859438,304
37.877358,-33.859438,312
37.877358,-34.859438,320
35.877358,-35.859438,328
35.877358,-38.859438,336
34.877358,-39.859438,344
34.877358,-40.859438,352
33.877358,-42.859438,360
33.877358,-43.859438,368
33.877358,-44.859438,376
33.877358,-46.859438,384
33.877358,-48.859438,392
33.877358,-49.859438,400
33.877358,-51.859438,408
33.877358,-52.859438,416
33.877358,-54.859438,424
33.877358,-55.859438,432
33.877358,-56.859438,441
33.877358,-57.859438,448
34.877358,-60.859438,456
35.877358,-61.859438,472
36.877358,-62.859438,480
36.877358,-63.859438,488
38.877358,-65.859438,496
39.877358,-65.859438,504
40.877358,-66.859438,512
41.877358,-67.859438,520
42.877358,-69.859438,529
44.877358,-69.859438,536
46.877358,-69.859438,544
47.877358,-70.859438,552
49.877358,-71.859438,560
51.877358,-72.859438,568
54.877358,-72.859438,576
57.877358,-72.859438,584
60.877358,-72.859438,592
62.877358,-72.859438,600
64.877358,-72.859438,608
65.877358,-72.859438,616
66.877358,-72.859438,624
67.877358,-72.859438,640
68.877358,-71.859438,649
68.877358,-70.859438,657
68.877358,-69.859438,673
68.877358,-68.859438,689
68.877358,-67.859438,704
69.877358,-66.859438,712
69.877358,-65.859438,736
69.877358,-64.859438,760
69.877358,-65.859438,953
69.877358,-69.859438,993
69.877358,-71.859438,1008
69.877358,-72.859438,1016
69.877358,-73.859438,1024
69.877358,-74.859438,1032
68.877358,-76.859438,1040
68.877358,-78.859438,1048
68.877358,-79.859438,1056
68.877358,-80.859438,1065
68.877358,-81.859438,1080
68.877358,-82.859438,1088
68.877358,-83.859438,1096
68.877358,-84.859438,1104
68.877358,-86.859438,1120
68.877358,-87.859438,1137
69.877358,-87.859438,1299
BREAK
