START
71.877358,-24.859438,0
71.877358,-22.859438,39
70.877358,-22.859438,73
68.877358,-19.859438,133
67.877358,-18.859438,147
66.877358,-17.859438,158
65.877358,-17.859438,174
64.877358,-17.859438,196
63.877358,-17.859438,207
61.877358,-17.859438,218
59.877358,-17.859438,228
56.877358,-17.859438,239
54.877358,-17.859438,260
53.877358,-17.859438,271
52.877358,-17.859438,287
51.877358,-17.859438,318
50.877358,-17.859438,329
49.877358,-17.859438,340
47.877358,-18.859438,351
46.877358,-18.859438,372
44.877358,-18.859438,383
43.877358,-19.859438,393
42.877358,-19.859438,410
41.877358,-20.859438,449
40.877358,-21.859438,464
39.877358,-22.859438,477
38.877358,-23.859438,488
37.877358,-23.859438,500
37.877358,-24.859438,522
36.877358,-25.859438,533
36.877358,-27.859438,544
35.877358,-28.859438,574
34.877358,-29.859438,585
34.877358,-31.859438,596
34.877358,-32.859438,608
34.877358,-33.859438,629
33.877358,-36.859438,653
33.877358,-37.859438,664
33.877358,-38.859438,674
33.877358,-39.859438,685
33.877358,-40.859438,700
33.877358,-41.859438,711
33.877358,-42.859438,722
33.877358,-43.859438,733
32.877358,-44.859438,743
32.877358,-45.859438,754
32.877358,-48.859438,765
32.877358,-49.859438,776
32.877358,-51.859438,797
32.877358,-53.859438,808
32.877358,-55.859438,818
32.877358,-56.859438,834
32.877358,-57.859438,845
32.877358,-59.859438,856
32.877358,-61.859438,866
32.877358,-62.859438,877
32.877358,-63.859438,888
32.877358,-64.859438,911
32.877358,-65.859438,922
33.877358,-66.859438,946
34.877358,-67.859438,965
35.877358,-67.859438,976
36.877358,-68.859438,987
36.877358,-69.859438,998
37.877358,-70.859438,1009
38.877358,-71.859438,1019
39.877358,-71.859438,1030
40.877358,-72.859438,1041
41.877358,-72.859438,1083
42.877358,-72.859438,1096
43.877358,-72.859438,1111
44.877358,-72.859438,1121
45.877358,-72.859438,1144
46.877358,-73.859438,1155
48.877358,-73.859438,1166
49.877358,-73.859438,1187
50.877358,-73.859438,1213
51.877358,-73.859438,1262
52.877358,-73.859438,1273
53.877358,-73.859438,1283
54.877358,-73.859438,1294
55.877358,-73.859438,1305
56.877358,-73.859438,1316
56.877358,-71.859438,1327
57.877358,-71.859438,1360
58.877358,-71.859438,1372
59.877358,-71.859438,1383
60.877358,-71.859438,1394
61.877358,-71.859438,1404
62.877358,-71.859438,1421
62.877358,-70.859438,1434
62.877358,-69.859438,1445
63.877358,-69.859438,1475
64.877358,-68.859438,1497
65.877358,-67.859438,1566
65.877358,-66.859438,1605
65.877358,-65.859438,1616
65.877358,-64.859438,1641
66.877358,-63.859438,1664
66.877358,-64.859438,1973
66.877358,-66.859438,1984
65.877358,-66.859438,1995
65.877358,-67.859438,2005
65.877358,-68.859438,2018
65.877358,-69.859438,2028
65.877358,-70.859438,2039
65.877358,-71.859438,2061
65.877358,-72.859438,2074
65.877358,-73.859438,2084
65.877358,-74.859438,2095
65.877358,-75.859438,2157
64.877358,-76.859438,2280
63.877358,-77.859438,2291
63.877358,-78.859438,2305
62.877358,-79.859438,2425
61.877358,-81.859438,2439
61.877358,-82.859438,2456
61.877358,-83.859438,2474
61.877358,-84.859438,2485
61.877358,-86.859438,2495
61.877358,-87.859438,2557
61.877358,-88.859438,2568
61.877358,-89.859438,2655
61.877358,-90.859438,2665
BREAK
