START
71.877358,-21.859438,0
69.877358,-21.859438,200
69.877358,-20.859438,208
68.877358,-19.859438,288
67.877358,-18.859438,312
66.877358,-18.859438,320
65.877358,-18.859438,328
65.877358,-17.859438,336
63.877358,-17.859438,360
63.877358,-16.859438,368
61.877358,-16.859438,392
61.877358,-15.859438,424
60.877358,-15.859438,456
59.877358,-15.859438,480
58.877358,-15.859438,496
57.877358,-15.859438,504
55.877358,-15.859438,528
54.877358,-15.859438,536
53.877358,-15.859438,552
52.877358,-15.859438,568
51.877358,-15.859438,600
50.877358,-15.859438,616
49.877358,-15.859438,640
48.877358,-15.859438,672
47.877358,-15.859438,719
46.877358,-15.859438,736
45.877358,-15.859438,744
44.877358,-15.859438,760
43.877358,-15.859438,880
42.877358,-16.859438,904
41.877358,-17.859438,912
40.877358,-17.859438,927
39.877358,-17.859438,952
38.877358,-17.859438,960
37.877358,-17.859438,968
36.877358,-18.859438,1016
36.877358,-19.859438,1040
35.877358,-19.859438,1056
34.877358,-19.859438,1064
33.877358,-20.859438,1072
32.877358,-21.859438,1104
32.877358,-22.859438,1128
31.877358,-22.859438,1184
31.877358,-23.859438,1208
30.877358,-24.859438,1224
30.877358,-25.859438,1248
30.877358,-26.859438,1256
29.877358,-26.859438,1264
29.877358,-27.859438,1280
29.877358,-28.859438,1288
28.877358,-29.859438,1304
28.877358,-30.859438,1312
28.877358,-31.859438,1360
28.877358,-32.859438,1376
28.877358,-33.859438,1392
27.877358,-34.859438,1408
27.877358,-35.859438,1432
27.877358,-36.859438,1448
27.877358,-37.859438,1456
27.877358,-38.859438,1472
27.877358,-39.859438,1504
27.877358,-40.859438,1512
27.877358,-41.859438,1528
27.877358,-42.859438,1536
27.877358,-43.859438,1560
27.877358,-44.859438,1568
27.877358,-45.859438,1584
27.877358,-46.859438,1593
27.877358,-47.859438,1624
27.877358,-48.859438,1632
27.877358,-49.859438,1640
27.877358,-50.859438,1656
27.877358,-51.859438,1680
27.877358,-52.859438,1688
27.877358,-53.859438,1712
27.877358,-54.859438,1720
27.877358,-55.859438,1752
27.877358,-57.859438,1760
27.877358,-58.859438,1776
27.877358,-59.859438,1801
27.877358,-60.859438,1808
27.877358,-61.859438,1816
27.877358,-62.859438,1841
27.877358,-63.859438,1848
28.877358,-64.859438,1872
28.877358,-65.859438,1880
28.877358,-66.859438,1896
28.877358,-67.859438,1920
29.877358,-68.859438,1936
30.877358,-69.859438,1961
30.877358,-70.859438,1969
31.877358,-72.859438,1992
32.877358,-72.859438,2000
32.877358,-73.859438,2016
32.877358,-74.859438,2024
33.877358,-75.859438,2032
34.877358,-76.859438,2049
35.877358,-76.859438,2056
35.877358,-77.859438,2064
36.877358,-78.859438,2080
37.877358,-79.859438,2089
38.877358,-79.859438,2112
39.877358,-80.859438,2136
39.877358,-81.859438,2152
40.877358,-82.859438,2168
41.877358,-83.859438,2192
42.877358,-83.859438,2208
43.877358,-83.859438,2224
44.877358,-83.859438,2264
45.877358,-84.859438,2280
46.877358,-85.859438,2297
47.877358,-85.859438,2320
48.877358,-85.859438,2337
49.877358,-85.859438,2385
50.877358,-85.859438,2425
51.877358,-85.859438,2456
52.877358,-85.859438,2472
53.877358,-85.859438,2480
54.877358,-85.859438,2488
55.877358,-84.859438,2528
56.877358,-83.859438,2560
57.877358,-83.859438,2576
58.877358,-82.859438,2593
58.877358,-81.859438,2600
59.877358,-80.859438,2608
60.877358,-80.859438,2624
61.877358,-79.859438,2633
62.877358,-78.859438,2648
62.877358,-77.859438,2656
63.877358,-77.859438,2680
64.877358,-76.859438,2688
65.877358,-75.859438,2713
66.877358,-74.859438,2736
66.877358,-73.859438,2768
67.877358,-73.859438,2785
68.877358,-72.859438,2808
69.877358,-71.859438,2824
70.877358,-70.859438,2856
70.877358,-69.859438,2944
71.877358,-69.859438,2976
72.877358,-68.859438,3249
73.877358,-67.859438,3272
74.877358,-66.859438,3297
74.877358,-65.859438,3400
74.877358,-67.859438,3673
73.877358,-68.859438,3696
72.877358,-70.859438,3705
72.877358,-71.859438,3728
71.877358,-73.859438,3745
71.877358,-74.859438,3760
70.877358,-74.859438,3768
70.877358,-75.859438,3776
70.877358,-76.859438,3784
70.877358,-77.859438,3793
70.877358,-78.859438,3808
69.877358,-78.859438,3824
69.877358,-79.859438,3833
69.877358,-80.859438,3841
68.877358,-81.859438,3848
68.877358,-82.859438,3856
68.877358,-83.859438,3873
67.877358,-84.859438,3896
67.877358,-85.859438,3921
67.877358,-86.859438,3953
67.877358,-87.859438,3984
67.877358,-88.859438,4009
67.877358,-89.859438,4081
67.877358,-90.859438,4104
66.877358,-92.859438,4161
66.877358,-93.859438,4512
66.877358,-94.859438,4520
66.877358,-95.859438,4537
BREAK
