START
20.453069,-66.066787,0
19.550542,-66.066787,28
20.453069,-66.066787,299
21.355596,-66.066787,321
22.258123,-65.16426,344
24.063177,-65.16426,366
25.868231,-64.261733,389
26.770758,-64.261733,411
27.673285,-64.261733,434
29.478339,-63.359206,456
30.380866,-63.359206,479
32.185921,-63.359206,502
33.088448,-62.456679,524
34.893502,-62.456679,547
35.796029,-62.456679,573
36.698556,-61.554152,595
38.50361,-61.554152,618
39.406137,-61.554152,641
41.211191,-61.554152,664
42.113718,-61.554152,685
43.918773,-61.554152,708
45.723827,-61.554152,733
46.626354,-61.554152,761
48.431408,-61.554152,781
50.236462,-61.554152,802
52.041516,-61.554152,824
53.84657,-61.554152,844
54.749097,-61.554152,866
56.554152,-61.554152,889
58.359206,-61.554152,911
60.16426,-61.554152,935
61.066787,-61.554152,957
61.969314,-61.554152,979
63.774368,-61.554152,997
64.676895,-61.554152,1020
66.481949,-61.554152,1042
67.384477,-61.554152,1065
69.189531,-61.554152,1087
70.092058,-61.554152,1110
70.994585,-61.554152,1133
71.897112,-61.554152,1155
72.799639,-61.554152,1178
73.702166,-61.554152,1200
75.50722,-61.554152,1223
77.312274,-61.554152,1245
78.214801,-61.554152,1268
79.117329,-61.554152,1290
80.922383,-61.554152,1314
81.82491,-61.554152,1335
82.727437,-61.554152,1358
83.629964,-61.554152,1380
84.532491,-61.554152,1403
85.435018,-61.554152,1425
86.337545,-61.554152,1471
87.240072,-61.554152,1560
BREAK
17.745487,-61.554152,2679
17.745487,-60.651625,2867
17.745487,-59.749097,2889
17.745487,-57.944043,2913
16.84296,-56.138989,2934
16.84296,-55.236462,2957
16.84296,-53.431408,2979
15.940433,-51.626354,3002
15.940433,-48.918773,3024
15.940433,-48.016245,3047
15.940433,-47.113718,3069
15.940433,-45.308664,3092
15.940433,-44.406137,3114
15.940433,-41.698556,3137
15.037906,-39.893502,3159
15.037906,-38.990975,3182
15.037906,-37.185921,3204
15.037906,-35.380866,3227
15.037906,-34.478339,3250
15.037906,-33.575812,3272
15.940433,-31.770758,3295
16.84296,-30.868231,3317
17.745487,-29.063177,3340
18.648014,-28.16065,3364
19.550542,-26.355596,3386
21.355596,-25.453069,3407
22.258123,-24.550542,3430
23.16065,-23.648014,3453
24.965704,-23.648014,3475
25.868231,-22.745487,3498
27.673285,-21.84296,3520
29.478339,-21.84296,3542
31.283394,-21.84296,3565
32.185921,-21.84296,3588
33.088448,-22.745487,3610
33.990975,-22.745487,3633
34.893502,-23.648014,3655
34.893502,-24.550542,3678
35.796029,-26.355596,3700
36.698556,-29.063177,3724
36.698556,-30.868231,3745
36.698556,-32.673285,3768
36.698556,-33.575812,3790
36.698556,-35.380866,3813
36.698556,-37.185921,3836
36.698556,-38.088448,3858
36.698556,-38.990975,3881
36.698556,-40.796029,3903
36.698556,-41.698556,3948
36.698556,-42.601083,3993
36.698556,-43.50361,4038
36.698556,-44.406137,4106
36.698556,-45.308664,4129
36.698556,-46.211191,4151
36.698556,-48.016245,4173
36.698556,-49.8213,4196
37.601083,-50.723827,4218
37.601083,-51.626354,4241
37.601083,-53.431408,4264
37.601083,-54.333935,4286
37.601083,-55.236462,4309
38.50361,-57.041516,4331
38.50361,-57.944043,4377
38.50361,-57.041516,4693
38.50361,-56.138989,4716
38.50361,-54.333935,4739
38.50361,-53.431408,4760
38.50361,-51.626354,4783
38.50361,-50.723827,4806
38.50361,-48.918773,4829
38.50361,-46.211191,4850
38.50361,-45.308664,4873
38.50361,-43.50361,4896
38.50361,-42.601083,4918
38.50361,-40.796029,4941
38.50361,-38.990975,4963
38.50361,-37.185921,4985
38.50361,-35.380866,5008
38.50361,-33.575812,5034
38.50361,-30.868231,5057
38.50361,-29.063177,5080
38.50361,-27.258123,5102
38.50361,-24.550542,5125
39.406137,-23.648014,5149
40.308664,-21.84296,5170
40.308664,-20.940433,5193
41.211191,-20.940433,5216
42.113718,-19.135379,5238
43.016245,-19.135379,5260
44.8213,-18.232852,5283
45.723827,-17.330325,5306
46.626354,-17.330325,5323
48.431408,-17.330325,5346
51.138989,-16.427798,5368
52.944043,-16.427798,5391
55.651625,-16.427798,5414
58.359206,-16.427798,5436
61.066787,-16.427798,5459
62.871841,-17.330325,5481
65.579422,-18.232852,5504
68.287004,-19.135379,5526
70.092058,-20.037906,5549
72.799639,-21.84296,5571
74.604693,-22.745487,5594
75.50722,-23.648014,5616
77.312274,-24.550542,5639
78.214801,-26.355596,5662
80.019856,-27.258123,5685
80.922383,-29.063177,5707
81.82491,-30.868231,5729
82.727437,-33.575812,5752
83.629964,-35.380866,5775
84.532491,-37.185921,5797
84.532491,-38.990975,5820
84.532491,-40.796029,5842
84.532491,-43.50361,5864
84.532491,-46.211191,5887
84.532491,-48.918773,5909
84.532491,-51.626354,5943
84.532491,-53.431408,5957
83.629964,-55.236462,5977
82.727437,-57.041516,6000
82.727437,-57.944043,6023
81.82491,-60.651625,6045
80.922383,-62.456679,6067
80.019856,-62.456679,6090
80.019856,-63.359206,6113
BREAK
