START
38.274633,-34.235061,0
39.102916,-34.235061,8
39.931199,-34.235061,22
40.759482,-34.235061,32
42.416047,-34.235061,48
43.24433,-34.235061,64
44.900896,-34.235061,72
46.557461,-34.235061,80
47.385744,-34.235061,88
49.04231,-34.235061,96
50.698876,-34.235061,105
52.355441,-34.235061,120
53.183724,-34.235061,136
BREAK
47.385744,-34.235061,576
46.557461,-34.235061,696
46.557461,-35.063344,710
45.729179,-35.063344,712
45.729179,-35.891627,720
45.729179,-36.71991,736
45.729179,-38.376476,752
45.729179,-39.204758,760
45.729179,-40.861324,776
45.729179,-41.689607,792
45.729179,-42.51789,800
45.729179,-43.346173,808
45.729179,-44.174455,816
45.729179,-45.002738,826
45.729179,-45.831021,832
45.729179,-46.659304,840
45.729179,-47.487587,848
46.557461,-49.144152,862
47.385744,-49.972435,864
47.385744,-51.629001,872
48.214027,-52.457284,880
49.04231,-53.285567,888
49.04231,-54.113849,901
49.870593,-54.942132,904
BREAK
48.214027,-19.325971,1386
BREAK
