START
40.759482,-40.033041,0
41.587764,-40.033041,130
42.416047,-40.033041,147
44.072613,-40.033041,163
45.729179,-40.033041,180
46.557461,-40.033041,196
47.385744,-40.033041,261
48.214027,-40.033041,310
49.04231,-40.033041,331
49.870593,-40.033041,359
50.698876,-40.033041,505
51.527158,-40.033041,604
52.355441,-40.033041,669
53.183724,-40.033041,702
54.012007,-40.033041,750
54.84029,-40.033041,836
55.668573,-40.033041,880
56.496855,-40.033041,979
BREAK
47.385744,-41.689607,1892
47.385744,-43.346173,2072
47.385744,-45.002738,2088
47.385744,-46.659304,2111
47.385744,-47.487587,2120
47.385744,-48.31587,2136
48.214027,-49.144152,2154
48.214027,-49.972435,2186
48.214027,-50.800718,2253
48.214027,-51.629001,2285
48.214027,-52.457284,2366
49.04231,-53.285567,2381
50.698876,-54.942132,2398
51.527158,-58.255263,2414
52.355441,-59.083546,2431
52.355441,-59.911829,2594
53.183724,-60.740112,2612
54.84029,-62.396678,2626
56.496855,-64.881526,2643
58.153421,-67.366375,2660
58.981704,-68.194657,2675
58.981704,-69.02294,2692
58.981704,-69.851223,2904
BREAK
46.557461,-28.437082,4882
BREAK
