START
56.496855,-62.396678,0
57.325138,-62.396678,125
58.153421,-62.396678,137
58.981704,-63.22496,147
60.638269,-63.22496,155
61.466552,-63.22496,165
62.294835,-63.22496,174
63.951401,-63.22496,184
64.779684,-63.22496,196
65.607966,-63.22496,206
66.436249,-63.22496,233
67.264532,-63.22496,262
68.092815,-63.22496,304
68.921098,-63.22496,330
69.749381,-63.22496,339
70.577663,-63.22496,366
72.234229,-63.22496,395
70.577663,-63.22496,530
69.749381,-63.22496,540
68.092815,-63.22496,549
67.264532,-63.22496,569
65.607966,-63.22496,579
64.779684,-63.22496,593
63.951401,-63.22496,607
62.294835,-63.22496,621
61.466552,-63.22496,648
60.638269,-63.22496,704
60.638269,-64.053243,934
60.638269,-65.709809,961
61.466552,-65.709809,989
61.466552,-66.538092,1018
62.294835,-67.366375,1043
63.123118,-68.194657,1071
63.123118,-69.02294,1099
63.123118,-69.851223,1128
63.951401,-70.679506,1221
63.951401,-71.507789,1249
64.779684,-71.507789,1277
64.779684,-72.336072,1305
64.779684,-73.164354,1333
64.779684,-73.992637,1360
64.779684,-74.82092,1423
65.607966,-75.649203,1481
65.607966,-76.477486,1548
65.607966,-77.305769,1576
65.607966,-78.134051,1713
66.436249,-78.962334,1740
66.436249,-79.790617,1868
66.436249,-80.6189,1896
66.436249,-81.447183,2038
67.264532,-81.447183,2065
67.264532,-82.275465,2237
68.092815,-82.275465,2266
68.092815,-83.103748,2311
68.092815,-83.932031,2338
68.092815,-84.760314,2366
BREAK
66.436249,-63.22496,3083
66.436249,-64.053243,3206
66.436249,-65.709809,3227
66.436249,-66.538092,3254
66.436249,-67.366375,3341
66.436249,-68.194657,3368
BREAK
56.496855,-61.568395,4296
56.496855,-62.396678,4581
55.668573,-62.396678,4780
55.668573,-63.22496,4809
56.496855,-64.053243,4921
57.325138,-64.881526,5030
58.153421,-65.709809,5058
58.981704,-65.709809,5087
59.809987,-65.709809,5114
60.638269,-66.538092,5202
61.466552,-66.538092,5230
62.294835,-66.538092,5258
63.123118,-66.538092,5286
63.951401,-66.538092,5335
BREAK
63.951401,-49.972435,7646
63.123118,-49.972435,7673
62.294835,-49.972435,7725
62.294835,-50.800718,7933
62.294835,-51.629001,8009
63.123118,-51.629001,8039
63.123118,-52.457284,8067
63.951401,-52.457284,8148
63.951401,-53.285567,8181
64.779684,-53.285567,8209
65.607966,-53.285567,8335
66.436249,-52.457284,8420
66.436249,-51.629001,8479
66.436249,-50.800718,8534
66.436249,-49.972435,8631
65.607966,-49.972435,8658
64.779684,-49.144152,8722
63.951401,-49.144152,8779
BREAK
