START
29.622989,-55.723124,0
29.622989,-55.723124,0
29.622989,-55.723124,18
28.749305,-55.723124,22
27.875621,-55.723124,54
27.875621,-55.723124,80
27.001936,-55.723124,87
26.128252,-55.723124,111
26.128252,-54.84944,135
26.128252,-53.975756,142
25.254568,-53.975756,151
25.254568,-53.102071,159
24.380884,-53.102071,167
24.380884,-51.354703,175
24.380884,-50.481019,182
23.5072,-49.607335,191
23.5072,-48.73365,199
23.5072,-46.986282,215
23.5072,-46.112598,231
23.5072,-45.238914,239
23.5072,-43.491545,255
23.5072,-42.617861,270
23.5072,-41.744177,287
23.5072,-40.870492,295
23.5072,-39.996808,319
23.5072,-39.123124,335
23.5072,-38.24944,343
23.5072,-37.375756,375
23.5072,-36.502071,407
24.380884,-36.502071,415
24.380884,-35.628387,430
25.254568,-34.754703,439
26.128252,-34.754703,447
27.001936,-34.754703,455
27.875621,-33.881019,471
29.622989,-33.007335,487
30.496673,-33.007335,503
31.370357,-33.007335,511
32.244042,-33.007335,527
33.117726,-33.007335,535
33.99141,-33.007335,543
34.865094,-33.007335,551
35.738779,-33.007335,558
37.486147,-33.007335,567
38.359831,-33.007335,583
38.359831,-32.13365,615
39.233515,-32.13365,663
40.1072,-32.13365,726
40.1072,-33.007335,735
40.980884,-33.007335,743
40.980884,-33.881019,775
41.854568,-33.881019,791
41.854568,-34.754703,799
41.854568,-35.628387,881
41.854568,-36.502071,929
41.854568,-37.375756,953
41.854568,-38.24944,1024
40.980884,-38.24944,1224
40.1072,-38.24944,1249
40.1072,-37.375756,1257
39.233515,-36.502071,1281
39.233515,-35.628387,1320
39.233515,-33.881019,1337
39.233515,-33.007335,1352
39.233515,-32.13365,1377
39.233515,-31.259966,1400
39.233515,-30.386282,1425
39.233515,-29.512598,1440
39.233515,-28.638914,1449
40.1072,-28.638914,1465
40.1072,-27.765229,1489
40.1072,-26.891545,1513
40.980884,-26.891545,1537
40.980884,-26.017861,1545
41.854568,-26.017861,1569
42.728252,-25.144177,1577
44.475621,-25.144177,1585
46.222989,-25.144177,1593
47.096673,-25.144177,1600
49.717726,-25.144177,1608
49.717726,-24.270492,1617
51.465094,-24.270492,1625
52.338779,-24.270492,1633
53.212463,-24.270492,1640
54.086147,-24.270492,1648
54.959831,-24.270492,1665
55.833515,-24.270492,1697
56.7072,-24.270492,1721
57.580884,-24.270492,1728
58.454568,-24.270492,1737
59.328252,-24.270492,1753
60.201936,-24.270492,1768
61.075621,-24.270492,1776
61.949305,-24.270492,1793
62.822989,-25.144177,1808
63.696673,-25.144177,1825
64.570357,-25.144177,1856
64.570357,-26.017861,1896
64.570357,-26.891545,1929
64.570357,-27.765229,1953
64.570357,-28.638914,1984
64.570357,-29.512598,2001
64.570357,-30.386282,2009
64.570357,-31.259966,2033
64.570357,-32.13365,2049
64.570357,-33.007335,2064
64.570357,-33.881019,2073
64.570357,-34.754703,2089
64.570357,-35.628387,2097
63.696673,-35.628387,2104
63.696673,-36.502071,2113
63.696673,-37.375756,2121
63.696673,-38.24944,2177
62.822989,-38.24944,2192
62.822989,-39.123124,2224
61.949305,-39.123124,2233
61.075621,-39.123124,2249
61.075621,-39.996808,2272
60.201936,-39.996808,2289
59.328252,-40.870492,2305
58.454568,-41.744177,2329
57.580884,-41.744177,2345
56.7072,-41.744177,2361
55.833515,-42.617861,2377
54.959831,-42.617861,2392
54.086147,-43.491545,2432
54.086147,-44.365229,2465
53.212463,-45.238914,2488
53.212463,-46.112598,2497
53.212463,-46.986282,2513
52.338779,-47.859966,2520
52.338779,-48.73365,2529
52.338779,-49.607335,2545
52.338779,-50.481019,2568
52.338779,-51.354703,2585
52.338779,-52.228387,2593
52.338779,-53.102071,2608
52.338779,-53.975756,2617
52.338779,-54.84944,2633
52.338779,-55.723124,2640
52.338779,-56.596808,2665
52.338779,-57.470492,2681
52.338779,-58.344177,2696
52.338779,-59.217861,2705
53.212463,-59.217861,2721
54.086147,-59.217861,2753
54.959831,-59.217861,2801
54.959831,-60.091545,2833
54.959831,-59.217861,2841
55.833515,-59.217861,2848
55.833515,-60.091545,2865
56.7072,-60.091545,2873
58.454568,-60.091545,2881
59.328252,-60.091545,2896
61.075621,-60.091545,2905
61.949305,-60.091545,2921
62.822989,-60.091545,2929
63.696673,-59.217861,2936
64.570357,-59.217861,2944
66.317726,-59.217861,2961
68.065094,-59.217861,2969
69.812463,-59.217861,2976
70.686147,-59.217861,2984
71.559831,-59.217861,2993
BREAK
42.728252,-28.638914,4297
42.728252,-28.638914,4297
42.728252,-28.638914,4331
42.728252,-28.638914,4394
BREAK
56.7072,-24.270492,5376
56.7072,-24.270492,5377
56.7072,-24.270492,5393
55.833515,-24.270492,5424
55.833515,-24.270492,5456
55.833515,-23.396808,5464
54.959831,-23.396808,5480
54.959831,-22.523124,5488
54.959831,-21.64944,5496
54.959831,-20.775756,5528
54.959831,-19.902071,5552
54.959831,-19.028387,5576
54.959831,-18.154703,5592
54.959831,-17.281019,5632
54.959831,-16.407335,5672
54.959831,-15.53365,5712
BREAK
25.254568,-17.281019,6305
25.254568,-17.281019,6305
25.254568,-17.281019,6331
26.128252,-16.407335,6359
27.001936,-16.407335,6376
27.875621,-16.407335,6384
29.622989,-16.407335,6392
29.622989,-16.407335,6395
30.496673,-16.407335,6399
33.117726,-16.407335,6408
34.865094,-16.407335,6416
36.612463,-16.407335,6424
37.486147,-16.407335,6431
39.233515,-16.407335,6439
41.854568,-16.407335,6447
43.601936,-16.407335,6456
45.349305,-16.407335,6464
47.096673,-16.407335,6472
47.970357,-16.407335,6479
48.844042,-16.407335,6488
51.465094,-16.407335,6496
52.338779,-16.407335,6504
53.212463,-16.407335,6512
54.959831,-16.407335,6519
55.833515,-16.407335,6536
57.580884,-16.407335,6544
59.328252,-16.407335,6552
61.075621,-16.407335,6559
62.822989,-16.407335,6567
63.696673,-16.407335,6576
65.444042,-16.407335,6584
65.444042,-15.53365,6592
66.317726,-15.53365,6599
68.065094,-15.53365,6615
68.938779,-15.53365,6632
69.812463,-15.53365,6647
70.686147,-15.53365,6655
71.559831,-15.53365,6664
72.433515,-15.53365,6680
73.3072,-15.53365,6704
74.180884,-15.53365,6720
75.054568,-15.53365,6727
75.928252,-15.53365,6767
76.801936,-15.53365,6792
77.675621,-15.53365,6815
78.549305,-15.53365,6823
79.422989,-15.53365,6848
80.296673,-15.53365,6943
BREAK
