START
18.265094,-31.259966,0
18.265094,-32.13365,25
19.138779,-32.13365,49
20.012463,-32.13365,51
20.886147,-32.13365,56
21.759831,-32.13365,60
22.633515,-32.13365,64
23.5072,-32.13365,66
24.380884,-32.13365,68
26.128252,-32.13365,72
27.001936,-32.13365,76
28.749305,-32.13365,80
30.496673,-32.13365,84
31.370357,-32.13365,88
33.117726,-32.13365,90
33.99141,-32.13365,92
34.865094,-32.13365,94
35.738779,-32.13365,96
36.612463,-32.13365,98
37.486147,-32.13365,100
39.233515,-32.13365,102
40.980884,-32.13365,106
41.854568,-32.13365,108
43.601936,-31.259966,110
44.475621,-31.259966,112
46.222989,-31.259966,114
47.096673,-31.259966,116
47.970357,-31.259966,118
49.717726,-31.259966,120
51.465094,-31.259966,122
52.338779,-31.259966,124
53.212463,-31.259966,127
55.833515,-31.259966,128
56.7072,-31.259966,130
57.580884,-31.259966,132
59.328252,-31.259966,134
60.201936,-31.259966,136
61.075621,-31.259966,138
62.822989,-31.259966,141
63.696673,-31.259966,142
64.570357,-31.259966,144
66.317726,-31.259966,146
67.19141,-31.259966,148
68.065094,-31.259966,150
69.812463,-31.259966,152
70.686147,-31.259966,156
72.433515,-31.259966,158
74.180884,-31.259966,162
75.054568,-31.259966,164
75.928252,-31.259966,166
76.801936,-31.259966,168
77.675621,-31.259966,170
78.549305,-31.259966,172
79.422989,-31.259966,174
80.296673,-31.259966,176
81.170357,-31.259966,178
82.044042,-31.259966,180
82.917726,-31.259966,182
83.79141,-31.259966,184
85.538779,-31.259966,188
86.412463,-31.259966,192
87.286147,-31.259966,197
88.159831,-31.259966,201
88.159831,-30.386282,293
87.286147,-30.386282,303
BREAK
61.075621,-31.259966,813
61.075621,-32.13365,849
61.075621,-33.007335,857
61.075621,-33.881019,861
61.075621,-34.754703,867
61.075621,-35.628387,871
61.075621,-36.502071,877
61.075621,-37.375756,879
61.075621,-38.24944,883
61.075621,-39.123124,887
61.075621,-39.996808,889
61.075621,-40.870492,894
61.075621,-41.744177,898
61.075621,-42.617861,902
61.075621,-43.491545,904
61.075621,-44.365229,908
61.075621,-46.112598,912
61.075621,-46.986282,917
61.075621,-47.859966,923
61.075621,-48.73365,928
61.075621,-49.607335,930
61.075621,-50.481019,936
61.075621,-51.354703,944
61.075621,-52.228387,948
BREAK
44.475621,-72.323124,1504
43.601936,-72.323124,1550
42.728252,-72.323124,1556
41.854568,-72.323124,1562
41.854568,-71.44944,1565
40.980884,-70.575756,1569
40.1072,-70.575756,1577
40.1072,-69.702071,1579
39.233515,-69.702071,1581
38.359831,-69.702071,1587
38.359831,-68.828387,1589
37.486147,-68.828387,1595
36.612463,-68.828387,1597
36.612463,-67.954703,1599
36.612463,-67.081019,1603
35.738779,-67.081019,1605
35.738779,-66.207335,1609
34.865094,-66.207335,1614
33.99141,-64.459966,1618
33.117726,-64.459966,1624
33.117726,-63.586282,1628
32.244042,-63.586282,1635
32.244042,-62.712598,1639
32.244042,-61.838914,1645
31.370357,-61.838914,1659
31.370357,-60.965229,1661
30.496673,-60.965229,1669
30.496673,-60.091545,1674
30.496673,-59.217861,1687
29.622989,-59.217861,1690
29.622989,-58.344177,1692
29.622989,-57.470492,1699
29.622989,-56.596808,1709
29.622989,-55.723124,1712
28.749305,-55.723124,1716
28.749305,-54.84944,1724
28.749305,-53.975756,1734
28.749305,-53.102071,1746
28.749305,-52.228387,1751
28.749305,-51.354703,1760
28.749305,-50.481019,1771
28.749305,-49.607335,1779
28.749305,-48.73365,1792
29.622989,-47.859966,1805
30.496673,-47.859966,1816
30.496673,-46.986282,1818
31.370357,-46.986282,1824
31.370357,-46.112598,1825
32.244042,-46.112598,1839
32.244042,-45.238914,1847
33.117726,-45.238914,1849
33.99141,-45.238914,1857
34.865094,-45.238914,1861
35.738779,-45.238914,1871
36.612463,-45.238914,1879
37.486147,-45.238914,1882
38.359831,-45.238914,1890
39.233515,-45.238914,1895
40.1072,-45.238914,1900
40.980884,-45.238914,1902
41.854568,-45.238914,1908
42.728252,-45.238914,1914
43.601936,-45.238914,1916
44.475621,-45.238914,1925
45.349305,-45.238914,1933
46.222989,-45.238914,1942
47.096673,-45.238914,1946
47.970357,-45.238914,1952
48.844042,-45.238914,1959
48.844042,-46.112598,1961
49.717726,-46.112598,1963
50.59141,-46.112598,1969
50.59141,-46.986282,1974
51.465094,-46.986282,1976
52.338779,-46.986282,1983
53.212463,-47.859966,1989
53.212463,-48.73365,1996
54.086147,-48.73365,1998
54.959831,-48.73365,2008
54.959831,-49.607335,2010
55.833515,-50.481019,2015
56.7072,-50.481019,2030
56.7072,-51.354703,2033
56.7072,-52.228387,2059
56.7072,-53.102071,2071
BREAK
54.959831,-58.344177,2519
55.833515,-58.344177,2525
56.7072,-58.344177,2557
56.7072,-57.470492,2563
56.7072,-56.596808,2577
57.580884,-56.596808,2579
58.454568,-55.723124,2595
59.328252,-54.84944,2601
59.328252,-53.975756,2612
60.201936,-53.975756,2614
61.075621,-53.975756,2621
61.949305,-53.975756,2625
61.949305,-53.102071,2627
62.822989,-53.102071,2631
62.822989,-52.228387,2633
63.696673,-51.354703,2641
64.570357,-51.354703,2646
65.444042,-51.354703,2650
65.444042,-50.481019,2653
66.317726,-50.481019,2657
67.19141,-50.481019,2665
68.065094,-49.607335,2669
68.938779,-49.607335,2674
68.938779,-48.73365,2680
70.686147,-48.73365,2682
71.559831,-48.73365,2687
72.433515,-48.73365,2693
73.3072,-48.73365,2701
74.180884,-48.73365,2706
75.054568,-48.73365,2719
75.928252,-48.73365,2739
75.928252,-49.607335,2741
76.801936,-49.607335,2743
77.675621,-49.607335,2752
77.675621,-50.481019,2757
78.549305,-50.481019,2762
78.549305,-51.354703,2772
79.422989,-51.354703,2774
79.422989,-52.228387,2783
80.296673,-52.228387,2785
80.296673,-53.102071,2789
80.296673,-53.975756,2797
81.170357,-53.975756,2802
81.170357,-54.84944,2807
81.170357,-55.723124,2812
82.044042,-55.723124,2819
82.044042,-56.596808,2821
82.044042,-57.470492,2831
82.044042,-58.344177,2838
82.044042,-59.217861,2842
82.044042,-60.091545,2852
82.044042,-60.965229,2861
82.044042,-61.838914,2865
81.170357,-61.838914,2870
81.170357,-62.712598,2874
81.170357,-63.586282,2879
81.170357,-64.459966,2888
80.296673,-65.33365,2892
79.422989,-65.33365,2901
79.422989,-66.207335,2904
78.549305,-66.207335,2911
78.549305,-67.081019,2918
77.675621,-67.081019,2920
77.675621,-67.954703,2927
76.801936,-67.954703,2929
76.801936,-68.828387,2932
75.928252,-68.828387,2937
75.928252,-69.702071,2941
75.054568,-69.702071,2953
75.054568,-70.575756,2956
74.180884,-71.44944,2961
73.3072,-71.44944,2963
72.433515,-71.44944,2967
72.433515,-72.323124,2972
71.559831,-72.323124,2974
71.559831,-73.196808,2978
70.686147,-73.196808,2980
69.812463,-73.196808,2984
69.812463,-74.070492,2989
68.938779,-74.070492,2991
68.938779,-74.944177,2994
68.065094,-74.944177,3004
68.065094,-75.817861,3006
68.065094,-76.691545,3013
67.19141,-76.691545,3016
67.19141,-77.565229,3018
67.19141,-78.438914,3027
67.19141,-79.312598,3035
66.317726,-79.312598,3037
66.317726,-80.186282,3045
66.317726,-81.059966,3048
66.317726,-81.93365,3057
66.317726,-82.807335,3062
66.317726,-83.681019,3067
66.317726,-84.554703,3082
66.317726,-85.428387,3089
66.317726,-86.302071,3097
67.19141,-86.302071,3102
67.19141,-87.175756,3106
68.065094,-87.175756,3108
68.938779,-87.175756,3119
69.812463,-87.175756,3129
70.686147,-87.175756,3134
71.559831,-87.175756,3140
72.433515,-87.175756,3145
73.3072,-87.175756,3149
74.180884,-87.175756,3150
75.054568,-87.175756,3155
75.928252,-87.175756,3159
76.801936,-87.175756,3160
77.675621,-87.175756,3164
78.549305,-87.175756,3172
78.549305,-88.04944,3178
79.422989,-88.04944,3180
80.296673,-88.04944,3182
81.170357,-88.04944,3190
82.044042,-88.04944,3197
82.917726,-88.04944,3201
83.79141,-88.04944,3213
83.79141,-87.175756,3220
83.79141,-86.302071,3224
84.665094,-86.302071,3229
84.665094,-85.428387,3232
84.665094,-84.554703,3237
84.665094,-83.681019,3245
84.665094,-82.807335,3246
85.538779,-82.807335,3248
85.538779,-81.93365,3255
86.412463,-81.93365,3258
86.412463,-81.059966,3265
86.412463,-80.186282,3273
86.412463,-81.059966,3320
85.538779,-81.059966,3329
83.79141,-81.059966,3339
BREAK
