START
34.108491,-25.281124,0
34.108491,-26.281124,23
34.108491,-27.281124,40
34.108491,-28.281124,56
34.108491,-29.281124,63
33.108491,-29.281124,72
33.108491,-30.281124,80
33.108491,-31.281124,88
33.108491,-32.281124,96
33.108491,-33.281124,103
33.108491,-34.281124,111
32.108491,-35.281124,120
32.108491,-36.281124,128
31.108491,-38.281124,136
31.108491,-39.281124,143
31.108491,-40.281124,151
31.108491,-41.281124,160
31.108491,-43.281124,168
31.108491,-44.281124,176
31.108491,-45.281124,183
31.108491,-46.281124,191
30.108491,-47.281124,200
30.108491,-49.281124,216
30.108491,-50.281124,224
30.108491,-52.281124,240
30.108491,-53.281124,248
29.108491,-53.281124,256
29.108491,-55.281124,264
29.108491,-56.281124,271
29.108491,-57.281124,280
29.108491,-58.281124,288
29.108491,-59.281124,304
29.108491,-61.281124,311
29.108491,-63.281124,328
29.108491,-65.281124,336
29.108491,-66.281124,344
29.108491,-68.281124,351
29.108491,-70.281124,368
29.108491,-71.281124,376
29.108491,-72.281124,391
29.108491,-74.281124,399
29.108491,-76.281124,416
29.108491,-77.281124,424
29.108491,-79.281124,439
29.108491,-80.281124,448
29.108491,-81.281124,456
29.108491,-82.281124,464
29.108491,-83.281124,472
30.108491,-84.281124,479
30.108491,-86.281124,488
31.108491,-87.281124,504
32.108491,-87.281124,512
33.108491,-88.281124,528
34.108491,-89.281124,536
35.108491,-89.281124,552
36.108491,-89.281124,559
37.108491,-89.281124,568
39.108491,-89.281124,584
40.108491,-89.281124,592
41.108491,-89.281124,599
43.108491,-89.281124,607
44.108491,-89.281124,616
46.108491,-89.281124,624
47.108491,-89.281124,632
48.108491,-89.281124,640
49.108491,-89.281124,647
50.108491,-89.281124,656
51.108491,-89.281124,664
52.108491,-89.281124,672
53.108491,-89.281124,680
54.108491,-89.281124,688
55.108491,-89.281124,696
56.108491,-88.281124,712
57.108491,-88.281124,720
58.108491,-87.281124,727
58.108491,-86.281124,744
59.108491,-86.281124,752
60.108491,-85.281124,760
61.108491,-84.281124,784
63.108491,-83.281124,792
63.108491,-82.281124,800
64.108491,-82.281124,808
65.108491,-81.281124,816
65.108491,-80.281124,824
65.108491,-79.281124,832
65.108491,-78.281124,848
65.108491,-77.281124,856
65.108491,-76.281124,872
65.108491,-75.281124,880
65.108491,-74.281124,888
65.108491,-73.281124,904
65.108491,-72.281124,912
65.108491,-71.281124,928
65.108491,-70.281124,935
65.108491,-69.281124,944
64.108491,-68.281124,960
64.108491,-67.281124,968
63.108491,-66.281124,992
63.108491,-65.281124,1000
63.108491,-64.281124,1016
62.108491,-64.281124,1024
62.108491,-63.281124,1032
61.108491,-62.281124,1040
60.108491,-61.281124,1056
59.108491,-61.281124,1072
58.108491,-61.281124,1088
58.108491,-60.281124,1096
57.108491,-60.281124,1104
57.108491,-59.281124,1112
56.108491,-59.281124,1120
55.108491,-58.281124,1128
54.108491,-58.281124,1136
54.108491,-57.281124,1144
53.108491,-57.281124,1152
52.108491,-56.281124,1160
51.108491,-56.281124,1192
51.108491,-55.281124,1200
50.108491,-55.281124,1216
50.108491,-54.281124,1232
49.108491,-54.281124,1248
49.108491,-53.281124,1265
48.108491,-52.281124,1280
48.108491,-51.281124,1312
47.108491,-51.281124,1328
47.108491,-50.281124,1336
47.108491,-49.281124,1352
47.108491,-48.281124,1376
47.108491,-47.281124,1432
48.108491,-47.281124,1456
49.108491,-46.281124,1472
50.108491,-46.281124,1519
51.108491,-46.281124,1576
52.108491,-45.281124,1704
BREAK
