START
28.108491,-27.281124,0
29.108491,-27.281124,26
30.108491,-27.281124,87
32.108491,-27.281124,112
33.108491,-27.281124,136
34.108491,-27.281124,148
35.108491,-27.281124,161
36.108491,-27.281124,173
36.108491,-28.281124,199
36.108491,-29.281124,211
37.108491,-30.281124,224
37.108491,-33.281124,237
37.108491,-36.281124,247
37.108491,-41.281124,260
37.108491,-45.281124,273
37.108491,-50.281124,284
37.108491,-54.281124,298
37.108491,-56.281124,310
37.108491,-57.281124,323
37.108491,-58.281124,336
37.108491,-60.281124,347
37.108491,-62.281124,359
37.108491,-63.281124,373
37.108491,-64.281124,384
37.108491,-65.281124,396
37.108491,-67.281124,408
37.108491,-68.281124,421
37.108491,-69.281124,433
37.108491,-72.281124,445
38.108491,-73.281124,458
38.108491,-74.281124,471
38.108491,-76.281124,482
39.108491,-76.281124,495
39.108491,-77.281124,508
40.108491,-79.281124,545
41.108491,-79.281124,556
41.108491,-80.281124,569
41.108491,-81.281124,581
42.108491,-81.281124,594
42.108491,-82.281124,619
43.108491,-83.281124,669
43.108491,-84.281124,692
44.108491,-84.281124,704
45.108491,-84.281124,718
45.108491,-85.281124,730
46.108491,-85.281124,768
48.108491,-85.281124,805
49.108491,-85.281124,829
50.108491,-85.281124,853
50.108491,-84.281124,866
50.108491,-83.281124,879
51.108491,-83.281124,903
52.108491,-82.281124,928
52.108491,-81.281124,940
54.108491,-80.281124,953
54.108491,-79.281124,964
55.108491,-78.281124,977
56.108491,-76.281124,990
56.108491,-75.281124,1002
57.108491,-74.281124,1013
58.108491,-73.281124,1039
59.108491,-73.281124,1052
59.108491,-72.281124,1064
60.108491,-71.281124,1076
60.108491,-70.281124,1102
60.108491,-67.281124,1151
61.108491,-66.281124,1163
61.108491,-65.281124,1176
61.108491,-64.281124,1226
61.108491,-63.281124,1275
61.108491,-62.281124,1289
60.108491,-62.281124,1311
59.108491,-61.281124,1337
58.108491,-60.281124,1374
58.108491,-59.281124,1386
57.108491,-59.281124,1411
57.108491,-58.281124,1423
56.108491,-56.281124,1448
55.108491,-56.281124,1460
55.108491,-55.281124,1472
55.108491,-54.281124,1485
54.108491,-53.281124,1497
54.108491,-52.281124,1509
54.108491,-51.281124,1548
54.108491,-50.281124,1560
54.108491,-49.281124,1572
54.108491,-48.281124,1596
54.108491,-47.281124,1633
54.108491,-46.281124,1658
55.108491,-46.281124,1670
55.108491,-45.281124,1683
56.108491,-45.281124,1695
56.108491,-44.281124,1720
57.108491,-44.281124,1732
58.108491,-44.281124,1744
BREAK
