START
53.877358,-22.859438,0
43.877358,-28.859438,158
42.877358,-29.859438,167
42.877358,-31.859438,176
41.877358,-33.859438,186
40.877358,-35.859438,195
40.877358,-36.859438,204
39.877358,-38.859438,214
39.877358,-40.859438,223
39.877358,-41.859438,232
39.877358,-43.859438,242
39.877358,-45.859438,251
39.877358,-46.859438,260
39.877358,-48.859438,270
39.877358,-49.859438,279
39.877358,-51.859438,288
40.877358,-53.859438,298
41.877358,-54.859438,307
41.877358,-55.859438,316
41.877358,-56.859438,325
42.877358,-57.859438,335
43.877358,-58.859438,344
44.877358,-58.859438,353
45.877358,-59.859438,363
46.877358,-60.859438,373
47.877358,-61.859438,381
49.877358,-61.859438,391
51.877358,-61.859438,400
52.877358,-61.859438,409
53.877358,-61.859438,419
55.877358,-61.859438,428
58.877358,-61.859438,437
60.877358,-61.859438,447
63.877358,-62.859438,456
66.877358,-62.859438,465
67.877358,-62.859438,475
69.877358,-62.859438,484
70.877358,-62.859438,503
71.877358,-62.859438,512
71.877358,-61.859438,521
71.877358,-60.859438,530
72.877358,-59.859438,540
72.877358,-58.859438,549
72.877358,-57.859438,559
72.877358,-55.859438,577
72.877358,-54.859438,586
72.877358,-53.859438,596
72.877358,-52.859438,605
72.877358,-50.859438,614
72.877358,-48.859438,624
72.877358,-46.859438,633
72.877358,-44.859438,643
72.877358,-41.859438,652
72.877358,-40.859438,661
72.877358,-38.859438,670
72.877358,-37.859438,680
72.877358,-36.859438,689
72.877358,-35.859438,698
72.877358,-34.859438,717
71.877358,-32.859438,745
71.877358,-31.859438,754
70.877358,-30.859438,764
69.877358,-28.859438,782
68.877358,-27.859438,792
67.877358,-25.859438,801
66.877358,-25.859438,810
65.877358,-24.859438,819
65.877358,-23.859438,829
64.877358,-23.859438,847
63.877358,-22.859438,857
62.877358,-22.859438,866
61.877358,-22.859438,885
60.877358,-22.859438,922
58.877358,-22.859438,941
57.877358,-22.859438,950
56.877358,-22.859438,959
55.877358,-22.859438,969
54.877358,-23.859438,978
53.877358,-25.859438,987
52.877358,-26.859438,997
51.877358,-27.859438,1006
50.877358,-27.859438,1015
50.877358,-29.859438,1025
49.877358,-30.859438,1034
BREAK
68.877358,-63.859438,1695
69.877358,-63.859438,1732
70.877358,-63.859438,1760
71.877358,-63.859438,1834
72.877358,-63.859438,1862
73.877358,-63.859438,1871
74.877358,-63.859438,1918
75.877358,-63.859438,1937
76.877358,-63.859438,1946
77.877358,-63.859438,1955
78.877358,-63.859438,1974
79.877358,-63.859438,1983
80.877358,-63.859438,2039
81.877358,-63.859438,2058
82.877358,-62.859438,2142
82.877358,-61.859438,2160
82.877358,-60.859438,2170
82.877358,-59.859438,2188
82.877358,-58.859438,2197
82.877358,-57.859438,2235
82.877358,-56.859438,2253
82.877358,-55.859438,2291
82.877358,-54.859438,2347
BREAK
