START
51.254717,-19.827309,0
50.254717,-19.827309,23
49.254717,-20.827309,79
49.254717,-21.827309,95
49.254717,-23.827309,103
49.254717,-24.827309,127
50.254717,-25.827309,152
50.254717,-26.827309,175
51.254717,-26.827309,183
52.254717,-26.827309,287
53.254717,-26.827309,295
53.254717,-23.827309,335
54.254717,-20.827309,352
52.254717,-19.827309,592
50.254717,-19.827309,623
50.254717,-20.827309,631
49.254717,-21.827309,655
48.254717,-22.827309,663
48.254717,-23.827309,735
48.254717,-24.827309,751
49.254717,-25.827309,815
49.254717,-26.827309,832
50.254717,-26.827309,839
51.254717,-28.827309,847
52.254717,-28.827309,855
53.254717,-28.827309,887
54.254717,-28.827309,895
55.254717,-28.827309,919
57.254717,-28.827309,927
58.254717,-28.827309,959
59.254717,-26.827309,999
59.254717,-25.827309,1013
59.254717,-24.827309,1032
59.254717,-23.827309,1048
59.254717,-22.827309,1072
59.254717,-21.827309,1080
59.254717,-20.827309,1095
57.254717,-18.827309,1152
56.254717,-18.827309,1159
55.254717,-18.827309,1167
54.254717,-18.827309,1183
52.254717,-18.827309,1192
50.254717,-18.827309,1200
49.254717,-18.827309,1208
48.254717,-18.827309,1215
47.254717,-19.827309,1287
46.254717,-20.827309,1295
45.254717,-20.827309,1327
46.254717,-21.827309,1472
48.254717,-21.827309,1528
51.254717,-21.827309,1575
53.254717,-21.827309,1672
51.254717,-21.827309,1783
50.254717,-22.827309,1792
49.254717,-22.827309,1815
48.254717,-22.827309,1823
47.254717,-22.827309,1839
46.254717,-22.827309,1847
45.254717,-22.827309,1879
43.254717,-22.827309,1888
42.254717,-22.827309,1912
41.254717,-22.827309,1935
39.254717,-22.827309,1943
36.254717,-22.827309,1959
35.254717,-22.827309,1992
34.254717,-22.827309,2011
31.254717,-23.827309,2024
31.254717,-24.827309,2072
30.254717,-26.827309,2152
30.254717,-27.827309,2175
29.254717,-28.827309,2192
29.254717,-29.827309,2279
28.254717,-30.827309,2288
28.254717,-31.827309,2312
28.254717,-32.827309,2319
28.254717,-34.827309,2368
28.254717,-35.827309,2383
28.254717,-36.827309,2408
28.254717,-37.827309,2415
28.254717,-38.827309,2448
28.254717,-39.827309,2456
28.254717,-40.827309,2472
28.254717,-43.827309,2479
28.254717,-44.827309,2568
28.254717,-45.827309,2600
29.254717,-46.827309,2624
29.254717,-47.827309,2656
29.254717,-48.827309,2680
29.254717,-50.827309,2704
29.254717,-51.827309,2736
29.254717,-52.827309,2752
29.254717,-53.827309,2759
30.254717,-54.827309,2784
30.254717,-57.827309,2792
31.254717,-59.827309,2816
31.254717,-62.827309,2880
31.254717,-63.827309,2904
31.254717,-65.827309,2928
31.254717,-68.827309,2952
31.254717,-71.827309,3013
32.254717,-71.827309,3048
33.254717,-72.827309,3056
35.254717,-72.827309,3080
36.254717,-74.827309,3104
37.254717,-74.827309,3128
39.254717,-74.827309,3144
41.254717,-75.827309,3152
43.254717,-75.827309,3160
46.254717,-77.827309,3176
47.254717,-78.827309,3183
48.254717,-78.827309,3216
49.254717,-79.827309,3256
51.254717,-79.827309,3440
54.254717,-79.827309,3464
57.254717,-79.827309,3488
58.254717,-79.827309,3528
60.254717,-79.827309,3544
63.254717,-79.827309,3624
65.254717,-77.827309,3672
67.254717,-76.827309,3728
68.254717,-76.827309,3744
69.254717,-76.827309,3752
71.254717,-75.827309,3776
73.254717,-74.827309,3800
74.254717,-74.827309,3816
75.254717,-72.827309,3888
75.254717,-70.827309,3912
75.254717,-69.827309,3944
75.254717,-68.827309,3952
75.254717,-67.827309,4000
75.254717,-65.827309,4013
75.254717,-64.827309,4032
75.254717,-62.827309,4080
75.254717,-61.827309,4152
75.254717,-60.827309,4160
73.254717,-59.827309,4192
73.254717,-57.827309,4200
73.254717,-56.827309,4216
72.254717,-54.827309,4240
71.254717,-54.827309,4256
71.254717,-51.827309,4288
70.254717,-50.827309,4312
69.254717,-50.827309,4320
68.254717,-49.827309,4344
66.254717,-48.827309,4360
65.254717,-47.827309,4376
64.254717,-46.827309,4384
62.254717,-46.827309,4392
59.254717,-44.827309,4400
58.254717,-43.827309,4408
57.254717,-43.827309,4416
57.254717,-42.827309,4472
56.254717,-41.827309,4520
54.254717,-41.827309,4544
53.254717,-41.827309,4576
52.254717,-40.827309,4584
51.254717,-40.827309,4592
50.254717,-40.827309,4616
49.254717,-40.827309,4624
48.254717,-40.827309,4664
46.254717,-40.827309,4672
45.254717,-40.827309,4696
44.254717,-40.827309,4704
43.254717,-41.827309,4720
42.254717,-42.827309,4824
42.254717,-44.827309,4872
41.254717,-44.827309,4896
40.254717,-44.827309,4928
38.254717,-47.827309,4964
38.254717,-49.827309,5048
38.254717,-50.827309,5064
38.254717,-53.827309,5200
39.254717,-53.827309,5208
41.254717,-54.827309,5216
44.254717,-54.827309,5224
45.254717,-55.827309,5232
46.254717,-56.827309,5240
50.254717,-56.827309,5248
50.254717,-59.827309,5256
51.254717,-59.827309,5264
52.254717,-59.827309,5272
53.254717,-59.827309,5280
54.254717,-59.827309,5296
56.254717,-59.827309,5304
57.254717,-60.827309,5321
59.254717,-60.827309,5328
62.254717,-60.827309,5352
64.254717,-60.827309,5368
65.254717,-61.827309,5384
68.254717,-61.827309,5392
70.254717,-61.827309,5472
73.254717,-61.827309,5504
75.254717,-61.827309,5528
77.254717,-59.827309,5536
79.254717,-58.827309,5584
82.254717,-58.827309,5680
84.254717,-58.827309,5704
85.254717,-58.827309,5728
88.254717,-58.827309,5737
90.254717,-58.827309,5744
93.254717,-58.827309,5752
94.254717,-57.827309,5760
96.254717,-57.827309,5776
BREAK
