START
42.061321,-17.718876,0
42.061321,-18.718876,279
42.061321,-19.718876,291
42.061321,-20.718876,303
42.061321,-21.718876,316
42.061321,-23.718876,341
42.061321,-24.718876,365
42.061321,-25.718876,377
42.061321,-26.718876,404
42.061321,-27.718876,414
42.061321,-29.718876,425
42.061321,-30.718876,449
42.061321,-31.718876,461
42.061321,-32.718876,474
42.061321,-34.718876,485
42.061321,-36.718876,498
42.061321,-37.718876,510
42.061321,-38.718876,534
42.061321,-39.718876,546
42.061321,-40.718876,947
42.061321,-41.718876,959
42.061321,-42.718876,971
42.061321,-43.718876,983
42.061321,-44.718876,998
42.061321,-45.718876,1009
42.061321,-46.718876,1020
42.061321,-47.718876,1044
42.061321,-48.718876,1069
42.061321,-49.718876,1082
42.061321,-50.718876,1093
42.061321,-51.718876,1105
42.061321,-52.718876,1117
42.061321,-53.718876,1141
42.061321,-54.718876,1167
42.061321,-56.718876,1191
42.061321,-57.718876,1217
42.061321,-58.718876,1239
42.061321,-59.718876,1263
42.061321,-60.718876,1279
42.061321,-61.718876,1299
42.061321,-62.718876,1323
42.061321,-63.718876,1361
42.061321,-64.718876,1386
42.061321,-65.718876,1436
42.061321,-66.718876,1505
42.061321,-67.718876,1555
42.061321,-68.718876,1567
42.061321,-69.718876,1615
42.061321,-70.718876,1664
42.061321,-71.718876,1763
42.061321,-72.718876,1847
42.061321,-73.718876,1955
42.061321,-74.718876,2028
42.061321,-75.718876,2076
BREAK
30.061321,-75.718876,2970
31.061321,-75.718876,3049
32.061321,-75.718876,3074
33.061321,-75.718876,3097
34.061321,-75.718876,3123
35.061321,-75.718876,3146
36.061321,-75.718876,3185
37.061321,-75.718876,3219
38.061321,-75.718876,3244
39.061321,-75.718876,3280
40.061321,-75.718876,3303
41.061321,-75.718876,3353
42.061321,-75.718876,3365
43.061321,-75.718876,3404
44.061321,-75.718876,3438
45.061321,-75.718876,3486
46.061321,-75.718876,3498
47.061321,-75.718876,3608
BREAK
32.061321,-21.718876,5191
33.061321,-21.718876,5373
33.061321,-20.718876,5394
34.061321,-20.718876,5418
35.061321,-20.718876,5443
36.061321,-20.718876,5467
36.061321,-19.718876,5478
37.061321,-19.718876,5515
38.061321,-19.718876,5540
39.061321,-19.718876,5591
40.061321,-18.718876,5650
41.061321,-18.718876,5759
42.061321,-18.718876,5843
BREAK
45.061321,-44.718876,7171
46.061321,-44.718876,7498
47.061321,-44.718876,7520
48.061321,-43.718876,7533
49.061321,-43.718876,7545
50.061321,-43.718876,7568
51.061321,-43.718876,7593
52.061321,-43.718876,7606
53.061321,-43.718876,7618
54.061321,-43.718876,7642
56.061321,-43.718876,7666
57.061321,-43.718876,7690
58.061321,-43.718876,7716
59.061321,-43.718876,7739
60.061321,-43.718876,7751
61.061321,-43.718876,7813
62.061321,-43.718876,7873
63.061321,-43.718876,7921
64.061321,-43.718876,7935
65.061321,-43.718876,7970
65.061321,-44.718876,7995
66.061321,-44.718876,8019
66.061321,-45.718876,8067
66.061321,-46.718876,8092
66.061321,-47.718876,8141
66.061321,-48.718876,8165
66.061321,-50.718876,8189
66.061321,-51.718876,8213
66.061321,-52.718876,8225
66.061321,-53.718876,8237
66.061321,-55.718876,8249
66.061321,-57.718876,8261
66.061321,-58.718876,8286
66.061321,-60.718876,8298
66.061321,-61.718876,8324
66.061321,-62.718876,8383
66.061321,-63.718876,8444
66.061321,-64.718876,8772
66.061321,-65.718876,8784
66.061321,-66.718876,8810
66.061321,-67.718876,8833
66.061321,-68.718876,8845
66.061321,-69.718876,8869
66.061321,-70.718876,8919
66.061321,-71.718876,8955
66.061321,-72.718876,8979
66.061321,-76.718876,9190
66.061321,-77.718876,9221
66.061321,-78.718876,9293
BREAK
59.061321,-78.718876,10037
60.061321,-78.718876,10096
61.061321,-78.718876,10122
61.061321,-77.718876,10133
62.061321,-77.718876,10157
63.061321,-77.718876,10193
64.061321,-77.718876,10205
65.061321,-77.718876,10230
66.061321,-76.718876,10285
67.061321,-76.718876,10324
68.061321,-76.718876,10341
69.061321,-76.718876,10430
70.061321,-76.718876,10477
72.061321,-76.718876,10513
73.061321,-76.718876,10549
74.061321,-76.718876,10562
75.061321,-76.718876,10573
BREAK
