START
27.875621,-25.144177,0
30.496673,-25.144177,205
32.244042,-25.144177,214
34.865094,-25.144177,223
37.486147,-25.144177,232
40.980884,-25.144177,242
43.601936,-25.144177,251
45.349305,-25.144177,261
47.096673,-25.144177,270
47.970357,-25.144177,279
48.844042,-25.144177,298
49.717726,-25.144177,307
50.59141,-25.144177,317
51.465094,-25.144177,326
52.338779,-25.144177,345
54.086147,-25.144177,354
54.959831,-25.144177,363
55.833515,-25.144177,372
57.580884,-25.144177,382
59.328252,-25.144177,391
61.075621,-25.144177,400
62.822989,-25.144177,410
64.570357,-25.144177,419
65.444042,-25.144177,429
66.317726,-25.144177,438
67.19141,-25.144177,447
68.065094,-25.144177,457
68.938779,-25.144177,466
69.812463,-25.144177,513
70.686147,-25.144177,522
71.559831,-25.144177,531
72.433515,-25.144177,541
73.3072,-25.144177,559
74.180884,-25.144177,587
75.054568,-25.144177,727
BREAK
55.833515,-27.765229,1521
55.833515,-28.638914,1660
55.833515,-29.512598,1678
55.833515,-30.386282,1688
55.833515,-31.259966,1707
55.833515,-32.13365,1725
55.833515,-33.007335,1734
55.833515,-33.881019,1744
55.833515,-34.754703,1753
54.959831,-34.754703,1977
54.086147,-34.754703,1986
52.338779,-34.754703,1996
50.59141,-34.754703,2005
49.717726,-34.754703,2014
47.970357,-34.754703,2024
45.349305,-34.754703,2033
43.601936,-34.754703,2042
40.980884,-34.754703,2052
40.1072,-34.754703,2061
37.486147,-34.754703,2070
36.612463,-34.754703,2080
34.865094,-34.754703,2089
33.117726,-34.754703,2098
32.244042,-34.754703,2108
30.496673,-34.754703,2117
29.622989,-34.754703,2135
28.749305,-34.754703,2145
27.875621,-34.754703,2154
27.001936,-34.754703,2173
26.128252,-35.628387,2192
26.128252,-36.502071,2220
26.128252,-37.375756,2229
26.128252,-38.24944,2238
25.254568,-38.24944,2248
24.380884,-39.996808,2266
23.5072,-41.744177,2285
23.5072,-42.617861,2294
22.633515,-43.491545,2303
22.633515,-44.365229,2322
22.633515,-45.238914,2332
22.633515,-46.112598,2341
21.759831,-47.859966,2350
21.759831,-48.73365,2378
21.759831,-49.607335,2388
21.759831,-50.481019,2397
21.759831,-52.228387,2416
21.759831,-53.102071,2434
21.759831,-54.84944,2453
21.759831,-55.723124,2462
21.759831,-56.596808,2472
21.759831,-57.470492,2481
21.759831,-59.217861,2499
22.633515,-60.091545,2509
22.633515,-60.965229,2518
22.633515,-61.838914,2537
22.633515,-62.712598,2574
23.5072,-63.586282,2593
24.380884,-64.459966,2602
25.254568,-65.33365,2612
26.128252,-65.33365,2630
26.128252,-66.207335,2658
27.001936,-66.207335,2668
27.875621,-66.207335,2686
28.749305,-66.207335,2696
29.622989,-66.207335,2705
31.370357,-66.207335,2714
31.370357,-67.081019,2724
32.244042,-67.081019,2733
33.99141,-67.081019,2742
34.865094,-67.081019,2761
35.738779,-67.081019,2770
36.612463,-67.081019,2780
37.486147,-67.081019,2789
38.359831,-67.081019,2798
40.1072,-67.081019,2808
41.854568,-67.081019,2817
43.601936,-67.081019,2826
45.349305,-67.081019,2836
47.096673,-67.081019,2854
47.970357,-67.081019,2864
48.844042,-67.081019,2873
49.717726,-67.081019,2882
51.465094,-67.081019,2901
52.338779,-67.081019,2910
53.212463,-67.081019,2920
54.086147,-67.081019,2929
54.959831,-66.207335,2938
57.580884,-65.33365,2948
58.454568,-64.459966,2957
60.201936,-64.459966,2966
61.075621,-63.586282,2976
61.949305,-63.586282,2985
62.822989,-62.712598,2994
63.696673,-62.712598,3004
63.696673,-61.838914,3013
63.696673,-60.965229,3022
64.570357,-60.965229,3041
64.570357,-60.091545,3050
64.570357,-59.217861,3060
64.570357,-58.344177,3078
64.570357,-57.470492,3097
64.570357,-56.596808,3125
64.570357,-55.723124,3162
63.696673,-54.84944,3181
62.822989,-54.84944,3246
61.949305,-54.84944,3284
61.075621,-54.84944,3293
60.201936,-54.84944,3312
59.328252,-54.84944,3358
58.454568,-54.84944,3386
58.454568,-55.723124,3433
58.454568,-56.596808,3452
58.454568,-57.470492,3470
58.454568,-58.344177,3480
58.454568,-59.217861,3498
58.454568,-60.091545,3508
58.454568,-60.965229,3517
58.454568,-61.838914,3526
59.328252,-63.586282,3545
60.201936,-64.459966,3554
61.075621,-65.33365,3564
61.075621,-66.207335,3573
61.075621,-67.081019,3592
61.075621,-67.954703,3620
61.075621,-68.828387,3648
61.075621,-69.702071,3666
61.075621,-70.575756,3695
61.075621,-71.44944,3788
61.075621,-72.323124,3835
61.075621,-73.196808,3853
61.075621,-74.070492,3881
61.075621,-74.944177,3909
61.075621,-75.817861,3956
61.075621,-76.691545,3984
61.075621,-77.565229,4077
61.075621,-78.438914,4221
BREAK
