START
19.138779,-22.523124,0
20.012463,-22.523124,121
20.886147,-22.523124,138
23.5072,-22.523124,154
26.128252,-22.523124,171
30.496673,-22.523124,188
34.865094,-22.523124,205
39.233515,-22.523124,221
42.728252,-22.523124,238
46.222989,-22.523124,255
49.717726,-22.523124,272
54.086147,-22.523124,288
55.833515,-22.523124,306
57.580884,-22.523124,322
59.328252,-22.523124,338
61.075621,-22.523124,355
62.822989,-22.523124,372
65.444042,-22.523124,388
67.19141,-22.523124,405
68.938779,-22.523124,422
69.812463,-22.523124,439
70.686147,-22.523124,456
72.433515,-22.523124,489
73.3072,-22.523124,506
74.180884,-22.523124,539
75.928252,-21.64944,556
76.801936,-21.64944,589
77.675621,-21.64944,606
78.549305,-21.64944,623
79.422989,-21.64944,640
80.296673,-21.64944,673
81.170357,-21.64944,706
82.044042,-20.775756,740
82.917726,-20.775756,790
83.79141,-20.775756,924
BREAK
55.833515,-25.144177,2032
55.833515,-26.017861,2162
55.833515,-26.891545,2178
55.833515,-28.638914,2195
55.833515,-29.512598,2212
55.833515,-30.386282,2229
55.833515,-32.13365,2245
55.833515,-33.007335,2262
55.833515,-33.881019,2279
55.833515,-34.754703,2312
56.7072,-36.502071,2346
56.7072,-37.375756,2362
56.7072,-39.123124,2379
56.7072,-39.996808,2396
56.7072,-40.870492,2446
56.7072,-41.744177,2496
56.7072,-40.870492,2697
55.833515,-40.870492,2747
55.833515,-39.996808,2764
54.959831,-39.996808,2781
54.959831,-39.123124,2797
53.212463,-39.123124,2814
52.338779,-39.123124,2831
51.465094,-39.123124,2848
50.59141,-39.123124,2864
49.717726,-39.123124,2881
48.844042,-39.123124,2914
47.970357,-39.123124,2931
47.096673,-39.123124,2948
46.222989,-39.123124,2965
44.475621,-39.123124,2981
43.601936,-39.123124,2998
42.728252,-39.123124,3015
41.854568,-39.123124,3032
40.980884,-39.123124,3048
40.1072,-39.996808,3065
39.233515,-39.996808,3098
38.359831,-39.996808,3115
37.486147,-40.870492,3149
36.612463,-40.870492,3165
35.738779,-41.744177,3182
34.865094,-41.744177,3199
34.865094,-43.491545,3216
33.99141,-44.365229,3232
33.99141,-45.238914,3249
32.244042,-45.238914,3266
32.244042,-46.986282,3282
31.370357,-47.859966,3299
30.496673,-48.73365,3316
30.496673,-49.607335,3333
28.749305,-51.354703,3349
28.749305,-52.228387,3366
28.749305,-53.102071,3383
28.749305,-53.975756,3400
28.749305,-54.84944,3416
28.749305,-55.723124,3433
28.749305,-57.470492,3450
28.749305,-59.217861,3467
28.749305,-60.091545,3483
28.749305,-61.838914,3500
29.622989,-63.586282,3517
29.622989,-65.33365,3533
31.370357,-67.081019,3550
32.244042,-68.828387,3567
33.117726,-70.575756,3584
33.117726,-72.323124,3600
33.99141,-73.196808,3617
33.99141,-74.070492,3634
35.738779,-74.944177,3667
37.486147,-74.944177,3684
38.359831,-74.944177,3701
40.1072,-76.691545,3717
40.980884,-76.691545,3734
42.728252,-78.438914,3751
44.475621,-78.438914,3768
47.096673,-78.438914,3784
48.844042,-78.438914,3801
51.465094,-78.438914,3818
54.959831,-78.438914,3835
57.580884,-78.438914,3851
61.075621,-78.438914,3868
63.696673,-77.565229,3885
66.317726,-76.691545,3902
67.19141,-75.817861,3918
68.938779,-74.944177,3935
70.686147,-74.944177,3952
70.686147,-74.070492,3968
72.433515,-74.070492,3985
72.433515,-72.323124,4019
72.433515,-71.44944,4069
BREAK
68.938779,-67.081019,4728
70.686147,-67.954703,4838
73.3072,-69.702071,4855
75.928252,-70.575756,4872
77.675621,-72.323124,4888
78.549305,-73.196808,4905
79.422989,-73.196808,4922
79.422989,-74.070492,4938
80.296673,-74.944177,4972
81.170357,-74.944177,4989
81.170357,-75.817861,5005
82.917726,-75.817861,5022
83.79141,-76.691545,5039
83.79141,-77.565229,5056
85.538779,-77.565229,5072
86.412463,-77.565229,5089
86.412463,-79.312598,5106
87.286147,-79.312598,5156
88.159831,-79.312598,5206
89.033515,-80.186282,5256
89.9072,-80.186282,5507
BREAK
