START
72.880711,-22.980827,0
72.880711,-23.88438,159
71.977157,-23.88438,167
71.977157,-24.787933,175
71.073604,-24.787933,183
71.073604,-25.691487,191
71.073604,-26.59504,207
71.073604,-27.498593,215
71.073604,-28.402147,239
70.170051,-28.402147,255
70.170051,-29.3057,271
69.266497,-29.3057,287
69.266497,-30.209253,335
69.266497,-31.112807,351
69.266497,-32.01636,367
69.266497,-32.919913,391
69.266497,-33.823466,399
68.362944,-33.823466,407
68.362944,-34.72702,416
68.362944,-35.630573,439
68.362944,-36.534126,471
68.362944,-37.43768,479
68.362944,-38.341233,503
68.362944,-39.244786,535
69.266497,-39.244786,543
69.266497,-40.14834,551
69.266497,-41.051893,567
69.266497,-41.955446,583
69.266497,-42.858999,607
69.266497,-43.762553,623
69.266497,-44.666106,631
69.266497,-45.569659,647
69.266497,-46.473213,663
69.266497,-47.376766,687
69.266497,-48.280319,695
69.266497,-49.183873,711
69.266497,-50.087426,743
69.266497,-50.990979,767
69.266497,-51.894532,775
69.266497,-52.798086,791
69.266497,-53.701639,815
69.266497,-54.605192,855
69.266497,-55.508746,879
69.266497,-56.412299,887
70.170051,-57.315852,911
70.170051,-58.219406,935
70.170051,-59.122959,959
70.170051,-60.026512,967
70.170051,-60.930065,983
70.170051,-61.833619,999
70.170051,-62.737172,1023
70.170051,-63.640725,1031
71.073604,-63.640725,1047
71.073604,-64.544279,1055
71.073604,-65.447832,1079
71.073604,-66.351385,1103
71.073604,-67.254939,1111
71.073604,-68.158492,1135
71.073604,-69.062045,1159
71.073604,-70.869152,1183
71.073604,-71.772705,1256
71.977157,-71.772705,1271
72.880711,-72.676258,1287
73.784264,-73.579812,1311
73.784264,-74.483365,1335
74.687817,-74.483365,1343
75.591371,-74.483365,1375
76.494924,-74.483365,1391
77.398477,-74.483365,1415
77.398477,-75.386918,1423
78.30203,-75.386918,1432
79.205584,-75.386918,1464
80.109137,-75.386918,1471
81.01269,-75.386918,1512
81.916244,-74.483365,1536
82.819797,-74.483365,1552
83.72335,-74.483365,1560
84.626904,-73.579812,1568
85.530457,-73.579812,1583
85.530457,-72.676258,1600
86.43401,-72.676258,1608
87.337563,-72.676258,1616
87.337563,-71.772705,1632
87.337563,-70.869152,1648
88.241117,-70.869152,1656
88.241117,-69.965598,1664
88.241117,-69.062045,1680
88.241117,-68.158492,1712
88.241117,-67.254939,1808
BREAK
49.388325,-36.534126,2927
48.484772,-36.534126,2983
48.484772,-37.43768,2991
47.581218,-38.341233,3007
47.581218,-39.244786,3031
47.581218,-40.14834,3047
47.581218,-41.051893,3079
47.581218,-41.955446,3111
47.581218,-42.858999,3135
47.581218,-43.762553,3151
47.581218,-44.666106,3183
48.484772,-45.569659,3199
48.484772,-46.473213,3223
48.484772,-47.376766,3231
47.581218,-47.376766,3247
47.581218,-48.280319,3255
47.581218,-49.183873,3279
48.484772,-49.183873,3287
48.484772,-50.087426,3295
48.484772,-50.990979,3311
49.388325,-50.990979,3319
49.388325,-51.894532,3327
50.291878,-52.798086,3375
51.195431,-53.701639,3399
52.098985,-53.701639,3407
52.098985,-54.605192,3415
53.002538,-54.605192,3423
53.906091,-55.508746,3439
54.809645,-55.508746,3455
55.713198,-56.412299,3463
56.616751,-56.412299,3479
57.520305,-56.412299,3495
57.520305,-57.315852,3503
58.423858,-57.315852,3511
59.327411,-57.315852,3527
60.230964,-57.315852,3543
61.134518,-57.315852,3559
61.134518,-56.412299,3575
61.134518,-55.508746,3599
62.038071,-55.508746,3607
62.941624,-55.508746,3623
62.941624,-54.605192,3647
63.845178,-54.605192,3671
64.748731,-53.701639,3703
65.652284,-52.798086,3727
66.555838,-52.798086,3735
66.555838,-51.894532,3743
67.459391,-50.990979,3800
68.362944,-50.990979,3823
68.362944,-50.087426,3839
67.459391,-50.087426,3952
66.555838,-50.087426,3968
65.652284,-49.183873,3976
BREAK
30.413706,-18.46306,15399
29.510152,-18.46306,15655
28.606599,-18.46306,15679
28.606599,-19.366614,15703
27.703046,-19.366614,15719
25.895939,-19.366614,15767
25.895939,-20.270167,15783
24.992386,-20.270167,15871
24.088832,-20.270167,15895
24.088832,-21.17372,15919
23.185279,-21.17372,15943
22.281726,-21.17372,15975
22.281726,-22.077274,15983
22.281726,-22.980827,16007
21.378173,-22.980827,16015
21.378173,-23.88438,16047
21.378173,-24.787933,16063
20.474619,-24.787933,16071
20.474619,-25.691487,16079
20.474619,-26.59504,16111
19.571066,-26.59504,16119
19.571066,-27.498593,16143
19.571066,-28.402147,16159
18.667513,-29.3057,16167
18.667513,-30.209253,16191
18.667513,-32.01636,16207
17.763959,-32.919913,16231
17.763959,-33.823466,16255
17.763959,-34.72702,16271
17.763959,-35.630573,16280
17.763959,-36.534126,16303
17.763959,-37.43768,16327
17.763959,-38.341233,16343
17.763959,-39.244786,16351
17.763959,-40.14834,16367
17.763959,-41.051893,16391
18.667513,-42.858999,16423
18.667513,-43.762553,16447
18.667513,-44.666106,16463
19.571066,-46.473213,16480
19.571066,-47.376766,16496
20.474619,-47.376766,16512
20.474619,-48.280319,16519
20.474619,-49.183873,16527
21.378173,-50.087426,16551
21.378173,-50.990979,16567
22.281726,-50.990979,16575
22.281726,-51.894532,16583
22.281726,-52.798086,16591
23.185279,-52.798086,16599
23.185279,-53.701639,16608
23.185279,-54.605192,16631
24.088832,-54.605192,16639
24.992386,-55.508746,16664
24.992386,-56.412299,16720
24.088832,-56.412299,16752
24.992386,-56.412299,16776
24.992386,-57.315852,16784
25.895939,-57.315852,16792
26.799492,-59.122959,16800
27.703046,-59.122959,16808
28.606599,-60.026512,16815
30.413706,-60.930065,16824
31.317259,-61.833619,16832
32.220812,-61.833619,16840
33.124365,-62.737172,16847
34.027919,-62.737172,16856
34.931472,-63.640725,16864
35.835025,-63.640725,16880
36.738579,-63.640725,16960
37.642132,-63.640725,16968
39.449239,-63.640725,16984
40.352792,-63.640725,17000
41.256345,-63.640725,17016
42.159898,-63.640725,17032
42.159898,-62.737172,17048
43.063452,-61.833619,17072
43.967005,-61.833619,17104
43.967005,-60.930065,17200
44.870558,-60.930065,17208
44.870558,-60.026512,17224
45.774112,-60.026512,17232
45.774112,-58.219406,17248
46.677665,-57.315852,17272
46.677665,-56.412299,17288
46.677665,-55.508746,17296
47.581218,-55.508746,17304
47.581218,-54.605192,17312
47.581218,-53.701639,17336
47.581218,-52.798086,17424
48.484772,-52.798086,17432
47.581218,-51.894532,17448
BREAK
