START
25.868231,-76.897112,0
25.868231,-75.994585,240
25.868231,-75.092058,261
26.770758,-74.189531,284
26.770758,-73.287004,307
28.575812,-71.481949,329
29.478339,-70.579422,352
30.380866,-68.774368,375
31.283394,-66.066787,397
32.185921,-64.261733,419
33.990975,-62.456679,444
34.893502,-60.651625,466
35.796029,-58.84657,487
36.698556,-57.041516,509
37.601083,-55.236462,533
39.406137,-53.431408,557
39.406137,-51.626354,577
41.211191,-48.918773,596
42.113718,-47.113718,619
43.016245,-46.211191,641
43.918773,-43.50361,664
43.918773,-42.601083,687
44.8213,-41.698556,709
45.723827,-39.893502,731
46.626354,-38.088448,754
46.626354,-37.185921,776
47.528881,-35.380866,799
47.528881,-34.478339,821
47.528881,-33.575812,844
48.431408,-31.770758,866
48.431408,-30.868231,899
48.431408,-29.965704,913
48.431408,-29.063177,957
48.431408,-28.16065,1002
49.333935,-28.16065,1204
50.236462,-28.16065,1272
50.236462,-29.063177,1294
52.041516,-29.965704,1317
52.944043,-30.868231,1339
53.84657,-31.770758,1362
54.749097,-32.673285,1384
56.554152,-34.478339,1407
57.456679,-35.380866,1431
58.359206,-37.185921,1453
59.261733,-37.185921,1476
60.16426,-39.893502,1498
61.969314,-40.796029,1521
62.871841,-41.698556,1543
64.676895,-43.50361,1566
65.579422,-45.308664,1588
67.384477,-46.211191,1615
67.384477,-48.016245,1638
69.189531,-48.918773,1660
70.092058,-51.626354,1684
71.897112,-52.528881,1706
72.799639,-53.431408,1730
74.604693,-55.236462,1750
75.50722,-56.138989,1769
76.409747,-57.944043,1792
77.312274,-58.84657,1814
79.117329,-59.749097,1836
80.019856,-61.554152,1860
80.922383,-62.456679,1883
81.82491,-64.261733,1905
82.727437,-64.261733,1928
83.629964,-66.066787,1951
85.435018,-66.969314,1974
85.435018,-67.871841,1996
86.337545,-67.871841,2018
87.240072,-69.676895,2041
88.142599,-70.579422,2063
89.045126,-71.481949,2086
BREAK
