START
48.853089,-36.120896,0
48.853089,-37.800285,136
48.853089,-38.63998,160
48.853089,-39.479674,168
51.372173,-43.678148,184
51.372173,-44.517842,216
51.372173,-46.197232,224
51.372173,-47.036926,232
52.211868,-47.876621,240
52.211868,-48.716316,248
52.211868,-50.395705,264
52.211868,-51.2354,280
52.211868,-52.075094,288
52.211868,-52.914789,304
52.211868,-56.273568,312
52.211868,-57.113262,328
52.211868,-58.792652,336
52.211868,-59.632346,344
52.211868,-60.472041,360
52.211868,-61.311735,384
52.211868,-62.991125,392
52.211868,-63.830819,408
52.211868,-64.670514,424
52.211868,-65.510209,440
52.211868,-67.189598,480
52.211868,-68.029293,496
52.211868,-68.868987,512
52.211868,-69.708682,536
52.211868,-71.388071,584
52.211868,-72.227766,608
52.211868,-73.067461,624
52.211868,-73.907155,648
52.211868,-75.586545,672
52.211868,-76.426239,736
52.211868,-77.265934,792
52.211868,-78.105629,872
BREAK
51.372173,-52.075094,2072
49.692784,-52.075094,2160
48.853089,-52.075094,2232
48.013395,-52.075094,2264
47.1737,-52.075094,2288
45.494311,-52.075094,2304
44.654616,-52.075094,2320
43.814922,-52.075094,2336
42.975227,-52.075094,2352
41.295838,-51.2354,2360
40.456143,-51.2354,2368
39.616448,-51.2354,2392
38.776754,-51.2354,2400
37.097364,-51.2354,2416
36.25767,-50.395705,2424
35.417975,-50.395705,2456
34.57828,-48.716316,2472
32.898891,-48.716316,2488
32.898891,-47.876621,2512
32.059196,-47.876621,2600
32.059196,-47.036926,2640
32.059196,-46.197232,2672
32.059196,-44.517842,2704
32.059196,-43.678148,2712
32.898891,-43.678148,2728
34.57828,-43.678148,2760
35.417975,-43.678148,2776
35.417975,-42.838453,2784
35.417975,-41.998758,2800
36.25767,-41.998758,2816
36.25767,-40.319369,2824
37.097364,-40.319369,2832
37.097364,-39.479674,2848
38.776754,-39.479674,2856
39.616448,-39.479674,2880
39.616448,-38.63998,2896
40.456143,-38.63998,2920
40.456143,-37.800285,2936
41.295838,-37.800285,2952
42.975227,-37.800285,2960
42.975227,-36.120896,2976
43.814922,-36.120896,2992
43.814922,-35.281201,3016
44.654616,-35.281201,3056
44.654616,-34.441506,3064
45.494311,-34.441506,3072
47.1737,-34.441506,3080
48.013395,-34.441506,3088
48.853089,-34.441506,3112
48.853089,-33.601812,3160
49.692784,-33.601812,3176
51.372173,-33.601812,3200
52.211868,-33.601812,3224
52.211868,-31.922423,3240
53.051563,-31.922423,3248
53.891257,-31.082728,3264
55.570647,-31.082728,3272
56.410341,-31.082728,3288
56.410341,-30.243033,3304
57.250036,-30.243033,3320
58.089731,-30.243033,3360
59.76912,-30.243033,3424
60.608815,-30.243033,3440
61.448509,-30.243033,3464
62.288204,-31.082728,3472
62.288204,-31.922423,3488
63.967593,-31.922423,3496
64.807288,-33.601812,3504
65.646983,-33.601812,3544
66.486677,-34.441506,3576
68.166067,-35.281201,3592
68.166067,-36.120896,3608
68.166067,-37.800285,3640
68.166067,-38.63998,3664
68.166067,-39.479674,3720
68.166067,-40.319369,3752
68.166067,-41.998758,3792
68.166067,-42.838453,3816
66.486677,-42.838453,3824
66.486677,-43.678148,3848
65.646983,-43.678148,3864
65.646983,-44.517842,3880
64.807288,-44.517842,3888
64.807288,-46.197232,3912
63.967593,-46.197232,3920
63.967593,-47.036926,3952
62.288204,-47.036926,3976
61.448509,-47.036926,3984
60.608815,-47.036926,4016
59.76912,-47.036926,4032
59.76912,-47.876621,4048
58.089731,-47.876621,4064
57.250036,-47.876621,4080
57.250036,-48.716316,4088
56.410341,-48.716316,4104
56.410341,-50.395705,4120
55.570647,-50.395705,4136
53.891257,-50.395705,4160
49.692784,-50.395705,4328
48.853089,-51.2354,4336
BREAK
