START
63.877358,-26.702811,0
63.877358,-27.702811,68
63.877358,-28.702811,107
63.877358,-29.702811,137
63.877358,-30.702811,156
63.877358,-31.702811,166
63.877358,-32.702811,186
63.877358,-33.702811,196
63.877358,-34.702811,206
63.877358,-35.702811,225
64.877358,-37.702811,245
64.877358,-38.702811,265
64.877358,-39.702811,284
64.877358,-40.702811,294
64.877358,-41.702811,304
64.877358,-42.702811,324
64.877358,-43.702811,334
64.877358,-44.702811,343
64.877358,-45.702811,353
64.877358,-46.702811,363
64.877358,-47.702811,373
64.877358,-48.702811,383
64.877358,-49.702811,393
64.877358,-50.702811,412
64.877358,-51.702811,432
64.877358,-52.702811,442
64.877358,-53.702811,461
64.877358,-54.702811,471
64.877358,-55.702811,491
64.877358,-56.702811,501
64.877358,-57.702811,521
64.877358,-59.702811,540
64.877358,-60.702811,560
64.877358,-61.702811,580
64.877358,-63.702811,599
64.877358,-64.702811,629
64.877358,-65.702811,649
64.877358,-66.702811,668
64.877358,-67.702811,688
64.877358,-68.702811,708
64.877358,-69.702811,727
64.877358,-70.702811,747
64.877358,-71.702811,757
64.877358,-72.702811,776
64.877358,-73.702811,796
64.877358,-74.702811,826
64.877358,-75.702811,836
64.877358,-76.702811,865
64.877358,-77.702811,875
64.877358,-78.702811,904
64.877358,-79.702811,934
64.877358,-80.702811,954
64.877358,-81.702811,983
64.877358,-82.702811,1003
64.877358,-83.702811,1042
64.877358,-84.702811,1101
64.877358,-83.702811,1210
BREAK
63.877358,-27.702811,2116
62.877358,-27.702811,2145
61.877358,-27.702811,2174
61.877358,-26.702811,2214
60.877358,-26.702811,2233
59.877358,-26.702811,2253
59.877358,-25.702811,2282
58.877358,-25.702811,2292
57.877358,-25.702811,2302
56.877358,-24.702811,2322
56.877358,-23.702811,2341
55.877358,-23.702811,2371
54.877358,-22.702811,2410
53.877358,-22.702811,2420
52.877358,-22.702811,2450
51.877358,-22.702811,2469
49.877358,-22.702811,2499
48.877358,-22.702811,2529
47.877358,-22.702811,2558
46.877358,-22.702811,2568
45.877358,-22.702811,2588
44.877358,-22.702811,2597
42.877358,-22.702811,2617
41.877358,-23.702811,2647
40.877358,-24.702811,2676
39.877358,-24.702811,2686
38.877358,-24.702811,2706
37.877358,-24.702811,2716
37.877358,-25.702811,2725
36.877358,-25.702811,2735
35.877358,-26.702811,2755
34.877358,-26.702811,2775
34.877358,-27.702811,2794
33.877358,-27.702811,2804
33.877358,-28.702811,2824
32.877358,-28.702811,2834
31.877358,-29.702811,2844
31.877358,-30.702811,2863
31.877358,-31.702811,2883
30.877358,-32.702811,2893
30.877358,-33.702811,2922
30.877358,-34.702811,2952
30.877358,-35.702811,2972
30.877358,-36.702811,2981
29.877358,-37.702811,3001
29.877358,-38.702811,3021
29.877358,-39.702811,3040
29.877358,-40.702811,3060
30.877358,-41.702811,3090
30.877358,-42.702811,3119
31.877358,-42.702811,3129
31.877358,-43.702811,3139
32.877358,-44.702811,3159
34.877358,-45.702811,3208
35.877358,-45.702811,3277
35.877358,-46.702811,3287
36.877358,-46.702811,3306
37.877358,-46.702811,3355
37.877358,-47.702811,3375
38.877358,-47.702811,3385
39.877358,-47.702811,3395
40.877358,-47.702811,3474
41.877358,-47.702811,3503
42.877358,-47.702811,3572
43.877358,-47.702811,3710
44.877358,-47.702811,3818
45.877358,-47.702811,3912
46.877358,-47.702811,3976
47.877358,-47.702811,4064
48.877358,-47.702811,4104
49.877358,-47.702811,4123
50.877358,-47.702811,4143
51.877358,-47.702811,4163
52.877358,-47.702811,4172
53.877358,-47.702811,4202
54.877358,-47.702811,4212
55.877358,-47.702811,4232
56.877358,-47.702811,4251
57.877358,-47.702811,4261
58.877358,-48.702811,4271
59.877358,-48.702811,4310
60.877358,-48.702811,4379
61.877358,-48.702811,4399
62.877358,-48.702811,4409
63.877358,-48.702811,4478
62.877358,-49.702811,4773
61.877358,-49.702811,4803
60.877358,-49.702811,4852
59.877358,-49.702811,4862
58.877358,-49.702811,4891
57.877358,-49.702811,4911
56.877358,-49.702811,4921
55.877358,-49.702811,4940
54.877358,-49.702811,4960
53.877358,-49.702811,4980
52.877358,-50.702811,4999
50.877358,-50.702811,5019
49.877358,-50.702811,5039
48.877358,-50.702811,5049
47.877358,-50.702811,5088
46.877358,-50.702811,5108
46.877358,-51.702811,5117
45.877358,-51.702811,5127
44.877358,-51.702811,5137
44.877358,-52.702811,5147
42.877358,-52.702811,5167
41.877358,-53.702811,5186
40.877358,-53.702811,5206
39.877358,-53.702811,5245
38.877358,-53.702811,5265
38.877358,-54.702811,5285
37.877358,-54.702811,5295
36.877358,-54.702811,5314
36.877358,-55.702811,5344
35.877358,-55.702811,5364
34.877358,-56.702811,5413
34.877358,-57.702811,5452
34.877358,-58.702811,5482
33.877358,-58.702811,5491
33.877358,-59.702811,5511
33.877358,-60.702811,5521
33.877358,-61.702811,5531
33.877358,-62.702811,5551
33.877358,-63.702811,5570
33.877358,-64.702811,5600
33.877358,-65.702811,5619
33.877358,-66.702811,5659
33.877358,-67.702811,5688
33.877358,-68.702811,5728
33.877358,-69.702811,5757
32.877358,-70.702811,5787
32.877358,-71.702811,5797
32.877358,-72.702811,5836
32.877358,-73.702811,5875
32.877358,-74.702811,5905
31.877358,-74.702811,5925
31.877358,-75.702811,5934
31.877358,-76.702811,5944
31.877358,-77.702811,5994
31.877358,-78.702811,6053
31.877358,-79.702811,6072
31.877358,-80.702811,6092
30.877358,-80.702811,6240
BREAK
