START
65.877358,-25.702811,0
66.877358,-25.702811,60
67.877358,-25.702811,90
67.877358,-27.702811,100
68.877358,-29.702811,110
68.877358,-31.702811,130
69.877358,-34.702811,140
69.877358,-37.702811,150
69.877358,-39.702811,160
69.877358,-42.702811,180
69.877358,-44.702811,190
69.877358,-47.702811,200
69.877358,-49.702811,220
69.877358,-53.702811,240
69.877358,-56.702811,250
69.877358,-59.702811,260
69.877358,-65.702811,280
69.877358,-70.702811,310
69.877358,-72.702811,320
69.877358,-73.702811,360
69.877358,-74.702811,370
69.877358,-75.702811,390
69.877358,-77.702811,400
69.877358,-78.702811,410
69.877358,-79.702811,430
69.877358,-80.702811,440
69.877358,-81.702811,470
BREAK
68.877358,-23.702811,1472
67.877358,-23.702811,1512
67.877358,-24.702811,1692
64.877358,-25.702811,1702
62.877358,-25.702811,1712
61.877358,-25.702811,1742
60.877358,-25.702811,1752
59.877358,-25.702811,1772
58.877358,-25.702811,1782
57.877358,-25.702811,1792
55.877358,-25.702811,1812
54.877358,-25.702811,1822
53.877358,-25.702811,1842
52.877358,-25.702811,1852
50.877358,-25.702811,1872
48.877358,-25.702811,1882
47.877358,-25.702811,1902
47.877358,-26.702811,1912
46.877358,-27.702811,1932
46.877358,-28.702811,1942
45.877358,-29.702811,1962
45.877358,-30.702811,1993
45.877358,-31.702811,2003
45.877358,-32.702811,2023
45.877358,-33.702811,2033
45.877358,-34.702811,2063
45.877358,-36.702811,2093
45.877358,-38.702811,2113
45.877358,-39.702811,2123
45.877358,-41.702811,2143
45.877358,-42.702811,2153
45.877358,-43.702811,2173
45.877358,-44.702811,2203
45.877358,-45.702811,2223
45.877358,-46.702811,2243
46.877358,-47.702811,2263
46.877358,-48.702811,2293
46.877358,-49.702811,2313
46.877358,-50.702811,2333
48.877358,-50.702811,2353
50.877358,-51.702811,2363
50.877358,-52.702811,2383
52.877358,-52.702811,2393
53.877358,-52.702811,2403
54.877358,-52.702811,2423
55.877358,-52.702811,2433
57.877358,-52.702811,2453
59.877358,-52.702811,2463
60.877358,-52.702811,2483
61.877358,-52.702811,2533
62.877358,-52.702811,2543
63.877358,-52.702811,2553
64.877358,-52.702811,2573
65.877358,-52.702811,2593
62.877358,-52.702811,3244
58.877358,-52.702811,3264
56.877358,-52.702811,3274
53.877358,-52.702811,3294
52.877358,-52.702811,3304
50.877358,-52.702811,3314
49.877358,-52.702811,3334
48.877358,-52.702811,3354
47.877358,-52.702811,3405
46.877358,-52.702811,3415
45.877358,-52.702811,3435
44.877358,-52.702811,3465
43.877358,-52.702811,3485
43.877358,-53.702811,3505
43.877358,-55.702811,3525
42.877358,-55.702811,3535
42.877358,-56.702811,3555
42.877358,-57.702811,3575
42.877358,-58.702811,3585
42.877358,-59.702811,3605
42.877358,-60.702811,3645
42.877358,-61.702811,3655
42.877358,-62.702811,3675
42.877358,-63.702811,3705
42.877358,-64.702811,3755
42.877358,-65.702811,3795
42.877358,-67.702811,3805
42.877358,-68.702811,3825
42.877358,-70.702811,3835
42.877358,-71.702811,3845
42.877358,-72.702811,3865
42.877358,-73.702811,3885
42.877358,-74.702811,3905
42.877358,-75.702811,4005
42.877358,-76.702811,4025
42.877358,-77.702811,4035
42.877358,-78.702811,4106
BREAK
64.877358,-52.702811,4867
65.877358,-52.702811,4927
66.877358,-52.702811,4967
67.877358,-52.702811,4977
68.877358,-52.702811,5017
69.877358,-52.702811,5077
BREAK
