START
73.254717,-19.827309,0
72.254717,-19.827309,14
71.254717,-19.827309,88
70.254717,-19.827309,98
69.254717,-19.827309,119
68.254717,-19.827309,129
67.254717,-19.827309,149
66.254717,-19.827309,169
65.254717,-19.827309,189
64.254717,-19.827309,209
63.254717,-19.827309,230
62.254717,-19.827309,240
61.254717,-19.827309,250
60.254717,-19.827309,260
59.254717,-19.827309,270
58.254717,-19.827309,280
57.254717,-19.827309,303
56.254717,-19.827309,338
55.254717,-19.827309,348
54.254717,-19.827309,368
53.254717,-20.827309,392
52.254717,-21.827309,423
51.254717,-21.827309,433
50.254717,-21.827309,443
49.254717,-21.827309,463
48.254717,-22.827309,483
47.254717,-23.827309,515
47.254717,-24.827309,541
46.254717,-24.827309,553
46.254717,-25.827309,573
45.254717,-25.827309,583
44.254717,-26.827309,594
44.254717,-27.827309,603
42.254717,-28.827309,614
41.254717,-30.827309,634
40.254717,-30.827309,644
40.254717,-31.827309,654
39.254717,-31.827309,664
39.254717,-32.827309,674
38.254717,-32.827309,685
37.254717,-33.827309,694
36.254717,-34.827309,715
36.254717,-35.827309,725
35.254717,-36.827309,745
34.254717,-36.827309,755
34.254717,-37.827309,765
34.254717,-38.827309,775
33.254717,-38.827309,785
32.254717,-39.827309,795
32.254717,-40.827309,806
32.254717,-41.827309,816
31.254717,-42.827309,836
31.254717,-43.827309,846
31.254717,-44.827309,866
31.254717,-45.827309,886
31.254717,-46.827309,897
31.254717,-48.827309,917
31.254717,-49.827309,937
31.254717,-50.827309,947
31.254717,-51.827309,968
31.254717,-52.827309,988
31.254717,-53.827309,998
31.254717,-54.827309,1018
31.254717,-55.827309,1028
31.254717,-56.827309,1048
31.254717,-57.827309,1058
31.254717,-58.827309,1068
31.254717,-59.827309,1078
31.254717,-60.827309,1089
31.254717,-61.827309,1109
31.254717,-62.827309,1129
31.254717,-63.827309,1149
32.254717,-64.827309,1159
32.254717,-65.827309,1169
32.254717,-66.827309,1179
33.254717,-66.827309,1190
33.254717,-67.827309,1201
33.254717,-68.827309,1210
33.254717,-69.827309,1230
33.254717,-70.827309,1240
34.254717,-71.827309,1250
35.254717,-72.827309,1270
35.254717,-73.827309,1280
36.254717,-73.827309,1291
36.254717,-74.827309,1301
36.254717,-75.827309,1321
36.254717,-76.827309,1341
37.254717,-76.827309,1351
37.254717,-77.827309,1382
38.254717,-77.827309,1392
39.254717,-78.827309,1412
40.254717,-78.827309,1422
41.254717,-78.827309,1442
41.254717,-79.827309,1452
42.254717,-79.827309,1462
43.254717,-79.827309,1483
44.254717,-80.827309,1503
45.254717,-81.827309,1513
46.254717,-81.827309,1523
47.254717,-82.827309,1533
48.254717,-82.827309,1543
49.254717,-82.827309,1553
50.254717,-82.827309,1563
51.254717,-82.827309,1573
52.254717,-82.827309,1594
53.254717,-82.827309,1604
55.254717,-82.827309,1624
56.254717,-82.827309,1655
57.254717,-82.827309,1664
58.254717,-82.827309,1685
59.254717,-82.827309,1705
60.254717,-82.827309,1715
62.254717,-82.827309,1725
63.254717,-82.827309,1751
64.254717,-82.827309,1772
65.254717,-82.827309,1793
66.254717,-82.827309,1813
67.254717,-82.827309,1823
68.254717,-82.827309,1833
69.254717,-82.827309,1853
70.254717,-82.827309,1864
71.254717,-82.827309,1874
72.254717,-82.827309,1894
73.254717,-82.827309,1914
74.254717,-82.827309,1940
75.254717,-82.827309,1974
76.254717,-82.827309,2000
76.254717,-81.827309,2049
77.254717,-81.827309,2071
77.254717,-80.827309,2088
78.254717,-80.827309,2098
79.254717,-79.827309,2128
80.254717,-79.827309,2150
80.254717,-78.827309,2159
80.254717,-77.827309,2170
81.254717,-77.827309,2180
81.254717,-76.827309,2190
82.254717,-76.827309,2200
82.254717,-75.827309,2210
82.254717,-74.827309,2220
83.254717,-74.827309,2232
83.254717,-73.827309,2241
84.254717,-73.827309,2267
84.254717,-72.827309,2296
84.254717,-71.827309,2316
84.254717,-70.827309,2331
85.254717,-69.827309,2381
85.254717,-68.827309,2401
85.254717,-67.827309,2411
85.254717,-66.827309,2431
85.254717,-65.827309,2451
85.254717,-64.827309,2472
85.254717,-63.827309,2492
85.254717,-62.827309,2502
85.254717,-61.827309,2522
85.254717,-60.827309,2532
85.254717,-59.827309,2553
85.254717,-58.827309,2563
85.254717,-57.827309,2589
85.254717,-56.827309,2607
85.254717,-55.827309,2639
85.254717,-54.827309,2659
85.254717,-53.827309,2669
85.254717,-52.827309,2679
85.254717,-50.827309,2709
85.254717,-49.827309,2729
86.254717,-48.827309,2750
86.254717,-47.827309,2770
86.254717,-46.827309,2790
86.254717,-45.827309,2810
86.254717,-44.827309,2820
86.254717,-43.827309,2846
86.254717,-42.827309,2869
86.254717,-41.827309,2889
86.254717,-40.827309,2909
85.254717,-40.827309,2919
85.254717,-38.827309,2929
85.254717,-37.827309,2939
85.254717,-36.827309,2960
85.254717,-35.827309,2970
85.254717,-34.827309,2990
85.254717,-33.827309,3011
85.254717,-32.827309,3034
84.254717,-32.827309,3043
84.254717,-31.827309,3054
84.254717,-30.827309,3064
84.254717,-29.827309,3087
84.254717,-28.827309,3111
83.254717,-28.827309,3132
83.254717,-27.827309,3142
83.254717,-26.827309,3155
82.254717,-26.827309,3295
82.254717,-25.827309,3304
81.254717,-24.827309,3314
80.254717,-24.827309,3324
79.254717,-24.827309,3334
79.254717,-23.827309,3345
78.254717,-23.827309,3355
78.254717,-22.827309,3365
77.254717,-22.827309,3375
77.254717,-21.827309,3385
76.254717,-21.827309,3395
76.254717,-20.827309,3425
75.254717,-20.827309,3434
74.254717,-20.827309,3447
74.254717,-19.827309,3457
73.254717,-19.827309,3467
72.254717,-19.827309,3613
71.254717,-19.827309,3622
71.254717,-20.827309,3632
69.254717,-20.827309,3643
69.254717,-21.827309,3653
68.254717,-21.827309,3663
67.254717,-21.827309,3673
67.254717,-22.827309,3683
BREAK
41.254717,-49.827309,4781
BREAK
41.254717,-49.827309,5064
BREAK
73.254717,-46.827309,6203
BREAK
73.254717,-46.827309,6359
72.254717,-46.827309,6452
BREAK
