START
18.667513,-31.112807,0
19.571066,-31.112807,242
20.474619,-31.112807,266
21.378173,-30.209253,290
22.281726,-30.209253,303
23.185279,-30.209253,315
25.895939,-29.3057,327
27.703046,-29.3057,339
29.510152,-29.3057,352
31.317259,-29.3057,363
34.931472,-30.209253,375
36.738579,-31.112807,399
39.449239,-32.919913,405
41.256345,-33.823466,412
42.159898,-36.534126,424
44.870558,-37.43768,437
45.774112,-38.341233,448
46.677665,-39.244786,460
46.677665,-41.051893,472
47.581218,-41.955446,485
48.484772,-42.858999,497
48.484772,-44.666106,511
49.388325,-47.376766,520
49.388325,-49.183873,533
49.388325,-50.087426,545
49.388325,-52.798086,557
49.388325,-54.605192,569
49.388325,-57.315852,582
49.388325,-60.026512,593
49.388325,-61.833619,605
49.388325,-63.640725,617
49.388325,-64.544279,630
49.388325,-68.158492,651
48.484772,-69.062045,658
47.581218,-69.965598,667
46.677665,-71.772705,678
44.870558,-73.579812,690
43.063452,-74.483365,702
41.256345,-77.194025,715
38.545685,-78.097578,727
36.738579,-79.001131,739
35.835025,-79.001131,751
33.124365,-79.904685,763
32.220812,-79.904685,775
31.317259,-79.904685,787
30.413706,-79.904685,799
29.510152,-79.001131,812
28.606599,-78.097578,825
28.606599,-76.290472,835
27.703046,-74.483365,848
26.799492,-73.579812,860
26.799492,-72.676258,872
26.799492,-70.869152,945
26.799492,-69.965598,956
26.799492,-69.062045,981
26.799492,-68.158492,1005
BREAK
66.555838,-32.919913,2168
65.652284,-33.823466,2189
65.652284,-34.72702,2201
64.748731,-36.534126,2226
62.941624,-37.43768,2250
62.038071,-38.341233,2262
62.038071,-39.244786,2276
61.134518,-39.244786,2286
61.134518,-40.14834,2298
60.230964,-40.14834,2310
59.327411,-41.051893,2335
58.423858,-41.051893,2347
58.423858,-41.955446,2371
57.520305,-42.858999,2396
57.520305,-43.762553,2431
56.616751,-43.762553,2444
56.616751,-44.666106,2503
55.713198,-44.666106,2516
54.809645,-44.666106,2541
54.809645,-46.473213,2553
54.809645,-47.376766,2577
54.809645,-46.473213,2891
54.809645,-44.666106,2920
55.713198,-44.666106,2951
55.713198,-43.762553,2975
56.616751,-43.762553,2987
57.520305,-43.762553,3012
58.423858,-43.762553,3036
59.327411,-43.762553,3049
60.230964,-43.762553,3072
61.134518,-43.762553,3097
62.038071,-43.762553,3121
62.941624,-44.666106,3133
64.748731,-44.666106,3145
64.748731,-46.473213,3172
65.652284,-46.473213,3179
66.555838,-47.376766,3186
66.555838,-48.280319,3194
67.459391,-48.280319,3205
68.362944,-49.183873,3217
69.266497,-50.087426,3229
70.170051,-50.990979,3242
71.073604,-51.894532,3254
71.073604,-52.798086,3266
71.977157,-53.701639,3278
71.977157,-54.605192,3290
71.977157,-56.412299,3302
72.880711,-56.412299,3314
72.880711,-57.315852,3326
74.687817,-57.315852,3340
74.687817,-58.219406,3351
74.687817,-59.122959,3363
74.687817,-60.026512,3375
74.687817,-60.930065,3387
75.591371,-61.833619,3399
75.591371,-62.737172,3427
75.591371,-63.640725,3435
75.591371,-66.351385,3459
75.591371,-67.254939,3472
75.591371,-68.158492,3484
75.591371,-69.062045,3508
BREAK
