START
46.683962,-12.859438,0
46.683962,-13.859438,240
46.683962,-15.859438,249
45.683962,-17.859438,259
45.683962,-20.859438,270
45.683962,-21.859438,280
45.683962,-22.859438,289
45.683962,-25.859438,299
45.683962,-27.859438,309
45.683962,-28.859438,320
45.683962,-30.859438,339
45.683962,-31.859438,360
45.683962,-32.859438,370
45.683962,-33.859438,379
45.683962,-34.859438,389
45.683962,-36.859438,400
45.683962,-38.859438,410
45.683962,-40.859438,429
45.683962,-41.859438,440
45.683962,-42.859438,450
45.683962,-43.859438,469
45.683962,-44.859438,480
45.683962,-45.859438,490
45.683962,-47.859438,499
45.683962,-48.859438,509
45.683962,-50.859438,530
45.683962,-51.859438,539
45.683962,-52.859438,549
45.683962,-53.859438,559
45.683962,-55.859438,570
45.683962,-56.859438,580
45.683962,-57.859438,589
45.683962,-59.859438,599
45.683962,-60.859438,609
45.683962,-61.859438,620
45.683962,-62.859438,629
45.683962,-64.859438,639
45.683962,-66.859438,650
45.683962,-67.859438,660
45.683962,-68.859438,669
45.683962,-69.859438,689
45.683962,-70.859438,709
45.683962,-71.859438,719
45.683962,-72.859438,740
45.683962,-73.859438,759
45.683962,-74.859438,801
45.683962,-75.859438,824
45.683962,-76.859438,872
45.683962,-77.859438,892
45.683962,-78.859438,1226
45.683962,-79.859438,1240
45.683962,-80.859438,1259
45.683962,-81.859438,1288
45.683962,-82.859438,1395
BREAK
27.683962,-32.859438,2280
28.683962,-32.859438,2465
29.683962,-32.859438,2484
31.683962,-32.859438,2495
34.683962,-32.859438,2504
36.683962,-32.859438,2514
38.683962,-32.859438,2524
41.683962,-32.859438,2535
43.683962,-32.859438,2544
44.683962,-32.859438,2554
45.683962,-32.859438,2580
46.683962,-32.859438,2602
47.683962,-32.859438,2613
48.683962,-32.859438,2622
49.683962,-32.859438,2632
50.683962,-32.859438,2642
51.683962,-32.859438,2652
52.683962,-32.859438,2663
53.683962,-32.859438,2694
54.683962,-32.859438,2713
56.683962,-32.859438,2733
58.683962,-32.859438,2744
59.683962,-32.859438,2763
60.683962,-32.859438,2788
61.683962,-32.859438,2811
62.683962,-32.859438,2846
63.683962,-32.859438,2929
64.683962,-32.859438,2971
65.683962,-32.859438,3071
63.683962,-33.859438,3220
BREAK
29.683962,-58.859438,4136
30.683962,-58.859438,4383
31.683962,-58.859438,4403
33.683962,-59.859438,4413
35.683962,-59.859438,4422
37.683962,-59.859438,4432
38.683962,-59.859438,4442
40.683962,-59.859438,4453
41.683962,-59.859438,4472
42.683962,-59.859438,4482
43.683962,-59.859438,4493
44.683962,-59.859438,4522
45.683962,-59.859438,4542
46.683962,-59.859438,4552
47.683962,-59.859438,4562
48.683962,-59.859438,4572
49.683962,-59.859438,4614
50.683962,-59.859438,4623
51.683962,-59.859438,4644
52.683962,-59.859438,4664
53.683962,-59.859438,4674
54.683962,-59.859438,4684
55.683962,-59.859438,4694
56.683962,-59.859438,4705
57.683962,-59.859438,4724
58.683962,-59.859438,4744
59.683962,-59.859438,4754
60.683962,-59.859438,4764
61.683962,-59.859438,4787
62.683962,-59.859438,4819
63.683962,-59.859438,4863
64.683962,-59.859438,4876
65.683962,-59.859438,4923
66.683962,-59.859438,4952
65.683962,-59.859438,5115
65.683962,-58.859438,5135
65.683962,-57.859438,5145
65.683962,-56.859438,5164
BREAK
