START
38.716581,-29.709244,0
37.75048,-29.709244,388
37.75048,-31.641447,406
35.818276,-31.641447,425
35.818276,-33.573651,443
35.818276,-34.539752,463
35.818276,-35.505854,469
34.852175,-36.471956,489
34.852175,-37.438057,506
32.919971,-37.438057,526
32.919971,-39.370261,556
31.95387,-39.370261,607
30.987768,-39.370261,624
30.021666,-39.370261,663
29.055564,-39.370261,693
28.089463,-39.370261,707
27.123361,-39.370261,724
26.157259,-39.370261,742
25.191158,-39.370261,761
24.225056,-39.370261,777
23.258954,-39.370261,796
22.292853,-39.370261,829
21.326751,-39.370261,877
21.326751,-38.404159,892
20.360649,-37.438057,910
20.360649,-36.471956,927
20.360649,-35.505854,941
19.394547,-34.539752,959
18.428446,-32.607549,978
17.462344,-30.675345,999
17.462344,-29.709244,1012
17.462344,-28.743142,1046
17.462344,-27.77704,1060
16.496242,-26.810939,1092
16.496242,-25.844837,1127
16.496242,-24.878735,1168
16.496242,-23.912634,1180
16.496242,-22.946532,1195
16.496242,-21.98043,1229
16.496242,-20.048227,1271
18.428446,-19.082125,1290
19.394547,-18.116023,1311
20.360649,-17.149922,1331
21.326751,-17.149922,1347
21.326751,-16.18382,1366
22.292853,-15.217718,1396
23.258954,-15.217718,1411
24.225056,-15.217718,1428
25.191158,-14.251617,1446
27.123361,-14.251617,1464
28.089463,-13.285515,1484
29.055564,-13.285515,1498
30.987768,-11.353312,1516
31.95387,-11.353312,1526
32.919971,-11.353312,1546
33.886073,-11.353312,1581
34.852175,-11.353312,1596
35.818276,-11.353312,1614
36.784378,-11.353312,1658
37.75048,-11.353312,1680
38.716581,-11.353312,1699
39.682683,-11.353312,1715
41.614886,-11.353312,1734
42.580988,-11.353312,1748
43.54709,-11.353312,1780
44.513192,-11.353312,1798
44.513192,-12.319413,1818
45.479293,-12.319413,1838
45.479293,-14.251617,1865
47.411497,-14.251617,1882
47.411497,-15.217718,1917
47.411497,-16.18382,1981
47.411497,-18.116023,1998
49.3437,-18.116023,2016
49.3437,-19.082125,2034
49.3437,-20.048227,2048
49.3437,-21.014329,2066
49.3437,-21.98043,2084
49.3437,-22.946532,2116
50.309802,-23.912634,2134
50.309802,-24.878735,2154
50.309802,-25.844837,2172
50.309802,-26.810939,2180
51.275903,-28.743142,2200
51.275903,-31.641447,2219
51.275903,-32.607549,2232
51.275903,-33.573651,2253
51.275903,-35.505854,2270
51.275903,-36.471956,2285
51.275903,-37.438057,2300
51.275903,-38.404159,2318
51.275903,-39.370261,2338
51.275903,-41.302464,2352
51.275903,-44.200769,2371
51.275903,-45.166871,2383
51.275903,-47.099074,2401
50.309802,-49.031278,2420
50.309802,-49.997379,2438
50.309802,-50.963481,2450
49.3437,-51.929583,2468
49.3437,-52.895684,2502
48.377598,-52.895684,2521
48.377598,-53.861786,2541
47.411497,-53.861786,2576
46.445395,-54.827888,2583
43.54709,-54.827888,2601
42.580988,-54.827888,2620
40.648785,-54.827888,2638
38.716581,-54.827888,2652
37.75048,-54.827888,2674
35.818276,-54.827888,2690
33.886073,-54.827888,2712
30.987768,-54.827888,2723
30.021666,-54.827888,2732
27.123361,-54.827888,2754
25.191158,-54.827888,2772
23.258954,-54.827888,2786
22.292853,-54.827888,2804
21.326751,-54.827888,2821
20.360649,-54.827888,2840
20.360649,-53.861786,2862
18.428446,-53.861786,2904
17.462344,-52.895684,2922
16.496242,-52.895684,2938
14.564039,-51.929583,2957
12.631836,-51.929583,2990
10.699632,-51.929583,3004
9.7335305,-51.929583,3021
8.7674288,-51.929583,3066
BREAK
14.564039,-53.861786,16627
22.292853,-54.827888,16745
25.191158,-55.79399,16755
28.089463,-56.760091,16771
30.021666,-57.726193,16790
32.919971,-58.692295,16806
36.784378,-59.658396,16826
38.716581,-59.658396,16835
42.580988,-60.624498,16855
45.479293,-61.5906,16872
47.411497,-62.556701,16889
49.3437,-62.556701,16908
50.309802,-62.556701,16925
51.275903,-62.556701,16956
53.208107,-63.522803,16993
53.208107,-64.488905,17032
54.174209,-65.455006,17036
54.174209,-66.421108,17080
55.14031,-68.353312,17090
57.072514,-68.353312,17108
57.072514,-69.319413,17124
58.038615,-69.319413,17141
58.038615,-70.285515,17160
59.970819,-70.285515,17198
60.93692,-71.251617,17211
61.903022,-71.251617,17241
61.903022,-72.217718,17257
63.835225,-72.217718,17277
63.835225,-73.18382,17308
63.835225,-74.149922,17324
63.835225,-75.116023,17342
65.767429,-77.048227,17358
65.767429,-78.014329,17377
65.767429,-78.98043,17397
65.767429,-79.946532,17445
66.733531,-80.912634,17477
66.733531,-81.878735,17515
66.733531,-82.844837,17594
66.733531,-83.810939,17626
66.733531,-84.77704,17645
66.733531,-85.743142,17662
66.733531,-86.709244,17677
66.733531,-87.675345,17696
66.733531,-88.641447,17728
67.699632,-88.641447,17759
67.699632,-89.607549,17794
67.699632,-88.641447,18118
67.699632,-87.675345,18146
67.699632,-86.709244,18182
67.699632,-85.743142,18217
67.699632,-84.77704,18238
67.699632,-83.810939,18256
67.699632,-78.98043,18274
67.699632,-76.082125,18284
67.699632,-74.149922,18300
67.699632,-71.251617,18313
67.699632,-68.353312,18331
67.699632,-67.38721,18348
67.699632,-66.421108,18365
67.699632,-65.455006,18383
67.699632,-64.488905,18401
67.699632,-62.556701,18415
67.699632,-61.5906,18434
67.699632,-60.624498,18469
67.699632,-59.658396,18484
67.699632,-58.692295,18517
67.699632,-57.726193,18532
67.699632,-56.760091,18548
67.699632,-55.79399,18588
67.699632,-54.827888,18598
67.699632,-53.861786,18641
67.699632,-52.895684,18646
67.699632,-50.963481,18666
67.699632,-49.031278,18686
67.699632,-47.099074,18700
67.699632,-46.132973,18716
67.699632,-45.166871,18733
67.699632,-44.200769,18777
67.699632,-43.234667,18801
67.699632,-41.302464,18820
68.665734,-39.370261,18852
68.665734,-37.438057,18885
68.665734,-36.471956,18900
69.631836,-35.505854,18919
69.631836,-33.573651,18953
69.631836,-32.607549,18972
69.631836,-31.641447,19024
69.631836,-30.675345,19069
69.631836,-29.709244,19106
69.631836,-28.743142,19391
69.631836,-27.77704,19421
69.631836,-26.810939,19438
69.631836,-25.844837,19459
69.631836,-24.878735,19496
69.631836,-23.912634,19508
69.631836,-22.946532,19540
69.631836,-21.98043,19605
69.631836,-21.014329,19657
69.631836,-20.048227,19672
69.631836,-19.082125,19722
69.631836,-18.116023,19773
68.665734,-18.116023,19998
69.631836,-18.116023,20158
70.597937,-18.116023,20202
71.564039,-18.116023,20223
72.530141,-18.116023,20243
73.496242,-18.116023,20261
74.462344,-18.116023,20277
75.428446,-18.116023,20293
76.394547,-18.116023,20326
77.360649,-18.116023,20370
78.326751,-18.116023,20444
79.292853,-18.116023,20495
80.258954,-18.116023,20511
82.191158,-18.116023,20528
84.123361,-18.116023,20547
86.055564,-18.116023,20567
87.021666,-18.116023,20579
87.987768,-18.116023,20597
88.95387,-18.116023,20612
89.919971,-18.116023,20645
90.886073,-18.116023,20797
BREAK
