START
30.661051,-18.976169,0
30.661051,-19.738972,11
30.661051,-20.501775,26
30.661051,-21.264579,42
31.423854,-21.264579,50
31.423854,-22.027382,58
31.423854,-22.790185,66
31.423854,-23.552988,82
32.186658,-24.315791,90
32.186658,-25.078595,100
32.949461,-26.604201,106
32.949461,-27.367004,114
32.949461,-28.129808,122
33.712264,-28.892611,130
33.712264,-29.655414,138
33.712264,-30.418217,146
34.475067,-31.181021,154
34.475067,-31.943824,162
34.475067,-32.706627,170
35.237871,-33.46943,178
36.763477,-34.232234,187
36.763477,-34.995037,196
36.763477,-35.75784,202
36.763477,-36.520643,210
38.289084,-37.283446,220
38.289084,-38.04625,226
39.051887,-38.809053,234
39.81469,-39.571856,242
40.577493,-39.571856,250
41.340296,-40.334659,258
42.1031,-41.097463,266
42.865903,-41.860266,275
43.628706,-42.623069,282
43.628706,-43.385872,290
45.154313,-43.385872,298
45.917116,-44.148676,306
46.679919,-44.911479,314
47.442722,-45.674282,322
48.205526,-45.674282,330
49.731132,-46.437085,338
51.256739,-47.199889,346
52.782345,-47.199889,354
53.545148,-47.199889,362
54.307951,-47.199889,370
55.070755,-47.962692,378
56.596361,-47.962692,386
57.359164,-47.962692,394
58.121968,-47.962692,402
58.884771,-47.962692,410
60.410377,-47.962692,418
61.173181,-47.962692,426
61.935984,-47.962692,434
62.698787,-47.962692,442
63.46159,-47.199889,450
64.224394,-47.199889,458
64.224394,-46.437085,466
64.987197,-46.437085,474
65.75,-46.437085,490
65.75,-45.674282,498
66.512803,-45.674282,506
66.512803,-44.911479,514
67.275606,-44.911479,522
67.275606,-44.148676,538
67.275606,-45.674282,746
67.275606,-46.437085,754
67.275606,-47.199889,762
67.275606,-47.962692,770
67.275606,-48.725495,778
67.275606,-49.488298,786
67.275606,-51.013905,794
67.275606,-51.776708,802
68.03841,-53.302314,810
68.03841,-55.590724,818
68.801213,-57.116331,827
68.801213,-58.641937,834
70.326819,-60.930347,843
71.089623,-63.218756,850
71.852426,-64.744363,859
71.852426,-66.269969,867
72.615229,-67.795576,875
73.378032,-69.321182,882
74.140836,-70.846789,891
74.140836,-73.135198,898
74.140836,-73.898002,907
74.140836,-75.423608,915
74.140836,-76.949215,923
74.140836,-77.712018,931
74.903639,-79.237624,939
74.903639,-80.000428,955
74.903639,-80.763231,962
74.140836,-80.763231,1067
BREAK
