START
37.52628,-21.264579,0
38.289084,-21.264579,84
39.81469,-25.078595,113
40.577493,-27.367004,115
42.1031,-31.181021,142
42.865903,-33.46943,170
43.628706,-34.232234,172
45.154313,-35.75784,198
48.205526,-38.809053,227
50.493935,-41.097463,257
51.256739,-41.860266,259
52.782345,-42.623069,289
55.833558,-44.148676,318
58.884771,-44.911479,346
60.410377,-44.911479,376
63.46159,-44.911479,408
64.224394,-44.911479,411
65.75,-44.911479,441
66.512803,-44.911479,443
67.275606,-44.911479,472
68.03841,-44.911479,474
69.564016,-44.148676,501
70.326819,-44.148676,531
70.326819,-43.385872,669
70.326819,-44.911479,866
70.326819,-45.674282,868
70.326819,-50.251101,897
70.326819,-51.776708,900
70.326819,-55.590724,926
70.326819,-56.353527,930
70.326819,-59.40474,956
70.326819,-60.167543,962
70.326819,-62.455953,988
70.326819,-64.744363,1018
71.089623,-67.032773,1050
71.089623,-69.321182,1080
71.089623,-70.083986,1082
71.089623,-70.846789,1108
71.089623,-71.609592,1134
71.089623,-72.372395,1161
71.089623,-73.135198,1163
71.089623,-73.898002,1189
BREAK
