START
59.327411,-31.112807,0
58.423858,-32.01636,168
57.520305,-32.919913,176
56.616751,-32.919913,184
56.616751,-34.72702,192
54.809645,-35.630573,200
53.002538,-36.534126,216
52.098985,-37.43768,224
52.098985,-38.341233,232
51.195431,-40.14834,248
50.291878,-40.14834,264
50.291878,-41.051893,272
49.388325,-41.955446,280
49.388325,-42.858999,296
49.388325,-43.762553,304
49.388325,-44.666106,320
49.388325,-45.569659,344
49.388325,-46.473213,360
49.388325,-47.376766,384
50.291878,-47.376766,400
50.291878,-48.280319,408
52.098985,-48.280319,416
53.002538,-49.183873,424
54.809645,-49.183873,440
56.616751,-50.087426,456
59.327411,-50.990979,472
59.327411,-51.894532,480
61.134518,-52.798086,488
62.038071,-53.701639,496
62.941624,-54.605192,512
63.845178,-55.508746,528
64.748731,-55.508746,536
64.748731,-56.412299,544
64.748731,-58.219406,552
64.748731,-59.122959,568
64.748731,-60.930065,576
64.748731,-61.833619,584
64.748731,-62.737172,592
64.748731,-63.640725,600
64.748731,-65.447832,616
64.748731,-66.351385,632
64.748731,-67.254939,640
64.748731,-68.158492,648
64.748731,-69.062045,656
64.748731,-69.965598,664
64.748731,-70.869152,672
63.845178,-71.772705,680
63.845178,-72.676258,688
62.941624,-74.483365,696
62.038071,-75.386918,712
62.038071,-76.290472,720
62.038071,-77.194025,728
61.134518,-78.097578,736
60.230964,-79.001131,752
59.327411,-79.904685,760
59.327411,-80.808238,768
58.423858,-80.808238,776
57.520305,-80.808238,784
57.520305,-81.711791,792
56.616751,-81.711791,800
55.713198,-82.615345,808
54.809645,-82.615345,816
53.906091,-82.615345,832
52.098985,-82.615345,848
51.195431,-82.615345,856
50.291878,-82.615345,864
48.484772,-82.615345,872
47.581218,-81.711791,880
45.774112,-80.808238,888
44.870558,-80.808238,896
43.967005,-80.808238,904
42.159898,-79.904685,912
41.256345,-79.001131,920
40.352792,-78.097578,928
40.352792,-77.194025,936
38.545685,-75.386918,952
38.545685,-73.579812,960
37.642132,-73.579812,968
37.642132,-71.772705,976
37.642132,-70.869152,984
36.738579,-69.965598,992
36.738579,-68.158492,1000
35.835025,-66.351385,1016
35.835025,-64.544279,1024
34.931472,-62.737172,1040
34.931472,-61.833619,1048
34.931472,-60.930065,1056
34.931472,-59.122959,1072
34.931472,-58.219406,1088
34.931472,-57.315852,1120
35.835025,-56.412299,1128
36.738579,-55.508746,1144
37.642132,-54.605192,1160
39.449239,-52.798086,1176
40.352792,-51.894532,1192
41.256345,-50.990979,1208
42.159898,-50.087426,1240
43.063452,-50.087426,1248
43.063452,-49.183873,1264
44.870558,-49.183873,1280
45.774112,-48.280319,1296
46.677665,-48.280319,1336
47.581218,-48.280319,1416
48.484772,-48.280319,1440
49.388325,-48.280319,1560
50.291878,-48.280319,1576
51.195431,-48.280319,1600
52.098985,-48.280319,1680
53.002538,-48.280319,1696
BREAK
