START
45.774112,-20.270167,0
44.870558,-20.270167,15
43.967005,-20.270167,163
43.063452,-20.270167,191
42.159898,-20.270167,216
40.352792,-20.270167,223
39.449239,-20.270167,239
38.545685,-20.270167,255
37.642132,-20.270167,271
36.738579,-20.270167,285
34.931472,-20.270167,311
34.027919,-20.270167,327
33.124365,-20.270167,343
32.220812,-20.270167,367
32.220812,-21.17372,399
31.317259,-21.17372,407
29.510152,-22.077274,431
28.606599,-22.077274,464
27.703046,-22.980827,472
27.703046,-24.787933,506
27.703046,-25.691487,520
26.799492,-26.59504,527
26.799492,-27.498593,552
26.799492,-28.402147,559
26.799492,-30.209253,584
26.799492,-31.112807,599
26.799492,-32.01636,617
26.799492,-32.919913,632
26.799492,-33.823466,664
27.703046,-33.823466,683
28.606599,-33.823466,714
29.510152,-33.823466,746
31.317259,-35.630573,763
32.220812,-35.630573,768
33.124365,-35.630573,775
34.931472,-35.630573,791
34.931472,-36.534126,799
36.738579,-36.534126,807
37.642132,-37.43768,815
38.545685,-37.43768,824
39.449239,-37.43768,839
39.449239,-38.341233,847
40.352792,-38.341233,863
42.159898,-38.341233,879
43.063452,-38.341233,887
43.063452,-39.244786,896
43.967005,-39.244786,927
43.967005,-41.051893,943
44.870558,-41.051893,951
44.870558,-41.955446,962
45.774112,-41.955446,983
45.774112,-42.858999,991
47.581218,-42.858999,999
47.581218,-43.762553,1015
47.581218,-44.666106,1032
48.484772,-46.473213,1039
48.484772,-47.376766,1055
48.484772,-48.280319,1071
48.484772,-49.183873,1096
48.484772,-50.087426,1107
48.484772,-51.894532,1127
48.484772,-52.798086,1148
48.484772,-53.701639,1162
48.484772,-54.605192,1167
48.484772,-55.508746,1183
48.484772,-57.315852,1215
47.581218,-57.315852,1231
47.581218,-58.219406,1239
45.774112,-58.219406,1247
45.774112,-59.122959,1255
44.870558,-60.026512,1271
43.063452,-60.026512,1287
43.063452,-60.930065,1299
42.159898,-60.930065,1303
40.352792,-60.930065,1319
39.449239,-62.737172,1335
38.545685,-62.737172,1344
37.642132,-63.640725,1360
36.738579,-63.640725,1367
34.027919,-63.640725,1384
33.124365,-63.640725,1399
32.220812,-63.640725,1409
31.317259,-63.640725,1416
29.510152,-63.640725,1423
28.606599,-63.640725,1432
26.799492,-63.640725,1443
25.895939,-63.640725,1447
23.185279,-63.640725,1455
23.185279,-62.737172,1463
22.281726,-62.737172,1471
21.378173,-62.737172,1483
20.474619,-60.930065,1487
18.667513,-60.026512,1495
17.763959,-59.122959,1512
16.860406,-59.122959,1519
16.860406,-58.219406,1528
16.860406,-57.315852,1543
15.956853,-57.315852,1551
15.956853,-54.605192,1567
15.956853,-53.701639,1583
15.053299,-52.798086,1599
15.053299,-51.894532,1616
15.053299,-50.087426,1623
15.053299,-49.183873,1639
15.053299,-48.280319,1663
15.053299,-47.376766,1687
15.053299,-46.473213,1698
15.053299,-44.666106,1712
15.053299,-43.762553,1735
15.956853,-43.762553,1743
15.956853,-42.858999,1761
16.860406,-41.955446,1791
17.763959,-41.955446,1839
18.667513,-41.955446,1863
18.667513,-41.051893,1871
20.474619,-41.051893,1880
21.378173,-41.051893,1903
22.281726,-39.244786,1952
23.185279,-39.244786,1967
24.088832,-39.244786,1975
25.895939,-39.244786,2031
26.799492,-39.244786,2063
27.703046,-39.244786,2080
28.606599,-39.244786,2089
29.510152,-39.244786,2108
29.510152,-38.341233,2114
31.317259,-38.341233,2145
32.220812,-38.341233,2183
33.124365,-38.341233,2192
34.027919,-38.341233,2215
34.931472,-38.341233,2240
34.931472,-37.43768,2248
BREAK
