START
52.683962,-24.859438,0
51.683962,-24.859438,249
50.683962,-24.859438,265
49.683962,-24.859438,309
47.683962,-24.859438,328
46.683962,-24.859438,348
45.683962,-24.859438,368
44.683962,-25.859438,388
44.683962,-26.859438,408
43.683962,-26.859438,418
43.683962,-27.859438,433
42.683962,-27.859438,442
42.683962,-28.859438,476
42.683962,-29.859438,495
42.683962,-30.859438,515
42.683962,-31.859438,534
42.683962,-32.859438,545
42.683962,-33.859438,566
42.683962,-34.859438,589
42.683962,-35.859438,626
42.683962,-36.859438,648
42.683962,-37.859438,672
42.683962,-38.859438,695
42.683962,-39.859438,725
42.683962,-40.859438,745
42.683962,-41.859438,781
42.683962,-42.859438,809
42.683962,-43.859438,877
43.683962,-43.859438,897
43.683962,-44.859438,906
44.683962,-44.859438,987
45.683962,-44.859438,1018
46.683962,-44.859438,1047
47.683962,-44.859438,1067
48.683962,-44.859438,1124
49.683962,-44.859438,1194
50.683962,-44.859438,1228
51.683962,-44.859438,1259
52.683962,-44.859438,1289
53.683962,-44.859438,1299
54.683962,-44.859438,1341
55.683962,-44.859438,1363
56.683962,-44.859438,1401
56.683962,-43.859438,1452
56.683962,-42.859438,1473
57.683962,-40.859438,1493
57.683962,-39.859438,1541
57.683962,-38.859438,1551
57.683962,-37.859438,1577
57.683962,-36.859438,1611
57.683962,-35.859438,1621
57.683962,-34.859438,1676
57.683962,-33.859438,1699
57.683962,-32.859438,1798
57.683962,-31.859438,1856
57.683962,-30.859438,1920
57.683962,-29.859438,1944
57.683962,-28.859438,2004
57.683962,-27.859438,2053
57.683962,-26.859438,2150
56.683962,-26.859438,2199
56.683962,-25.859438,2211
55.683962,-25.859438,2230
54.683962,-25.859438,2259
54.683962,-24.859438,2296
53.683962,-24.859438,2306
52.683962,-24.859438,2316
51.683962,-24.859438,2361
51.683962,-25.859438,2504
52.683962,-25.859438,2514
52.683962,-26.859438,2524
53.683962,-28.859438,2533
BREAK
49.683962,-66.859438,3503
48.683962,-66.859438,3759
47.683962,-66.859438,3794
47.683962,-65.859438,3829
46.683962,-65.859438,3886
45.683962,-65.859438,3904
44.683962,-65.859438,3967
43.683962,-66.859438,4001
43.683962,-67.859438,4042
42.683962,-67.859438,4052
42.683962,-68.859438,4089
42.683962,-69.859438,4152
41.683962,-69.859438,4185
41.683962,-70.859438,4203
41.683962,-71.859438,4224
41.683962,-72.859438,4235
41.683962,-73.859438,4258
41.683962,-74.859438,4332
41.683962,-75.859438,4457
41.683962,-76.859438,4487
41.683962,-77.859438,4497
41.683962,-78.859438,4547
41.683962,-79.859438,4591
41.683962,-80.859438,4625
41.683962,-81.859438,4685
42.683962,-81.859438,4777
43.683962,-81.859438,4821
44.683962,-81.859438,4876
45.683962,-81.859438,4941
46.683962,-81.859438,4990
46.683962,-82.859438,5021
47.683962,-82.859438,5030
48.683962,-82.859438,5073
48.683962,-83.859438,5093
49.683962,-83.859438,5114
50.683962,-83.859438,5189
51.683962,-83.859438,5234
52.683962,-83.859438,5265
53.683962,-83.859438,5292
53.683962,-82.859438,5328
54.683962,-82.859438,5357
54.683962,-81.859438,5366
55.683962,-80.859438,5386
56.683962,-80.859438,5419
56.683962,-79.859438,5431
57.683962,-79.859438,5440
57.683962,-78.859438,5449
57.683962,-77.859438,5460
58.683962,-77.859438,5470
59.683962,-77.859438,5496
59.683962,-76.859438,5536
60.683962,-75.859438,5570
60.683962,-74.859438,5594
60.683962,-73.859438,5626
60.683962,-72.859438,5666
60.683962,-71.859438,5702
60.683962,-70.859438,5744
60.683962,-69.859438,5789
60.683962,-68.859438,5837
60.683962,-67.859438,5858
59.683962,-67.859438,5895
59.683962,-66.859438,5962
58.683962,-66.859438,5980
58.683962,-65.859438,5992
57.683962,-65.859438,6002
56.683962,-65.859438,6012
56.683962,-64.859438,6024
55.683962,-64.859438,6032
54.683962,-64.859438,6066
53.683962,-64.859438,6137
52.683962,-64.859438,6203
51.683962,-64.859438,6311
50.683962,-64.859438,6340
49.683962,-64.859438,6384
BREAK
