START
50.683962,-13.859438,0
50.683962,-14.859438,119
50.683962,-15.859438,143
50.683962,-16.859438,160
50.683962,-17.859438,168
50.683962,-18.859438,176
50.683962,-19.859438,192
50.683962,-20.859438,216
50.683962,-21.859438,232
50.683962,-22.859438,240
50.683962,-23.859438,248
50.683962,-24.859438,256
50.683962,-25.859438,265
50.683962,-26.859438,272
50.683962,-28.859438,280
50.683962,-30.859438,296
50.683962,-31.859438,304
50.683962,-33.859438,319
50.683962,-34.859438,328
50.683962,-35.859438,336
50.683962,-37.859438,344
50.683962,-39.859438,351
50.683962,-40.859438,359
50.683962,-41.859438,367
50.683962,-43.859438,375
50.683962,-45.859438,384
50.683962,-47.859438,399
50.683962,-48.859438,407
50.683962,-49.859438,415
50.683962,-51.859438,423
50.683962,-52.859438,439
50.683962,-53.859438,447
50.683962,-54.859438,463
49.683962,-54.859438,848
48.683962,-54.859438,856
47.683962,-54.859438,864
46.683962,-54.859438,872
45.683962,-54.859438,880
43.683962,-54.859438,888
42.683962,-53.859438,897
41.683962,-53.859438,904
39.683962,-53.859438,912
38.683962,-52.859438,927
37.683962,-52.859438,1007
36.683962,-52.859438,1023
35.683962,-52.859438,1031
33.683962,-52.859438,1039
31.683962,-52.859438,1047
29.683962,-52.859438,1055
27.683962,-52.859438,1063
25.683962,-52.859438,1071
22.683962,-52.859438,1079
20.683962,-52.859438,1087
18.683962,-52.859438,1096
16.683962,-52.859438,1104
16.683962,-53.859438,1383
16.683962,-54.859438,1399
16.683962,-55.859438,1408
16.683962,-56.859438,1416
16.683962,-58.859438,1424
16.683962,-59.859438,1432
17.683962,-60.859438,1440
17.683962,-62.859438,1448
17.683962,-63.859438,1456
17.683962,-64.859438,1464
17.683962,-65.859438,1472
17.683962,-66.859438,1480
17.683962,-67.859438,1488
17.683962,-69.859438,1496
17.683962,-70.859438,1504
17.683962,-71.859438,1512
17.683962,-73.859438,1520
17.683962,-74.859438,1528
17.683962,-75.859438,1536
17.683962,-76.859438,1544
17.683962,-77.859438,1552
17.683962,-78.859438,1560
17.683962,-79.859438,1568
17.683962,-80.859438,1584
17.683962,-81.859438,1592
17.683962,-82.859438,1615
17.683962,-81.859438,1808
17.683962,-80.859438,1816
18.683962,-80.859438,1824
20.683962,-78.859438,1832
22.683962,-78.859438,1841
BREAK
48.683962,-53.859438,2855
49.683962,-53.859438,3087
50.683962,-53.859438,3103
52.683962,-53.859438,3119
54.683962,-53.859438,3135
55.683962,-53.859438,3143
56.683962,-53.859438,3151
57.683962,-53.859438,3159
59.683962,-53.859438,3167
60.683962,-53.859438,3183
61.683962,-53.859438,3351
63.683962,-53.859438,3367
64.683962,-53.859438,3375
65.683962,-53.859438,3383
67.683962,-53.859438,3391
69.683962,-53.859438,3399
71.683962,-53.859438,3407
72.683962,-53.859438,3415
73.683962,-53.859438,3423
74.683962,-53.859438,3615
75.683962,-53.859438,3639
76.683962,-53.859438,3655
77.683962,-53.859438,3663
78.683962,-53.859438,3862
80.683962,-53.859438,3878
80.683962,-54.859438,4143
80.683962,-55.859438,4158
80.683962,-56.859438,4174
80.683962,-57.859438,4190
80.683962,-58.859438,4198
80.683962,-60.859438,4206
80.683962,-61.859438,4222
80.683962,-62.859438,4231
80.683962,-63.859438,4247
80.683962,-64.859438,4255
80.683962,-65.859438,4271
80.683962,-66.859438,4287
80.683962,-67.859438,4303
80.683962,-68.859438,4311
80.683962,-69.859438,4327
80.683962,-70.859438,4351
80.683962,-71.859438,4367
80.683962,-72.859438,4383
80.683962,-73.859438,4399
80.683962,-74.859438,4431
80.683962,-75.859438,4463
80.683962,-76.859438,4487
80.683962,-77.859438,4518
79.683962,-78.859438,4543
79.683962,-79.859438,4559
79.683962,-80.859438,4575
79.683962,-81.859438,4591
79.683962,-82.859438,4607
79.683962,-83.859438,4615
79.683962,-84.859438,4623
78.683962,-84.859438,4631
78.683962,-85.859438,4640
78.683962,-84.859438,4767
77.683962,-84.859438,4783
77.683962,-83.859438,4792
BREAK
