START
24.683962,-64.859438,0
24.683962,-63.859438,93
24.683962,-62.859438,102
24.683962,-61.859438,111
24.683962,-60.859438,121
24.683962,-59.859438,130
24.683962,-58.859438,139
24.683962,-57.859438,149
24.683962,-56.859438,167
24.683962,-55.859438,195
24.683962,-54.859438,232
24.683962,-53.859438,242
24.683962,-52.859438,260
24.683962,-51.859438,279
24.683962,-52.859438,363
24.683962,-51.859438,400
24.683962,-50.859438,428
24.683962,-49.859438,447
24.683962,-48.859438,456
24.683962,-47.859438,503
24.683962,-46.859438,652
25.683962,-46.859438,876
26.683962,-46.859438,941
27.683962,-46.859438,950
28.683962,-45.859438,959
29.683962,-45.859438,978
31.683962,-45.859438,987
34.683962,-45.859438,997
36.683962,-45.859438,1006
49.683962,-45.859438,1108
50.683962,-45.859438,1110
51.683962,-45.859438,1118
52.683962,-45.859438,1127
54.683962,-45.859438,1137
55.683962,-45.859438,1146
57.683962,-45.859438,1155
58.683962,-45.859438,1165
59.683962,-45.859438,1211
60.683962,-45.859438,1230
61.683962,-45.859438,1258
62.683962,-45.859438,1510
62.683962,-46.859438,1603
62.683962,-47.859438,1631
62.683962,-48.859438,1640
62.683962,-49.859438,1651
62.683962,-50.859438,1659
62.683962,-52.859438,1677
62.683962,-54.859438,1687
62.683962,-55.859438,1696
62.683962,-57.859438,1715
62.683962,-58.859438,1724
62.683962,-59.859438,1733
62.683962,-60.859438,1743
62.683962,-61.859438,1761
61.683962,-62.859438,1771
61.683962,-63.859438,1780
61.683962,-64.859438,1799
BREAK
43.683962,-16.859438,2572
42.683962,-16.859438,2590
42.683962,-17.859438,2600
42.683962,-18.859438,2609
41.683962,-20.859438,2628
41.683962,-22.859438,2646
41.683962,-24.859438,2656
41.683962,-26.859438,2665
41.683962,-28.859438,2674
41.683962,-29.859438,2684
41.683962,-31.859438,2693
41.683962,-32.859438,2702
41.683962,-34.859438,2711
41.683962,-36.859438,2721
41.683962,-37.859438,2739
41.683962,-39.859438,2749
41.683962,-40.859438,2758
41.683962,-41.859438,2767
41.683962,-42.859438,2795
41.683962,-43.859438,2814
41.683962,-44.859438,2823
41.683962,-45.859438,2842
41.683962,-46.859438,2917
41.683962,-47.859438,2944
BREAK
