START
18.428446,-24.878735,0
19.394547,-24.878735,48
21.326751,-24.878735,56
24.225056,-24.878735,64
28.089463,-24.878735,72
31.95387,-24.878735,80
37.75048,-24.878735,88
44.513192,-25.844837,96
51.275903,-25.844837,104
58.038615,-25.844837,112
62.869124,-25.844837,121
68.665734,-25.844837,128
71.564039,-25.844837,136
75.428446,-25.844837,144
77.360649,-25.844837,152
80.258954,-25.844837,160
82.191158,-25.844837,168
84.123361,-25.844837,176
85.089463,-25.844837,192
BREAK
32.919971,-53.861786,1168
32.919971,-51.929583,1255
32.919971,-50.963481,1264
33.886073,-49.997379,1272
34.852175,-49.031278,1280
36.784378,-48.065176,1288
37.75048,-48.065176,1296
39.682683,-48.065176,1305
41.614886,-48.065176,1312
42.580988,-48.065176,1321
43.54709,-48.065176,1328
44.513192,-48.065176,1336
45.479293,-48.065176,1352
46.445395,-49.031278,1360
46.445395,-50.963481,1368
46.445395,-52.895684,1376
47.411497,-53.861786,1384
47.411497,-54.827888,1392
47.411497,-56.760091,1400
47.411497,-57.726193,1408
47.411497,-58.692295,1416
47.411497,-60.624498,1424
47.411497,-61.5906,1432
47.411497,-63.522803,1440
46.445395,-63.522803,1448
45.479293,-64.488905,1456
44.513192,-65.455006,1464
43.54709,-66.421108,1472
41.614886,-66.421108,1480
40.648785,-67.38721,1488
38.716581,-67.38721,1496
36.784378,-67.38721,1504
33.886073,-67.38721,1512
30.987768,-67.38721,1521
29.055564,-67.38721,1528
26.157259,-66.421108,1536
23.258954,-66.421108,1544
20.360649,-65.455006,1552
16.496242,-64.488905,1560
15.530141,-63.522803,1568
13.597937,-62.556701,1576
12.631836,-61.5906,1584
11.665734,-59.658396,1592
11.665734,-58.692295,1600
10.699632,-56.760091,1608
10.699632,-55.79399,1616
10.699632,-54.827888,1624
10.699632,-53.861786,1632
10.699632,-52.895684,1640
10.699632,-51.929583,1648
BREAK
50.309802,-58.692295,5528
73.496242,-66.421108,5712
74.462344,-68.353312,5724
74.462344,-69.319413,5728
75.428446,-71.251617,5736
75.428446,-72.217718,5744
76.394547,-73.18382,5752
76.394547,-74.149922,5760
76.394547,-75.116023,5767
76.394547,-77.048227,5775
76.394547,-78.014329,5783
75.428446,-78.014329,5791
75.428446,-78.98043,5800
74.462344,-79.946532,5807
73.496242,-79.946532,5824
72.530141,-79.946532,5840
71.564039,-79.946532,5888
71.564039,-78.98043,5896
71.564039,-78.014329,5920
71.564039,-77.048227,5944
71.564039,-76.082125,5952
71.564039,-75.116023,5968
71.564039,-74.149922,5975
71.564039,-73.18382,5984
71.564039,-71.251617,5992
71.564039,-70.285515,6000
71.564039,-69.319413,6008
71.564039,-67.38721,6015
71.564039,-65.455006,6024
71.564039,-64.488905,6032
72.530141,-62.556701,6040
72.530141,-60.624498,6048
73.496242,-58.692295,6056
73.496242,-56.760091,6064
73.496242,-55.79399,6072
73.496242,-52.895684,6080
73.496242,-50.963481,6088
73.496242,-49.997379,6096
74.462344,-48.065176,6104
74.462344,-47.099074,6112
74.462344,-46.132973,6120
74.462344,-44.200769,6128
74.462344,-43.234667,6136
75.428446,-42.268566,6144
75.428446,-40.336362,6152
75.428446,-39.370261,6160
75.428446,-38.404159,6168
75.428446,-36.471956,6176
75.428446,-34.539752,6184
75.428446,-33.573651,6192
75.428446,-32.607549,6200
75.428446,-31.641447,6216
75.428446,-30.675345,6224
75.428446,-29.709244,6232
75.428446,-28.743142,6240
75.428446,-27.77704,6256
75.428446,-26.810939,6272
75.428446,-27.77704,6512
BREAK
