START
29.683962,-25.859438,0
43.683962,-28.859438,691
BREAK
46.683962,-32.859438,721
47.683962,-35.859438,751
BREAK
48.683962,-44.859438,771
48.683962,-48.859438,791
BREAK
48.683962,-50.859438,811
48.683962,-53.859438,851
BREAK
48.683962,-54.859438,871
44.683962,-68.859438,881
41.683962,-71.859438,921
40.683962,-71.859438,941
37.683962,-72.859438,951
36.683962,-73.859438,981
35.683962,-73.859438,991
33.683962,-73.859438,1011
32.683962,-73.859438,1031
31.683962,-73.859438,1041
30.683962,-73.859438,1061
29.683962,-73.859438,1081
28.683962,-73.859438,1091
27.683962,-73.859438,1101
26.683962,-73.859438,1131
25.683962,-73.859438,1152
24.683962,-73.859438,1202
23.683962,-73.859438,1232
22.683962,-73.859438,1252
BREAK
44.683962,-32.859438,2624
45.683962,-32.859438,2884
45.683962,-34.859438,2904
45.683962,-36.859438,2924
45.683962,-37.859438,2934
45.683962,-38.859438,2964
45.683962,-39.859438,2974
45.683962,-40.859438,2994
45.683962,-41.859438,3024
45.683962,-42.859438,3054
45.683962,-43.859438,3064
45.683962,-44.859438,3094
45.683962,-45.859438,3104
45.683962,-46.859438,3124
45.683962,-47.859438,3214
45.683962,-48.859438,3224
45.683962,-49.859438,3275
BREAK
74.683962,-31.859438,3976
73.683962,-31.859438,4036
72.683962,-31.859438,4106
70.683962,-31.859438,4126
68.683962,-31.859438,4146
67.683962,-31.859438,4166
66.683962,-31.859438,4186
65.683962,-31.859438,4196
64.683962,-31.859438,4216
63.683962,-31.859438,4226
61.683962,-32.859438,4246
60.683962,-32.859438,4296
59.683962,-32.859438,4316
59.683962,-33.859438,4356
58.683962,-33.859438,4376
57.683962,-34.859438,4396
56.683962,-35.859438,4416
55.683962,-37.859438,4426
54.683962,-37.859438,4466
54.683962,-38.859438,4486
54.683962,-39.859438,4496
53.683962,-40.859438,4506
BREAK
52.683962,-42.859438,4536
52.683962,-43.859438,4566
52.683962,-44.859438,4576
BREAK
51.683962,-44.859438,4606
51.683962,-45.859438,4627
51.683962,-46.859438,4637
50.683962,-46.859438,4647
50.683962,-47.859438,4687
50.683962,-48.859438,4707
50.683962,-49.859438,4727
50.683962,-50.859438,4737
50.683962,-51.859438,4767
50.683962,-52.859438,4777
50.683962,-53.859438,4787
50.683962,-54.859438,4807
50.683962,-55.859438,4827
50.683962,-57.859438,4837
50.683962,-58.859438,4857
50.683962,-60.859438,4867
50.683962,-61.859438,4877
50.683962,-62.859438,4887
50.683962,-63.859438,4907
50.683962,-64.859438,4917
50.683962,-65.859438,4937
50.683962,-66.859438,4957
50.683962,-67.859438,4977
50.683962,-68.859438,4997
50.683962,-69.859438,5007
50.683962,-70.859438,5027
50.683962,-71.859438,5047
51.683962,-71.859438,5107
53.683962,-71.859438,5127
54.683962,-71.859438,5137
55.683962,-72.859438,5157
56.683962,-72.859438,5177
58.683962,-72.859438,5187
59.683962,-72.859438,5207
60.683962,-72.859438,5227
61.683962,-72.859438,5237
62.683962,-72.859438,5257
63.683962,-72.859438,5267
64.683962,-72.859438,5287
66.683962,-72.859438,5297
67.683962,-72.859438,5318
68.683962,-72.859438,5328
70.683962,-72.859438,5338
72.683962,-72.859438,5358
73.683962,-72.859438,5388
74.683962,-72.859438,5418
75.683962,-72.859438,5428
76.683962,-72.859438,5588
BREAK
