START
12.631836,-31.641447,0
13.597937,-31.641447,199
14.564039,-31.641447,228
15.530141,-31.641447,279
16.496242,-31.641447,288
17.462344,-31.641447,317
18.428446,-31.641447,328
19.394547,-31.641447,347
20.360649,-31.641447,357
21.326751,-31.641447,367
22.292853,-31.641447,387
23.258954,-31.641447,397
24.225056,-31.641447,407
26.157259,-31.641447,417
27.123361,-31.641447,427
29.055564,-31.641447,436
30.987768,-31.641447,446
31.95387,-31.641447,467
33.886073,-31.641447,476
34.852175,-31.641447,496
35.818276,-31.641447,507
36.784378,-31.641447,516
37.75048,-31.641447,526
39.682683,-31.641447,536
40.648785,-31.641447,547
43.54709,-31.641447,556
44.513192,-31.641447,566
45.479293,-31.641447,576
46.445395,-31.641447,586
47.411497,-31.641447,596
49.3437,-31.641447,626
50.309802,-31.641447,635
51.275903,-31.641447,646
53.208107,-31.641447,656
55.14031,-31.641447,665
56.106412,-31.641447,676
58.038615,-31.641447,686
59.004717,-31.641447,814
60.93692,-31.641447,855
62.869124,-31.641447,875
64.801327,-31.641447,886
66.733531,-31.641447,905
67.699632,-31.641447,925
68.665734,-31.641447,945
69.631836,-31.641447,955
70.597937,-31.641447,1014
71.564039,-31.641447,1024
72.530141,-31.641447,1094
73.496242,-31.641447,1104
74.462344,-31.641447,1124
75.428446,-31.641447,1133
76.394547,-31.641447,1153
77.360649,-31.641447,1183
78.326751,-31.641447,1243
79.292853,-31.641447,1274
80.258954,-31.641447,1303
BREAK
28.089463,-32.607549,2567
28.089463,-31.641447,2915
28.089463,-32.607549,3313
28.089463,-33.573651,3323
28.089463,-34.539752,3342
28.089463,-35.505854,3353
28.089463,-36.471956,3412
28.089463,-37.438057,3432
28.089463,-38.404159,3452
28.089463,-39.370261,3512
28.089463,-40.336362,3531
28.089463,-41.302464,3582
28.089463,-42.268566,3601
28.089463,-43.234667,3631
28.089463,-44.200769,3651
28.089463,-45.166871,3681
28.089463,-46.132973,3691
28.089463,-47.099074,3731
28.089463,-48.065176,3741
28.089463,-49.031278,3920
28.089463,-49.997379,4069
28.089463,-50.963481,4078
28.089463,-51.929583,4109
29.055564,-51.929583,4427
30.021666,-51.929583,4437
31.95387,-50.963481,4467
32.919971,-50.963481,4487
33.886073,-50.963481,4597
34.852175,-50.963481,4606
34.852175,-51.929583,4676
34.852175,-52.895684,4686
35.818276,-53.861786,4706
35.818276,-54.827888,4726
35.818276,-55.79399,4745
35.818276,-56.760091,4795
35.818276,-57.726193,4806
35.818276,-58.692295,4826
35.818276,-59.658396,4835
35.818276,-60.624498,4855
34.852175,-60.624498,4875
33.886073,-60.624498,4925
32.919971,-60.624498,4955
31.95387,-60.624498,4985
30.987768,-60.624498,5024
30.021666,-60.624498,5054
29.055564,-60.624498,5085
28.089463,-60.624498,5094
27.123361,-60.624498,5124
27.123361,-59.658396,5144
27.123361,-58.692295,5154
27.123361,-57.726193,5164
26.157259,-57.726193,5174
26.157259,-56.760091,5184
26.157259,-55.79399,5203
26.157259,-54.827888,5214
26.157259,-53.861786,5233
26.157259,-52.895684,5254
26.157259,-51.929583,5283
27.123361,-51.929583,5363
28.089463,-51.929583,5403
29.055564,-51.929583,5443
30.021666,-51.929583,5523
30.987768,-51.929583,6478
31.95387,-51.929583,6508
32.919971,-51.929583,6557
33.886073,-51.929583,6578
35.818276,-51.929583,6617
36.784378,-51.929583,6637
37.75048,-51.929583,6657
38.716581,-51.929583,6667
39.682683,-51.929583,6677
41.614886,-51.929583,6697
42.580988,-51.929583,6717
44.513192,-51.929583,6736
44.513192,-52.895684,6747
45.479293,-52.895684,6766
46.445395,-52.895684,6797
46.445395,-53.861786,6826
46.445395,-54.827888,6836
46.445395,-55.79399,6856
46.445395,-56.760091,6866
46.445395,-57.726193,6886
47.411497,-58.692295,6896
47.411497,-59.658396,6906
47.411497,-60.624498,6925
47.411497,-61.5906,6936
47.411497,-62.556701,6956
47.411497,-63.522803,6966
47.411497,-64.488905,6986
47.411497,-65.455006,7016
47.411497,-66.421108,7035
47.411497,-67.38721,7049
46.445395,-67.38721,7065
46.445395,-68.353312,7075
45.479293,-69.319413,7095
44.513192,-69.319413,7124
42.580988,-69.319413,7135
42.580988,-70.285515,7144
41.614886,-70.285515,7155
40.648785,-70.285515,7165
39.682683,-70.285515,7185
38.716581,-70.285515,7205
37.75048,-70.285515,7225
36.784378,-70.285515,7234
35.818276,-70.285515,7245
34.852175,-70.285515,7254
33.886073,-70.285515,7264
32.919971,-70.285515,7275
31.95387,-70.285515,7285
30.987768,-70.285515,7295
29.055564,-70.285515,7314
28.089463,-70.285515,7325
27.123361,-70.285515,7343
26.157259,-70.285515,7354
25.191158,-70.285515,7364
24.225056,-70.285515,7374
23.258954,-70.285515,7383
22.292853,-70.285515,7394
21.326751,-70.285515,7404
20.360649,-70.285515,7424
19.394547,-70.285515,7444
18.428446,-70.285515,7464
17.462344,-70.285515,7494
16.496242,-70.285515,7503
17.462344,-70.285515,7762
18.428446,-70.285515,7772
19.394547,-70.285515,7782
20.360649,-71.251617,7792
21.326751,-72.217718,7802
22.292853,-72.217718,7812
24.225056,-72.217718,7821
25.191158,-73.18382,7832
27.123361,-73.18382,7842
29.055564,-74.149922,7852
31.95387,-74.149922,7861
32.919971,-74.149922,7872
34.852175,-75.116023,7882
35.818276,-75.116023,7891
36.784378,-75.116023,7902
38.716581,-76.082125,7912
39.682683,-76.082125,7921
40.648785,-76.082125,7931
42.580988,-76.082125,7941
45.479293,-76.082125,7952
46.445395,-76.082125,7961
49.3437,-77.048227,7971
51.275903,-77.048227,7981
52.242005,-77.048227,7991
55.14031,-78.014329,8002
56.106412,-78.014329,8011
57.072514,-78.014329,8021
58.038615,-78.014329,8032
59.004717,-78.014329,8041
60.93692,-78.014329,8061
61.903022,-78.014329,8072
62.869124,-78.014329,8081
63.835225,-78.014329,8091
64.801327,-78.014329,8101
65.767429,-78.014329,8111
66.733531,-78.014329,8120
67.699632,-78.014329,8131
68.665734,-78.014329,8161
69.631836,-78.014329,8231
70.597937,-78.014329,8250
71.564039,-78.014329,8260
72.530141,-78.014329,8271
74.462344,-78.014329,8350
75.428446,-78.014329,8360
BREAK
