START
68.622854,-30.202918,0
67.633464,-30.202918,607
67.633464,-29.213528,615
67.633464,-30.202918,1343
67.633464,-32.181698,1351
66.644074,-32.181698,1359
66.644074,-33.171088,1367
66.644074,-34.160477,1375
66.644074,-35.149867,1382
66.644074,-36.139257,1391
66.644074,-37.128647,1407
66.644074,-38.118037,1431
66.644074,-39.107427,1447
66.644074,-40.096817,1479
66.644074,-41.086207,1503
66.644074,-42.075597,1519
66.644074,-43.064987,1527
67.633464,-44.054377,1543
67.633464,-45.043767,1575
67.633464,-46.033156,1607
67.633464,-47.022546,1615
67.633464,-48.011936,1647
67.633464,-49.001326,1671
66.644074,-49.001326,1751
65.654684,-49.001326,1775
65.654684,-49.990716,1831
65.654684,-50.980106,1839
65.654684,-51.969496,1863
64.665295,-51.969496,1871
64.665295,-52.958886,1895
64.665295,-53.948276,1927
64.665295,-54.937666,1936
64.665295,-55.927056,1991
64.665295,-56.916446,2023
63.675905,-56.916446,2047
63.675905,-57.905836,2063
63.675905,-58.895225,2071
63.675905,-59.884615,2119
62.686515,-60.874005,2143
62.686515,-61.863395,2175
62.686515,-62.852785,2207
62.686515,-63.842175,2215
61.697125,-63.842175,2247
61.697125,-64.831565,2255
60.707735,-64.831565,2263
60.707735,-65.820955,2295
60.707735,-66.810345,2311
59.718345,-66.810345,2320
59.718345,-67.799735,2327
59.718345,-68.789125,2383
58.728955,-68.789125,2407
58.728955,-69.778515,2415
58.728955,-70.767905,2439
58.728955,-71.757294,2447
57.739565,-71.757294,2463
57.739565,-72.746684,2471
57.739565,-73.736074,2496
56.750175,-73.736074,2519
56.750175,-74.725464,2543
55.760785,-74.725464,2551
55.760785,-75.714854,2560
54.771395,-75.714854,2584
54.771395,-76.704244,2608
53.782005,-76.704244,2615
52.792615,-76.704244,2624
51.803226,-77.693634,2632
50.813836,-77.693634,2640
49.824446,-77.693634,2648
47.845666,-78.683024,2656
46.856276,-78.683024,2672
45.866886,-78.683024,2760
43.888106,-78.683024,2784
42.898716,-77.693634,2792
40.919936,-77.693634,2800
39.930547,-77.693634,2808
37.951767,-76.704244,2816
36.962377,-76.704244,2824
35.972987,-76.704244,2840
35.972987,-75.714854,2848
35.972987,-74.725464,2992
34.983597,-74.725464,3000
34.983597,-73.736074,3008
33.994207,-72.746684,3016
33.004817,-71.757294,3024
33.004817,-70.767905,3048
33.004817,-69.778515,3064
33.004817,-68.789125,3080
33.004817,-67.799735,3112
33.004817,-66.810345,3136
33.004817,-65.820955,3152
33.004817,-64.831565,3168
33.004817,-63.842175,3184
33.004817,-62.852785,3208
33.004817,-61.863395,3220
33.994207,-61.863395,3232
33.994207,-60.874005,3240
33.994207,-59.884615,3280
34.983597,-59.884615,3296
34.983597,-58.895225,3312
34.983597,-57.905836,3320
35.972987,-57.905836,3344
35.972987,-56.916446,3392
36.962377,-56.916446,3408
37.951767,-56.916446,3424
37.951767,-55.927056,3432
38.941157,-55.927056,3600
BREAK
68.622854,-30.202918,9920
70.601634,-32.181698,10150
71.591024,-32.181698,10153
72.580414,-32.181698,10159
BREAK
