START
71.591024,-13.383289,0
71.591024,-14.372679,237
71.591024,-15.362069,248
71.591024,-17.340849,258
71.591024,-18.330239,269
71.591024,-19.319629,280
71.591024,-21.298408,291
71.591024,-23.277188,301
71.591024,-24.266578,313
71.591024,-25.255968,324
71.591024,-26.245358,335
71.591024,-28.224138,345
71.591024,-29.213528,356
71.591024,-30.202918,367
71.591024,-31.192308,378
71.591024,-32.181698,388
71.591024,-33.171088,399
71.591024,-34.160477,410
71.591024,-36.139257,421
71.591024,-37.128647,431
71.591024,-38.118037,442
71.591024,-39.107427,453
71.591024,-40.096817,464
71.591024,-41.086207,483
71.591024,-42.075597,497
71.591024,-44.054377,508
71.591024,-45.043767,525
71.591024,-46.033156,536
71.591024,-47.022546,578
71.591024,-48.011936,589
72.580414,-48.011936,615
72.580414,-49.001326,634
72.580414,-49.990716,645
72.580414,-50.980106,661
72.580414,-51.969496,682
72.580414,-52.958886,693
72.580414,-53.948276,727
72.580414,-54.937666,749
72.580414,-56.916446,860
70.601634,-56.916446,871
69.612244,-58.895225,882
69.612244,-59.884615,892
71.591024,-60.874005,915
71.591024,-63.842175,957
69.612244,-64.831565,991
69.612244,-65.820955,1025
69.612244,-66.810345,1036
67.633464,-68.789125,1064
66.644074,-69.778515,1090
65.654684,-70.767905,1100
65.654684,-71.757294,1111
65.654684,-72.746684,1127
65.654684,-73.736074,1141
63.675905,-74.725464,1169
62.686515,-75.714854,1179
61.697125,-77.693634,1206
60.707735,-78.683024,1225
57.739565,-79.672414,1236
56.750175,-79.672414,1247
56.750175,-80.661804,1258
54.771395,-81.651194,1268
53.782005,-82.640584,1279
51.803226,-82.640584,1290
50.813836,-83.629973,1302
49.824446,-83.629973,1313
47.845666,-83.629973,1324
47.845666,-84.619363,1335
45.866886,-85.608753,1346
44.877496,-85.608753,1368
43.888106,-85.608753,1445
42.898716,-85.608753,1462
41.909326,-85.608753,1474
40.919936,-85.608753,1485
39.930547,-85.608753,1504
37.951767,-83.629973,1569
36.962377,-83.629973,1585
35.972987,-83.629973,1605
34.983597,-81.651194,1619
33.994207,-80.661804,1669
33.004817,-80.661804,1682
35.972987,-81.651194,1693
35.972987,-79.672414,1710
33.994207,-79.672414,1720
33.004817,-77.693634,1731
33.004817,-75.714854,1743
31.026037,-74.725464,1788
31.026037,-73.736074,1819
31.026037,-72.746684,1837
29.047257,-69.778515,1847
29.047257,-68.789125,1871
29.047257,-67.799735,1896
29.047257,-66.810345,1907
29.047257,-64.831565,1918
29.047257,-63.842175,1928
29.047257,-62.852785,1943
29.047257,-61.863395,1962
29.047257,-60.874005,1972
29.047257,-59.884615,1984
29.047257,-58.895225,2004
29.047257,-57.905836,2018
29.047257,-55.927056,2036
29.047257,-54.937666,2056
29.047257,-53.948276,2071
29.047257,-52.958886,2082
29.047257,-51.969496,2099
29.047257,-50.980106,2110
30.036647,-50.980106,2122
30.036647,-49.001326,2133
30.036647,-48.011936,2153
30.036647,-47.022546,2164
BREAK
