START
19.153358,-48.011936,0
18.163968,-48.011936,228
17.174578,-49.001326,239
17.174578,-49.990716,260
17.174578,-50.980106,280
15.195799,-52.958886,301
15.195799,-53.948276,333
15.195799,-54.937666,344
15.195799,-55.927056,354
15.195799,-56.916446,364
15.195799,-57.905836,385
15.195799,-58.895225,395
15.195799,-59.884615,405
15.195799,-60.874005,426
15.195799,-61.863395,436
15.195799,-62.852785,447
15.195799,-63.842175,467
15.195799,-64.831565,488
15.195799,-65.820955,498
15.195799,-66.810345,519
15.195799,-67.799735,529
16.185188,-67.799735,540
16.185188,-68.789125,560
16.185188,-70.767905,571
17.174578,-70.767905,581
18.163968,-71.757294,612
18.163968,-72.746684,622
19.153358,-73.736074,643
19.153358,-74.725464,663
20.142748,-75.714854,674
20.142748,-76.704244,684
21.132138,-76.704244,695
22.121528,-77.693634,705
23.110918,-78.683024,715
23.110918,-79.672414,726
24.100308,-79.672414,736
24.100308,-80.661804,746
25.089698,-81.651194,767
26.079088,-81.651194,798
26.079088,-82.640584,808
28.057867,-82.640584,819
29.047257,-82.640584,839
31.026037,-82.640584,860
32.015427,-82.640584,881
33.994207,-82.640584,891
34.983597,-82.640584,912
36.962377,-82.640584,922
37.951767,-82.640584,946
38.941157,-82.640584,982
39.930547,-82.640584,998
39.930547,-81.651194,1015
40.919936,-81.651194,1031
41.909326,-81.651194,1041
41.909326,-80.661804,1051
42.898716,-80.661804,1095
42.898716,-79.672414,1105
43.888106,-78.683024,1115
44.877496,-78.683024,1138
45.866886,-77.693634,1168
46.856276,-76.704244,1201
46.856276,-75.714854,1216
47.845666,-75.714854,1226
47.845666,-74.725464,1238
48.835056,-74.725464,1248
49.824446,-73.736074,1259
49.824446,-72.746684,1284
49.824446,-71.757294,1294
50.813836,-71.757294,1309
50.813836,-70.767905,1319
50.813836,-69.778515,1339
51.803226,-67.799735,1360
51.803226,-66.810345,1381
51.803226,-64.831565,1391
52.792615,-62.852785,1412
53.782005,-61.863395,1422
53.782005,-60.874005,1432
53.782005,-59.884615,1443
53.782005,-58.895225,1463
53.782005,-57.905836,1474
53.782005,-56.916446,1484
53.782005,-55.927056,1494
53.782005,-54.937666,1504
53.782005,-53.948276,1515
53.782005,-51.969496,1535
53.782005,-49.990716,1546
53.782005,-49.001326,1566
53.782005,-47.022546,1587
53.782005,-46.033156,1597
53.782005,-45.043767,1608
53.782005,-44.054377,1628
53.782005,-42.075597,1649
53.782005,-41.086207,1661
54.771395,-39.107427,1682
54.771395,-38.118037,1703
54.771395,-36.139257,1713
54.771395,-35.149867,1734
54.771395,-33.171088,1744
54.771395,-32.181698,1765
54.771395,-31.192308,1775
54.771395,-30.202918,1785
54.771395,-28.224138,1795
54.771395,-27.234748,1816
54.771395,-26.245358,1837
54.771395,-25.255968,1847
54.771395,-24.266578,1857
54.771395,-23.277188,1868
54.771395,-22.287798,1878
54.771395,-21.298408,1889
54.771395,-20.309019,1899
54.771395,-19.319629,1909
54.771395,-18.330239,1919
54.771395,-17.340849,1930
54.771395,-16.351459,1950
54.771395,-15.362069,1961
54.771395,-14.372679,2018
55.760785,-14.372679,2028
55.760785,-13.383289,2038
56.750175,-13.383289,2705
56.750175,-14.372679,2736
56.750175,-15.362069,2773
56.750175,-16.351459,2806
57.739565,-16.351459,2836
57.739565,-17.340849,2856
57.739565,-18.330239,2882
57.739565,-19.319629,2903
57.739565,-20.309019,2924
57.739565,-21.298408,2934
58.728955,-21.298408,2982
58.728955,-22.287798,2992
58.728955,-23.277188,3008
58.728955,-24.266578,3031
58.728955,-25.255968,3041
58.728955,-26.245358,3064
58.728955,-27.234748,3101
58.728955,-28.224138,3121
59.718345,-28.224138,3142
59.718345,-29.213528,3152
59.718345,-30.202918,3198
60.707735,-30.202918,3246
60.707735,-31.192308,3267
61.697125,-31.192308,3339
61.697125,-32.181698,3374
61.697125,-33.171088,3418
62.686515,-33.171088,3465
BREAK
