START
68.622854,-18.330239,0
68.622854,-19.319629,83
68.622854,-20.309019,101
68.622854,-21.298408,111
68.622854,-22.287798,121
68.622854,-24.266578,132
68.622854,-25.255968,142
68.622854,-27.234748,152
68.622854,-29.213528,162
68.622854,-31.192308,173
68.622854,-33.171088,183
68.622854,-36.139257,195
68.622854,-38.118037,204
68.622854,-40.096817,214
68.622854,-42.075597,224
68.622854,-44.054377,234
68.622854,-46.033156,245
68.622854,-48.011936,255
68.622854,-49.001326,267
68.622854,-49.990716,276
68.622854,-50.980106,286
68.622854,-51.969496,307
68.622854,-52.958886,316
68.622854,-53.948276,327
68.622854,-54.937666,337
68.622854,-55.927056,348
68.622854,-56.916446,358
68.622854,-58.895225,368
68.622854,-59.884615,379
68.622854,-60.874005,389
68.622854,-62.852785,399
68.622854,-63.842175,409
68.622854,-64.831565,420
68.622854,-65.820955,430
68.622854,-66.810345,440
68.622854,-67.799735,461
68.622854,-68.789125,471
68.622854,-69.778515,512
67.633464,-69.778515,543
66.644074,-69.778515,563
65.654684,-69.778515,584
64.665295,-69.778515,594
63.675905,-69.778515,615
62.686515,-69.778515,636
61.697125,-69.778515,656
60.707735,-69.778515,666
59.718345,-69.778515,677
58.728955,-68.789125,697
57.739565,-67.799735,707
56.750175,-67.799735,727
56.750175,-66.810345,738
55.760785,-65.820955,748
55.760785,-64.831565,768
54.771395,-63.842175,779
53.782005,-63.842175,800
53.782005,-62.852785,810
52.792615,-61.863395,820
52.792615,-60.874005,831
51.803226,-60.874005,841
51.803226,-59.884615,851
50.813836,-57.905836,861
49.824446,-55.927056,882
49.824446,-54.937666,892
49.824446,-53.948276,902
48.835056,-52.958886,913
48.835056,-50.980106,923
48.835056,-49.990716,934
48.835056,-49.001326,943
48.835056,-48.011936,954
48.835056,-47.022546,964
48.835056,-46.033156,975
48.835056,-45.043767,995
48.835056,-44.054377,1057
48.835056,-43.064987,1120
48.835056,-42.075597,1158
BREAK
