START
41.854568,-49.607335,0
40.980884,-49.607335,112
40.1072,-49.607335,140
39.233515,-49.607335,149
38.359831,-49.607335,177
37.486147,-49.607335,205
36.612463,-49.607335,233
35.738779,-50.481019,252
34.865094,-50.481019,270
34.865094,-51.354703,289
34.865094,-52.228387,308
33.99141,-53.102071,317
33.99141,-53.975756,326
33.99141,-54.84944,354
33.99141,-55.723124,363
33.99141,-56.596808,373
33.99141,-57.470492,382
33.99141,-58.344177,401
33.99141,-59.217861,410
33.99141,-60.091545,419
33.99141,-60.965229,429
33.99141,-61.838914,457
33.99141,-62.712598,466
33.99141,-63.586282,476
33.99141,-64.459966,485
34.865094,-64.459966,504
35.738779,-64.459966,522
36.612463,-64.459966,531
37.486147,-64.459966,541
38.359831,-64.459966,569
40.1072,-64.459966,578
40.980884,-64.459966,587
41.854568,-64.459966,597
42.728252,-64.459966,606
44.475621,-63.586282,615
46.222989,-63.586282,625
47.096673,-62.712598,643
47.096673,-61.838914,662
47.096673,-60.965229,681
47.096673,-60.091545,690
47.970357,-58.344177,699
48.844042,-56.596808,709
49.717726,-55.723124,718
50.59141,-54.84944,727
50.59141,-53.975756,737
50.59141,-52.228387,746
50.59141,-51.354703,755
50.59141,-49.607335,765
50.59141,-48.73365,783
50.59141,-46.986282,793
50.59141,-45.238914,802
50.59141,-43.491545,811
50.59141,-42.617861,821
50.59141,-41.744177,830
50.59141,-39.123124,839
50.59141,-37.375756,849
50.59141,-35.628387,858
50.59141,-33.881019,867
50.59141,-33.007335,877
50.59141,-32.13365,886
50.59141,-30.386282,895
50.59141,-28.638914,905
50.59141,-27.765229,914
50.59141,-26.891545,923
50.59141,-26.017861,933
50.59141,-25.144177,942
50.59141,-24.270492,951
50.59141,-23.396808,961
50.59141,-22.523124,979
50.59141,-21.64944,1007
49.717726,-21.64944,1017
BREAK
61.949305,-23.396808,2126
61.949305,-25.144177,2322
61.949305,-26.017861,2331
61.949305,-26.891545,2341
61.949305,-28.638914,2350
61.949305,-29.512598,2359
62.822989,-33.881019,2369
62.822989,-35.628387,2378
63.696673,-38.24944,2387
63.696673,-39.996808,2397
63.696673,-41.744177,2415
63.696673,-43.491545,2425
63.696673,-44.365229,2443
63.696673,-45.238914,2453
63.696673,-46.112598,2481
63.696673,-46.986282,2490
63.696673,-47.859966,2499
63.696673,-48.73365,2509
63.696673,-49.607335,2518
63.696673,-50.481019,2527
63.696673,-51.354703,2537
63.696673,-52.228387,2546
63.696673,-53.102071,2555
63.696673,-53.975756,2565
63.696673,-54.84944,2574
63.696673,-55.723124,2583
63.696673,-56.596808,2593
63.696673,-57.470492,2611
63.696673,-58.344177,2620
63.696673,-60.091545,2630
63.696673,-61.838914,2639
63.696673,-62.712598,2649
63.696673,-63.586282,2658
63.696673,-65.33365,2667
63.696673,-67.081019,2677
63.696673,-67.954703,2686
63.696673,-68.828387,2695
63.696673,-69.702071,2732
BREAK
40.1072,-19.902071,3348
40.1072,-19.028387,3404
40.980884,-19.028387,3413
45.349305,-17.281019,3422
50.59141,-16.407335,3432
58.454568,-15.53365,3441
63.696673,-15.53365,3450
68.938779,-13.786282,3460
73.3072,-13.786282,3469
75.928252,-13.786282,3478
76.801936,-13.786282,3488
77.675621,-13.786282,3553
BREAK
