START
52.254717,-18.827309,0
52.254717,-19.827309,264
52.254717,-20.827309,318
52.254717,-21.827309,363
52.254717,-22.827309,396
52.254717,-23.827309,407
52.254717,-24.827309,431
52.254717,-25.827309,461
52.254717,-26.827309,489
52.254717,-27.827309,505
52.254717,-28.827309,535
52.254717,-29.827309,567
52.254717,-30.827309,589
52.254717,-31.827309,600
52.254717,-32.827309,640
52.254717,-33.827309,691
52.254717,-34.827309,728
52.254717,-35.827309,751
52.254717,-36.827309,777
52.254717,-37.827309,804
52.254717,-38.827309,831
52.254717,-39.827309,842
52.254717,-40.827309,872
52.254717,-41.827309,903
52.254717,-42.827309,926
52.254717,-43.827309,944
52.254717,-44.827309,966
52.254717,-45.827309,977
52.254717,-46.827309,1010
52.254717,-47.827309,1022
52.254717,-48.827309,1048
52.254717,-49.827309,1071
52.254717,-50.827309,1096
52.254717,-51.827309,1108
52.254717,-52.827309,1153
52.254717,-53.827309,1183
52.254717,-55.827309,1206
52.254717,-56.827309,1246
52.254717,-57.827309,1274
52.254717,-58.827309,1296
52.254717,-59.827309,1308
52.254717,-60.827309,1332
52.254717,-61.827309,1367
52.254717,-62.827309,1402
52.254717,-63.827309,1413
52.254717,-64.827309,1436
52.254717,-65.827309,1492
52.254717,-66.827309,1567
52.254717,-67.827309,1617
52.254717,-68.827309,1668
52.254717,-69.827309,1691
52.254717,-70.827309,1713
52.254717,-71.827309,1727
52.254717,-72.827309,1749
52.254717,-73.827309,1772
52.254717,-74.827309,1794
52.254717,-75.827309,1805
52.254717,-76.827309,1834
52.254717,-77.827309,1867
52.254717,-78.827309,1908
52.254717,-79.827309,1934
52.254717,-80.827309,1991
52.254717,-81.827309,2062
52.254717,-82.827309,2136
52.254717,-83.827309,2187
52.254717,-84.827309,2204
52.254717,-85.827309,2234
52.254717,-86.827309,2256
52.254717,-87.827309,2268
52.254717,-88.827309,2279
52.254717,-89.827309,2301
52.254717,-90.827309,2326
52.254717,-91.827309,2338
52.254717,-92.827309,2360
52.254717,-93.827309,2383
52.254717,-94.827309,2412
BREAK
14.254717,-76.827309,5767
15.254717,-76.827309,6200
15.254717,-75.827309,6243
16.254717,-75.827309,6255
17.254717,-75.827309,6337
17.254717,-74.827309,6592
17.254717,-73.827309,6629
17.254717,-72.827309,6659
18.254717,-72.827309,6691
18.254717,-71.827309,6706
19.254717,-71.827309,6717
19.254717,-70.827309,6731
20.254717,-70.827309,6783
21.254717,-69.827309,6823
22.254717,-68.827309,6836
23.254717,-68.827309,6910
24.254717,-68.827309,6981
25.254717,-67.827309,7044
26.254717,-67.827309,7084
28.254717,-66.827309,7214
29.254717,-66.827309,7241
30.254717,-65.827309,7300
31.254717,-64.827309,7325
32.254717,-63.827309,7369
34.254717,-63.827309,7380
35.254717,-63.827309,7417
37.254717,-62.827309,7451
38.254717,-62.827309,7465
39.254717,-62.827309,7514
40.254717,-61.827309,7550
41.254717,-61.827309,7570
42.254717,-60.827309,7622
43.254717,-60.827309,7649
44.254717,-60.827309,7677
45.254717,-60.827309,7714
45.254717,-59.827309,7731
46.254717,-59.827309,7753
47.254717,-59.827309,7808
47.254717,-58.827309,7836
48.254717,-57.827309,7852
49.254717,-57.827309,7878
50.254717,-57.827309,7912
50.254717,-56.827309,7936
51.254717,-56.827309,7947
52.254717,-56.827309,7986
53.254717,-55.827309,8019
54.254717,-55.827309,8031
55.254717,-54.827309,8117
57.254717,-53.827309,8131
58.254717,-53.827309,8176
59.254717,-52.827309,8201
60.254717,-51.827309,8212
61.254717,-51.827309,8237
61.254717,-50.827309,8259
62.254717,-49.827309,8270
63.254717,-49.827309,8311
64.254717,-49.827309,8322
64.254717,-48.827309,8338
65.254717,-47.827309,8349
67.254717,-46.827309,8441
68.254717,-45.827309,8453
69.254717,-45.827309,8465
70.254717,-44.827309,8566
71.254717,-43.827309,8585
72.254717,-43.827309,8625
73.254717,-42.827309,8806
74.254717,-42.827309,8836
75.254717,-42.827309,8848
76.254717,-41.827309,8859
76.254717,-40.827309,8870
77.254717,-40.827309,8882
79.254717,-39.827309,8945
80.254717,-39.827309,8968
81.254717,-38.827309,8980
82.254717,-38.827309,9002
83.254717,-37.827309,9013
83.254717,-36.827309,9025
84.254717,-36.827309,9036
85.254717,-36.827309,9063
86.254717,-35.827309,9085
87.254717,-35.827309,9101
88.254717,-35.827309,9174
88.254717,-34.827309,9233
89.254717,-34.827309,9245
89.254717,-33.827309,9267
90.254717,-33.827309,9345
90.254717,-32.827309,9373
90.254717,-31.827309,9385
91.254717,-31.827309,9736
BREAK
51.254717,-15.827309,10933
52.254717,-16.827309,10969
53.254717,-17.827309,11102
54.254717,-17.827309,11113
55.254717,-17.827309,11159
56.254717,-17.827309,11190
57.254717,-18.827309,11243
58.254717,-18.827309,11293
59.254717,-18.827309,11389
60.254717,-18.827309,11453
61.254717,-18.827309,11523
62.254717,-19.827309,11540
63.254717,-19.827309,11587
64.254717,-19.827309,11614
65.254717,-19.827309,11691
66.254717,-19.827309,11734
66.254717,-20.827309,11790
67.254717,-20.827309,11801
68.254717,-20.827309,11833
68.254717,-21.827309,11871
69.254717,-21.827309,11910
70.254717,-22.827309,12003
71.254717,-22.827309,12014
71.254717,-23.827309,12055
71.254717,-24.827309,12087
72.254717,-24.827309,12110
73.254717,-24.827309,12121
74.254717,-25.827309,12163
75.254717,-25.827309,12182
75.254717,-26.827309,12222
76.254717,-26.827309,12258
76.254717,-27.827309,12269
77.254717,-27.827309,12304
77.254717,-28.827309,12340
78.254717,-29.827309,12400
79.254717,-29.827309,12443
79.254717,-30.827309,12471
80.254717,-30.827309,12500
80.254717,-31.827309,12548
81.254717,-31.827309,12559
82.254717,-31.827309,12582
82.254717,-32.827309,12683
83.254717,-32.827309,12701
84.254717,-32.827309,12723
84.254717,-33.827309,12835
85.254717,-33.827309,12884
86.254717,-34.827309,13150
87.254717,-34.827309,13190
BREAK
13.254717,-76.827309,14028
14.254717,-76.827309,14155
15.254717,-76.827309,14178
16.254717,-76.827309,14207
17.254717,-76.827309,14232
18.254717,-76.827309,14243
18.254717,-77.827309,14255
19.254717,-77.827309,14290
21.254717,-78.827309,14302
22.254717,-78.827309,14348
23.254717,-79.827309,14368
24.254717,-79.827309,14391
25.254717,-79.827309,14445
26.254717,-79.827309,14488
28.254717,-80.827309,14572
29.254717,-80.827309,14587
30.254717,-80.827309,14603
31.254717,-81.827309,14635
32.254717,-82.827309,14675
33.254717,-82.827309,14702
33.254717,-83.827309,14735
34.254717,-83.827309,14747
34.254717,-84.827309,14768
34.254717,-85.827309,14790
35.254717,-86.827309,14829
36.254717,-86.827309,14856
36.254717,-87.827309,14875
37.254717,-87.827309,14901
38.254717,-88.827309,14917
38.254717,-89.827309,14928
39.254717,-89.827309,14950
39.254717,-90.827309,15004
40.254717,-90.827309,15021
40.254717,-91.827309,15072
41.254717,-91.827309,15084
41.254717,-92.827309,15114
42.254717,-92.827309,15148
42.254717,-93.827309,15204
43.254717,-93.827309,15216
44.254717,-93.827309,15271
45.254717,-93.827309,15297
46.254717,-93.827309,15386
47.254717,-93.827309,15468
48.254717,-93.827309,15586
48.254717,-92.827309,15597
49.254717,-91.827309,15624
50.254717,-90.827309,15706
BREAK
