START
51.254717,-22.827309,0
51.254717,-24.827309,240
51.254717,-25.827309,248
51.254717,-26.827309,256
51.254717,-28.827309,264
51.254717,-29.827309,271
51.254717,-30.827309,288
51.254717,-33.827309,296
51.254717,-34.827309,320
51.254717,-35.827309,336
51.254717,-36.827309,376
51.254717,-37.827309,408
51.254717,-38.827309,416
51.254717,-39.827309,456
51.254717,-40.827309,480
51.254717,-41.827309,488
51.254717,-42.827309,512
51.254717,-43.827309,520
51.254717,-44.827309,553
51.254717,-45.827309,560
51.254717,-46.827309,568
51.254717,-48.827309,592
51.254717,-49.827309,624
51.254717,-50.827309,632
51.254717,-52.827309,640
51.254717,-53.827309,649
51.254717,-54.827309,656
51.254717,-56.827309,664
49.254717,-58.827309,672
49.254717,-60.827309,688
49.254717,-61.827309,728
49.254717,-62.827309,752
49.254717,-63.827309,768
49.254717,-65.827309,776
49.254717,-67.827309,800
49.254717,-68.827309,832
49.254717,-70.827309,856
49.254717,-71.827309,880
49.254717,-72.827309,888
49.254717,-74.827309,896
49.254717,-75.827309,904
49.254717,-76.827309,912
49.254717,-77.827309,928
49.254717,-79.827309,952
50.254717,-80.827309,976
50.254717,-81.827309,992
50.254717,-83.827309,1000
50.254717,-84.827309,1016
BREAK
50.254717,-84.827309,1728
BREAK
50.254717,-84.827309,2456
48.254717,-84.827309,2656
47.254717,-84.827309,2664
43.254717,-86.827309,2672
42.254717,-86.827309,2680
41.254717,-85.827309,2688
39.254717,-85.827309,2696
38.254717,-84.827309,2704
36.254717,-84.827309,2712
35.254717,-84.827309,2800
35.254717,-82.827309,2808
34.254717,-82.827309,2816
34.254717,-81.827309,2824
32.254717,-81.827309,2848
31.254717,-80.827309,2856
30.254717,-80.827309,2880
30.254717,-78.827309,2888
28.254717,-78.827309,2904
28.254717,-77.827309,2912
27.254717,-77.827309,2928
27.254717,-76.827309,2945
26.254717,-76.827309,2960
25.254717,-76.827309,3016
25.254717,-74.827309,3032
23.254717,-74.827309,3064
23.254717,-73.827309,3208
22.254717,-73.827309,3216
21.254717,-73.827309,3224
BREAK
21.254717,-72.827309,3953
22.254717,-70.827309,4024
23.254717,-70.827309,4032
25.254717,-70.827309,4040
25.254717,-69.827309,4047
28.254717,-68.827309,4056
29.254717,-66.827309,4072
31.254717,-66.827309,4080
32.254717,-65.827309,4096
34.254717,-64.827309,4104
35.254717,-63.827309,4112
36.254717,-63.827309,4160
36.254717,-62.827309,4168
38.254717,-62.827309,4176
39.254717,-62.827309,4192
40.254717,-60.827309,4200
42.254717,-60.827309,4208
43.254717,-60.827309,4216
45.254717,-59.827309,4224
46.254717,-59.827309,4240
47.254717,-59.827309,4248
49.254717,-58.827309,4265
50.254717,-58.827309,4280
51.254717,-57.827309,4288
51.254717,-56.827309,4296
52.254717,-56.827309,4304
54.254717,-55.827309,4312
55.254717,-55.827309,4328
57.254717,-54.827309,4400
58.254717,-54.827309,4408
58.254717,-52.827309,4416
59.254717,-52.827309,4424
59.254717,-51.827309,4432
60.254717,-51.827309,4440
62.254717,-50.827309,4464
63.254717,-50.827309,4488
63.254717,-48.827309,4504
65.254717,-47.827309,4520
66.254717,-47.827309,4544
67.254717,-45.827309,4552
69.254717,-45.827309,4584
69.254717,-44.827309,4624
70.254717,-44.827309,4632
72.254717,-43.827309,4648
73.254717,-43.827309,4656
73.254717,-41.827309,4664
74.254717,-41.827309,4672
75.254717,-41.827309,4688
76.254717,-41.827309,4736
77.254717,-40.827309,4744
78.254717,-40.827309,4784
79.254717,-39.827309,4800
80.254717,-39.827309,4808
81.254717,-39.827309,4816
81.254717,-37.827309,4832
82.254717,-37.827309,4848
82.254717,-36.827309,4856
BREAK
50.254717,-16.827309,5832
50.254717,-17.827309,5872
52.254717,-17.827309,5896
53.254717,-17.827309,5920
56.254717,-18.827309,5928
58.254717,-20.827309,5936
59.254717,-20.827309,5944
60.254717,-21.827309,5952
63.254717,-23.827309,5960
65.254717,-23.827309,5968
66.254717,-24.827309,5976
68.254717,-24.827309,5984
69.254717,-26.827309,6016
70.254717,-26.827309,6032
70.254717,-27.827309,6040
71.254717,-28.827309,6048
73.254717,-28.827309,6064
73.254717,-29.827309,6072
74.254717,-29.827309,6080
75.254717,-29.827309,6096
75.254717,-31.827309,6104
77.254717,-31.827309,6120
77.254717,-32.827309,6128
78.254717,-32.827309,6136
78.254717,-33.827309,6144
79.254717,-33.827309,6160
79.254717,-35.827309,6184
81.254717,-35.827309,6200
82.254717,-36.827309,6208
83.254717,-36.827309,6232
83.254717,-37.827309,6248
84.254717,-37.827309,6280
84.254717,-38.827309,6312
84.254717,-39.827309,6320
BREAK
