START
33.886073,-38.404159,0
34.852175,-38.404159,279
35.818276,-38.404159,287
36.784378,-38.404159,312
37.75048,-38.404159,319
38.716581,-38.404159,336
39.682683,-38.404159,344
40.648785,-38.404159,359
41.614886,-38.404159,367
42.580988,-38.404159,384
43.54709,-38.404159,392
44.513192,-38.404159,399
45.479293,-38.404159,416
46.445395,-38.404159,424
47.411497,-38.404159,432
48.377598,-38.404159,439
49.3437,-38.404159,447
51.275903,-38.404159,456
53.208107,-38.404159,464
54.174209,-38.404159,472
56.106412,-38.404159,479
58.038615,-38.404159,487
59.970819,-38.404159,495
60.93692,-38.404159,504
62.869124,-38.404159,512
63.835225,-38.404159,520
64.801327,-38.404159,527
65.767429,-38.404159,535
66.733531,-38.404159,552
67.699632,-38.404159,560
68.665734,-38.404159,584
69.631836,-38.404159,592
70.597937,-38.404159,607
71.564039,-38.404159,615
72.530141,-38.404159,624
73.496242,-38.404159,632
74.462344,-38.404159,647
75.428446,-38.404159,664
76.394547,-38.404159,680
77.360649,-38.404159,687
78.326751,-38.404159,695
79.292853,-38.404159,720
80.258954,-38.404159,808
81.225056,-38.404159,832
BREAK
56.106412,-40.336362,5136
56.106412,-41.302464,5199
56.106412,-42.268566,5215
56.106412,-43.234667,5255
56.106412,-44.200769,5271
56.106412,-45.166871,5311
56.106412,-46.132973,5327
56.106412,-47.099074,5359
55.14031,-47.099074,5375
55.14031,-48.065176,5399
54.174209,-49.031278,5415
54.174209,-49.997379,5447
53.208107,-50.963481,5455
52.242005,-51.929583,5487
52.242005,-52.895684,5495
51.275903,-52.895684,5503
51.275903,-53.861786,5519
50.309802,-54.827888,5527
49.3437,-55.79399,5567
49.3437,-56.760091,5575
48.377598,-56.760091,5591
47.411497,-57.726193,5607
46.445395,-58.692295,5615
45.479293,-59.658396,5655
44.513192,-60.624498,5663
43.54709,-60.624498,5703
42.580988,-60.624498,5727
41.614886,-60.624498,5735
40.648785,-60.624498,5743
40.648785,-61.5906,5767
39.682683,-61.5906,5775
38.716581,-61.5906,5791
37.75048,-61.5906,5823
36.784378,-61.5906,5831
35.818276,-61.5906,5855
34.852175,-61.5906,5871
33.886073,-61.5906,5879
32.919971,-61.5906,5887
31.95387,-61.5906,5895
31.95387,-62.556701,6223
31.95387,-63.522803,6239
31.95387,-64.488905,6271
31.95387,-65.455006,6319
31.95387,-66.421108,6335
31.95387,-67.38721,6383
31.95387,-68.353312,6407
31.95387,-69.319413,6415
31.95387,-70.285515,6438
31.95387,-71.251617,6455
31.95387,-72.217718,6479
31.95387,-73.18382,6487
31.95387,-74.149922,6503
32.919971,-74.149922,6535
32.919971,-75.116023,6543
32.919971,-76.082125,6567
33.886073,-77.048227,6575
33.886073,-78.014329,6623
33.886073,-78.98043,6639
33.886073,-79.946532,6679
34.852175,-80.912634,6695
35.818276,-80.912634,6711
36.784378,-80.912634,6727
37.75048,-80.912634,6783
38.716581,-80.912634,6791
39.682683,-80.912634,6815
40.648785,-81.878735,6823
40.648785,-82.844837,6831
42.580988,-82.844837,6839
42.580988,-83.810939,6847
43.54709,-83.810939,6855
44.513192,-83.810939,6863
44.513192,-84.77704,6879
45.479293,-84.77704,6887
46.445395,-84.77704,6911
47.411497,-85.743142,6919
48.377598,-85.743142,6959
49.3437,-85.743142,6999
50.309802,-85.743142,7007
51.275903,-85.743142,7047
52.242005,-85.743142,7071
53.208107,-85.743142,7103
54.174209,-85.743142,7111
55.14031,-85.743142,7151
56.106412,-85.743142,7175
57.072514,-85.743142,7207
58.038615,-85.743142,7215
58.038615,-84.77704,7223
59.004717,-84.77704,7239
59.970819,-83.810939,7247
60.93692,-83.810939,7271
60.93692,-82.844837,7279
61.903022,-82.844837,7295
61.903022,-81.878735,7303
62.869124,-81.878735,7311
63.835225,-80.912634,7319
64.801327,-80.912634,7335
64.801327,-79.946532,7343
65.767429,-79.946532,7359
66.733531,-78.98043,7367
67.699632,-78.014329,7383
68.665734,-78.014329,7391
68.665734,-77.048227,7399
68.665734,-76.082125,7415
68.665734,-75.116023,7431
69.631836,-75.116023,7447
69.631836,-74.149922,7455
69.631836,-73.18382,7471
69.631836,-72.217718,7495
69.631836,-71.251617,7519
69.631836,-70.285515,7527
69.631836,-69.319413,7551
69.631836,-68.353312,7567
69.631836,-67.38721,7591
69.631836,-66.421108,7607
69.631836,-65.455006,7623
69.631836,-64.488905,7663
69.631836,-63.522803,7695
69.631836,-62.556701,7727
69.631836,-61.5906,7743
69.631836,-60.624498,7791
69.631836,-59.658396,7807
69.631836,-58.692295,7823
69.631836,-57.726193,7855
69.631836,-56.760091,7871
69.631836,-55.79399,7919
69.631836,-54.827888,7951
69.631836,-53.861786,8007
69.631836,-52.895684,8047
69.631836,-51.929583,8143
69.631836,-50.963481,8191
69.631836,-49.997379,8295
68.665734,-49.031278,8319
67.699632,-49.031278,8431
67.699632,-48.065176,8471
66.733531,-48.065176,8495
66.733531,-47.099074,8527
65.767429,-47.099074,8535
65.767429,-46.132973,8607
64.801327,-46.132973,8639
64.801327,-45.166871,8647
63.835225,-44.200769,8847
63.835225,-43.234667,8863
62.869124,-43.234667,8871
62.869124,-42.268566,8879
61.903022,-42.268566,8903
61.903022,-41.302464,8911
61.903022,-40.336362,8943
60.93692,-40.336362,8951
60.93692,-39.370261,8967
59.970819,-39.370261,8983
59.970819,-38.404159,8999
59.970819,-37.438057,9047
59.004717,-37.438057,9055
59.004717,-36.471956,9071
59.004717,-35.505854,9103
59.004717,-34.539752,9111
58.038615,-34.539752,9135
58.038615,-33.573651,9159
58.038615,-32.607549,9183
57.072514,-32.607549,9199
57.072514,-31.641447,9207
57.072514,-30.675345,9223
56.106412,-30.675345,9230
56.106412,-29.709244,9239
56.106412,-28.743142,9255
56.106412,-27.77704,9271
56.106412,-26.810939,9295
56.106412,-25.844837,9311
56.106412,-24.878735,9343
56.106412,-23.912634,9351
56.106412,-22.946532,9367
56.106412,-21.98043,9383
56.106412,-21.014329,9415
56.106412,-20.048227,9423
56.106412,-19.082125,9455
56.106412,-18.116023,9471
56.106412,-17.149922,9511
56.106412,-16.18382,9551
56.106412,-15.217718,9599
56.106412,-14.251617,9623
56.106412,-13.285515,9663
57.072514,-13.285515,9727
57.072514,-12.319413,9735
58.038615,-12.319413,9759
58.038615,-11.353312,9767
59.004717,-11.353312,9815
59.004717,-10.38721,9823
59.970819,-10.38721,9854
60.93692,-10.38721,9871
60.93692,-9.4211082,9887
61.903022,-9.4211082,9911
62.869124,-9.4211082,9927
63.835225,-9.4211082,9951
64.801327,-9.4211082,9967
65.767429,-9.4211082,9983
66.733531,-9.4211082,9999
66.733531,-8.4550065,10007
67.699632,-8.4550065,10039
BREAK
