START
26.084232,-30.418217,0
26.084232,-31.181021,34
26.084232,-32.706627,53
26.084232,-33.46943,76
26.084232,-34.232234,96
26.084232,-34.995037,116
26.084232,-35.75784,138
26.084232,-36.520643,158
26.084232,-37.283446,195
26.084232,-38.04625,257
26.084232,-39.571856,298
26.084232,-42.623069,321
26.084232,-44.911479,341
26.084232,-46.437085,366
26.084232,-47.199889,387
26.084232,-47.962692,409
26.084232,-48.725495,449
26.084232,-50.251101,467
26.084232,-51.013905,490
26.084232,-51.776708,512
26.084232,-52.539511,583
26.084232,-53.302314,605
26.084232,-54.827921,627
26.084232,-56.353527,647
26.084232,-57.116331,677
26.084232,-57.879134,737
26.084232,-58.641937,750
26.084232,-60.167543,763
26.084232,-61.69315,776
26.084232,-63.218756,794
26.847035,-63.98156,815
26.847035,-64.744363,837
26.847035,-65.507166,889
26.847035,-66.269969,910
27.609838,-67.032773,930
27.609838,-67.795576,971
28.372642,-67.795576,1013
28.372642,-68.558379,1034
28.372642,-69.321182,1054
29.135445,-70.083986,1074
29.135445,-70.846789,1117
29.898248,-70.846789,1139
29.898248,-71.609592,1159
30.661051,-71.609592,1179
30.661051,-72.372395,1205
31.423854,-72.372395,1243
31.423854,-73.135198,1264
32.186658,-73.135198,1284
32.949461,-73.898002,1322
33.712264,-73.898002,1357
33.712264,-74.660805,1372
34.475067,-74.660805,1397
35.237871,-75.423608,1418
36.000674,-75.423608,1463
36.763477,-75.423608,1488
36.763477,-76.186411,1499
37.52628,-76.186411,1525
38.289084,-76.186411,1539
39.051887,-76.186411,1552
39.81469,-76.186411,1574
40.577493,-76.186411,1593
41.340296,-76.186411,1614
42.1031,-76.949215,1633
42.865903,-76.949215,1655
43.628706,-76.949215,1677
44.391509,-76.949215,1695
45.154313,-76.949215,1712
45.917116,-76.949215,1753
47.442722,-77.712018,1778
48.205526,-77.712018,1800
48.968329,-77.712018,1823
49.731132,-77.712018,1844
51.256739,-77.712018,1884
52.019542,-77.712018,1902
52.782345,-77.712018,1924
53.545148,-77.712018,1945
55.070755,-77.712018,1965
56.596361,-77.712018,1986
57.359164,-77.712018,2009
58.121968,-77.712018,2028
58.884771,-76.949215,2059
60.410377,-76.186411,2098
61.173181,-76.186411,2119
61.935984,-74.660805,2141
63.46159,-74.660805,2162
63.46159,-73.898002,2183
64.224394,-73.898002,2207
65.75,-71.609592,2227
67.275606,-68.558379,2249
68.801213,-67.795576,2272
69.564016,-66.269969,2293
70.326819,-65.507166,2355
70.326819,-64.744363,2378
70.326819,-63.98156,2398
70.326819,-63.218756,2419
70.326819,-60.930347,2462
71.089623,-59.40474,2477
71.089623,-58.641937,2494
71.852426,-57.116331,2509
71.852426,-55.590724,2528
71.852426,-54.827921,2549
71.852426,-53.302314,2572
71.852426,-52.539511,2593
71.852426,-51.776708,2640
71.852426,-51.013905,2661
71.852426,-50.251101,2696
71.852426,-48.725495,2710
71.852426,-47.962692,2723
71.852426,-46.437085,2737
71.852426,-44.911479,2759
71.852426,-43.385872,2776
71.852426,-42.623069,2818
71.852426,-41.860266,2875
71.852426,-41.097463,2892
71.852426,-40.334659,2948
72.615229,-38.04625,2969
72.615229,-36.520643,2992
72.615229,-35.75784,3013
72.615229,-34.995037,3036
72.615229,-34.232234,3101
72.615229,-33.46943,3165
72.615229,-32.706627,3297
72.615229,-31.943824,3317
72.615229,-31.181021,3359
72.615229,-30.418217,3436
72.615229,-29.655414,3554
71.852426,-28.892611,3903
71.852426,-28.129808,3930
71.852426,-27.367004,3994
BREAK
