START
15.027256,-50.603425,0
14.241801,-52.174334,1
11.099983,-44.319788,4
11.885437,-42.748879,11
11.885437,-41.17797,20
12.670892,-40.392516,29
14.241801,-38.821606,38
15.027256,-38.036152,52
16.598165,-37.250697,59
17.383619,-37.250697,67
18.954528,-36.465243,88
19.739983,-36.465243,92
20.525437,-36.465243,99
22.096346,-35.679788,109
22.881801,-35.679788,131
22.881801,-36.465243,139
22.881801,-37.250697,149
22.881801,-38.821606,164
22.881801,-39.607061,171
22.881801,-41.17797,180
22.881801,-42.748879,187
22.881801,-43.534334,209
22.881801,-45.105243,211
22.881801,-46.676152,221
22.881801,-48.247061,239
22.881801,-49.81797,243
22.881801,-51.388879,253
22.096346,-52.959788,260
22.096346,-54.530697,276
22.096346,-56.101606,283
22.096346,-57.672516,293
22.096346,-59.243425,300
22.096346,-60.028879,315
22.881801,-61.599788,327
22.881801,-63.170697,332
23.667256,-63.956152,339
23.667256,-64.741606,359
24.45271,-65.527061,364
25.238165,-65.527061,371
26.023619,-65.527061,389
27.594528,-65.527061,395
28.379983,-65.527061,403
29.165437,-65.527061,411
30.736346,-65.527061,428
31.521801,-65.527061,436
32.307256,-65.527061,450
33.09271,-64.741606,452
33.878165,-63.956152,467
34.663619,-63.170697,479
35.449074,-62.385243,483
35.449074,-60.814334,492
36.234528,-60.028879,510
36.234528,-58.45797,515
36.234528,-56.887061,524
36.234528,-56.101606,532
37.019983,-54.530697,548
37.019983,-52.959788,556
37.019983,-51.388879,569
37.019983,-49.81797,580
37.805437,-48.247061,588
37.805437,-46.676152,600
37.805437,-45.105243,604
37.805437,-43.534334,621
38.590892,-42.748879,631
38.590892,-41.17797,638
39.376346,-40.392516,644
40.161801,-38.821606,659
40.161801,-37.250697,667
40.947256,-35.679788,676
40.947256,-34.894334,689
40.947256,-33.323425,700
42.518165,-32.53797,708
43.303619,-31.752516,719
44.089074,-30.181606,732
44.874528,-29.396152,740
45.659983,-28.610697,750
47.230892,-27.825243,756
48.016346,-27.825243,772
48.801801,-27.039788,781
50.37271,-27.039788,788
51.158165,-27.039788,797
52.729074,-26.254334,813
54.299983,-26.254334,820
55.085437,-26.254334,828
56.656346,-26.254334,844
57.441801,-26.254334,853
58.227256,-26.254334,860
59.798165,-27.039788,870
60.583619,-27.825243,885
62.154528,-28.610697,892
62.154528,-30.181606,908
62.939983,-30.967061,930
62.939983,-31.752516,933
62.939983,-32.53797,940
62.939983,-34.108879,948
62.939983,-35.679788,965
62.939983,-37.250697,972
62.939983,-38.036152,981
62.939983,-39.607061,997
62.939983,-41.17797,1005
62.939983,-42.748879,1012
62.939983,-44.319788,1020
62.939983,-45.890697,1038
62.154528,-47.461606,1050
62.154528,-49.032516,1052
61.369074,-51.388879,1060
61.369074,-52.959788,1079
61.369074,-54.530697,1084
61.369074,-56.101606,1092
61.369074,-57.672516,1100
61.369074,-59.243425,1116
62.154528,-60.028879,1124
62.154528,-61.599788,1133
62.939983,-62.385243,1148
63.725437,-63.170697,1156
63.725437,-63.956152,1166
64.510892,-64.741606,1172
65.296346,-64.741606,1188
66.081801,-64.741606,1200
66.867256,-64.741606,1204
67.65271,-64.741606,1230
68.438165,-64.741606,1237
68.438165,-63.170697,1260
70.009074,-63.170697,1269
70.794528,-62.385243,1276
70.794528,-60.814334,1284
71.579983,-60.028879,1300
71.579983,-59.243425,1308
71.579983,-58.45797,1320
71.579983,-56.887061,1324
72.365437,-56.101606,1340
72.365437,-55.316152,1350
72.365437,-54.530697,1356
73.150892,-52.959788,1364
73.150892,-52.174334,1380
73.150892,-50.603425,1388
73.150892,-49.032516,1396
73.150892,-48.247061,1412
73.150892,-46.676152,1422
73.150892,-45.105243,1428
73.150892,-44.319788,1441
73.150892,-42.748879,1454
73.150892,-41.963425,1460
73.150892,-40.392516,1470
73.150892,-38.821606,1476
73.150892,-37.250697,1492
73.150892,-34.894334,1502
73.150892,-33.323425,1508
73.150892,-31.752516,1517
73.150892,-30.181606,1532
73.150892,-29.396152,1540
73.150892,-28.610697,1548
72.365437,-28.610697,1564
72.365437,-27.825243,1572
73.150892,-28.610697,1724
73.936346,-28.610697,1742
74.721801,-28.610697,1756
75.507256,-28.610697,1770
76.29271,-27.825243,1773
77.078165,-27.825243,1780
78.649074,-28.610697,1800
79.434528,-28.610697,1805
80.219983,-30.181606,1812
81.790892,-30.967061,1830
82.576346,-32.53797,1838
83.361801,-34.108879,1844
83.361801,-36.465243,1855
83.361801,-38.036152,1871
84.147256,-40.392516,1876
84.147256,-42.748879,1890
84.93271,-45.105243,1892
84.93271,-46.676152,1908
84.93271,-49.032516,1921
85.718165,-51.388879,1924
85.718165,-52.959788,1932
84.93271,-55.316152,1950
84.147256,-57.672516,1956
84.147256,-60.028879,1964
84.147256,-61.599788,1980
84.147256,-63.956152,1988
84.147256,-65.527061,1996
83.361801,-67.883425,2011
83.361801,-68.668879,2021
82.576346,-69.454334,2028
82.576346,-70.239788,2040
82.576346,-71.025243,2060
BREAK
