START
15.81271,-50.603425,0
15.81271,-49.81797,87
15.81271,-49.032516,95
15.81271,-48.247061,103
15.81271,-47.461606,120
16.598165,-46.676152,127
17.383619,-46.676152,143
18.169074,-46.676152,152
18.169074,-45.890697,160
18.954528,-45.890697,191
19.739983,-45.890697,208
19.739983,-46.676152,280
19.739983,-47.461606,295
19.739983,-48.247061,303
19.739983,-49.032516,311
19.739983,-49.81797,320
19.739983,-51.388879,328
19.739983,-52.174334,335
19.739983,-52.959788,343
19.739983,-53.745243,351
19.739983,-54.530697,360
19.739983,-56.101606,368
19.739983,-56.887061,376
19.739983,-57.672516,383
19.739983,-58.45797,391
19.739983,-59.243425,400
19.739983,-60.028879,408
19.739983,-60.814334,416
19.739983,-61.599788,423
19.739983,-62.385243,439
19.739983,-63.170697,448
19.739983,-63.956152,471
19.739983,-64.741606,479
19.739983,-65.527061,488
19.739983,-66.312516,528
20.525437,-66.312516,559
21.310892,-67.09797,568
22.096346,-67.09797,584
22.881801,-67.883425,591
23.667256,-67.883425,608
24.45271,-67.883425,616
25.238165,-67.883425,624
26.023619,-67.883425,639
26.809074,-67.883425,648
27.594528,-67.883425,656
28.379983,-67.883425,664
29.165437,-67.883425,671
30.736346,-67.883425,679
32.307256,-67.883425,688
33.09271,-67.883425,696
34.663619,-67.883425,704
36.234528,-67.883425,712
37.019983,-67.883425,719
37.805437,-67.883425,727
39.376346,-67.883425,736
40.947256,-67.883425,752
41.73271,-67.883425,759
42.518165,-67.883425,776
43.303619,-67.883425,784
43.303619,-67.09797,799
44.874528,-67.09797,816
44.874528,-66.312516,824
45.659983,-65.527061,839
46.445437,-64.741606,848
46.445437,-63.956152,856
48.016346,-62.385243,872
48.801801,-61.599788,887
48.801801,-60.814334,896
49.587256,-60.814334,912
49.587256,-60.028879,919
50.37271,-59.243425,935
50.37271,-58.45797,944
50.37271,-57.672516,960
50.37271,-56.887061,967
50.37271,-56.101606,992
50.37271,-55.316152,1024
50.37271,-54.530697,1047
50.37271,-53.745243,1087
50.37271,-52.959788,1135
50.37271,-52.174334,1215
50.37271,-51.388879,1240
50.37271,-50.603425,1295
50.37271,-49.81797,1328
50.37271,-49.032516,1351
50.37271,-48.247061,1383
50.37271,-47.461606,1400
50.37271,-46.676152,1431
50.37271,-45.890697,1440
50.37271,-45.105243,1456
50.37271,-44.319788,1480
51.158165,-43.534334,1496
51.943619,-43.534334,1503
51.943619,-42.748879,1511
52.729074,-41.963425,1528
53.514528,-41.963425,1543
54.299983,-41.963425,1568
55.085437,-41.963425,1576
55.870892,-41.963425,1600
56.656346,-41.963425,1608
57.441801,-41.963425,1616
58.227256,-41.963425,1639
59.01271,-41.963425,1648
59.798165,-41.963425,1664
59.798165,-42.748879,1679
60.583619,-42.748879,1688
61.369074,-42.748879,1711
61.369074,-43.534334,1719
61.369074,-44.319788,1728
62.154528,-44.319788,1736
62.154528,-45.105243,1744
62.154528,-45.890697,1752
62.154528,-46.676152,1768
62.154528,-47.461606,1776
62.154528,-48.247061,1784
62.939983,-48.247061,1792
62.939983,-49.032516,1799
62.939983,-49.81797,1808
62.939983,-51.388879,1824
62.939983,-52.959788,1832
62.939983,-54.530697,1847
62.939983,-55.316152,1856
62.939983,-56.887061,1864
62.939983,-58.45797,1872
62.939983,-59.243425,1879
62.939983,-60.814334,1887
62.939983,-61.599788,1904
62.939983,-62.385243,1912
62.939983,-63.170697,1919
62.939983,-63.956152,1927
62.939983,-64.741606,1936
62.939983,-65.527061,1967
62.939983,-66.312516,1984
62.939983,-67.09797,2024
63.725437,-67.09797,2072
64.510892,-67.09797,2095
64.510892,-66.312516,2104
64.510892,-65.527061,2112
64.510892,-64.741606,2120
65.296346,-64.741606,2127
66.081801,-63.956152,2135
66.867256,-63.170697,2144
67.65271,-62.385243,2152
68.438165,-62.385243,2160
68.438165,-61.599788,2168
68.438165,-60.814334,2175
68.438165,-60.028879,2192
69.223619,-58.45797,2200
69.223619,-56.887061,2216
69.223619,-56.101606,2224
69.223619,-55.316152,2240
69.223619,-54.530697,2255
69.223619,-53.745243,2272
69.223619,-52.959788,2280
69.223619,-52.174334,2288
69.223619,-51.388879,2303
69.223619,-50.603425,2312
69.223619,-49.81797,2335
69.223619,-49.032516,2343
69.223619,-48.247061,2352
69.223619,-47.461606,2360
69.223619,-46.676152,2368
69.223619,-45.890697,2383
69.223619,-45.105243,2392
69.223619,-44.319788,2408
69.223619,-43.534334,2423
69.223619,-42.748879,2432
69.223619,-41.963425,2448
69.223619,-41.17797,2456
68.438165,-41.17797,2463
68.438165,-40.392516,2472
68.438165,-39.607061,2480
67.65271,-38.821606,2488
66.867256,-38.821606,2503
66.081801,-38.036152,2512
66.081801,-37.250697,2520
65.296346,-37.250697,2536
65.296346,-36.465243,2552
66.081801,-36.465243,2728
66.081801,-37.250697,2744
66.867256,-38.036152,2760
67.65271,-38.036152,2768
67.65271,-38.821606,2784
68.438165,-39.607061,2792
69.223619,-40.392516,2800
70.009074,-41.17797,2808
70.009074,-41.963425,2816
70.794528,-42.748879,2832
71.579983,-43.534334,2840
72.365437,-44.319788,2848
73.150892,-44.319788,2856
73.936346,-45.105243,2864
73.936346,-45.890697,2872
73.936346,-46.676152,2880
74.721801,-47.461606,2888
74.721801,-48.247061,2896
74.721801,-49.032516,2904
75.507256,-49.81797,2912
76.29271,-50.603425,2923
76.29271,-51.388879,2928
76.29271,-52.174334,2936
76.29271,-52.959788,2944
76.29271,-54.530697,2960
76.29271,-55.316152,2968
76.29271,-56.101606,2976
76.29271,-56.887061,2984
76.29271,-57.672516,2992
76.29271,-58.45797,3000
76.29271,-59.243425,3007
76.29271,-60.028879,3016
76.29271,-60.814334,3024
76.29271,-61.599788,3032
76.29271,-62.385243,3048
76.29271,-63.170697,3064
76.29271,-63.956152,3072
76.29271,-64.741606,3087
76.29271,-66.312516,3096
76.29271,-67.09797,3112
76.29271,-67.883425,3120
76.29271,-68.668879,3136
76.29271,-69.454334,3176
76.29271,-70.239788,3320
75.507256,-70.239788,3392
74.721801,-70.239788,3408
73.936346,-70.239788,3416
BREAK
