START
71.591024,-49.001326,0
68.622854,-58.895225,163
67.633464,-59.884615,167
67.633464,-60.874005,175
67.633464,-62.852785,191
66.644074,-62.852785,199
66.644074,-63.842175,207
66.644074,-64.831565,223
65.654684,-65.820955,231
64.665295,-66.810345,240
64.665295,-67.799735,248
63.675905,-68.789125,264
63.675905,-69.778515,272
62.686515,-70.767905,280
61.697125,-70.767905,288
61.697125,-72.746684,295
61.697125,-73.736074,304
60.707735,-74.725464,311
59.718345,-74.725464,320
58.728955,-75.714854,328
57.739565,-76.704244,344
56.750175,-77.693634,360
56.750175,-78.683024,368
54.771395,-79.672414,376
53.782005,-81.651194,392
52.792615,-81.651194,400
50.813836,-83.629973,407
49.824446,-83.629973,416
48.835056,-83.629973,424
48.835056,-84.619363,431
47.845666,-84.619363,439
46.856276,-84.619363,447
46.856276,-85.608753,455
44.877496,-86.598143,463
41.909326,-86.598143,471
38.941157,-86.598143,480
35.972987,-86.598143,488
33.004817,-85.608753,496
30.036647,-84.619363,504
27.068478,-84.619363,512
24.100308,-83.629973,520
22.121528,-83.629973,528
20.142748,-82.640584,536
19.153358,-82.640584,543
17.174578,-81.651194,552
16.185188,-80.661804,600
16.185188,-79.672414,616
15.195799,-79.672414,624
14.206409,-78.683024,640
14.206409,-76.704244,656
13.217019,-76.704244,664
13.217019,-75.714854,672
13.217019,-74.725464,680
13.217019,-73.736074,688
12.227629,-71.757294,696
12.227629,-70.767905,704
12.227629,-69.778515,712
12.227629,-68.789125,720
12.227629,-66.810345,728
12.227629,-64.831565,736
12.227629,-63.842175,744
12.227629,-62.852785,752
12.227629,-61.863395,760
13.217019,-60.874005,768
13.217019,-59.884615,784
13.217019,-58.895225,824
14.206409,-58.895225,936
14.206409,-57.905836,952
BREAK
38.941157,-48.011936,2024
BREAK
