START
40.683962,-52.859438,0
40.683962,-51.859438,17
40.683962,-50.859438,38
41.683962,-49.859438,55
41.683962,-48.859438,68
41.683962,-47.859438,95
42.683962,-46.859438,111
42.683962,-45.859438,124
42.683962,-44.859438,141
42.683962,-43.859438,158
42.683962,-42.859438,166
43.683962,-42.859438,179
43.683962,-41.859438,206
44.683962,-41.859438,238
45.683962,-41.859438,270
46.683962,-41.859438,286
48.683962,-41.859438,303
49.683962,-41.859438,311
51.683962,-42.859438,319
52.683962,-42.859438,328
54.683962,-43.859438,336
55.683962,-44.859438,344
56.683962,-45.859438,352
58.683962,-45.859438,360
59.683962,-47.859438,369
61.683962,-47.859438,377
61.683962,-48.859438,385
62.683962,-48.859438,393
62.683962,-49.859438,402
63.683962,-49.859438,410
64.683962,-50.859438,426
65.683962,-50.859438,435
65.683962,-51.859438,443
66.683962,-51.859438,451
67.683962,-52.859438,468
67.683962,-53.859438,484
68.683962,-54.859438,501
68.683962,-55.859438,525
68.683962,-56.859438,542
68.683962,-57.859438,558
68.683962,-58.859438,567
68.683962,-59.859438,575
68.683962,-60.859438,591
68.683962,-61.859438,599
68.683962,-62.859438,608
68.683962,-63.859438,624
68.683962,-64.859438,632
68.683962,-65.859438,641
68.683962,-66.859438,657
68.683962,-67.859438,671
68.683962,-68.859438,679
68.683962,-69.859438,687
68.683962,-70.859438,704
68.683962,-72.859438,722
68.683962,-73.859438,741
68.683962,-74.859438,759
68.683962,-75.859438,768
68.683962,-76.859438,787
68.683962,-77.859438,806
67.683962,-77.859438,820
67.683962,-78.859438,834
66.683962,-79.859438,843
65.683962,-79.859438,868
64.683962,-79.859438,896
63.683962,-79.859438,905
62.683962,-79.859438,933
61.683962,-79.859438,942
61.683962,-80.859438,952
60.683962,-80.859438,961
59.683962,-80.859438,984
58.683962,-80.859438,999
58.683962,-81.859438,1008
57.683962,-81.859438,1018
56.683962,-81.859438,1036
55.683962,-81.859438,1055
54.683962,-81.859438,1064
53.683962,-81.859438,1083
52.683962,-81.859438,1101
51.683962,-81.859438,1110
50.683962,-81.859438,1120
49.683962,-81.859438,1138
48.683962,-81.859438,1162
47.683962,-81.859438,1196
46.683962,-81.859438,1226
45.683962,-81.859438,1240
44.683962,-81.859438,1259
43.683962,-80.859438,1268
42.683962,-80.859438,1277
42.683962,-79.859438,1286
41.683962,-78.859438,1296
40.683962,-78.859438,1306
39.683962,-76.859438,1314
38.683962,-76.859438,1324
36.683962,-75.859438,1333
36.683962,-73.859438,1342
35.683962,-73.859438,1351
34.683962,-72.859438,1361
33.683962,-72.859438,1370
33.683962,-71.859438,1384
32.683962,-71.859438,1394
32.683962,-69.859438,1403
31.683962,-69.859438,1412
31.683962,-68.859438,1422
30.683962,-68.859438,1431
30.683962,-66.859438,1440
29.683962,-65.859438,1449
29.683962,-64.859438,1459
29.683962,-63.859438,1468
29.683962,-62.859438,1477
29.683962,-61.859438,1486
29.683962,-60.859438,1496
29.683962,-59.859438,1514
29.683962,-58.859438,1523
29.683962,-57.859438,1542
30.683962,-57.859438,1566
30.683962,-56.859438,1580
31.683962,-56.859438,1636
31.683962,-55.859438,1645
32.683962,-55.859438,1679
32.683962,-54.859438,1698
33.683962,-54.859438,1708
33.683962,-53.859438,1722
34.683962,-53.859438,1737
35.683962,-52.859438,1765
36.683962,-52.859438,1775
37.683962,-51.859438,1809
38.683962,-51.859438,1818
39.683962,-51.859438,1827
41.683962,-51.859438,1836
43.683962,-50.859438,1845
44.683962,-50.859438,1855
45.683962,-50.859438,1864
46.683962,-50.859438,1874
BREAK
