START
55.254717,-31.827309,0
53.254717,-31.827309,159
52.254717,-31.827309,175
50.254717,-31.827309,183
49.254717,-31.827309,207
48.254717,-32.827309,215
46.254717,-34.827309,223
45.254717,-35.827309,231
43.254717,-37.827309,239
42.254717,-38.827309,247
41.254717,-39.827309,255
41.254717,-38.827309,263
39.254717,-39.827309,271
38.254717,-40.827309,279
37.254717,-41.827309,287
37.254717,-42.827309,303
37.254717,-43.827309,319
35.254717,-44.827309,335
36.254717,-44.827309,343
36.254717,-46.827309,359
36.254717,-47.827309,375
36.254717,-48.827309,383
36.254717,-49.827309,392
36.254717,-50.827309,407
36.254717,-49.827309,416
36.254717,-50.827309,423
36.254717,-51.827309,447
36.254717,-53.827309,456
35.254717,-53.827309,464
35.254717,-55.827309,472
35.254717,-56.827309,480
35.254717,-58.827309,488
35.254717,-60.827309,496
36.254717,-61.827309,504
36.254717,-62.827309,512
36.254717,-63.827309,520
37.254717,-64.827309,528
37.254717,-65.827309,536
38.254717,-65.827309,559
39.254717,-66.827309,576
39.254717,-67.827309,588
39.254717,-66.827309,595
39.254717,-65.827309,608
41.254717,-65.827309,616
42.254717,-66.827309,624
43.254717,-68.827309,632
45.254717,-68.827309,640
46.254717,-68.827309,648
46.254717,-69.827309,656
47.254717,-69.827309,664
47.254717,-70.827309,680
48.254717,-70.827309,688
49.254717,-70.827309,696
50.254717,-70.827309,712
51.254717,-70.827309,720
52.254717,-70.827309,728
54.254717,-70.827309,736
56.254717,-69.827309,815
58.254717,-68.827309,832
59.254717,-66.827309,840
60.254717,-65.827309,848
62.254717,-65.827309,856
64.254717,-63.827309,864
65.254717,-63.827309,872
66.254717,-62.827309,880
68.254717,-61.827309,887
68.254717,-59.827309,904
69.254717,-58.827309,1000
70.254717,-57.827309,1008
70.254717,-55.827309,1016
70.254717,-53.827309,1032
70.254717,-52.827309,1048
70.254717,-51.827309,1072
70.254717,-49.827309,1080
70.254717,-46.827309,1096
69.254717,-46.827309,1104
69.254717,-43.827309,1112
69.254717,-42.827309,1120
69.254717,-41.827309,1136
69.254717,-39.827309,1144
68.254717,-39.827309,1168
67.254717,-37.827309,1256
65.254717,-36.827309,1264
64.254717,-35.827309,1271
64.254717,-34.827309,1280
63.254717,-34.827309,1288
61.254717,-34.827309,1296
61.254717,-33.827309,1304
60.254717,-33.827309,1311
59.254717,-33.827309,1320
58.254717,-33.827309,1368
57.254717,-33.827309,1408
BREAK
62.254717,-34.827309,2296
63.254717,-34.827309,2407
63.254717,-32.827309,2415
65.254717,-31.827309,2423
66.254717,-30.827309,2432
67.254717,-30.827309,2439
67.254717,-29.827309,2447
67.254717,-28.827309,2456
68.254717,-27.827309,2488
69.254717,-27.827309,2496
69.254717,-26.827309,2504
70.254717,-26.827309,2512
71.254717,-25.827309,2520
71.254717,-24.827309,2528
73.254717,-22.827309,2536
74.254717,-22.827309,2544
75.254717,-21.827309,2552
77.254717,-20.827309,2568
79.254717,-19.827309,2584
80.254717,-18.827309,2592
82.254717,-17.827309,2600
84.254717,-16.827309,2608
86.254717,-15.827309,2616
86.254717,-14.827309,2632
86.254717,-13.827309,2648
BREAK
38.254717,-36.827309,3432
37.254717,-36.827309,3552
35.254717,-34.827309,3560
33.254717,-32.827309,3568
32.254717,-31.827309,3576
30.254717,-30.827309,3584
28.254717,-29.827309,3592
27.254717,-28.827309,3600
26.254717,-27.827309,3608
26.254717,-26.827309,3616
24.254717,-26.827309,3624
23.254717,-25.827309,3632
23.254717,-24.827309,3648
22.254717,-23.827309,3672
BREAK
39.254717,-67.827309,5288
38.254717,-67.827309,5424
36.254717,-68.827309,5488
34.254717,-70.827309,5520
34.254717,-69.827309,5528
33.254717,-70.827309,5536
32.254717,-70.827309,5544
31.254717,-71.827309,5552
31.254717,-72.827309,5568
30.254717,-73.827309,5584
29.254717,-75.827309,5592
28.254717,-75.827309,5608
26.254717,-75.827309,5624
26.254717,-77.827309,5656
25.254717,-78.827309,5672
25.254717,-79.827309,5680
25.254717,-80.827309,5688
25.254717,-79.827309,5696
24.254717,-79.827309,5704
24.254717,-80.827309,5712
23.254717,-80.827309,5720
22.254717,-80.827309,5728
22.254717,-81.827309,5736
22.254717,-82.827309,5904
20.254717,-83.827309,5912
20.254717,-84.827309,5920
BREAK
67.254717,-66.827309,6568
68.254717,-66.827309,6591
69.254717,-66.827309,6600
70.254717,-66.827309,6608
71.254717,-66.827309,6616
72.254717,-66.827309,6624
72.254717,-67.827309,6632
73.254717,-67.827309,6640
74.254717,-67.827309,6648
73.254717,-66.827309,6656
74.254717,-66.827309,6712
76.254717,-67.827309,6720
77.254717,-68.827309,6728
79.254717,-68.827309,6736
79.254717,-69.827309,6752
80.254717,-70.827309,6768
81.254717,-69.827309,6776
82.254717,-70.827309,6792
83.254717,-71.827309,6800
85.254717,-73.827309,6808
85.254717,-74.827309,6816
86.254717,-76.827309,6824
87.254717,-76.827309,6856
86.254717,-76.827309,6896
BREAK
87.254717,-74.827309,7392
87.254717,-75.827309,7888
87.254717,-76.827309,7904
87.254717,-77.827309,7912
87.254717,-78.827309,7920
87.254717,-79.827309,7928
87.254717,-80.827309,8024
88.254717,-80.827309,8040
88.254717,-79.827309,8064
89.254717,-79.827309,8152
90.254717,-78.827309,8184
89.254717,-78.827309,8224
88.254717,-78.827309,8464
87.254717,-78.827309,8472
86.254717,-78.827309,8512
86.254717,-77.827309,8552
87.254717,-76.827309,8584
87.254717,-74.827309,8592
87.254717,-73.827309,8616
86.254717,-73.827309,8632
86.254717,-72.827309,8816
88.254717,-72.827309,8984
BREAK
87.254717,-13.827309,9608
88.254717,-13.827309,10152
87.254717,-12.827309,10168
88.254717,-12.827309,10248
89.254717,-12.827309,10280
89.254717,-13.827309,10296
BREAK
23.254717,-22.827309,11544
22.254717,-22.827309,11808
20.254717,-22.827309,11824
19.254717,-22.827309,11840
19.254717,-23.827309,11896
19.254717,-24.827309,11928
18.254717,-24.827309,11960
18.254717,-25.827309,11984
18.254717,-26.827309,11992
18.254717,-27.827309,12008
18.254717,-28.827309,12024
18.254717,-29.827309,12040
20.254717,-29.827309,12168
21.254717,-29.827309,12192
22.254717,-29.827309,12200
23.254717,-29.827309,12224
24.254717,-29.827309,12248
24.254717,-28.827309,12256
25.254717,-27.827309,12264
27.254717,-27.827309,12272
27.254717,-26.827309,12280
27.254717,-25.827309,12296
27.254717,-24.827309,12312
27.254717,-23.827309,12344
26.254717,-23.827309,12352
26.254717,-22.827309,12440
26.254717,-21.827309,12448
25.254717,-20.827309,12456
BREAK
28.254717,-81.827309,13696
27.254717,-81.827309,13800
27.254717,-80.827309,13808
26.254717,-80.827309,13936
25.254717,-80.827309,13952
24.254717,-80.827309,13968
24.254717,-79.827309,13976
22.254717,-79.827309,13992
22.254717,-78.827309,14000
21.254717,-78.827309,14008
20.254717,-78.827309,14024
19.254717,-78.827309,14032
19.254717,-79.827309,14344
19.254717,-80.827309,14352
19.254717,-81.827309,14408
19.254717,-83.827309,14424
19.254717,-84.827309,14456
20.254717,-84.827309,14624
21.254717,-84.827309,14680
22.254717,-84.827309,14816
23.254717,-84.827309,14936
24.254717,-84.827309,14968
25.254717,-84.827309,14984
26.254717,-84.827309,14992
26.254717,-83.827309,15056
27.254717,-83.827309,15096
BREAK
87.254717,-9.8273092,15840
86.254717,-10.827309,16032
85.254717,-11.827309,16040
85.254717,-12.827309,16048
85.254717,-14.827309,16064
85.254717,-15.827309,16088
85.254717,-16.827309,16096
85.254717,-17.827309,16104
84.254717,-17.827309,16112
83.254717,-16.827309,16120
83.254717,-17.827309,16216
83.254717,-16.827309,16224
84.254717,-16.827309,16384
85.254717,-16.827309,16392
86.254717,-16.827309,16424
85.254717,-16.827309,16440
86.254717,-16.827309,16504
87.254717,-15.827309,16512
88.254717,-15.827309,16520
90.254717,-15.827309,16528
92.254717,-15.827309,16536
91.254717,-15.827309,16560
91.254717,-14.827309,16768
91.254717,-12.827309,16776
91.254717,-13.827309,16920
BREAK
