START
52.254717,-26.827309,0
51.254717,-26.827309,56
50.254717,-26.827309,79
49.254717,-27.827309,96
48.254717,-27.827309,103
47.254717,-28.827309,113
46.254717,-28.827309,119
45.254717,-29.827309,128
44.254717,-29.827309,143
44.254717,-30.827309,157
43.254717,-31.827309,159
42.254717,-32.827309,176
41.254717,-33.827309,194
41.254717,-34.827309,199
40.254717,-35.827309,208
39.254717,-35.827309,216
39.254717,-37.827309,223
38.254717,-38.827309,234
37.254717,-39.827309,240
37.254717,-40.827309,248
37.254717,-41.827309,256
36.254717,-41.827309,264
36.254717,-42.827309,273
36.254717,-43.827309,280
35.254717,-44.827309,287
34.254717,-45.827309,304
34.254717,-46.827309,318
34.254717,-47.827309,320
34.254717,-48.827309,328
34.254717,-49.827309,336
34.254717,-50.827309,344
34.254717,-51.827309,357
34.254717,-52.827309,359
34.254717,-53.827309,368
34.254717,-54.827309,376
34.254717,-55.827309,384
34.254717,-56.827309,393
34.254717,-58.827309,408
34.254717,-59.827309,416
34.254717,-60.827309,424
35.254717,-62.827309,441
36.254717,-63.827309,448
37.254717,-64.827309,456
37.254717,-65.827309,464
38.254717,-66.827309,478
39.254717,-67.827309,480
40.254717,-68.827309,496
40.254717,-69.827309,512
41.254717,-70.827309,520
43.254717,-71.827309,536
45.254717,-72.827309,558
46.254717,-72.827309,560
47.254717,-73.827309,568
49.254717,-73.827309,576
50.254717,-73.827309,598
51.254717,-73.827309,608
52.254717,-73.827309,616
53.254717,-73.827309,634
55.254717,-73.827309,640
57.254717,-72.827309,648
58.254717,-72.827309,656
61.254717,-71.827309,664
62.254717,-69.827309,674
63.254717,-69.827309,680
65.254717,-68.827309,688
65.254717,-67.827309,696
66.254717,-66.827309,712
66.254717,-65.827309,721
67.254717,-64.827309,728
67.254717,-62.827309,736
67.254717,-61.827309,744
67.254717,-60.827309,758
68.254717,-58.827309,760
68.254717,-56.827309,768
69.254717,-55.827309,776
69.254717,-53.827309,784
69.254717,-52.827309,798
69.254717,-51.827309,800
69.254717,-49.827309,808
69.254717,-48.827309,816
69.254717,-47.827309,824
69.254717,-45.827309,834
69.254717,-43.827309,840
68.254717,-42.827309,848
68.254717,-40.827309,856
67.254717,-39.827309,864
66.254717,-38.827309,874
66.254717,-36.827309,880
65.254717,-35.827309,888
64.254717,-33.827309,896
63.254717,-32.827309,904
63.254717,-31.827309,918
61.254717,-30.827309,920
60.254717,-28.827309,928
59.254717,-27.827309,936
58.254717,-26.827309,944
57.254717,-26.827309,958
57.254717,-25.827309,960
56.254717,-25.827309,968
54.254717,-24.827309,984
54.254717,-23.827309,998
53.254717,-23.827309,1000
52.254717,-23.827309,1008
BREAK
29.254717,-15.827309,1488
29.254717,-16.827309,1536
30.254717,-17.827309,1543
31.254717,-18.827309,1560
31.254717,-19.827309,1567
31.254717,-20.827309,1576
32.254717,-20.827309,1583
33.254717,-22.827309,1598
34.254717,-24.827309,1607
35.254717,-24.827309,1616
35.254717,-25.827309,1623
36.254717,-27.827309,1635
37.254717,-28.827309,1639
37.254717,-29.827309,1648
38.254717,-30.827309,1656
38.254717,-31.827309,1664
39.254717,-31.827309,1696
40.254717,-32.827309,1703
41.254717,-33.827309,1720
41.254717,-34.827309,1727
42.254717,-34.827309,1744
BREAK
41.254717,-68.827309,2248
40.254717,-68.827309,2303
39.254717,-68.827309,2319
38.254717,-69.827309,2327
37.254717,-69.827309,2336
35.254717,-70.827309,2343
34.254717,-71.827309,2356
33.254717,-71.827309,2359
32.254717,-71.827309,2367
31.254717,-72.827309,2375
30.254717,-73.827309,2383
29.254717,-73.827309,2400
29.254717,-74.827309,2407
28.254717,-74.827309,2416
27.254717,-74.827309,2437
27.254717,-75.827309,2488
26.254717,-75.827309,2512
26.254717,-76.827309,2519
26.254717,-77.827309,2527
BREAK
63.254717,-68.827309,2976
64.254717,-68.827309,3032
65.254717,-69.827309,3048
66.254717,-70.827309,3055
66.254717,-71.827309,3063
67.254717,-71.827309,3077
68.254717,-73.827309,3079
69.254717,-73.827309,3087
70.254717,-75.827309,3095
71.254717,-75.827309,3103
72.254717,-76.827309,3112
73.254717,-77.827309,3119
74.254717,-77.827309,3136
74.254717,-78.827309,3143
75.254717,-78.827309,3160
76.254717,-78.827309,3176
BREAK
75.254717,-21.827309,3753
74.254717,-22.827309,3837
74.254717,-23.827309,3839
73.254717,-24.827309,3848
72.254717,-25.827309,3855
72.254717,-26.827309,3863
70.254717,-27.827309,3872
70.254717,-28.827309,3879
69.254717,-29.827309,3887
69.254717,-30.827309,3896
68.254717,-30.827309,3904
67.254717,-30.827309,3917
67.254717,-31.827309,3919
66.254717,-31.827309,3927
66.254717,-32.827309,3943
BREAK
