START
31.061321,-20.718876,0
31.061321,-27.718876,68
31.061321,-29.718876,74
31.061321,-31.718876,83
31.061321,-33.718876,93
31.061321,-36.718876,102
31.061321,-38.718876,111
32.061321,-41.718876,121
32.061321,-44.718876,130
33.061321,-48.718876,139
33.061321,-51.718876,149
34.061321,-54.718876,158
34.061321,-57.718876,167
34.061321,-59.718876,177
34.061321,-61.718876,186
34.061321,-63.718876,195
34.061321,-65.718876,205
34.061321,-67.718876,214
34.061321,-68.718876,233
34.061321,-70.718876,242
34.061321,-72.718876,251
34.061321,-73.718876,261
34.061321,-75.718876,270
34.061321,-77.718876,279
34.061321,-79.718876,289
34.061321,-80.718876,298
34.061321,-81.718876,317
34.061321,-82.718876,326
34.061321,-83.718876,354
BREAK
34.061321,-39.718876,1305
34.061321,-38.718876,1388
34.061321,-37.718876,1425
35.061321,-37.718876,1453
36.061321,-37.718876,1472
37.061321,-37.718876,1491
38.061321,-37.718876,1528
38.061321,-36.718876,1537
39.061321,-36.718876,1565
40.061321,-36.718876,1584
41.061321,-36.718876,1631
42.061321,-36.718876,1668
43.061321,-36.718876,1715
43.061321,-37.718876,1743
44.061321,-38.718876,1780
44.061321,-39.718876,1799
44.061321,-40.718876,1817
44.061321,-41.718876,1845
44.061321,-42.718876,1855
44.061321,-44.718876,1864
44.061321,-45.718876,1882
44.061321,-46.718876,1892
44.061321,-47.718876,1901
44.061321,-48.718876,1920
44.061321,-50.718876,1938
44.061321,-51.718876,1948
44.061321,-52.718876,1957
44.061321,-54.718876,1966
44.061321,-55.718876,1985
44.061321,-57.718876,1994
45.061321,-57.718876,2022
45.061321,-58.718876,2078
46.061321,-58.718876,2246
47.061321,-58.718876,2274
48.061321,-58.718876,2293
49.061321,-58.718876,2321
50.061321,-58.718876,2349
51.061321,-58.718876,2358
52.061321,-58.718876,2377
53.061321,-58.718876,2386
54.061321,-58.718876,2461
55.061321,-58.718876,2498
56.061321,-58.718876,2508
56.061321,-57.718876,2526
56.061321,-56.718876,2536
57.061321,-55.718876,2554
57.061321,-54.718876,2564
57.061321,-53.718876,2573
57.061321,-52.718876,2592
57.061321,-51.718876,2601
57.061321,-50.718876,2610
57.061321,-49.718876,2620
57.061321,-48.718876,2638
57.061321,-46.718876,2648
57.061321,-45.718876,2666
57.061321,-44.718876,2685
57.061321,-43.718876,2694
57.061321,-42.718876,2704
57.061321,-41.718876,2713
57.061321,-40.718876,2722
57.061321,-39.718876,2750
57.061321,-38.718876,2760
57.061321,-37.718876,2778
57.061321,-36.718876,2788
57.061321,-35.718876,2816
57.061321,-34.718876,2872
57.061321,-33.718876,3012
57.061321,-32.718876,3040
56.061321,-32.718876,3254
56.061321,-33.718876,3301
56.061321,-34.718876,3310
55.061321,-34.718876,3319
55.061321,-35.718876,3329
55.061321,-36.718876,3348
55.061321,-38.718876,3357
55.061321,-39.718876,3366
55.061321,-40.718876,3394
55.061321,-41.718876,3403
55.061321,-42.718876,3413
55.061321,-43.718876,3422
55.061321,-45.718876,3441
55.061321,-46.718876,3450
55.061321,-47.718876,3459
55.061321,-48.718876,3478
55.061321,-49.718876,3497
55.061321,-50.718876,3525
55.061321,-51.718876,3543
55.061321,-52.718876,3553
55.061321,-53.718876,3571
55.061321,-54.718876,3609
55.061321,-55.718876,3618
55.061321,-56.718876,3655
56.061321,-57.718876,3683
57.061321,-58.718876,3711
58.061321,-58.718876,3730
59.061321,-58.718876,4010
60.061321,-58.718876,4066
61.061321,-58.718876,4094
62.061321,-58.718876,4159
63.061321,-58.718876,4178
64.061321,-58.718876,4187
65.061321,-59.718876,4197
66.061321,-60.718876,4206
68.061321,-61.718876,4215
69.061321,-61.718876,4225
BREAK
