START
25.061321,-15.718876,0
25.061321,-17.718876,56
27.061321,-17.718876,72
28.061321,-17.718876,80
29.061321,-17.718876,88
30.061321,-17.718876,104
30.061321,-16.718876,112
31.061321,-15.718876,136
32.061321,-15.718876,168
32.061321,-14.718876,248
33.061321,-14.718876,280
33.061321,-15.718876,312
34.061321,-16.718876,320
34.061321,-17.718876,336
34.061321,-18.718876,344
34.061321,-19.718876,352
34.061321,-20.718876,360
34.061321,-22.718876,368
34.061321,-24.718876,376
35.061321,-26.718876,384
35.061321,-29.718876,392
35.061321,-31.718876,400
35.061321,-32.718876,408
36.061321,-34.718876,416
37.061321,-35.718876,424
37.061321,-37.718876,432
37.061321,-38.718876,440
37.061321,-39.718876,456
37.061321,-40.718876,464
37.061321,-42.718876,472
37.061321,-44.718876,488
37.061321,-46.718876,496
37.061321,-48.718876,504
37.061321,-50.718876,512
37.061321,-51.718876,520
37.061321,-53.718876,528
38.061321,-54.718876,536
38.061321,-56.718876,544
38.061321,-58.718876,560
38.061321,-60.718876,576
38.061321,-62.718876,592
38.061321,-63.718876,601
38.061321,-65.718876,608
38.061321,-66.718876,616
38.061321,-67.718876,624
38.061321,-68.718876,632
38.061321,-69.718876,648
38.061321,-70.718876,656
38.061321,-72.718876,672
38.061321,-73.718876,680
38.061321,-74.718876,696
38.061321,-75.718876,704
38.061321,-76.718876,720
38.061321,-77.718876,736
38.061321,-78.718876,744
38.061321,-79.718876,752
38.061321,-80.718876,760
38.061321,-81.718876,768
38.061321,-82.718876,784
38.061321,-83.718876,824
38.061321,-84.718876,832
38.061321,-85.718876,848
38.061321,-86.718876,880
38.061321,-87.718876,920
36.061321,-87.718876,1128
33.061321,-87.718876,1136
31.061321,-87.718876,1152
30.061321,-87.718876,1160
28.061321,-87.718876,1176
27.061321,-87.718876,1192
26.061321,-87.718876,1232
24.061321,-87.718876,1256
BREAK
43.061321,-40.718876,2712
43.061321,-39.718876,2808
44.061321,-38.718876,2816
45.061321,-36.718876,2824
46.061321,-36.718876,2832
47.061321,-36.718876,2839
48.061321,-34.718876,2847
49.061321,-33.718876,2855
50.061321,-33.718876,2864
50.061321,-32.718876,2871
51.061321,-32.718876,2888
51.061321,-31.718876,2912
52.061321,-31.718876,2920
53.061321,-31.718876,2952
54.061321,-32.718876,2984
54.061321,-33.718876,2991
54.061321,-34.718876,2999
55.061321,-35.718876,3008
55.061321,-36.718876,3016
56.061321,-38.718876,3024
56.061321,-39.718876,3032
56.061321,-40.718876,3040
56.061321,-41.718876,3048
56.061321,-42.718876,3056
56.061321,-43.718876,3064
56.061321,-44.718876,3072
56.061321,-45.718876,3080
56.061321,-46.718876,3088
56.061321,-48.718876,3104
56.061321,-49.718876,3120
56.061321,-50.718876,3136
56.061321,-51.718876,3144
56.061321,-52.718876,3168
55.061321,-52.718876,3184
55.061321,-53.718876,3192
54.061321,-53.718876,3208
54.061321,-54.718876,3216
54.061321,-55.718876,3224
53.061321,-55.718876,3232
53.061321,-56.718876,3240
52.061321,-56.718876,3248
51.061321,-57.718876,3256
51.061321,-58.718876,3272
50.061321,-58.718876,3280
50.061321,-59.718876,3288
50.061321,-60.718876,3320
50.061321,-61.718876,3336
50.061321,-62.718876,3360
50.061321,-63.718876,3376
50.061321,-64.718876,3392
50.061321,-65.718876,3400
51.061321,-66.718876,3416
51.061321,-67.718876,3424
52.061321,-67.718876,3432
52.061321,-68.718876,3448
53.061321,-68.718876,3464
54.061321,-69.718876,3472
55.061321,-69.718876,3488
56.061321,-69.718876,3504
58.061321,-70.718876,3520
58.061321,-71.718876,3528
58.061321,-72.718876,3544
59.061321,-72.718876,3552
60.061321,-72.718876,3560
61.061321,-72.718876,3568
62.061321,-73.718876,3576
63.061321,-73.718876,3584
65.061321,-73.718876,3600
66.061321,-73.718876,3632
67.061321,-73.718876,3648
69.061321,-73.718876,3656
70.061321,-73.718876,3664
70.061321,-72.718876,3672
71.061321,-72.718876,3688
71.061321,-71.718876,3712
72.061321,-71.718876,3720
72.061321,-70.718876,3728
73.061321,-69.718876,3744
73.061321,-68.718876,3752
73.061321,-67.718876,3760
73.061321,-66.718876,3776
74.061321,-65.718876,3784
74.061321,-64.718876,3792
74.061321,-62.718876,3800
74.061321,-60.718876,3808
75.061321,-59.718876,3816
75.061321,-58.718876,3824
75.061321,-57.718876,3832
76.061321,-56.718876,3840
76.061321,-54.718876,3848
76.061321,-53.718876,3856
76.061321,-52.718876,3864
76.061321,-50.718876,3872
76.061321,-49.718876,3880
76.061321,-48.718876,3896
76.061321,-47.718876,3904
76.061321,-46.718876,3920
76.061321,-45.718876,3936
76.061321,-44.718876,3944
76.061321,-43.718876,3976
76.061321,-44.718876,4160
77.061321,-46.718876,4176
77.061321,-47.718876,4192
77.061321,-50.718876,4200
77.061321,-51.718876,4208
77.061321,-53.718876,4216
77.061321,-55.718876,4224
77.061321,-57.718876,4232
78.061321,-58.718876,4240
78.061321,-59.718876,4256
78.061321,-60.718876,4264
78.061321,-61.718876,4288
78.061321,-63.718876,4304
78.061321,-65.718876,4320
78.061321,-66.718876,4344
78.061321,-67.718876,4376
78.061321,-68.718876,4384
78.061321,-69.718876,4392
78.061321,-70.718876,4408
78.061321,-71.718876,4424
78.061321,-72.718876,4440
78.061321,-73.718876,4464
79.061321,-73.718876,4512
79.061321,-74.718876,4672
BREAK
79.061321,-79.718876,4888
80.061321,-79.718876,5023
81.061321,-79.718876,5031
82.061321,-79.718876,5048
83.061321,-79.718876,5055
84.061321,-79.718876,5071
85.061321,-79.718876,5087
86.061321,-79.718876,5264
87.061321,-79.718876,5361
88.061321,-79.718876,5425
89.061321,-79.718876,5497
BREAK
