START
18.061321,-16.718876,0
19.061321,-16.718876,372
19.061321,-15.718876,386
20.061321,-15.718876,392
21.061321,-15.718876,402
22.061321,-15.718876,422
23.061321,-14.718876,453
24.061321,-14.718876,493
25.061321,-14.718876,523
26.061321,-13.718876,543
27.061321,-13.718876,654
27.061321,-12.718876,684
28.061321,-12.718876,704
28.061321,-11.718876,825
29.061321,-11.718876,846
30.061321,-11.718876,1500
30.061321,-12.718876,1531
30.061321,-13.718876,1551
30.061321,-14.718876,1571
30.061321,-15.718876,1601
30.061321,-16.718876,1621
30.061321,-17.718876,1631
30.061321,-18.718876,1652
30.061321,-19.718876,1662
30.061321,-20.718876,1682
30.061321,-21.718876,1702
30.061321,-22.718876,1732
30.061321,-23.718876,1752
30.061321,-24.718876,1772
30.061321,-25.718876,1803
30.061321,-26.718876,1833
30.061321,-27.718876,1843
30.061321,-28.718876,1873
30.061321,-29.718876,1903
30.061321,-30.718876,1934
30.061321,-31.718876,1943
30.061321,-32.718876,1964
30.061321,-33.718876,1984
30.061321,-34.718876,2004
30.061321,-35.718876,2014
30.061321,-36.718876,2044
30.061321,-37.718876,2085
30.061321,-38.718876,2105
30.061321,-39.718876,2115
30.061321,-40.718876,2175
30.061321,-41.718876,2197
30.061321,-42.718876,2226
30.061321,-43.718876,2256
30.061321,-44.718876,2266
30.061321,-45.718876,2286
30.061321,-46.718876,2318
30.061321,-47.718876,2346
30.061321,-48.718876,2357
30.061321,-49.718876,2378
30.061321,-50.718876,2407
30.061321,-51.718876,2447
30.061321,-52.718876,2457
30.061321,-53.718876,2488
30.061321,-54.718876,2508
30.061321,-55.718876,2548
30.061321,-56.718876,2568
30.061321,-57.718876,2599
30.061321,-58.718876,2628
30.061321,-59.718876,2639
30.061321,-60.718876,2659
30.061321,-61.718876,2689
30.061321,-62.718876,2709
30.061321,-63.718876,2719
30.061321,-64.718876,2749
30.061321,-66.718876,2770
30.061321,-67.718876,2810
30.061321,-68.718876,2840
30.061321,-69.718876,2870
30.061321,-70.718876,2891
30.061321,-71.718876,2900
30.061321,-72.718876,2931
30.061321,-73.718876,2971
30.061321,-74.718876,2991
30.061321,-75.718876,3011
30.061321,-76.718876,3052
30.061321,-77.718876,3082
30.061321,-78.718876,3112
30.061321,-79.718876,3132
30.061321,-80.718876,3172
30.061321,-81.718876,3213
30.061321,-82.718876,3253
30.061321,-83.718876,3263
30.061321,-84.718876,3303
30.061321,-85.718876,3334
30.061321,-86.718876,3374
30.061321,-87.718876,3404
30.061321,-88.718876,3465
30.061321,-89.718876,3525
30.061321,-90.718876,3565
30.061321,-91.718876,3616
30.061321,-92.718876,3679
30.061321,-93.718876,3938
30.061321,-94.718876,4019
30.061321,-95.718876,4099
30.061321,-94.718876,4835
30.061321,-93.718876,4845
BREAK
24.061321,-94.718876,7302
25.061321,-94.718876,7705
26.061321,-94.718876,7775
27.061321,-94.718876,7826
28.061321,-94.718876,7846
29.061321,-94.718876,7886
30.061321,-94.718876,7937
31.061321,-94.718876,7946
32.061321,-94.718876,7967
33.061321,-94.718876,7987
34.061321,-94.718876,7997
35.061321,-94.718876,8007
36.061321,-94.718876,8027
37.061321,-94.718876,8047
38.061321,-94.718876,8057
39.061321,-94.718876,8098
40.061321,-94.718876,8168
BREAK
34.061321,-36.718876,13054
35.061321,-36.718876,13479
36.061321,-36.718876,13537
37.061321,-36.718876,13567
38.061321,-36.718876,13587
39.061321,-36.718876,13608
40.061321,-36.718876,13638
41.061321,-36.718876,13668
42.061321,-36.718876,13698
43.061321,-36.718876,13729
44.061321,-36.718876,13779
45.061321,-36.718876,13890
45.061321,-37.718876,14011
45.061321,-38.718876,14081
45.061321,-39.718876,14131
45.061321,-40.718876,14172
45.061321,-41.718876,14242
45.061321,-42.718876,14323
45.061321,-43.718876,14494
45.061321,-44.718876,14565
45.061321,-45.718876,14605
45.061321,-46.718876,14635
45.061321,-47.718876,14685
45.061321,-48.718876,14718
45.061321,-49.718876,14758
45.061321,-50.718876,14776
45.061321,-51.718876,14816
45.061321,-52.718876,14857
45.061321,-53.718876,14897
45.061321,-54.718876,14927
45.061321,-55.718876,14968
45.061321,-56.718876,15008
45.061321,-57.718876,15088
45.061321,-58.718876,15129
45.061321,-59.718876,15189
45.061321,-60.718876,15229
45.061321,-61.718876,15320
45.061321,-62.718876,15350
45.061321,-63.718876,15401
45.061321,-64.718876,15431
45.061321,-65.718876,15441
45.061321,-66.718876,15461
45.061321,-67.718876,15481
45.061321,-68.718876,15501
45.061321,-69.718876,15532
45.061321,-70.718876,15562
45.061321,-71.718876,15592
45.061321,-72.718876,15622
45.061321,-73.718876,15652
45.061321,-74.718876,15693
45.061321,-75.718876,15723
45.061321,-76.718876,15783
46.061321,-76.718876,15814
46.061321,-77.718876,15844
47.061321,-77.718876,15864
48.061321,-77.718876,15904
49.061321,-77.718876,15924
50.061321,-77.718876,15944
51.061321,-77.718876,15975
52.061321,-77.718876,15997
53.061321,-77.718876,16015
54.061321,-77.718876,16055
55.061321,-77.718876,16086
56.061321,-77.718876,16095
57.061321,-77.718876,16117
58.061321,-77.718876,16146
59.061321,-77.718876,16207
60.061321,-77.718876,16227
61.061321,-76.718876,16267
61.061321,-75.718876,16297
62.061321,-75.718876,16317
62.061321,-74.718876,16337
63.061321,-73.718876,16368
63.061321,-72.718876,16388
64.061321,-72.718876,16398
64.061321,-71.718876,16418
65.061321,-71.718876,16448
65.061321,-70.718876,16477
66.061321,-70.718876,16499
66.061321,-69.718876,16509
66.061321,-68.718876,16539
66.061321,-67.718876,16549
66.061321,-66.718876,16599
67.061321,-65.718876,16629
67.061321,-64.718876,16660
68.061321,-63.718876,16710
68.061321,-62.718876,16730
68.061321,-61.718876,16771
68.061321,-60.718876,16801
69.061321,-60.718876,16841
69.061321,-59.718876,16861
69.061321,-58.718876,16891
69.061321,-57.718876,16952
69.061321,-56.718876,16962
70.061321,-56.718876,17023
BREAK
68.061321,-29.718876,18413
68.061321,-30.718876,18704
68.061321,-31.718876,19450
68.061321,-32.718876,19483
67.061321,-32.718876,19490
67.061321,-33.718876,19500
67.061321,-34.718876,19510
66.061321,-34.718876,19520
66.061321,-35.718876,19551
65.061321,-36.718876,19631
64.061321,-37.718876,19712
64.061321,-38.718876,19752
63.061321,-39.718876,19823
62.061321,-40.718876,19883
62.061321,-41.718876,20034
61.061321,-41.718876,20175
BREAK
71.061321,-33.718876,20699
71.061321,-34.718876,20820
71.061321,-35.718876,20850
71.061321,-36.718876,20860
71.061321,-37.718876,20880
71.061321,-38.718876,20890
71.061321,-39.718876,20910
71.061321,-40.718876,20921
71.061321,-41.718876,20941
71.061321,-42.718876,20951
71.061321,-43.718876,20971
71.061321,-44.718876,20981
71.061321,-45.718876,21001
71.061321,-46.718876,21011
71.061321,-47.718876,21021
71.061321,-48.718876,21041
71.061321,-49.718876,21061
71.061321,-50.718876,21082
71.061321,-51.718876,21102
71.061321,-52.718876,21112
71.061321,-53.718876,21142
71.061321,-54.718876,21162
71.061321,-55.718876,21192
71.061321,-56.718876,21203
71.061321,-57.718876,21223
71.061321,-58.718876,21243
71.061321,-59.718876,21273
71.061321,-60.718876,21283
71.061321,-61.718876,21303
71.061321,-62.718876,21334
71.061321,-63.718876,21354
71.061321,-64.718876,21374
71.061321,-65.718876,21404
71.061321,-66.718876,21434
71.061321,-67.718876,21481
71.061321,-68.718876,21495
71.061321,-69.718876,21535
71.061321,-70.718876,21565
71.061321,-71.718876,21597
71.061321,-72.718876,21615
71.061321,-73.718876,21646
71.061321,-74.718876,21696
71.061321,-75.718876,21777
71.061321,-76.718876,21918
71.061321,-77.718876,21958
71.061321,-78.718876,22019
71.061321,-79.718876,22069
71.061321,-80.718876,22130
71.061321,-81.718876,22210
71.061321,-82.718876,22533
72.061321,-82.718876,22997
73.061321,-82.718876,23026
74.061321,-81.718876,23118
75.061321,-81.718876,23167
76.061321,-81.718876,23238
77.061321,-81.718876,23258
78.061321,-81.718876,23274
79.061321,-81.718876,23288
80.061321,-81.718876,23379
80.061321,-80.718876,23671
BREAK
