START
44.108491,-13.281124,0
45.108491,-13.281124,271
45.108491,-12.281124,283
46.108491,-12.281124,310
48.108491,-12.281124,382
50.108491,-12.281124,407
51.108491,-12.281124,434
52.108491,-12.281124,457
53.108491,-12.281124,493
54.108491,-12.281124,517
56.108491,-13.281124,531
58.108491,-14.281124,544
59.108491,-14.281124,557
61.108491,-14.281124,569
62.108491,-14.281124,580
63.108491,-15.281124,592
65.108491,-15.281124,606
67.108491,-16.281124,617
68.108491,-18.281124,630
70.108491,-20.281124,642
71.108491,-22.281124,657
73.108491,-23.281124,668
74.108491,-24.281124,680
76.108491,-24.281124,691
77.108491,-25.281124,704
78.108491,-25.281124,717
80.108491,-26.281124,728
80.108491,-27.281124,740
82.108491,-28.281124,756
82.108491,-29.281124,768
82.108491,-31.281124,780
82.108491,-33.281124,792
81.108491,-35.281124,803
80.108491,-36.281124,817
78.108491,-37.281124,830
77.108491,-38.281124,842
75.108491,-39.281124,855
74.108491,-40.281124,870
73.108491,-40.281124,881
70.108491,-40.281124,893
69.108491,-40.281124,905
67.108491,-40.281124,928
65.108491,-40.281124,940
64.108491,-40.281124,953
62.108491,-39.281124,965
60.108491,-38.281124,985
59.108491,-38.281124,1009
60.108491,-38.281124,1646
61.108491,-38.281124,1692
62.108491,-38.281124,1703
63.108491,-38.281124,1730
64.108491,-38.281124,1767
65.108491,-38.281124,1802
66.108491,-38.281124,1817
67.108491,-39.281124,1857
68.108491,-40.281124,1880
69.108491,-41.281124,1890
69.108491,-42.281124,1902
70.108491,-42.281124,1915
70.108491,-43.281124,1953
70.108491,-44.281124,1972
70.108491,-45.281124,1985
70.108491,-46.281124,1996
70.108491,-47.281124,2009
70.108491,-49.281124,2022
70.108491,-51.281124,2044
70.108491,-52.281124,2057
70.108491,-53.281124,2069
69.108491,-55.281124,2083
68.108491,-57.281124,2095
67.108491,-58.281124,2107
67.108491,-60.281124,2118
66.108491,-60.281124,2130
66.108491,-61.281124,2141
65.108491,-62.281124,2153
64.108491,-62.281124,2202
63.108491,-62.281124,2234
62.108491,-62.281124,2249
61.108491,-62.281124,2261
60.108491,-63.281124,2273
59.108491,-63.281124,2311
57.108491,-63.281124,2373
56.108491,-62.281124,2384
54.108491,-62.281124,2396
53.108491,-61.281124,2423
53.108491,-60.281124,2471
52.108491,-60.281124,2619
52.108491,-59.281124,2633
53.108491,-59.281124,2980
54.108491,-59.281124,3002
55.108491,-59.281124,3026
56.108491,-59.281124,3052
57.108491,-59.281124,3067
57.108491,-60.281124,3078
58.108491,-61.281124,3090
59.108491,-62.281124,3113
60.108491,-63.281124,3125
60.108491,-64.281124,3139
61.108491,-65.281124,3152
62.108491,-65.281124,3163
62.108491,-66.281124,3187
63.108491,-68.281124,3250
64.108491,-71.281124,3260
65.108491,-73.281124,3273
65.108491,-75.281124,3288
65.108491,-76.281124,3300
65.108491,-78.281124,3434
65.108491,-79.281124,3448
65.108491,-80.281124,3458
64.108491,-82.281124,3469
63.108491,-84.281124,3485
63.108491,-85.281124,3496
62.108491,-85.281124,3511
62.108491,-86.281124,3522
61.108491,-86.281124,3558
60.108491,-86.281124,3569
59.108491,-86.281124,3582
57.108491,-87.281124,3622
56.108491,-87.281124,3656
55.108491,-87.281124,3693
54.108491,-87.281124,3707
51.108491,-87.281124,3718
50.108491,-87.281124,3731
48.108491,-87.281124,3743
45.108491,-86.281124,3758
43.108491,-85.281124,3767
40.108491,-84.281124,3779
38.108491,-83.281124,3792
35.108491,-81.281124,3805
32.108491,-79.281124,3818
30.108491,-76.281124,3831
27.108491,-74.281124,3845
26.108491,-72.281124,3857
24.108491,-70.281124,3871
24.108491,-69.281124,3905
24.108491,-68.281124,4039
24.108491,-69.281124,4263
BREAK
