START
43.108491,-15.281124,0
44.108491,-15.281124,64
45.108491,-15.281124,72
46.108491,-15.281124,88
47.108491,-15.281124,104
48.108491,-15.281124,112
49.108491,-15.281124,120
51.108491,-15.281124,138
52.108491,-15.281124,144
53.108491,-15.281124,152
54.108491,-15.281124,160
55.108491,-15.281124,168
56.108491,-15.281124,182
57.108491,-15.281124,192
58.108491,-15.281124,208
59.108491,-15.281124,224
59.108491,-16.281124,232
60.108491,-16.281124,240
60.108491,-17.281124,258
61.108491,-17.281124,264
61.108491,-18.281124,280
61.108491,-19.281124,288
61.108491,-20.281124,304
61.108491,-21.281124,312
61.108491,-22.281124,320
61.108491,-23.281124,338
61.108491,-24.281124,352
61.108491,-25.281124,360
61.108491,-26.281124,382
60.108491,-26.281124,384
59.108491,-27.281124,400
58.108491,-27.281124,408
58.108491,-28.281124,418
57.108491,-29.281124,432
56.108491,-29.281124,461
55.108491,-29.281124,464
55.108491,-30.281124,498
54.108491,-30.281124,504
53.108491,-30.281124,520
52.108491,-30.281124,538
51.108491,-30.281124,544
50.108491,-30.281124,560
51.108491,-30.281124,752
52.108491,-30.281124,760
53.108491,-30.281124,778
54.108491,-30.281124,784
55.108491,-30.281124,792
56.108491,-30.281124,800
57.108491,-30.281124,822
58.108491,-30.281124,824
58.108491,-31.281124,848
59.108491,-31.281124,864
59.108491,-32.281124,872
60.108491,-33.281124,888
61.108491,-35.281124,904
62.108491,-36.281124,920
62.108491,-37.281124,942
62.108491,-38.281124,944
62.108491,-39.281124,952
62.108491,-40.281124,968
62.108491,-41.281124,978
62.108491,-42.281124,992
62.108491,-43.281124,1008
62.108491,-44.281124,1024
62.108491,-45.281124,1032
61.108491,-45.281124,1048
60.108491,-46.281124,1058
59.108491,-46.281124,1072
58.108491,-46.281124,1088
57.108491,-46.281124,1102
56.108491,-47.281124,1112
55.108491,-47.281124,1120
53.108491,-47.281124,1142
52.108491,-48.281124,1144
51.108491,-48.281124,1152
50.108491,-48.281124,1160
49.108491,-48.281124,1168
48.108491,-48.281124,1193
47.108491,-48.281124,1224
48.108491,-48.281124,1360
49.108491,-49.281124,1382
50.108491,-49.281124,1384
51.108491,-49.281124,1393
52.108491,-49.281124,1422
53.108491,-50.281124,1424
54.108491,-51.281124,1440
55.108491,-51.281124,1458
56.108491,-51.281124,1472
57.108491,-52.281124,1513
57.108491,-53.281124,1542
58.108491,-53.281124,1545
58.108491,-54.281124,1552
59.108491,-55.281124,1561
59.108491,-56.281124,1578
60.108491,-56.281124,1584
60.108491,-57.281124,1609
60.108491,-58.281124,1622
61.108491,-58.281124,1633
61.108491,-59.281124,1640
61.108491,-60.281124,1674
61.108491,-61.281124,1696
61.108491,-62.281124,1704
61.108491,-63.281124,1729
61.108491,-64.281124,1750
61.108491,-65.281124,1753
61.108491,-66.281124,1777
61.108491,-67.281124,1793
61.108491,-68.281124,1816
60.108491,-68.281124,1826
60.108491,-69.281124,1833
59.108491,-69.281124,1848
59.108491,-70.281124,1856
58.108491,-70.281124,1881
58.108491,-71.281124,1888
58.108491,-72.281124,1911
57.108491,-72.281124,1913
56.108491,-73.281124,1929
56.108491,-74.281124,1936
55.108491,-75.281124,1950
54.108491,-76.281124,1961
53.108491,-76.281124,1968
52.108491,-77.281124,1977
52.108491,-78.281124,1990
51.108491,-78.281124,1992
50.108491,-79.281124,2009
49.108491,-79.281124,2017
48.108491,-79.281124,2033
47.108491,-79.281124,2049
46.108491,-79.281124,2057
45.108491,-79.281124,2065
43.108491,-78.281124,2081
42.108491,-78.281124,2089
41.108491,-77.281124,2097
40.108491,-76.281124,2104
39.108491,-76.281124,2115
38.108491,-75.281124,2121
37.108491,-74.281124,2137
36.108491,-74.281124,2150
36.108491,-72.281124,2153
35.108491,-72.281124,2161
35.108491,-71.281124,2169
34.108491,-70.281124,2177
34.108491,-68.281124,2186
34.108491,-67.281124,2193
34.108491,-66.281124,2201
33.108491,-65.281124,2217
BREAK
