START
24.965704,-38.990975,0
24.965704,-38.088448,88
24.965704,-37.185921,104
24.965704,-36.283394,112
24.965704,-35.380866,120
24.965704,-34.478339,128
24.965704,-33.575812,136
24.965704,-31.770758,144
24.965704,-30.868231,152
24.965704,-29.965704,168
24.965704,-29.063177,176
24.965704,-28.16065,184
24.965704,-27.258123,200
24.965704,-26.355596,208
24.965704,-25.453069,224
24.965704,-24.550542,232
24.965704,-23.648014,256
24.965704,-22.745487,272
25.868231,-22.745487,288
25.868231,-21.84296,304
25.868231,-20.940433,336
25.868231,-20.037906,360
25.868231,-19.135379,376
26.770758,-19.135379,408
27.673285,-19.135379,440
28.575812,-19.135379,465
29.478339,-19.135379,480
30.380866,-19.135379,488
31.283394,-19.135379,504
32.185921,-19.135379,513
33.088448,-19.135379,520
34.893502,-19.135379,528
35.796029,-19.135379,537
37.601083,-19.135379,544
38.50361,-19.135379,552
40.308664,-19.135379,560
42.113718,-19.135379,568
43.918773,-19.135379,576
44.8213,-19.135379,584
46.626354,-19.135379,592
48.431408,-19.135379,600
49.333935,-19.135379,608
50.236462,-19.135379,616
51.138989,-19.135379,624
52.944043,-19.135379,632
53.84657,-19.135379,641
54.749097,-19.135379,648
55.651625,-19.135379,656
56.554152,-19.135379,664
57.456679,-19.135379,672
58.359206,-19.135379,680
59.261733,-19.135379,688
60.16426,-19.135379,696
61.066787,-19.135379,704
61.969314,-19.135379,712
62.871841,-19.135379,720
63.774368,-19.135379,736
63.774368,-18.232852,744
64.676895,-18.232852,752
65.579422,-18.232852,760
66.481949,-18.232852,777
67.384477,-18.232852,800
68.287004,-18.232852,832
68.287004,-19.135379,912
68.287004,-20.037906,928
68.287004,-20.940433,936
68.287004,-21.84296,944
68.287004,-22.745487,952
68.287004,-23.648014,960
68.287004,-25.453069,968
68.287004,-27.258123,976
68.287004,-29.063177,984
68.287004,-29.965704,992
68.287004,-31.770758,1000
68.287004,-33.575812,1008
68.287004,-34.478339,1016
68.287004,-35.380866,1024
68.287004,-37.185921,1032
68.287004,-38.088448,1040
68.287004,-38.990975,1048
68.287004,-39.893502,1057
68.287004,-40.796029,1064
68.287004,-41.698556,1073
68.287004,-42.601083,1080
68.287004,-43.50361,1088
68.287004,-45.308664,1096
68.287004,-46.211191,1104
68.287004,-47.113718,1112
68.287004,-48.016245,1120
68.287004,-48.918773,1128
68.287004,-49.8213,1136
68.287004,-50.723827,1144
68.287004,-51.626354,1160
68.287004,-52.528881,1168
68.287004,-53.431408,1176
68.287004,-54.333935,1184
68.287004,-55.236462,1192
68.287004,-56.138989,1208
68.287004,-57.041516,1217
68.287004,-57.944043,1224
68.287004,-58.84657,1232
68.287004,-59.749097,1240
68.287004,-60.651625,1256
68.287004,-61.554152,1265
68.287004,-62.456679,1280
68.287004,-63.359206,1304
68.287004,-64.261733,1328
68.287004,-65.16426,1352
68.287004,-66.066787,1368
68.287004,-66.969314,1385
68.287004,-67.871841,1400
68.287004,-68.774368,1425
68.287004,-69.676895,1448
68.287004,-70.579422,1464
68.287004,-71.481949,1497
68.287004,-72.384477,1520
68.287004,-73.287004,1536
68.287004,-74.189531,1552
68.287004,-75.092058,1568
68.287004,-75.994585,1584
68.287004,-76.897112,1600
68.287004,-77.799639,1624
68.287004,-78.702166,1640
68.287004,-79.604693,1664
68.287004,-80.50722,1681
68.287004,-81.409747,1705
68.287004,-82.312274,1736
BREAK
