START
16.598165,-42.748879,0
17.383619,-42.748879,161
17.383619,-41.963425,190
18.169074,-41.963425,234
18.169074,-41.17797,253
18.954528,-41.17797,278
18.954528,-39.607061,288
19.739983,-39.607061,322
19.739983,-38.821606,332
19.739983,-38.036152,384
19.739983,-37.250697,394
20.525437,-37.250697,411
21.310892,-37.250697,460
22.096346,-37.250697,531
22.881801,-37.250697,600
23.667256,-37.250697,642
24.45271,-37.250697,684
25.238165,-37.250697,720
26.023619,-37.250697,761
26.809074,-37.250697,771
27.594528,-37.250697,875
28.379983,-37.250697,918
29.165437,-37.250697,976
29.165437,-38.036152,1010
29.950892,-38.036152,1052
29.950892,-38.821606,1062
29.950892,-39.607061,1133
29.950892,-40.392516,1160
29.950892,-41.17797,1238
30.736346,-41.963425,1251
30.736346,-42.748879,1350
31.521801,-42.748879,1394
31.521801,-43.534334,1452
31.521801,-44.319788,1543
32.307256,-44.319788,1692
32.307256,-45.105243,1730
BREAK
22.881801,-51.388879,3069
22.881801,-52.174334,3395
22.881801,-52.959788,3448
22.881801,-53.745243,3473
22.881801,-54.530697,3504
22.881801,-55.316152,3524
22.881801,-56.101606,3551
22.881801,-56.887061,3604
22.881801,-57.672516,3638
23.667256,-57.672516,3673
23.667256,-58.45797,3684
23.667256,-59.243425,3704
23.667256,-60.028879,3738
23.667256,-60.814334,3778
23.667256,-61.599788,3803
23.667256,-62.385243,3832
23.667256,-63.170697,3863
23.667256,-63.956152,3901
23.667256,-64.741606,3959
24.45271,-64.741606,3974
24.45271,-65.527061,4007
25.238165,-65.527061,4057
25.238165,-66.312516,4067
26.023619,-66.312516,4093
26.023619,-67.09797,4121
26.809074,-67.09797,4131
27.594528,-67.09797,4141
28.379983,-67.883425,4179
29.165437,-67.883425,4191
29.950892,-67.883425,4202
30.736346,-67.883425,4222
31.521801,-67.883425,4232
31.521801,-68.668879,4243
32.307256,-68.668879,4263
33.09271,-68.668879,4284
33.09271,-69.454334,4305
33.878165,-69.454334,4316
34.663619,-69.454334,4330
35.449074,-69.454334,4354
36.234528,-69.454334,4365
37.019983,-69.454334,4393
37.805437,-69.454334,4432
38.590892,-69.454334,4459
39.376346,-69.454334,4470
40.161801,-69.454334,4529
40.947256,-69.454334,4554
41.73271,-69.454334,4601
42.518165,-69.454334,4618
43.303619,-69.454334,4658
44.089074,-69.454334,4687
44.874528,-69.454334,4716
45.659983,-69.454334,4730
46.445437,-69.454334,4754
47.230892,-69.454334,4777
48.016346,-69.454334,4801
48.801801,-69.454334,4821
49.587256,-68.668879,4831
50.37271,-68.668879,4842
51.158165,-68.668879,4866
51.943619,-67.883425,4879
52.729074,-67.883425,4918
53.514528,-67.09797,4938
54.299983,-67.09797,4959
55.085437,-67.09797,4973
55.870892,-67.09797,4994
56.656346,-67.09797,5025
57.441801,-67.09797,5046
58.227256,-67.09797,5057
59.798165,-67.09797,5090
60.583619,-67.09797,5104
61.369074,-67.883425,5125
62.154528,-67.883425,5142
62.939983,-67.883425,5168
62.939983,-68.668879,5178
63.725437,-68.668879,5189
64.510892,-69.454334,5209
64.510892,-70.239788,5250
65.296346,-70.239788,5260
65.296346,-71.025243,5271
65.296346,-71.810697,5291
65.296346,-72.596152,5312
65.296346,-73.381606,5332
66.081801,-73.381606,5342
66.081801,-74.952516,5353
66.081801,-75.73797,5384
66.081801,-76.523425,5416
66.081801,-77.308879,5426
66.081801,-78.094334,5446
66.081801,-78.879788,5457
66.081801,-79.665243,5473
66.081801,-80.450697,5499
65.296346,-81.236152,5528
65.296346,-82.021606,5583
64.510892,-82.021606,5595
63.725437,-82.021606,5624
62.939983,-82.021606,5646
62.154528,-82.021606,5674
61.369074,-82.021606,5705
60.583619,-82.021606,5726
59.798165,-82.021606,5741
59.01271,-82.021606,5773
58.227256,-82.021606,5799
57.441801,-82.021606,5828
56.656346,-82.021606,5848
56.656346,-81.236152,5858
55.870892,-81.236152,5874
55.085437,-81.236152,5900
55.085437,-80.450697,5910
54.299983,-80.450697,5921
54.299983,-79.665243,5938
53.514528,-78.879788,5963
52.729074,-78.879788,5981
52.729074,-78.094334,5991
51.943619,-77.308879,6004
51.158165,-77.308879,6014
51.158165,-76.523425,6029
50.37271,-76.523425,6053
50.37271,-75.73797,6063
49.587256,-75.73797,6078
49.587256,-74.952516,6091
49.587256,-74.167061,6112
48.801801,-74.167061,6132
48.016346,-73.381606,6142
48.016346,-72.596152,6153
48.016346,-71.810697,6163
47.230892,-71.025243,6183
46.445437,-70.239788,6194
46.445437,-69.454334,6204
46.445437,-68.668879,6214
45.659983,-67.883425,6224
44.874528,-67.883425,6235
44.874528,-67.09797,6245
44.874528,-66.312516,6266
44.874528,-64.741606,6276
44.089074,-64.741606,6286
44.089074,-63.170697,6296
44.089074,-62.385243,6317
42.518165,-62.385243,6327
42.518165,-61.599788,6337
42.518165,-60.814334,6348
42.518165,-60.028879,6358
42.518165,-58.45797,6379
42.518165,-57.672516,6401
41.73271,-57.672516,6411
41.73271,-56.887061,6421
41.73271,-56.101606,6444
41.73271,-55.316152,6456
41.73271,-54.530697,6476
41.73271,-53.745243,6487
41.73271,-52.959788,6497
41.73271,-52.174334,6507
41.73271,-51.388879,6528
41.73271,-50.603425,6548
41.73271,-49.81797,6559
41.73271,-49.032516,6579
41.73271,-48.247061,6608
41.73271,-47.461606,6631
41.73271,-46.676152,6642
41.73271,-45.890697,6662
41.73271,-45.105243,6678
42.518165,-45.105243,6698
42.518165,-44.319788,6718
42.518165,-43.534334,6730
42.518165,-42.748879,6740
43.303619,-42.748879,6753
43.303619,-41.963425,6775
44.089074,-41.17797,6800
44.874528,-41.17797,6831
45.659983,-39.607061,6841
46.445437,-39.607061,6851
47.230892,-39.607061,6876
48.016346,-39.607061,6887
48.801801,-39.607061,6897
49.587256,-39.607061,6918
50.37271,-39.607061,6928
51.158165,-39.607061,6939
51.943619,-39.607061,6949
52.729074,-39.607061,6960
53.514528,-39.607061,6970
54.299983,-39.607061,6980
55.085437,-39.607061,6991
55.870892,-39.607061,7001
56.656346,-39.607061,7021
57.441801,-39.607061,7045
58.227256,-39.607061,7056
59.01271,-39.607061,7077
60.583619,-39.607061,7087
61.369074,-39.607061,7097
62.154528,-39.607061,7118
62.939983,-39.607061,7128
63.725437,-39.607061,7160
64.510892,-40.392516,7170
65.296346,-40.392516,7180
66.081801,-40.392516,7195
66.867256,-41.17797,7206
67.65271,-41.17797,7216
68.438165,-41.963425,7228
69.223619,-41.963425,7249
70.009074,-42.748879,7270
70.794528,-42.748879,7290
71.579983,-43.534334,7302
72.365437,-44.319788,7321
73.150892,-45.105243,7341
73.150892,-45.890697,7352
73.936346,-46.676152,7399
74.721801,-46.676152,7420
74.721801,-47.461606,7431
74.721801,-48.247061,7451
74.721801,-49.032516,7473
74.721801,-49.81797,7494
75.507256,-50.603425,7504
75.507256,-51.388879,7524
75.507256,-52.174334,7535
75.507256,-52.959788,7545
76.29271,-53.745243,7566
76.29271,-54.530697,7577
76.29271,-55.316152,7598
76.29271,-56.101606,7608
76.29271,-56.887061,7618
76.29271,-58.45797,7639
77.078165,-60.028879,7649
77.863619,-60.814334,7670
77.863619,-61.599788,7680
77.863619,-62.385243,7690
77.863619,-63.170697,7701
78.649074,-63.956152,7711
78.649074,-64.741606,7721
78.649074,-65.527061,7731
78.649074,-66.312516,7762
78.649074,-67.09797,7777
78.649074,-67.883425,7797
78.649074,-68.668879,7808
78.649074,-69.454334,7828
78.649074,-70.239788,7889
78.649074,-71.025243,7934
78.649074,-71.810697,7944
78.649074,-72.596152,7979
78.649074,-73.381606,8018
78.649074,-74.167061,8047
78.649074,-74.952516,8069
78.649074,-75.73797,8089
78.649074,-76.523425,8110
78.649074,-77.308879,8139
78.649074,-78.094334,8150
78.649074,-78.879788,8174
78.649074,-79.665243,8205
78.649074,-81.236152,8225
78.649074,-82.021606,8260
78.649074,-82.807061,8284
78.649074,-83.592516,8306
78.649074,-84.37797,8317
BREAK
