START
17.39141,-29.512598,0
18.265094,-28.638914,72
19.138779,-28.638914,96
21.759831,-28.638914,104
22.633515,-28.638914,112
24.380884,-28.638914,120
26.128252,-28.638914,128
27.875621,-28.638914,136
29.622989,-28.638914,144
31.370357,-28.638914,152
33.117726,-28.638914,160
34.865094,-28.638914,176
35.738779,-28.638914,192
37.486147,-28.638914,200
40.1072,-28.638914,208
41.854568,-28.638914,216
43.601936,-28.638914,224
45.349305,-28.638914,232
47.096673,-28.638914,240
48.844042,-28.638914,248
50.59141,-28.638914,256
53.212463,-28.638914,264
54.086147,-28.638914,272
55.833515,-28.638914,280
56.7072,-28.638914,288
57.580884,-28.638914,296
59.328252,-28.638914,304
61.075621,-28.638914,312
62.822989,-28.638914,320
64.570357,-28.638914,328
66.317726,-28.638914,336
68.065094,-28.638914,344
68.938779,-28.638914,352
69.812463,-28.638914,360
70.686147,-28.638914,368
71.559831,-28.638914,416
71.559831,-27.765229,432
BREAK
49.717726,-31.259966,1104
49.717726,-33.007335,1232
49.717726,-34.754703,1240
49.717726,-36.502071,1248
49.717726,-38.24944,1256
49.717726,-40.870492,1264
49.717726,-42.617861,1272
49.717726,-44.365229,1280
49.717726,-46.112598,1288
49.717726,-46.986282,1296
49.717726,-47.859966,1304
49.717726,-49.607335,1312
49.717726,-50.481019,1320
49.717726,-52.228387,1328
49.717726,-53.975756,1336
49.717726,-55.723124,1344
49.717726,-57.470492,1352
49.717726,-58.344177,1360
49.717726,-59.217861,1368
49.717726,-61.838914,1376
49.717726,-63.586282,1384
49.717726,-65.33365,1392
49.717726,-67.081019,1400
49.717726,-67.954703,1408
49.717726,-69.702071,1416
49.717726,-70.575756,1424
49.717726,-72.323124,1440
49.717726,-73.196808,1448
49.717726,-74.070492,1456
49.717726,-74.944177,1536
49.717726,-75.817861,1560
48.844042,-75.817861,1656
48.844042,-76.691545,1680
49.717726,-76.691545,1688
50.59141,-76.691545,1704
BREAK
47.970357,-51.354703,2576
47.096673,-51.354703,2632
46.222989,-51.354703,2648
45.349305,-51.354703,2656
44.475621,-51.354703,2696
43.601936,-51.354703,2704
43.601936,-52.228387,2720
42.728252,-52.228387,2736
40.1072,-52.228387,2744
37.486147,-52.228387,2752
36.612463,-52.228387,2760
35.738779,-52.228387,2768
33.99141,-52.228387,2776
32.244042,-52.228387,2784
31.370357,-52.228387,2792
30.496673,-52.228387,2800
29.622989,-52.228387,2888
27.875621,-52.228387,2896
27.001936,-52.228387,2904
26.128252,-52.228387,2912
24.380884,-52.228387,2920
23.5072,-52.228387,2936
23.5072,-53.102071,2944
22.633515,-53.102071,2960
22.633515,-53.975756,2992
21.759831,-53.975756,3000
20.886147,-54.84944,3016
20.012463,-55.723124,3032
19.138779,-55.723124,3048
18.265094,-55.723124,3064
18.265094,-56.596808,3080
17.39141,-56.596808,3088
16.517726,-56.596808,3104
15.644042,-57.470492,3128
15.644042,-58.344177,3160
14.770357,-58.344177,3184
14.770357,-59.217861,3208
14.770357,-60.091545,3240
14.770357,-60.965229,3272
14.770357,-61.838914,3296
14.770357,-62.712598,3304
14.770357,-63.586282,3336
14.770357,-64.459966,3344
14.770357,-65.33365,3352
15.644042,-66.207335,3376
15.644042,-67.081019,3392
16.517726,-67.081019,3408
17.39141,-67.081019,3424
17.39141,-67.954703,3432
18.265094,-67.954703,3440
19.138779,-67.954703,3480
20.012463,-67.954703,3488
20.886147,-67.954703,3504
21.759831,-67.954703,3520
22.633515,-67.954703,3560
23.5072,-67.954703,3608
25.254568,-67.954703,3616
27.001936,-67.954703,3624
27.875621,-67.954703,3632
28.749305,-67.954703,3640
29.622989,-67.954703,3648
30.496673,-67.954703,3656
31.370357,-67.954703,3680
31.370357,-67.081019,3744
31.370357,-66.207335,3752
32.244042,-65.33365,3776
32.244042,-64.459966,3792
32.244042,-63.586282,3824
32.244042,-62.712598,3832
32.244042,-61.838914,3856
31.370357,-60.965229,3872
30.496673,-60.091545,3880
30.496673,-59.217861,3888
30.496673,-57.470492,3896
29.622989,-57.470492,3904
29.622989,-56.596808,3912
28.749305,-56.596808,3920
28.749305,-55.723124,3928
28.749305,-54.84944,3936
27.875621,-54.84944,3960
27.875621,-53.975756,3976
27.001936,-53.102071,3992
26.128252,-53.102071,4000
27.001936,-53.102071,4080
27.875621,-53.975756,4088
BREAK
