START
32.023585,-20.702811,0
32.023585,-22.702811,118
32.023585,-23.702811,128
32.023585,-24.702811,151
33.023585,-24.702811,159
33.023585,-25.702811,183
33.023585,-26.702811,199
33.023585,-27.702811,255
34.023585,-28.702811,279
34.023585,-29.702811,351
35.023585,-30.702811,399
36.023585,-30.702811,487
37.023585,-31.702811,527
38.023585,-32.702811,576
39.023585,-32.702811,624
40.023585,-32.702811,671
41.023585,-32.702811,695
42.023585,-32.702811,719
43.023585,-32.702811,736
44.023585,-32.702811,759
45.023585,-32.702811,768
46.023585,-32.702811,784
47.023585,-32.702811,791
48.023585,-32.702811,824
49.023585,-32.702811,840
50.023585,-32.702811,864
51.023585,-32.702811,872
52.023585,-32.702811,880
53.023585,-32.702811,904
54.023585,-33.702811,912
55.023585,-33.702811,944
56.023585,-33.702811,960
57.023585,-33.702811,992
58.023585,-34.702811,1000
59.023585,-34.702811,1024
59.023585,-35.702811,1040
60.023585,-35.702811,1088
61.023585,-35.702811,1104
62.023585,-36.702811,1136
63.023585,-37.702811,1168
65.023585,-38.702811,1208
65.023585,-39.702811,1224
66.023585,-39.702811,1233
68.023585,-40.702811,1240
68.023585,-41.702811,1256
69.023585,-42.702811,1272
70.023585,-42.702811,1280
70.023585,-43.702811,1312
70.023585,-44.702811,1336
71.023585,-44.702811,1360
71.023585,-46.702811,1392
71.023585,-47.702811,1416
71.023585,-48.702811,1432
71.023585,-49.702811,1448
71.023585,-50.702811,1464
72.023585,-51.702811,1472
72.023585,-52.702811,1504
72.023585,-53.702811,1512
72.023585,-54.702811,1536
72.023585,-55.702811,1552
72.023585,-56.702811,1560
72.023585,-57.702811,1568
72.023585,-58.702811,1592
72.023585,-59.702811,1600
72.023585,-60.702811,1616
72.023585,-61.702811,1624
72.023585,-62.702811,1632
72.023585,-63.702811,1656
72.023585,-64.702811,1664
72.023585,-65.702811,1696
72.023585,-66.702811,1704
72.023585,-67.702811,1736
72.023585,-68.702811,1752
72.023585,-69.702811,1792
72.023585,-70.702811,1808
72.023585,-71.702811,1848
72.023585,-72.702811,1864
72.023585,-73.702811,1904
72.023585,-74.702811,1920
72.023585,-75.702811,1960
72.023585,-76.702811,1992
72.023585,-77.702811,2032
72.023585,-78.702811,2152
72.023585,-79.702811,2200
72.023585,-80.702811,2264
72.023585,-81.702811,2270
72.023585,-82.702811,2320
71.023585,-84.702811,2352
70.023585,-84.702811,2432
69.023585,-85.702811,2464
69.023585,-86.702811,2488
69.023585,-88.702811,2569
66.023585,-87.702811,2825
BREAK
25.023585,-87.702811,3704
26.023585,-87.702811,3752
27.023585,-87.702811,3768
29.023585,-87.702811,3792
32.023585,-87.702811,3808
33.023585,-87.702811,3816
36.023585,-87.702811,3824
38.023585,-87.702811,3832
40.023585,-87.702811,3840
42.023585,-87.702811,3848
44.023585,-87.702811,3856
46.023585,-87.702811,3864
47.023585,-87.702811,3872
49.023585,-87.702811,3880
50.023585,-87.702811,3896
51.023585,-87.702811,3904
52.023585,-87.702811,3912
53.023585,-87.702811,3920
54.023585,-87.702811,3936
55.023585,-87.702811,3944
56.023585,-87.702811,3952
58.023585,-87.702811,3968
59.023585,-87.702811,3984
60.023585,-87.702811,3992
61.023585,-87.702811,4008
63.023585,-87.702811,4016
64.023585,-87.702811,4032
65.023585,-87.702811,4040
66.023585,-87.702811,4056
67.023585,-87.702811,4064
69.023585,-87.702811,4080
70.023585,-87.702811,4104
71.023585,-87.702811,4112
72.023585,-87.702811,4144
73.023585,-87.702811,4160
74.023585,-87.702811,4168
75.023585,-87.702811,4192
76.023585,-87.702811,4208
77.023585,-87.702811,4256
78.023585,-87.702811,4280
79.023585,-87.702811,4320
80.023585,-87.702811,4352
81.023585,-87.702811,4528
BREAK
