START
15.404987,-41.097463,0
15.404987,-40.334659,182
15.404987,-39.571856,205
15.404987,-38.04625,223
15.404987,-37.283446,241
15.404987,-36.520643,250
15.404987,-35.75784,268
15.404987,-34.232234,280
15.404987,-33.46943,290
15.404987,-32.706627,307
15.404987,-31.181021,331
15.404987,-30.418217,352
15.404987,-29.655414,379
15.404987,-28.892611,408
15.404987,-27.367004,436
16.16779,-26.604201,447
16.930593,-25.841398,475
17.693396,-24.315791,486
18.456199,-23.552988,511
19.981806,-22.790185,521
20.744609,-22.027382,530
21.507412,-22.027382,548
23.033019,-21.264579,563
23.795822,-20.501775,573
25.321429,-20.501775,582
26.084232,-19.738972,609
26.847035,-18.976169,620
28.372642,-18.213366,640
29.135445,-18.213366,649
29.898248,-18.213366,659
31.423854,-18.213366,675
32.186658,-18.213366,704
32.949461,-18.213366,731
33.712264,-18.213366,759
35.237871,-18.213366,782
36.000674,-19.738972,804
37.52628,-20.501775,833
38.289084,-21.264579,841
39.051887,-22.790185,856
40.577493,-23.552988,873
41.340296,-25.078595,881
41.340296,-25.841398,896
42.1031,-26.604201,915
42.865903,-28.129808,925
42.865903,-28.892611,941
43.628706,-29.655414,959
44.391509,-31.181021,967
44.391509,-31.943824,979
44.391509,-32.706627,996
44.391509,-34.995037,1004
44.391509,-36.520643,1033
44.391509,-37.283446,1042
44.391509,-38.04625,1059
44.391509,-39.571856,1071
44.391509,-40.334659,1080
44.391509,-41.097463,1096
44.391509,-41.860266,1122
44.391509,-43.385872,1130
44.391509,-44.148676,1147
44.391509,-44.911479,1159
44.391509,-47.199889,1168
44.391509,-47.962692,1190
44.391509,-49.488298,1200
44.391509,-50.251101,1216
44.391509,-51.013905,1236
44.391509,-52.539511,1246
44.391509,-53.302314,1259
44.391509,-54.065118,1276
44.391509,-54.827921,1286
44.391509,-56.353527,1309
44.391509,-57.116331,1337
45.154313,-57.879134,1357
45.154313,-59.40474,1384
45.154313,-60.167543,1405
45.154313,-60.930347,1421
45.154313,-62.455953,1450
45.917116,-62.455953,1477
45.917116,-63.218756,1505
45.917116,-63.98156,1533
46.679919,-64.744363,1559
46.679919,-66.269969,1573
47.442722,-67.032773,1600
48.205526,-68.558379,1628
48.968329,-69.321182,1640
49.731132,-70.083986,1668
50.493935,-71.609592,1688
52.019542,-72.372395,1708
52.782345,-73.135198,1717
54.307951,-73.898002,1727
55.070755,-73.898002,1737
55.833558,-74.660805,1752
58.121968,-75.423608,1760
59.647574,-75.423608,1786
60.410377,-75.423608,1794
61.173181,-75.423608,1804
62.698787,-75.423608,1814
63.46159,-76.186411,1823
64.224394,-76.186411,1833
64.987197,-76.186411,1847
66.512803,-76.186411,1858
67.275606,-76.186411,1879
68.03841,-76.186411,1902
69.564016,-76.186411,1911
70.326819,-76.186411,1930
71.089623,-75.423608,1956
72.615229,-74.660805,1983
73.378032,-73.898002,2011
74.140836,-73.135198,2028
74.140836,-72.372395,2037
74.903639,-70.846789,2046
75.666442,-70.083986,2059
75.666442,-69.321182,2068
76.429245,-67.795576,2085
77.192049,-67.032773,2093
77.954852,-64.744363,2102
77.954852,-63.98156,2121
77.954852,-62.455953,2129
77.954852,-61.69315,2139
77.954852,-60.930347,2155
77.954852,-59.40474,2166
77.954852,-58.641937,2185
77.954852,-57.879134,2201
77.954852,-57.116331,2210
77.954852,-55.590724,2222
77.954852,-54.827921,2243
77.954852,-54.065118,2255
77.954852,-52.539511,2279
77.954852,-51.776708,2302
77.954852,-51.013905,2312
77.954852,-50.251101,2328
77.954852,-48.725495,2339
77.954852,-47.962692,2355
77.954852,-47.199889,2382
77.954852,-46.437085,2411
77.954852,-45.674282,2454
BREAK
