START
61.134518,-22.077274,0
60.230964,-22.077274,495
59.327411,-22.077274,551
58.423858,-22.077274,571
57.520305,-22.077274,604
56.616751,-22.077274,633
55.713198,-22.077274,643
54.809645,-22.077274,683
53.906091,-22.077274,723
52.098985,-22.077274,763
51.195431,-22.077274,783
50.291878,-22.077274,813
49.388325,-22.077274,833
48.484772,-22.077274,896
48.484772,-22.980827,906
48.484772,-23.88438,916
47.581218,-23.88438,928
46.677665,-25.691487,940
46.677665,-26.59504,952
45.774112,-27.498593,962
44.870558,-29.3057,972
44.870558,-30.209253,982
44.870558,-31.112807,991
43.967005,-32.01636,1002
43.967005,-32.919913,1012
43.967005,-33.823466,1022
43.063452,-34.72702,1043
43.063452,-35.630573,1055
43.063452,-36.534126,1076
43.063452,-37.43768,1106
43.063452,-38.341233,1136
43.063452,-39.244786,1156
43.063452,-40.14834,1186
43.063452,-41.051893,1216
43.063452,-41.955446,1226
43.967005,-41.955446,1246
43.967005,-42.858999,1266
44.870558,-42.858999,1276
45.774112,-42.858999,1306
47.581218,-42.858999,1349
48.484772,-42.858999,1366
49.388325,-42.858999,1386
50.291878,-42.858999,1398
51.195431,-42.858999,1419
52.098985,-42.858999,1429
53.002538,-42.858999,1439
53.906091,-42.858999,1459
54.809645,-42.858999,1479
55.713198,-42.858999,1488
56.616751,-42.858999,1499
58.423858,-43.762553,1520
60.230964,-44.666106,1540
61.134518,-44.666106,1560
62.038071,-44.666106,1580
62.038071,-45.569659,1600
62.941624,-45.569659,1610
63.845178,-45.569659,1620
64.748731,-45.569659,1649
64.748731,-46.473213,1659
65.652284,-46.473213,1692
65.652284,-47.376766,1703
66.555838,-47.376766,1712
66.555838,-48.280319,1722
67.459391,-49.183873,1742
68.362944,-50.990979,1766
68.362944,-52.798086,1782
69.266497,-52.798086,1792
69.266497,-53.701639,1802
70.170051,-53.701639,1812
70.170051,-54.605192,1823
70.170051,-55.508746,1845
70.170051,-56.412299,1855
70.170051,-57.315852,1885
71.073604,-57.315852,1895
71.073604,-58.219406,1925
71.073604,-59.122959,1945
71.073604,-60.026512,1975
71.073604,-60.930065,2021
71.073604,-61.833619,2051
71.073604,-62.737172,2061
71.073604,-63.640725,2081
71.073604,-64.544279,2111
71.073604,-65.447832,2131
71.073604,-66.351385,2141
71.073604,-67.254939,2161
71.073604,-68.158492,2203
71.073604,-69.062045,2243
70.170051,-69.062045,2253
69.266497,-69.062045,2263
68.362944,-69.965598,2283
67.459391,-70.869152,2303
65.652284,-71.772705,2323
64.748731,-71.772705,2343
63.845178,-71.772705,2366
62.941624,-72.676258,2376
61.134518,-72.676258,2386
59.327411,-72.676258,2406
58.423858,-72.676258,2426
57.520305,-72.676258,2456
56.616751,-72.676258,2476
55.713198,-72.676258,2497
54.809645,-72.676258,2520
53.906091,-72.676258,2551
53.002538,-72.676258,2583
52.098985,-72.676258,2604
51.195431,-72.676258,2644
50.291878,-71.772705,2684
49.388325,-70.869152,2714
BREAK
