START
63.845178,-29.3057,0
62.941624,-29.3057,79
62.038071,-29.3057,87
61.134518,-28.402147,111
60.230964,-28.402147,151
59.327411,-28.402147,175
58.423858,-28.402147,183
57.520305,-28.402147,191
56.616751,-28.402147,199
55.713198,-28.402147,207
55.713198,-29.3057,223
54.809645,-29.3057,231
54.809645,-30.209253,255
53.906091,-31.112807,279
53.002538,-32.919913,295
52.098985,-32.919913,311
52.098985,-33.823466,319
52.098985,-34.72702,335
51.195431,-35.630573,343
51.195431,-36.534126,351
51.195431,-37.43768,367
51.195431,-38.341233,375
51.195431,-39.244786,391
51.195431,-40.14834,431
52.098985,-40.14834,439
52.098985,-41.051893,447
52.098985,-41.955446,455
53.002538,-41.955446,463
53.002538,-42.858999,479
53.906091,-42.858999,487
54.809645,-43.762553,495
56.616751,-43.762553,503
57.520305,-43.762553,511
59.327411,-45.569659,519
61.134518,-45.569659,527
64.748731,-46.473213,535
65.652284,-46.473213,543
66.555838,-47.376766,551
68.362944,-47.376766,559
69.266497,-47.376766,575
69.266497,-49.183873,583
70.170051,-49.183873,591
70.170051,-50.087426,599
71.073604,-50.990979,607
71.073604,-51.894532,615
71.977157,-52.798086,631
71.977157,-54.605192,639
72.880711,-54.605192,647
72.880711,-57.315852,655
72.880711,-58.219406,664
72.880711,-59.122959,671
72.880711,-60.930065,679
72.880711,-61.833619,687
72.880711,-62.737172,695
72.880711,-65.447832,703
72.880711,-66.351385,711
72.880711,-67.254939,719
72.880711,-68.158492,727
72.880711,-69.062045,735
72.880711,-69.965598,743
71.977157,-69.965598,759
71.073604,-69.965598,783
69.266497,-69.965598,799
68.362944,-69.965598,815
66.555838,-69.965598,823
65.652284,-69.965598,831
64.748731,-69.965598,839
62.941624,-69.965598,847
61.134518,-69.965598,855
59.327411,-69.965598,863
57.520305,-69.965598,871
55.713198,-69.965598,879
54.809645,-69.965598,887
53.906091,-69.965598,895
53.002538,-69.062045,903
52.098985,-68.158492,911
51.195431,-68.158492,919
50.291878,-68.158492,927
49.388325,-68.158492,935
48.484772,-68.158492,943
46.677665,-68.158492,959
45.774112,-68.158492,991
44.870558,-67.254939,1007
44.870558,-65.447832,1024
44.870558,-64.544279,1032
44.870558,-63.640725,1047
43.967005,-63.640725,1063
43.967005,-62.737172,1089
43.967005,-61.833619,1127
43.063452,-61.833619,1440
BREAK
