START
59.061321,-29.718876,0
59.061321,-28.718876,149
59.061321,-27.718876,167
59.061321,-25.718876,176
59.061321,-23.718876,195
59.061321,-22.718876,214
59.061321,-21.718876,232
59.061321,-20.718876,242
59.061321,-19.718876,260
59.061321,-18.718876,298
59.061321,-17.718876,307
58.061321,-17.718876,316
57.061321,-17.718876,326
56.061321,-16.718876,335
55.061321,-15.718876,354
54.061321,-15.718876,363
53.061321,-15.718876,382
51.061321,-14.718876,400
50.061321,-14.718876,410
49.061321,-14.718876,419
47.061321,-13.718876,428
46.061321,-13.718876,438
44.061321,-13.718876,447
43.061321,-13.718876,456
42.061321,-13.718876,494
41.061321,-13.718876,503
40.061321,-13.718876,587
39.061321,-13.718876,596
38.061321,-13.718876,615
37.061321,-13.718876,690
37.061321,-14.718876,708
36.061321,-15.718876,718
36.061321,-16.718876,727
36.061321,-17.718876,736
36.061321,-18.718876,755
36.061321,-19.718876,764
36.061321,-20.718876,783
36.061321,-21.718876,802
36.061321,-22.718876,820
36.061321,-24.718876,829
36.061321,-25.718876,839
36.061321,-26.718876,848
36.061321,-27.718876,857
36.061321,-28.718876,867
36.061321,-29.718876,876
36.061321,-31.718876,885
36.061321,-32.718876,904
36.061321,-33.718876,913
36.061321,-34.718876,923
36.061321,-35.718876,932
36.061321,-36.718876,941
36.061321,-37.718876,951
36.061321,-38.718876,960
36.061321,-39.718876,969
36.061321,-40.718876,979
36.061321,-41.718876,988
36.061321,-42.718876,997
36.061321,-43.718876,1007
36.061321,-44.718876,1016
36.061321,-45.718876,1044
36.061321,-46.718876,1053
36.061321,-47.718876,1063
36.061321,-48.718876,1072
36.061321,-49.718876,1091
36.061321,-50.718876,1100
36.061321,-52.718876,1109
36.061321,-53.718876,1119
36.061321,-54.718876,1137
36.061321,-55.718876,1147
36.061321,-56.718876,1156
36.061321,-57.718876,1165
36.061321,-58.718876,1184
36.061321,-59.718876,1193
36.061321,-60.718876,1203
36.061321,-61.718876,1212
36.061321,-62.718876,1231
36.061321,-63.718876,1240
36.061321,-64.718876,1249
36.061321,-65.718876,1268
36.061321,-66.718876,1315
36.061321,-67.718876,1343
35.061321,-67.718876,1464
35.061321,-66.718876,1501
35.061321,-64.718876,1511
35.061321,-62.718876,1520
35.061321,-60.718876,1529
35.061321,-58.718876,1548
35.061321,-57.718876,1557
35.061321,-56.718876,1567
35.061321,-55.718876,1576
35.061321,-54.718876,1585
35.061321,-52.718876,1595
35.061321,-51.718876,1604
35.061321,-49.718876,1613
35.061321,-48.718876,1623
35.061321,-47.718876,1632
35.061321,-45.718876,1641
35.061321,-44.718876,1651
35.061321,-43.718876,1660
35.061321,-42.718876,1679
35.061321,-41.718876,1688
35.061321,-40.718876,1697
35.061321,-39.718876,1716
35.061321,-38.718876,1735
35.061321,-37.718876,1744
35.061321,-36.718876,1763
35.061321,-35.718876,1772
35.061321,-34.718876,1791
35.061321,-33.718876,1819
35.061321,-32.718876,1828
35.061321,-31.718876,1837
35.061321,-30.718876,1847
35.061321,-29.718876,1875
35.061321,-28.718876,1884
35.061321,-27.718876,1893
35.061321,-26.718876,1903
35.061321,-25.718876,1921
35.061321,-24.718876,1931
35.061321,-23.718876,1949
35.061321,-22.718876,1968
35.061321,-21.718876,1977
35.061321,-20.718876,2005
35.061321,-19.718876,2015
35.061321,-18.718876,2033
35.061321,-17.718876,2043
35.061321,-16.718876,2080
35.061321,-15.718876,2127
35.061321,-14.718876,2145
35.061321,-13.718876,2183
35.061321,-12.718876,2304
35.061321,-11.718876,2323
34.061321,-11.718876,2332
34.061321,-10.718876,2378
33.061321,-10.718876,2397
33.061321,-9.7188755,2406
32.061321,-8.7188755,2472
31.061321,-8.7188755,2491
31.061321,-7.7188755,2500
30.061321,-7.7188755,2537
29.061321,-7.7188755,2556
29.061321,-6.7188755,2567
28.061321,-6.7188755,2584
27.061321,-6.7188755,2687
26.061321,-6.7188755,2789
26.061321,-5.7188755,2798
25.061321,-5.7188755,2836
BREAK
38.061321,-41.718876,3963
39.061321,-41.718876,4242
40.061321,-41.718876,4261
41.061321,-41.718876,4270
42.061321,-41.718876,4280
43.061321,-41.718876,4308
44.061321,-41.718876,4363
45.061321,-41.718876,4391
46.061321,-41.718876,4429
47.061321,-41.718876,4503
48.061321,-41.718876,4531
49.061321,-41.718876,4755
50.061321,-41.718876,4764
51.061321,-41.718876,4774
52.061321,-41.718876,4783
54.061321,-41.718876,4792
55.061321,-41.718876,4802
BREAK
32.061321,-65.718876,5715
32.061321,-66.718876,5985
34.061321,-66.718876,6088
35.061321,-66.718876,6107
36.061321,-66.718876,6116
37.061321,-66.718876,6163
38.061321,-66.718876,6228
39.061321,-66.718876,6247
40.061321,-66.718876,6321
41.061321,-66.718876,6592
42.061321,-66.718876,6620
BREAK
