START
16.860406,-28.402147,0
15.956853,-28.402147,12
15.956853,-29.3057,34
15.956853,-27.498593,193
16.860406,-26.59504,230
16.860406,-25.691487,266
18.667513,-24.787933,286
18.667513,-23.88438,303
19.571066,-22.980827,315
20.474619,-22.077274,327
21.378173,-22.077274,363
22.281726,-22.077274,376
23.185279,-22.980827,388
23.185279,-24.787933,400
24.992386,-25.691487,411
24.992386,-28.402147,423
25.895939,-29.3057,436
26.799492,-30.209253,448
26.799492,-32.919913,460
28.606599,-34.72702,472
28.606599,-35.630573,484
29.510152,-37.43768,496
29.510152,-39.244786,509
30.413706,-42.858999,537
30.413706,-45.569659,540
30.413706,-47.376766,544
30.413706,-49.183873,556
30.413706,-51.894532,568
30.413706,-53.701639,580
30.413706,-55.508746,593
30.413706,-57.315852,604
30.413706,-58.219406,617
30.413706,-60.026512,630
30.413706,-61.833619,642
31.317259,-63.640725,654
33.124365,-65.447832,665
33.124365,-66.351385,678
34.027919,-67.254939,690
34.931472,-67.254939,702
35.835025,-67.254939,715
36.738579,-67.254939,725
39.449239,-66.351385,749
39.449239,-65.447832,761
40.352792,-63.640725,789
41.256345,-62.737172,792
41.256345,-60.026512,798
41.256345,-58.219406,810
42.159898,-56.412299,822
42.159898,-53.701639,835
42.159898,-51.894532,847
42.159898,-48.280319,859
42.159898,-45.569659,870
42.159898,-42.858999,882
42.159898,-40.14834,895
42.159898,-39.244786,907
42.159898,-38.341233,919
42.159898,-37.43768,930
42.159898,-36.534126,1042
43.063452,-35.630573,1065
43.063452,-33.823466,1234
43.063452,-32.919913,1259
43.063452,-32.01636,1271
43.063452,-26.59504,1473
43.063452,-25.691487,1499
43.063452,-24.787933,1523
43.063452,-23.88438,1560
43.063452,-22.077274,1584
43.063452,-20.270167,1646
43.063452,-22.077274,1805
43.063452,-22.980827,1816
43.063452,-23.88438,1839
43.063452,-24.787933,1851
43.063452,-25.691487,1864
43.063452,-26.59504,1887
43.063452,-27.498593,1899
43.967005,-28.402147,1912
44.870558,-30.209253,1923
44.870558,-32.01636,1935
45.774112,-33.823466,1947
46.677665,-36.534126,1959
48.484772,-37.43768,1971
50.291878,-38.341233,1983
51.195431,-39.244786,1995
52.098985,-39.244786,2007
53.002538,-39.244786,2021
53.002538,-37.43768,2050
53.906091,-37.43768,2058
53.906091,-35.630573,2065
53.906091,-34.72702,2081
54.809645,-34.72702,2094
54.809645,-33.823466,2106
54.809645,-32.919913,2118
54.809645,-32.01636,2129
54.809645,-29.3057,2142
54.809645,-27.498593,2166
54.809645,-26.59504,2178
54.809645,-25.691487,2191
54.809645,-24.787933,2202
54.809645,-23.88438,2239
55.713198,-23.88438,2251
56.616751,-23.88438,2301
58.423858,-23.88438,2347
59.327411,-23.88438,2412
59.327411,-22.980827,2444
59.327411,-22.077274,2457
59.327411,-20.270167,2480
59.327411,-22.077274,2589
59.327411,-22.980827,2602
59.327411,-24.787933,2626
58.423858,-25.691487,2638
58.423858,-26.59504,2650
58.423858,-29.3057,2663
58.423858,-32.919913,2674
58.423858,-35.630573,2687
58.423858,-38.341233,2699
58.423858,-40.14834,2710
58.423858,-42.858999,2722
58.423858,-44.666106,2734
58.423858,-46.473213,2747
58.423858,-47.376766,2759
59.327411,-49.183873,2771
60.230964,-52.798086,2784
61.134518,-54.605192,2806
65.652284,-62.737172,2829
69.266497,-67.254939,2837
73.784264,-69.965598,2845
80.109137,-76.290472,2856
84.626904,-78.097578,2868
90.048223,-79.904685,2880
91.85533,-82.615345,2893
BREAK
