START
27.673285,-19.135379,0
26.770758,-19.135379,128
26.770758,-20.037906,144
26.770758,-20.940433,168
26.770758,-22.745487,184
26.770758,-23.648014,216
26.770758,-24.550542,232
26.770758,-25.453069,240
26.770758,-27.258123,264
26.770758,-28.16065,280
26.770758,-29.063177,320
26.770758,-29.965704,336
26.770758,-31.770758,360
26.770758,-32.673285,368
26.770758,-33.575812,408
26.770758,-34.478339,432
27.673285,-36.283394,448
27.673285,-37.185921,480
27.673285,-38.088448,520
29.478339,-38.088448,552
29.478339,-38.990975,560
29.478339,-40.796029,592
30.380866,-40.796029,600
30.380866,-41.698556,624
30.380866,-42.601083,672
31.283394,-42.601083,696
32.185921,-43.50361,752
33.990975,-43.50361,776
34.893502,-43.50361,816
35.796029,-43.50361,896
36.698556,-43.50361,920
38.50361,-43.50361,936
39.406137,-43.50361,944
40.308664,-43.50361,1016
40.308664,-42.601083,1096
40.308664,-41.698556,1128
40.308664,-40.796029,1160
40.308664,-38.990975,1184
39.406137,-38.990975,1200
39.406137,-38.088448,1240
38.50361,-37.185921,1256
38.50361,-36.283394,1288
36.698556,-36.283394,1312
36.698556,-34.478339,1336
36.698556,-33.575812,1368
35.796029,-33.575812,1376
34.893502,-33.575812,1480
33.990975,-33.575812,1504
32.185921,-33.575812,1544
31.283394,-33.575812,1608
31.283394,-34.478339,1616
31.283394,-36.283394,1688
31.283394,-37.185921,1776
32.185921,-37.185921,1984
BREAK
32.185921,-36.283394,3224
BREAK
33.990975,-38.990975,4344
BREAK
24.965704,-77.799639,5832
25.868231,-77.799639,5992
26.770758,-77.799639,6008
27.673285,-77.799639,6024
29.478339,-77.799639,6040
30.380866,-77.799639,6072
31.283394,-77.799639,6088
32.185921,-77.799639,6096
33.990975,-77.799639,6112
34.893502,-77.799639,6136
35.796029,-77.799639,6152
36.698556,-77.799639,6168
38.50361,-77.799639,6184
41.211191,-77.799639,6192
47.528881,-77.799639,6200
48.431408,-77.799639,6208
49.333935,-78.702166,6224
50.236462,-78.702166,6232
52.041516,-78.702166,6256
52.944043,-78.702166,6280
53.84657,-78.702166,6304
54.749097,-78.702166,6312
56.554152,-78.702166,6328
57.456679,-78.702166,6344
58.359206,-78.702166,6368
59.261733,-78.702166,6392
61.066787,-78.702166,6408
BREAK
