START
40.308664,-27.258123,0
40.308664,-28.16065,577
40.308664,-29.063177,644
40.308664,-29.965704,735
40.308664,-30.868231,825
40.308664,-31.770758,926
40.308664,-32.673285,1005
41.211191,-32.673285,1069
41.211191,-33.575812,1114
42.113718,-33.575812,1136
42.113718,-34.478339,1159
43.016245,-34.478339,1204
43.016245,-35.380866,1227
43.918773,-35.380866,1249
43.918773,-36.283394,1272
45.723827,-36.283394,1295
45.723827,-37.185921,1318
46.626354,-37.185921,1339
47.528881,-38.088448,1384
48.431408,-38.088448,1452
49.333935,-38.088448,1474
50.236462,-38.088448,1497
51.138989,-38.088448,1587
51.138989,-37.185921,1655
51.138989,-36.283394,1699
51.138989,-35.380866,1767
51.138989,-34.478339,1812
51.138989,-33.575812,1861
51.138989,-32.673285,1884
51.138989,-31.770758,1929
51.138989,-30.868231,1951
51.138989,-29.965704,1998
51.138989,-29.063177,2041
50.236462,-29.063177,2379
49.333935,-29.965704,2402
49.333935,-30.868231,2515
48.431408,-30.868231,2537
47.528881,-31.770758,2605
46.626354,-31.770758,2628
45.723827,-32.673285,2691
44.8213,-32.673285,2781
BREAK
24.965704,-61.554152,4933
25.868231,-61.554152,5217
26.770758,-61.554152,5239
27.673285,-61.554152,5262
28.575812,-60.651625,5285
30.380866,-60.651625,5307
31.283394,-59.749097,5329
32.185921,-59.749097,5352
34.893502,-59.749097,5372
35.796029,-58.84657,5394
37.601083,-58.84657,5416
38.50361,-58.84657,5439
40.308664,-58.84657,5471
41.211191,-58.84657,5485
42.113718,-58.84657,5506
43.918773,-57.944043,5529
44.8213,-57.944043,5551
45.723827,-57.944043,5575
47.528881,-57.944043,5596
49.333935,-57.944043,5620
50.236462,-57.944043,5641
52.041516,-57.944043,5664
52.944043,-57.944043,5686
54.749097,-57.944043,5709
56.554152,-57.944043,5731
59.261733,-57.944043,5754
61.066787,-57.944043,5776
61.969314,-57.944043,5799
63.774368,-57.944043,5821
65.579422,-57.944043,5844
68.287004,-57.944043,5867
70.092058,-57.944043,5889
70.994585,-57.944043,5912
72.799639,-57.944043,5934
74.604693,-57.944043,5957
76.409747,-57.944043,5979
78.214801,-57.944043,6002
79.117329,-57.944043,6024
80.019856,-57.944043,6047
80.922383,-57.944043,6094
BREAK
