START
31.438144,-24.720635,0
32.345361,-24.720635,11
32.345361,-25.627852,249
32.345361,-26.535068,263
32.345361,-27.442285,287
32.345361,-28.349501,305
32.345361,-29.256718,314
32.345361,-30.163934,335
32.345361,-31.071151,376
32.345361,-31.978367,429
32.345361,-32.885584,449
32.345361,-33.7928,479
32.345361,-34.700017,510
32.345361,-35.607233,521
32.345361,-36.51445,541
32.345361,-37.421666,582
32.345361,-38.328883,613
32.345361,-39.236099,623
32.345361,-40.143316,643
32.345361,-41.050532,663
31.438144,-41.050532,675
31.438144,-41.957749,683
30.530928,-42.864965,704
29.623711,-43.772182,735
28.716495,-44.679398,780
27.809278,-45.586614,788
26.902062,-46.493831,807
25.994845,-47.401047,827
25.087629,-47.401047,885
24.180412,-47.401047,919
24.180412,-48.308264,971
23.273196,-48.308264,985
23.273196,-49.21548,1072
22.365979,-49.21548,1123
BREAK
21.458763,-64.638161,2862
21.458763,-65.545377,3041
21.458763,-66.452594,3071
21.458763,-67.35981,3122
22.365979,-67.35981,3154
22.365979,-68.267027,3165
23.273196,-68.267027,3183
23.273196,-69.174243,3194
24.180412,-69.174243,3215
24.180412,-70.08146,3225
25.087629,-70.08146,3235
25.087629,-70.988676,3245
25.994845,-70.988676,3257
26.902062,-71.895893,3266
27.809278,-71.895893,3286
27.809278,-72.803109,3307
28.716495,-72.803109,3308
29.623711,-72.803109,3320
30.530928,-72.803109,3328
31.438144,-72.803109,3338
32.345361,-72.803109,3350
33.252577,-72.803109,3358
34.159794,-73.710326,3369
35.06701,-73.710326,3379
35.974227,-73.710326,3390
36.881443,-73.710326,3399
37.78866,-74.617542,3410
39.603093,-74.617542,3431
40.510309,-74.617542,3451
41.417526,-74.617542,3461
43.231959,-74.617542,3481
44.139175,-74.617542,3502
45.046392,-74.617542,3513
45.953608,-74.617542,3522
46.860825,-74.617542,3533
47.768041,-74.617542,3543
49.582474,-74.617542,3554
49.582474,-75.524759,3564
50.489691,-75.524759,3574
51.396907,-75.524759,3585
52.304124,-75.524759,3606
53.21134,-75.524759,3615
54.118557,-75.524759,3656
55.025773,-75.524759,3707
55.93299,-75.524759,3738
56.840206,-75.524759,3761
57.747423,-75.524759,3779
58.654639,-75.524759,3800
58.654639,-74.617542,3821
59.561856,-74.617542,3830
59.561856,-73.710326,3842
60.469072,-72.803109,3861
61.376289,-72.803109,3871
62.283505,-71.895893,3892
62.283505,-70.988676,3912
63.190722,-70.988676,3923
64.097938,-70.08146,3953
65.005155,-70.08146,3964
65.005155,-69.174243,3974
65.912371,-69.174243,3984
65.912371,-68.267027,3994
66.819588,-67.35981,4015
66.819588,-66.452594,4025
66.819588,-65.545377,4046
66.819588,-64.638161,4076
66.819588,-63.730944,4097
66.819588,-62.823728,4128
66.819588,-61.916511,4148
66.819588,-61.009295,4169
66.819588,-60.102078,4189
66.819588,-59.194862,4199
66.819588,-58.287645,4230
66.819588,-57.380429,4251
66.819588,-56.473212,4302
66.819588,-55.565996,4343
66.819588,-54.658779,4387
65.912371,-53.751563,4395
65.912371,-52.844346,4417
65.005155,-51.93713,4437
65.005155,-51.029913,4456
64.097938,-50.122697,4466
63.190722,-49.21548,4486
62.283505,-48.308264,4507
62.283505,-47.401047,4527
61.376289,-46.493831,4538
60.469072,-45.586614,4558
60.469072,-44.679398,4580
59.561856,-43.772182,4600
59.561856,-42.864965,4620
59.561856,-41.957749,4641
59.561856,-41.050532,4661
59.561856,-40.143316,4691
59.561856,-39.236099,4717
59.561856,-38.328883,4753
59.561856,-37.421666,4794
59.561856,-36.51445,4825
59.561856,-35.607233,4835
59.561856,-34.700017,4846
59.561856,-32.885584,4865
60.469072,-31.978367,4888
60.469072,-31.071151,4896
61.376289,-31.071151,4909
61.376289,-30.163934,4917
62.283505,-29.256718,4928
63.190722,-29.256718,4948
63.190722,-28.349501,4960
64.097938,-28.349501,4969
64.097938,-27.442285,4978
65.005155,-26.535068,5029
65.005155,-25.627852,5070
65.912371,-25.627852,5080
65.912371,-24.720635,5122
66.819588,-24.720635,5152
66.819588,-23.813419,5163
67.726804,-23.813419,5244
68.634021,-23.813419,5274
69.541237,-23.813419,5295
70.448454,-23.813419,5306
71.35567,-23.813419,5317
72.262887,-23.813419,5337
73.170103,-23.813419,5347
74.07732,-23.813419,5389
74.984536,-23.813419,5441
75.891753,-23.813419,5480
76.798969,-23.813419,5520
77.706186,-23.813419,5541
78.613402,-23.813419,5561
79.520619,-23.813419,5592
80.427835,-23.813419,5633
81.335052,-23.813419,5653
82.242268,-23.813419,5683
BREAK
88.592784,-41.050532,7247
87.685567,-41.050532,7479
86.778351,-41.050532,7550
86.778351,-41.957749,7613
85.871134,-41.957749,7659
85.871134,-42.864965,7662
84.963918,-42.864965,7703
84.056701,-42.864965,7744
83.149485,-42.864965,7771
82.242268,-42.864965,7796
82.242268,-43.772182,7826
82.242268,-44.679398,7857
81.335052,-44.679398,7867
81.335052,-45.586614,7888
80.427835,-45.586614,7908
79.520619,-46.493831,7929
79.520619,-47.401047,7960
78.613402,-47.401047,7970
78.613402,-48.308264,7982
78.613402,-49.21548,8004
78.613402,-50.122697,8035
78.613402,-51.029913,8041
77.706186,-51.029913,8061
77.706186,-51.93713,8093
76.798969,-51.93713,8102
76.798969,-52.844346,8123
76.798969,-53.751563,8155
76.798969,-54.658779,8195
76.798969,-55.565996,8206
76.798969,-56.473212,8247
76.798969,-57.380429,8298
76.798969,-58.287645,8339
76.798969,-59.194862,8360
76.798969,-60.102078,8391
76.798969,-61.009295,8411
76.798969,-62.823728,8432
76.798969,-63.730944,8458
76.798969,-64.638161,8484
76.798969,-65.545377,8493
76.798969,-66.452594,8524
76.798969,-67.35981,8555
76.798969,-68.267027,8596
76.798969,-69.174243,8657
BREAK
48.675258,-13.834037,9717
BREAK
