START
24.341786,-26.555108,0
25.905696,-25.773153,119
27.469606,-25.773153,129
28.251561,-25.773153,139
29.033515,-25.773153,149
30.597425,-24.991198,159
31.37938,-24.991198,169
33.725245,-24.991198,179
36.071109,-24.991198,189
37.635019,-24.991198,199
40.762839,-24.991198,209
43.890658,-26.555108,219
44.672613,-26.555108,229
45.454568,-26.555108,239
47.018478,-26.555108,249
47.800433,-26.555108,279
48.582388,-27.337063,299
50.146297,-28.119017,308
50.928252,-28.900972,319
51.710207,-29.682927,348
52.492162,-30.464882,379
54.056072,-32.028792,398
54.056072,-32.810747,419
54.056072,-33.592702,428
54.056072,-34.374657,438
54.056072,-35.156611,478
52.492162,-36.720521,509
51.710207,-38.284431,528
50.928252,-38.284431,538
50.928252,-39.066386,549
50.146297,-39.848341,558
49.364342,-40.630296,568
48.582388,-40.630296,589
48.582388,-41.412251,638
47.800433,-41.412251,648
47.018478,-41.412251,668
46.236523,-42.194205,678
45.454568,-42.194205,688
46.236523,-42.194205,897
47.018478,-42.194205,908
47.800433,-42.194205,918
49.364342,-42.194205,927
50.146297,-42.194205,937
50.928252,-42.194205,958
51.710207,-42.194205,968
52.492162,-42.194205,987
54.056072,-42.97616,1008
55.619982,-42.97616,1017
56.401936,-42.97616,1027
57.183891,-42.97616,1037
57.965846,-43.758115,1048
58.747801,-43.758115,1077
59.529756,-44.54007,1097
59.529756,-45.322025,1117
59.529756,-46.10398,1157
59.529756,-47.66789,1177
59.529756,-48.449844,1197
59.529756,-50.013754,1207
59.529756,-50.795709,1217
59.529756,-51.577664,1227
59.529756,-53.141574,1237
59.529756,-53.923529,1247
59.529756,-54.705484,1257
58.747801,-55.487438,1266
57.965846,-55.487438,1277
57.965846,-56.269393,1287
57.965846,-57.051348,1297
57.965846,-57.833303,1306
57.183891,-57.833303,1317
56.401936,-58.615258,1337
56.401936,-59.397213,1356
55.619982,-60.179168,1367
54.838027,-60.961123,1386
54.056072,-61.743078,1396
53.274117,-62.525032,1407
52.492162,-63.306987,1417
52.492162,-64.088942,1427
51.710207,-64.870897,1446
50.928252,-64.870897,1457
50.928252,-65.652852,1467
50.146297,-65.652852,1476
47.800433,-67.216762,1486
47.018478,-67.998717,1507
44.672613,-68.780672,1516
43.108703,-68.780672,1526
42.326748,-68.780672,1536
39.980884,-68.780672,1547
38.416974,-69.562626,1556
37.635019,-69.562626,1576
36.853064,-69.562626,1596
36.071109,-69.562626,1606
34.5072,-69.562626,1616
31.37938,-69.562626,1626
29.81547,-69.562626,1636
26.687651,-69.562626,1646
25.905696,-70.344581,1656
25.123741,-70.344581,1666
28.251561,-68.780672,1876
32.161335,-67.216762,1886
BREAK
50.928252,-37.502476,3222
51.710207,-36.720521,3272
52.492162,-35.938566,3292
53.274117,-35.938566,3302
54.056072,-34.374657,3312
55.619982,-33.592702,3322
57.183891,-32.810747,3332
58.747801,-31.246837,3342
60.311711,-30.464882,3352
61.875621,-28.900972,3362
62.657576,-27.337063,3372
64.221485,-27.337063,3382
64.221485,-26.555108,3391
65.785395,-25.773153,3402
67.349305,-24.991198,3452
68.913215,-24.991198,3462
70.477124,-24.209243,3471
71.259079,-24.209243,3481
72.041034,-23.427288,3492
72.822989,-23.427288,3502
73.604944,-22.645333,3511
74.386899,-22.645333,3532
75.168854,-22.645333,3592
75.950809,-22.645333,3601
76.732764,-22.645333,3611
77.514718,-22.645333,3632
79.078628,-23.427288,3661
80.642538,-24.991198,3672
81.424493,-25.773153,3691
83.770357,-27.337063,3701
83.770357,-28.119017,3711
84.552312,-28.119017,3721
85.334267,-28.900972,3731
85.334267,-29.682927,3751
85.334267,-30.464882,3761
85.334267,-31.246837,3791
85.334267,-32.028792,3801
85.334267,-32.810747,3811
85.334267,-33.592702,3821
85.334267,-35.938566,3831
85.334267,-36.720521,3851
85.334267,-39.066386,3861
85.334267,-40.630296,3881
85.334267,-42.194205,3890
85.334267,-43.758115,3901
85.334267,-45.322025,3911
85.334267,-46.885935,3921
85.334267,-47.66789,3930
85.334267,-48.449844,3941
85.334267,-49.231799,3951
85.334267,-50.013754,3961
85.334267,-50.795709,3970
85.334267,-51.577664,3991
84.552312,-52.359619,4001
83.770357,-53.141574,4011
83.770357,-53.923529,4020
82.988403,-54.705484,4031
82.206448,-55.487438,4041
80.642538,-56.269393,4051
80.642538,-57.051348,4060
79.860583,-57.051348,4070
79.860583,-57.833303,4081
78.296673,-58.615258,4100
77.514718,-57.833303,4310
77.514718,-57.051348,4320
76.732764,-57.051348,4330
76.732764,-56.269393,4340
76.732764,-54.705484,4360
76.732764,-53.923529,4370
76.732764,-52.359619,4390
76.732764,-51.577664,4400
76.732764,-50.795709,4420
76.732764,-50.013754,4429
76.732764,-49.231799,4450
76.732764,-48.449844,4460
77.514718,-47.66789,4469
77.514718,-46.885935,4479
79.078628,-46.10398,4490
79.860583,-44.54007,4500
81.424493,-43.758115,4510
81.424493,-42.97616,4519
82.206448,-42.97616,4530
82.988403,-42.194205,4540
84.552312,-41.412251,4620
85.334267,-40.630296,4639
86.116222,-40.630296,4659
86.116222,-39.848341,4670
BREAK
