START
23.559831,-43.758115,0
23.559831,-42.97616,261
23.559831,-42.194205,295
24.341786,-42.194205,305
25.123741,-40.630296,326
25.123741,-39.848341,346
25.905696,-39.848341,366
26.687651,-39.848341,428
26.687651,-38.284431,438
27.469606,-38.284431,449
27.469606,-36.720521,458
28.251561,-36.720521,469
29.033515,-35.156611,479
29.81547,-34.374657,499
30.597425,-34.374657,550
31.37938,-34.374657,612
32.161335,-32.810747,622
32.94329,-32.810747,652
34.5072,-32.810747,693
35.289154,-32.810747,745
36.071109,-32.810747,755
36.853064,-32.810747,765
37.635019,-31.246837,785
38.416974,-31.246837,796
39.198929,-31.246837,867
40.762839,-31.246837,877
41.544794,-31.246837,888
43.108703,-31.246837,898
43.108703,-32.028792,928
43.890658,-32.028792,949
43.890658,-32.810747,969
44.672613,-32.810747,980
44.672613,-33.592702,1000
45.454568,-33.592702,1010
45.454568,-34.374657,1020
46.236523,-34.374657,1031
46.236523,-35.156611,1061
47.018478,-35.938566,1092
47.018478,-36.720521,1112
47.018478,-37.502476,1133
47.018478,-38.284431,1143
47.018478,-39.066386,1164
47.800433,-39.066386,1184
47.800433,-39.848341,1194
47.800433,-40.630296,1215
47.800433,-41.412251,1235
47.800433,-42.194205,1276
47.800433,-42.97616,1286
47.800433,-43.758115,1317
47.800433,-44.54007,1327
47.800433,-46.10398,1368
47.800433,-46.885935,1388
46.236523,-46.885935,1399
45.454568,-47.66789,1409
45.454568,-48.449844,1429
43.890658,-49.231799,1450
43.108703,-50.013754,1491
42.326748,-50.013754,1521
42.326748,-50.795709,1552
40.762839,-50.795709,1562
39.980884,-51.577664,1583
39.198929,-52.359619,1603
38.416974,-53.141574,1623
38.416974,-53.923529,1644
36.853064,-53.923529,1654
37.635019,-53.923529,1879
38.416974,-53.923529,1920
39.198929,-53.923529,1940
39.980884,-53.923529,1950
40.762839,-53.923529,1981
41.544794,-53.923529,2042
42.326748,-54.705484,2083
43.890658,-54.705484,2104
44.672613,-55.487438,2124
45.454568,-56.269393,2145
46.236523,-57.051348,2185
47.018478,-57.051348,2206
47.018478,-57.833303,2216
47.800433,-58.615258,2226
47.800433,-59.397213,2237
48.582388,-59.397213,2247
48.582388,-60.179168,2267
49.364342,-60.961123,2298
49.364342,-61.743078,2308
49.364342,-62.525032,2329
49.364342,-63.306987,2339
49.364342,-64.088942,2369
49.364342,-64.870897,2390
49.364342,-66.434807,2410
49.364342,-67.216762,2431
49.364342,-67.998717,2441
49.364342,-68.780672,2451
47.800433,-69.562626,2462
47.800433,-70.344581,2513
46.236523,-70.344581,2523
46.236523,-71.126536,2533
46.236523,-71.908491,2543
44.672613,-72.690446,2553
43.890658,-72.690446,2584
43.890658,-73.472401,2594
42.326748,-73.472401,2615
41.544794,-73.472401,2635
40.762839,-74.254356,2645
39.980884,-75.036311,2655
39.198929,-75.036311,2666
38.416974,-75.036311,2686
37.635019,-75.036311,2696
37.635019,-75.818266,2707
36.071109,-75.818266,2717
35.289154,-75.818266,2748
34.5072,-75.818266,2768
33.725245,-75.818266,2778
32.94329,-75.818266,2788
30.597425,-75.818266,2799
29.033515,-75.818266,2809
28.251561,-75.818266,2819
27.469606,-75.818266,2829
25.905696,-74.254356,2860
25.123741,-74.254356,2880
25.123741,-72.690446,2891
23.559831,-72.690446,2901
22.777876,-71.126536,2921
21.995921,-71.126536,2931
21.213967,-69.562626,2952
20.432012,-68.780672,2972
20.432012,-67.998717,2993
18.868102,-67.998717,3003
18.868102,-66.434807,3024
17.304192,-66.434807,3034
17.304192,-64.870897,3044
15.740282,-64.088942,3054
15.740282,-63.306987,3064
14.176373,-63.306987,3075
14.176373,-61.743078,3085
14.176373,-60.961123,3136
12.612463,-60.961123,3147
12.612463,-59.397213,3156
11.048553,-58.615258,3167
11.048553,-57.833303,3187
11.048553,-57.051348,3228
BREAK
48.582388,-42.97616,4464
48.582388,-42.194205,4525
49.364342,-42.194205,4545
49.364342,-40.630296,4555
50.146297,-39.848341,4586
51.710207,-39.848341,4617
51.710207,-38.284431,4627
52.492162,-38.284431,4637
53.274117,-38.284431,4657
54.056072,-38.284431,4668
54.056072,-36.720521,4688
55.619982,-36.720521,4709
56.401936,-36.720521,4719
56.401936,-35.156611,4739
57.183891,-35.156611,4749
57.965846,-35.156611,4760
58.747801,-35.156611,4831
59.529756,-35.156611,4841
60.311711,-35.156611,4852
61.093666,-35.156611,4872
61.875621,-35.156611,4893
63.43953,-35.156611,4933
64.221485,-35.156611,4944
65.785395,-35.156611,4954
66.56735,-35.156611,4964
67.349305,-35.156611,4974
68.913215,-35.938566,4984
69.69517,-35.938566,5005
70.477124,-35.938566,5026
71.259079,-35.938566,5046
72.041034,-35.938566,5066
72.822989,-36.720521,5087
73.604944,-36.720521,5107
75.168854,-36.720521,5138
75.950809,-37.502476,5148
76.732764,-38.284431,5164
77.514718,-38.284431,5179
78.296673,-39.066386,5199
79.078628,-39.848341,5240
79.078628,-40.630296,5250
79.860583,-40.630296,5261
80.642538,-41.412251,5281
81.424493,-42.194205,5302
81.424493,-42.97616,5312
81.424493,-43.758115,5322
81.424493,-44.54007,5332
82.206448,-45.322025,5353
82.206448,-46.10398,5383
82.206448,-47.66789,5404
82.206448,-48.449844,5414
82.206448,-49.231799,5434
82.206448,-50.013754,5445
82.206448,-50.795709,5455
82.206448,-51.577664,5475
82.206448,-52.359619,5496
82.206448,-53.923529,5526
82.206448,-55.487438,5547
80.642538,-56.269393,5567
80.642538,-57.051348,5577
80.642538,-57.833303,5608
79.078628,-57.833303,5629
79.078628,-58.615258,5639
79.078628,-59.397213,5649
77.514718,-59.397213,5659
77.514718,-60.179168,5669
75.950809,-60.961123,5690
75.168854,-61.743078,5710
74.386899,-62.525032,5720
74.386899,-63.306987,5741
72.822989,-63.306987,5761
72.822989,-64.088942,5792
71.259079,-64.088942,5802
70.477124,-64.088942,5823
69.69517,-64.088942,5833
69.69517,-64.870897,5843
68.13126,-64.870897,5853
67.349305,-64.870897,5874
66.56735,-64.870897,5894
65.785395,-64.870897,5945
65.00344,-64.870897,5976
64.221485,-64.870897,5986
63.43953,-64.870897,6038
63.43953,-63.306987,6047
63.43953,-62.525032,6078
63.43953,-61.743078,6099
64.221485,-61.743078,6109
64.221485,-60.179168,6119
65.00344,-60.179168,6139
65.00344,-58.615258,6150
65.785395,-57.833303,6160
66.56735,-57.051348,6191
67.349305,-57.051348,6211
67.349305,-55.487438,6221
68.13126,-55.487438,6242
68.913215,-55.487438,6262
68.913215,-53.923529,6273
69.69517,-53.923529,6282
70.477124,-52.359619,6303
71.259079,-52.359619,6323
72.041034,-52.359619,6375
72.822989,-50.795709,6385
72.822989,-50.013754,6405
73.604944,-50.013754,6415
74.386899,-50.013754,6446
75.950809,-50.013754,6497
78.296673,-50.013754,6507
79.860583,-50.013754,6518
80.642538,-50.013754,6528
82.988403,-50.013754,6538
83.770357,-50.013754,6548
82.206448,-50.013754,6620
80.642538,-50.013754,6630
BREAK
