START
24.341786,-32.028792,0
25.123741,-32.028792,50
25.123741,-31.246837,60
25.905696,-31.246837,71
26.687651,-31.246837,81
27.469606,-30.464882,90
28.251561,-30.464882,101
29.033515,-30.464882,111
29.81547,-30.464882,121
30.597425,-29.682927,131
31.37938,-29.682927,141
32.161335,-29.682927,152
32.94329,-29.682927,162
33.725245,-29.682927,172
36.853064,-29.682927,182
37.635019,-30.464882,192
39.980884,-30.464882,203
40.762839,-31.246837,212
41.544794,-31.246837,222
41.544794,-32.028792,233
42.326748,-32.810747,259
42.326748,-33.592702,268
43.108703,-34.374657,279
43.890658,-35.156611,289
44.672613,-35.938566,298
44.672613,-36.720521,309
45.454568,-37.502476,319
45.454568,-38.284431,339
45.454568,-39.066386,349
45.454568,-39.848341,360
44.672613,-40.630296,370
43.890658,-41.412251,380
43.108703,-42.194205,390
43.108703,-42.97616,401
42.326748,-43.758115,411
41.544794,-44.54007,420
40.762839,-44.54007,431
39.980884,-45.322025,441
39.198929,-46.10398,451
36.853064,-46.10398,461
36.071109,-46.885935,471
35.289154,-47.66789,482
34.5072,-47.66789,492
33.725245,-48.449844,512
32.94329,-48.449844,533
32.161335,-49.231799,553
31.37938,-49.231799,563
30.597425,-50.013754,581
29.81547,-50.013754,588
29.033515,-50.013754,598
28.251561,-50.013754,615
28.251561,-50.795709,682
29.033515,-50.795709,730
29.81547,-50.795709,741
30.597425,-50.795709,750
31.37938,-50.795709,760
32.161335,-50.795709,771
34.5072,-50.795709,781
35.289154,-50.795709,792
37.635019,-50.795709,802
38.416974,-50.795709,811
40.762839,-50.795709,822
41.544794,-50.795709,832
42.326748,-50.795709,842
43.108703,-50.795709,852
43.890658,-50.795709,862
44.672613,-51.577664,882
45.454568,-51.577664,892
46.236523,-52.359619,903
47.018478,-52.359619,913
47.800433,-53.141574,923
47.800433,-53.923529,933
48.582388,-53.923529,944
48.582388,-54.705484,954
49.364342,-55.487438,963
49.364342,-56.269393,974
49.364342,-57.051348,984
49.364342,-57.833303,994
49.364342,-58.615258,1004
49.364342,-59.397213,1014
49.364342,-60.179168,1035
48.582388,-60.961123,1045
BREAK
39.980884,-64.870897,1117
36.853064,-65.652852,1125
34.5072,-66.434807,1136
32.161335,-67.216762,1146
29.81547,-67.998717,1157
29.033515,-67.998717,1167
28.251561,-68.780672,1176
27.469606,-68.780672,1187
26.687651,-68.780672,1197
25.905696,-68.780672,1208
25.123741,-68.780672,1218
24.341786,-68.780672,1227
23.559831,-68.780672,1238
22.777876,-68.780672,1263
22.777876,-67.998717,1273
21.995921,-67.998717,1284
21.213967,-67.998717,1303
20.432012,-67.998717,1324
BREAK
49.364342,-58.615258,2417
49.364342,-59.397213,2486
48.582388,-59.397213,2496
47.800433,-60.179168,2506
47.018478,-60.179168,2516
46.236523,-60.179168,2526
45.454568,-60.179168,2538
44.672613,-60.961123,2547
43.890658,-60.961123,2557
43.890658,-61.743078,2567
43.108703,-61.743078,2577
42.326748,-62.525032,2587
41.544794,-62.525032,2597
40.762839,-62.525032,2608
40.762839,-63.306987,2618
39.980884,-63.306987,2628
39.980884,-64.088942,2642
39.198929,-64.088942,2654
39.198929,-64.870897,2684
38.416974,-64.870897,2703
38.416974,-65.652852,2743
BREAK
38.416974,-65.652852,2829
BREAK
45.454568,-35.938566,3880
45.454568,-35.156611,3973
46.236523,-35.156611,3983
47.018478,-34.374657,3993
47.800433,-33.592702,4003
47.800433,-32.810747,4013
47.800433,-32.028792,4023
48.582388,-31.246837,4034
48.582388,-30.464882,4054
48.582388,-29.682927,4065
48.582388,-28.900972,4078
48.582388,-28.119017,4089
49.364342,-27.337063,4099
50.146297,-26.555108,4110
50.928252,-25.773153,4120
51.710207,-24.991198,4130
52.492162,-24.209243,4140
53.274117,-23.427288,4150
53.274117,-22.645333,4161
54.056072,-21.863378,4170
54.838027,-21.863378,4181
55.619982,-21.081423,4191
56.401936,-20.299469,4211
57.183891,-20.299469,4221
57.965846,-20.299469,4231
58.747801,-20.299469,4242
59.529756,-20.299469,4252
60.311711,-20.299469,4262
61.093666,-19.517514,4272
61.875621,-18.735559,4282
64.221485,-18.735559,4292
65.00344,-18.735559,4302
65.785395,-17.953604,4313
66.56735,-17.953604,4323
67.349305,-18.735559,4343
68.13126,-18.735559,4353
68.13126,-19.517514,4364
68.913215,-20.299469,4374
68.913215,-21.081423,4384
69.69517,-21.081423,4394
69.69517,-21.863378,4404
70.477124,-21.863378,4415
70.477124,-22.645333,4424
71.259079,-23.427288,4435
72.041034,-24.209243,4445
72.822989,-24.209243,4455
73.604944,-24.991198,4465
74.386899,-24.991198,4475
75.168854,-27.337063,4486
75.950809,-28.119017,4496
76.732764,-30.464882,4505
76.732764,-31.246837,4516
77.514718,-32.028792,4526
77.514718,-32.810747,4536
77.514718,-33.592702,4556
77.514718,-34.374657,4567
77.514718,-35.156611,4577
77.514718,-35.938566,4587
77.514718,-36.720521,4597
77.514718,-37.502476,4607
77.514718,-38.284431,4618
77.514718,-39.066386,4638
77.514718,-39.848341,4658
77.514718,-40.630296,4668
77.514718,-41.412251,4678
77.514718,-42.194205,4688
77.514718,-42.97616,4699
77.514718,-43.758115,4709
77.514718,-44.54007,4719
76.732764,-45.322025,4729
76.732764,-46.10398,4739
75.950809,-46.885935,4750
75.168854,-46.885935,4759
75.168854,-47.66789,4770
74.386899,-47.66789,4780
73.604944,-47.66789,4790
72.822989,-48.449844,4800
72.041034,-48.449844,4810
71.259079,-49.231799,4821
70.477124,-50.013754,4831
69.69517,-50.013754,4840
68.913215,-50.013754,4851
68.913215,-50.795709,4861
68.13126,-51.577664,4871
67.349305,-51.577664,4881
66.56735,-51.577664,4891
65.785395,-52.359619,4902
65.00344,-52.359619,4912
64.221485,-52.359619,4922
63.43953,-52.359619,4959
63.43953,-51.577664,4972
63.43953,-50.795709,4999
63.43953,-50.013754,5008
63.43953,-49.231799,5029
63.43953,-48.449844,5039
63.43953,-47.66789,5048
63.43953,-46.885935,5069
63.43953,-46.10398,5080
63.43953,-45.322025,5089
63.43953,-44.54007,5099
64.221485,-43.758115,5110
65.00344,-43.758115,5120
65.785395,-42.97616,5130
65.785395,-42.194205,5151
66.56735,-42.194205,5161
67.349305,-41.412251,5170
68.13126,-41.412251,5181
68.913215,-40.630296,5191
69.69517,-40.630296,5211
70.477124,-40.630296,5234
71.259079,-40.630296,5242
72.041034,-39.848341,5262
72.822989,-39.848341,5273
73.604944,-39.848341,5282
73.604944,-39.066386,5292
74.386899,-39.066386,5305
75.168854,-38.284431,5334
75.950809,-38.284431,5343
76.732764,-38.284431,5353
77.514718,-38.284431,5364
78.296673,-38.284431,5374
79.078628,-38.284431,5383
79.860583,-38.284431,5403
79.860583,-37.502476,5418
80.642538,-37.502476,5429
BREAK
80.642538,-37.502476,5542
BREAK
