START
13.394418,-34.374657,0
13.394418,-33.592702,13
14.176373,-33.592702,21
14.958327,-33.592702,29
16.522237,-33.592702,45
17.304192,-33.592702,61
18.868102,-33.592702,69
19.650057,-32.810747,78
21.213967,-32.810747,85
22.777876,-33.592702,93
24.341786,-33.592702,101
25.905696,-33.592702,110
26.687651,-33.592702,117
28.251561,-33.592702,125
29.033515,-33.592702,133
30.597425,-34.374657,141
31.37938,-34.374657,149
32.161335,-34.374657,157
33.725245,-35.156611,165
34.5072,-35.938566,173
35.289154,-36.720521,181
36.071109,-36.720521,189
36.853064,-37.502476,197
37.635019,-38.284431,205
37.635019,-39.066386,213
38.416974,-39.066386,221
38.416974,-39.848341,229
38.416974,-40.630296,237
39.198929,-41.412251,245
39.198929,-42.194205,261
39.980884,-43.758115,269
39.980884,-44.54007,278
39.980884,-45.322025,285
39.980884,-46.10398,293
39.198929,-46.885935,301
39.198929,-47.66789,325
38.416974,-47.66789,333
37.635019,-48.449844,342
37.635019,-49.231799,349
36.071109,-50.013754,357
35.289154,-50.795709,365
35.289154,-51.577664,381
34.5072,-51.577664,390
33.725245,-52.359619,397
32.94329,-52.359619,406
32.161335,-53.141574,414
31.37938,-53.141574,438
30.597425,-53.141574,443
29.81547,-53.923529,448
29.033515,-53.923529,454
28.251561,-53.923529,470
27.469606,-53.923529,494
26.687651,-53.923529,510
27.469606,-53.923529,654
28.251561,-53.923529,662
29.033515,-53.141574,670
29.81547,-53.141574,678
31.37938,-53.141574,694
32.161335,-53.141574,710
32.94329,-53.141574,718
34.5072,-53.923529,726
35.289154,-53.923529,734
36.071109,-53.923529,742
36.853064,-54.705484,758
36.853064,-55.487438,766
38.416974,-57.051348,785
38.416974,-58.615258,790
38.416974,-59.397213,798
39.198929,-60.179168,807
39.198929,-61.743078,814
39.198929,-62.525032,822
39.198929,-64.088942,830
39.198929,-64.870897,838
39.198929,-65.652852,846
39.198929,-66.434807,854
39.198929,-67.216762,862
39.198929,-67.998717,870
38.416974,-68.780672,886
38.416974,-69.562626,903
37.635019,-70.344581,910
36.853064,-70.344581,918
36.853064,-71.126536,926
36.071109,-71.126536,934
35.289154,-71.908491,942
34.5072,-71.908491,958
34.5072,-72.690446,966
33.725245,-73.472401,974
32.94329,-73.472401,982
32.161335,-73.472401,992
31.37938,-74.254356,998
29.81547,-75.036311,1006
28.251561,-75.036311,1014
26.687651,-75.036311,1030
25.905696,-75.036311,1038
25.123741,-75.036311,1046
24.341786,-75.036311,1054
23.559831,-75.036311,1062
22.777876,-75.036311,1070
21.995921,-75.036311,1078
21.213967,-75.036311,1086
20.432012,-75.036311,1094
19.650057,-75.036311,1102
18.868102,-75.036311,1110
18.868102,-74.254356,1118
18.868102,-73.472401,1126
18.086147,-73.472401,1134
17.304192,-73.472401,1150
16.522237,-72.690446,1166
15.740282,-72.690446,1174
15.740282,-71.908491,1182
14.958327,-71.908491,1190
14.958327,-71.126536,1214
14.958327,-70.344581,1246
14.958327,-69.562626,1278
14.958327,-68.780672,1294
14.958327,-67.998717,1302
BREAK
39.198929,-42.194205,1982
39.980884,-42.194205,1989
40.762839,-42.194205,1997
41.544794,-42.194205,2021
42.326748,-42.194205,2029
43.108703,-41.412251,2045
43.890658,-41.412251,2053
43.890658,-40.630296,2069
44.672613,-40.630296,2077
45.454568,-40.630296,2093
46.236523,-39.848341,2101
47.018478,-39.066386,2117
47.800433,-38.284431,2133
48.582388,-37.502476,2141
49.364342,-37.502476,2149
50.146297,-36.720521,2165
50.928252,-35.938566,2173
51.710207,-35.938566,2181
52.492162,-35.938566,2189
52.492162,-35.156611,2197
53.274117,-35.156611,2205
54.056072,-35.156611,2213
54.838027,-35.156611,2229
56.401936,-34.374657,2245
57.183891,-34.374657,2277
58.747801,-35.156611,2300
58.747801,-35.938566,2305
61.093666,-36.720521,2310
61.875621,-37.502476,2317
62.657576,-38.284431,2325
63.43953,-39.066386,2333
64.221485,-39.848341,2341
64.221485,-40.630296,2349
65.785395,-42.194205,2357
66.56735,-42.97616,2365
67.349305,-44.54007,2373
68.13126,-45.322025,2381
68.913215,-46.885935,2390
69.69517,-48.449844,2397
70.477124,-50.013754,2405
70.477124,-51.577664,2413
70.477124,-52.359619,2421
71.259079,-53.923529,2429
71.259079,-54.705484,2441
71.259079,-56.269393,2446
71.259079,-57.051348,2454
71.259079,-57.833303,2463
71.259079,-58.615258,2469
71.259079,-59.397213,2485
70.477124,-60.179168,2493
70.477124,-60.961123,2505
70.477124,-61.743078,2510
69.69517,-62.525032,2517
68.913215,-62.525032,2541
68.13126,-63.306987,2549
67.349305,-63.306987,2557
65.785395,-64.088942,2573
65.00344,-64.088942,2581
64.221485,-64.088942,2589
63.43953,-64.870897,2597
62.657576,-64.870897,2605
61.875621,-64.870897,2621
60.311711,-64.870897,2642
59.529756,-64.088942,2653
58.747801,-64.088942,2662
57.965846,-63.306987,2669
57.183891,-63.306987,2677
56.401936,-62.525032,2685
55.619982,-61.743078,2701
55.619982,-60.961123,2710
55.619982,-60.179168,2718
55.619982,-59.397213,2733
55.619982,-58.615258,2741
55.619982,-57.833303,2757
55.619982,-57.051348,2773
56.401936,-57.051348,2781
57.183891,-56.269393,2790
57.965846,-55.487438,2797
58.747801,-55.487438,2813
59.529756,-54.705484,2822
60.311711,-53.923529,2830
61.093666,-53.923529,2845
61.093666,-53.141574,2853
61.875621,-53.141574,2861
62.657576,-53.141574,2870
63.43953,-53.141574,2886
63.43953,-52.359619,2901
64.221485,-52.359619,2918
65.00344,-52.359619,2933
65.785395,-52.359619,2942
66.56735,-52.359619,2966
67.349305,-52.359619,2974
68.13126,-52.359619,2981
68.913215,-52.359619,2989
69.69517,-52.359619,2997
70.477124,-52.359619,3005
71.259079,-52.359619,3013
72.041034,-52.359619,3029
BREAK
