START
27.023585,-21.702811,0
27.023585,-22.702811,56
28.023585,-22.702811,68
29.023585,-23.702811,88
30.023585,-24.702811,108
31.023585,-25.702811,119
32.023585,-25.702811,128
33.023585,-25.702811,139
34.023585,-26.702811,149
35.023585,-27.702811,169
36.023585,-28.702811,179
37.023585,-29.702811,190
38.023585,-29.702811,200
39.023585,-30.702811,209
40.023585,-31.702811,220
41.023585,-32.702811,241
42.023585,-33.702811,250
42.023585,-34.702811,260
43.023585,-35.702811,271
43.023585,-36.702811,281
43.023585,-37.702811,292
44.023585,-37.702811,301
44.023585,-38.702811,311
44.023585,-39.702811,332
44.023585,-40.702811,342
44.023585,-41.702811,352
44.023585,-42.702811,362
45.023585,-43.702811,373
46.023585,-44.702811,382
46.023585,-45.702811,393
46.023585,-46.702811,403
46.023585,-47.702811,423
47.023585,-48.702811,433
47.023585,-49.702811,444
47.023585,-50.702811,454
47.023585,-51.702811,463
47.023585,-52.702811,474
47.023585,-53.702811,484
48.023585,-53.702811,494
48.023585,-54.702811,505
48.023585,-55.702811,525
49.023585,-55.702811,535
49.023585,-56.702811,544
50.023585,-57.702811,555
50.023585,-58.702811,565
51.023585,-59.702811,576
52.023585,-59.702811,596
52.023585,-60.702811,611
52.023585,-61.702811,644
52.023585,-62.702811,672
53.023585,-63.702811,692
54.023585,-64.702811,703
54.023585,-65.702811,734
54.023585,-66.702811,759
55.023585,-67.702811,768
56.023585,-67.702811,779
56.023585,-68.702811,789
56.023585,-69.702811,809
57.023585,-70.702811,830
57.023585,-71.702811,839
58.023585,-72.702811,860
59.023585,-72.702811,870
59.023585,-73.702811,880
60.023585,-73.702811,900
60.023585,-74.702811,911
60.023585,-75.702811,920
61.023585,-75.702811,930
61.023585,-76.702811,951
62.023585,-76.702811,971
62.023585,-77.702811,981
63.023585,-77.702811,1001
64.023585,-78.702811,1022
64.023585,-79.702811,1036
65.023585,-80.702811,1065
66.023585,-81.702811,1099
67.023585,-81.702811,1108
68.023585,-81.702811,1128
68.023585,-82.702811,1151
68.023585,-83.702811,1200
68.023585,-84.702811,1209
69.023585,-84.702811,1220
69.023585,-85.702811,1230
70.023585,-85.702811,1240
70.023585,-86.702811,1324
69.023585,-86.702811,1357
68.023585,-86.702811,1377
67.023585,-86.702811,1387
66.023585,-86.702811,1398
65.023585,-86.702811,1408
64.023585,-86.702811,1417
63.023585,-87.702811,1428
62.023585,-87.702811,1449
61.023585,-87.702811,1459
60.023585,-88.702811,1468
59.023585,-88.702811,1479
58.023585,-88.702811,1489
57.023585,-88.702811,1499
56.023585,-88.702811,1509
55.023585,-88.702811,1519
54.023585,-88.702811,1530
53.023585,-88.702811,1540
52.023585,-88.702811,1560
51.023585,-88.702811,1570
50.023585,-88.702811,1581
49.023585,-89.702811,1590
48.023585,-89.702811,1600
47.023585,-89.702811,1611
46.023585,-89.702811,1621
45.023585,-89.702811,1641
44.023585,-89.702811,1651
43.023585,-89.702811,1662
42.023585,-89.702811,1682
41.023585,-89.702811,1692
40.023585,-89.702811,1712
39.023585,-89.702811,1722
38.023585,-89.702811,1743
37.023585,-89.702811,1763
36.023585,-89.702811,1773
35.023585,-89.702811,1798
34.023585,-89.702811,1834
33.023585,-89.702811,1854
32.023585,-89.702811,1865
31.023585,-89.702811,1896
30.023585,-89.702811,1930
30.023585,-88.702811,1947
29.023585,-88.702811,1956
28.023585,-88.702811,2008
27.023585,-88.702811,2019
26.023585,-88.702811,2040
26.023585,-87.702811,2048
BREAK
52.023585,-50.702811,2955
52.023585,-49.702811,2985
52.023585,-48.702811,2997
52.023585,-47.702811,3021
52.023585,-46.702811,3042
53.023585,-45.702811,3051
53.023585,-44.702811,3062
53.023585,-43.702811,3072
53.023585,-42.702811,3083
54.023585,-41.702811,3092
54.023585,-40.702811,3102
54.023585,-39.702811,3113
54.023585,-38.702811,3123
54.023585,-37.702811,3133
55.023585,-36.702811,3144
56.023585,-36.702811,3153
56.023585,-35.702811,3164
56.023585,-34.702811,3173
56.023585,-33.702811,3183
57.023585,-32.702811,3214
58.023585,-31.702811,3224
59.023585,-30.702811,3245
60.023585,-29.702811,3254
61.023585,-28.702811,3286
61.023585,-27.702811,3295
62.023585,-27.702811,3306
63.023585,-27.702811,3336
64.023585,-27.702811,3356
65.023585,-26.702811,3367
66.023585,-26.702811,3397
66.023585,-25.702811,3429
67.023585,-25.702811,3451
67.023585,-24.702811,3483
68.023585,-24.702811,3511
BREAK
