START
29.023585,-22.702811,0
29.023585,-23.702811,64
30.023585,-24.702811,74
31.023585,-25.702811,83
32.023585,-26.702811,92
33.023585,-26.702811,111
33.023585,-27.702811,139
34.023585,-28.702811,148
34.023585,-29.702811,157
34.023585,-30.702811,167
34.023585,-31.702811,176
35.023585,-33.702811,185
36.023585,-35.702811,195
37.023585,-37.702811,204
37.023585,-39.702811,213
37.023585,-41.702811,223
37.023585,-43.702811,241
37.023585,-45.702811,251
37.023585,-46.702811,260
37.023585,-48.702811,269
37.023585,-50.702811,288
37.023585,-51.702811,297
37.023585,-52.702811,307
38.023585,-53.702811,316
39.023585,-53.702811,325
39.023585,-54.702811,344
39.023585,-55.702811,381
40.023585,-55.702811,390
40.023585,-56.702811,400
41.023585,-56.702811,418
41.023585,-57.702811,428
41.023585,-58.702811,446
41.023585,-59.702811,456
42.023585,-59.702811,474
43.023585,-60.702811,484
44.023585,-60.702811,493
45.023585,-60.702811,502
46.023585,-61.702811,530
47.023585,-61.702811,539
48.023585,-61.702811,549
50.023585,-62.702811,558
50.023585,-63.702811,567
51.023585,-64.702811,577
52.023585,-64.702811,586
53.023585,-64.702811,595
54.023585,-64.702811,605
55.023585,-64.702811,661
56.023585,-64.702811,679
57.023585,-64.702811,698
58.023585,-64.702811,717
59.023585,-64.702811,735
60.023585,-64.702811,903
61.023585,-64.702811,977
61.023585,-65.702811,1024
61.023585,-66.702811,1284
61.023585,-67.702811,1294
61.023585,-68.702811,1303
60.023585,-69.702811,1322
59.023585,-69.702811,1331
58.023585,-70.702811,1340
57.023585,-71.702811,1349
56.023585,-72.702811,1359
55.023585,-73.702811,1368
53.023585,-73.702811,1377
52.023585,-73.702811,1387
51.023585,-74.702811,1396
50.023585,-74.702811,1415
49.023585,-74.702811,1424
48.023585,-74.702811,1433
47.023585,-74.702811,1443
46.023585,-74.702811,1461
44.023585,-74.702811,1471
43.023585,-74.702811,1480
41.023585,-74.702811,1489
40.023585,-74.702811,1508
39.023585,-74.702811,1517
38.023585,-74.702811,1526
37.023585,-74.702811,1545
36.023585,-74.702811,1564
35.023585,-74.702811,1573
33.023585,-74.702811,1582
32.023585,-74.702811,1601
31.023585,-74.702811,1620
30.023585,-74.702811,1629
29.023585,-74.702811,1638
28.023585,-74.702811,1657
27.023585,-74.702811,1676
26.023585,-74.702811,1685
25.023585,-74.702811,1703
24.023585,-74.702811,1713
23.023585,-74.702811,1750
22.023585,-74.702811,1936
21.023585,-74.702811,1946
BREAK
40.023585,-50.702811,2756
41.023585,-50.702811,2905
42.023585,-48.702811,2914
42.023585,-47.702811,2923
42.023585,-46.702811,2933
43.023585,-45.702811,2942
44.023585,-45.702811,2951
45.023585,-44.702811,2961
46.023585,-43.702811,2970
46.023585,-42.702811,2979
47.023585,-41.702811,2989
48.023585,-40.702811,2998
49.023585,-40.702811,3007
50.023585,-40.702811,3017
50.023585,-39.702811,3026
51.023585,-39.702811,3035
52.023585,-38.702811,3045
53.023585,-37.702811,3063
54.023585,-37.702811,3073
54.023585,-36.702811,3082
55.023585,-36.702811,3101
55.023585,-35.702811,3110
55.023585,-34.702811,3119
56.023585,-34.702811,3129
56.023585,-33.702811,3138
57.023585,-32.702811,3156
58.023585,-32.702811,3175
58.023585,-31.702811,3184
58.023585,-30.702811,3231
58.023585,-29.702811,3296
58.023585,-28.702811,3315
58.023585,-27.702811,3343
58.023585,-26.702811,3352
58.023585,-25.702811,3529
58.023585,-24.702811,3595
58.023585,-23.702811,3604
BREAK
