START
65.683962,-29.859438,0
66.683962,-29.859438,24
66.683962,-30.859438,32
67.683962,-30.859438,40
67.683962,-31.859438,56
68.683962,-32.859438,80
68.683962,-33.859438,88
68.683962,-34.859438,96
68.683962,-35.859438,104
69.683962,-36.859438,112
69.683962,-38.859438,120
70.683962,-38.859438,128
70.683962,-39.859438,136
70.683962,-41.859438,144
71.683962,-43.859438,160
71.683962,-44.859438,176
72.683962,-44.859438,200
72.683962,-45.859438,208
72.683962,-46.859438,216
72.683962,-47.859438,232
72.683962,-49.859438,248
72.683962,-50.859438,264
72.683962,-51.859438,280
72.683962,-52.859438,288
72.683962,-53.859438,304
72.683962,-54.859438,320
72.683962,-55.859438,336
72.683962,-56.859438,344
72.683962,-57.859438,352
72.683962,-59.859438,368
71.683962,-60.859438,384
71.683962,-61.859438,400
71.683962,-62.859438,408
71.683962,-63.859438,416
71.683962,-64.859438,432
71.683962,-65.859438,440
70.683962,-65.859438,456
70.683962,-66.859438,464
70.683962,-67.859438,480
70.683962,-68.859438,488
70.683962,-69.859438,504
69.683962,-69.859438,512
69.683962,-70.859438,520
68.683962,-70.859438,528
68.683962,-71.859438,544
68.683962,-72.859438,560
67.683962,-72.859438,584
67.683962,-73.859438,608
66.683962,-73.859438,624
65.683962,-73.859438,648
64.683962,-73.859438,680
64.683962,-74.859438,688
63.683962,-74.859438,705
63.683962,-75.859438,728
62.683962,-75.859438,736
61.683962,-75.859438,744
60.683962,-75.859438,760
59.683962,-75.859438,776
58.683962,-75.859438,784
57.683962,-75.859438,832
56.683962,-75.859438,872
55.683962,-75.859438,896
54.683962,-75.859438,904
53.683962,-75.859438,928
52.683962,-75.859438,960
51.683962,-75.859438,977
50.683962,-75.859438,992
49.683962,-75.859438,1016
48.683962,-75.859438,1032
47.683962,-75.859438,1041
46.683962,-75.859438,1057
45.683962,-75.859438,1081
44.683962,-75.859438,1089
43.683962,-75.859438,1104
43.683962,-74.859438,1112
41.683962,-74.859438,1120
40.683962,-73.859438,1137
39.683962,-73.859438,1161
39.683962,-72.859438,1169
38.683962,-71.859438,1185
37.683962,-71.859438,1201
37.683962,-70.859438,1209
36.683962,-69.859438,1233
36.683962,-68.859438,1241
36.683962,-67.859438,1249
35.683962,-67.859438,1257
34.683962,-66.859438,1265
34.683962,-65.859438,1273
34.683962,-64.859438,1289
33.683962,-63.859438,1305
33.683962,-62.859438,1321
33.683962,-61.859438,1329
33.683962,-60.859438,1345
32.683962,-59.859438,1361
32.683962,-58.859438,1369
31.683962,-57.859438,1385
31.683962,-56.859438,1393
31.683962,-55.859438,1401
31.683962,-54.859438,1417
31.683962,-53.859438,1433
31.683962,-52.859438,1449
31.683962,-51.859438,1465
31.683962,-50.859438,1473
31.683962,-48.859438,1489
31.683962,-47.859438,1497
31.683962,-46.859438,1505
31.683962,-45.859438,1513
31.683962,-44.859438,1521
31.683962,-43.859438,1529
31.683962,-42.859438,1537
31.683962,-41.859438,1545
31.683962,-40.859438,1553
31.683962,-39.859438,1561
31.683962,-38.859438,1569
31.683962,-37.859438,1577
31.683962,-36.859438,1585
31.683962,-34.859438,1593
32.683962,-33.859438,1609
32.683962,-32.859438,1617
33.683962,-31.859438,1625
33.683962,-30.859438,1633
33.683962,-29.859438,1641
34.683962,-28.859438,1657
34.683962,-27.859438,1673
35.683962,-27.859438,1681
35.683962,-26.859438,1689
35.683962,-25.859438,1697
37.683962,-25.859438,1705
37.683962,-24.859438,1713
38.683962,-23.859438,1729
39.683962,-23.859438,1745
39.683962,-22.859438,1753
40.683962,-22.859438,1761
41.683962,-22.859438,1785
41.683962,-21.859438,1793
42.683962,-21.859438,1802
43.683962,-21.859438,1809
44.683962,-21.859438,1817
44.683962,-20.859438,1825
45.683962,-20.859438,1833
45.683962,-19.859438,1841
46.683962,-19.859438,1849
47.683962,-19.859438,1865
48.683962,-19.859438,1897
49.683962,-19.859438,1913
50.683962,-19.859438,1921
51.683962,-19.859438,1937
52.683962,-19.859438,1953
53.683962,-19.859438,1969
54.683962,-19.859438,2001
55.683962,-19.859438,2033
56.683962,-19.859438,2049
57.683962,-19.859438,2065
58.683962,-19.859438,2121
59.683962,-19.859438,2153
59.683962,-20.859438,2161
60.683962,-20.859438,2169
61.683962,-20.859438,2193
61.683962,-21.859438,2209
62.683962,-21.859438,2217
63.683962,-21.859438,2249
63.683962,-22.859438,2257
64.683962,-23.859438,2265
65.683962,-24.859438,2281
66.683962,-24.859438,2305
66.683962,-25.859438,2313
67.683962,-25.859438,2329
67.683962,-26.859438,2337
67.683962,-27.859438,2361
68.683962,-27.859438,2393
68.683962,-28.859438,2402
68.683962,-30.859438,2425
69.683962,-31.859438,2441
69.683962,-32.859438,2465
69.683962,-33.859438,2473
70.683962,-33.859438,2489
70.683962,-34.859438,2497
70.683962,-35.859438,2521
71.683962,-35.859438,2529
71.683962,-36.859438,2545
71.683962,-37.859438,2553
71.683962,-38.859438,2577
71.683962,-39.859438,2601
71.683962,-40.859438,2617
71.683962,-41.859438,2681
71.683962,-42.859438,2785
BREAK
54.683962,-21.859438,3592
54.683962,-22.859438,3728
54.683962,-23.859438,3744
54.683962,-24.859438,3752
54.683962,-25.859438,3768
54.683962,-26.859438,3784
54.683962,-27.859438,3792
54.683962,-28.859438,3800
54.683962,-29.859438,3816
54.683962,-30.859438,3824
54.683962,-31.859438,3840
54.683962,-32.859438,3856
54.683962,-33.859438,3872
54.683962,-34.859438,3880
54.683962,-35.859438,3896
54.683962,-36.859438,3912
54.683962,-37.859438,3920
54.683962,-38.859438,3936
54.683962,-39.859438,3952
54.683962,-40.859438,3968
54.683962,-41.859438,3976
54.683962,-42.859438,4008
54.683962,-43.859438,4032
54.683962,-44.859438,4040
54.683962,-45.859438,4056
54.683962,-46.859438,4072
54.683962,-47.859438,4088
54.683962,-48.859438,4096
54.683962,-49.859438,4120
54.683962,-50.859438,4136
54.683962,-51.859438,4144
54.683962,-52.859438,4160
53.683962,-52.859438,4176
53.683962,-53.859438,4184
53.683962,-54.859438,4216
53.683962,-55.859438,4232
53.683962,-56.859438,4248
53.683962,-57.859438,4264
53.683962,-58.859438,4280
53.683962,-59.859438,4296
53.683962,-60.859438,4320
53.683962,-61.859438,4336
53.683962,-62.859438,4344
53.683962,-63.859438,4360
53.683962,-64.859438,4376
53.683962,-65.859438,4384
53.683962,-66.859438,4400
53.683962,-67.859438,4424
53.683962,-68.859438,4456
53.683962,-69.859438,4480
BREAK
