START
33.641509,-26.859438,0
34.641509,-26.859438,88
35.641509,-26.859438,96
36.641509,-26.859438,104
37.641509,-26.859438,112
39.641509,-26.859438,120
40.641509,-26.859438,128
41.641509,-26.859438,136
43.641509,-26.859438,144
44.641509,-26.859438,152
46.641509,-26.859438,168
47.641509,-26.859438,200
48.641509,-26.859438,296
49.641509,-26.859438,312
BREAK
14.641509,-46.859438,985
15.641509,-46.859438,1016
18.641509,-46.859438,1024
20.641509,-46.859438,1032
25.641509,-46.859438,1040
32.641509,-46.859438,1048
39.641509,-46.859438,1056
47.641509,-46.859438,1064
57.641509,-45.859438,1072
66.641509,-45.859438,1080
76.641509,-44.859438,1088
84.641509,-42.859438,1097
92.641509,-40.859438,1104
96.641509,-40.859438,1112
98.641509,-39.859438,1120
99.641509,-38.859438,1128
BREAK
55.641509,-46.859438,1848
55.641509,-48.859438,1856
55.641509,-50.859438,1864
55.641509,-51.859438,1872
55.641509,-53.859438,1880
55.641509,-56.859438,1888
55.641509,-57.859438,1896
54.641509,-58.859438,1904
53.641509,-61.859438,1912
53.641509,-62.859438,1920
52.641509,-64.859438,1928
50.641509,-66.859438,1936
49.641509,-68.859438,1944
47.641509,-69.859438,1952
46.641509,-71.859438,1960
45.641509,-72.859438,1969
44.641509,-74.859438,1977
43.641509,-75.859438,1984
42.641509,-77.859438,1992
40.641509,-79.859438,2001
39.641509,-80.859438,2008
37.641509,-81.859438,2016
36.641509,-83.859438,2024
34.641509,-85.859438,2032
33.641509,-85.859438,2040
31.641509,-87.859438,2048
30.641509,-88.859438,2064
30.641509,-89.859438,2072
30.641509,-88.859438,2168
BREAK
55.641509,-64.859438,2864
56.641509,-64.859438,2896
58.641509,-65.859438,2904
59.641509,-66.859438,2912
62.641509,-67.859438,2920
66.641509,-70.859438,2928
72.641509,-72.859438,2936
76.641509,-73.859438,2944
82.641509,-76.859438,2952
88.641509,-77.859438,2960
94.641509,-78.859438,2968
98.641509,-78.859438,2977
100.64151,-79.859438,2984
BREAK
