START
33.188679,-30.405622,0
33.188679,-29.405622,130
33.188679,-27.405622,169
34.188679,-27.405622,180
35.188679,-27.405622,209
37.188679,-27.405622,240
38.188679,-27.405622,279
39.188679,-27.405622,318
40.188679,-27.405622,388
41.188679,-27.405622,428
42.188679,-27.405622,458
42.188679,-26.405622,488
43.188679,-26.405622,498
44.188679,-26.405622,538
46.188679,-26.405622,578
46.188679,-25.405622,587
47.188679,-25.405622,617
48.188679,-25.405622,637
49.188679,-25.405622,657
50.188679,-24.405622,676
51.188679,-24.405622,686
52.188679,-24.405622,706
54.188679,-24.405622,726
54.188679,-23.405622,736
55.188679,-23.405622,756
56.188679,-23.405622,786
57.188679,-23.405622,806
57.188679,-22.405622,816
58.188679,-22.405622,836
59.188679,-22.405622,856
60.188679,-22.405622,876
62.188679,-22.405622,895
63.188679,-22.405622,915
64.188679,-22.405622,945
65.188679,-22.405622,965
66.188679,-22.405622,1005
67.188679,-22.405622,1044
68.188679,-22.405622,1084
70.188679,-22.405622,1174
71.188679,-22.405622,1204
72.188679,-22.405622,1392
73.188679,-22.405622,1423
74.188679,-22.405622,1443
75.188679,-22.405622,1482
76.188679,-21.405622,1631
77.188679,-21.405622,1651
79.188679,-21.405622,1691
79.188679,-18.405622,1830
79.188679,-17.405622,1841
BREAK
54.188679,-22.405622,3296
53.188679,-23.405622,3485
53.188679,-24.405622,3505
53.188679,-26.405622,3515
53.188679,-28.405622,3535
53.188679,-31.405622,3555
53.188679,-32.405622,3574
53.188679,-33.405622,3594
53.188679,-34.405622,3604
53.188679,-35.405622,3624
53.188679,-36.405622,3654
53.188679,-37.405622,3664
53.188679,-39.405622,3674
53.188679,-41.405622,3684
53.188679,-42.405622,3694
52.188679,-45.405622,3704
52.188679,-46.405622,3713
52.188679,-48.405622,3723
52.188679,-51.405622,3743
52.188679,-52.405622,3753
52.188679,-53.405622,3764
52.188679,-54.405622,3773
52.188679,-55.405622,3794
52.188679,-56.405622,3813
52.188679,-58.405622,3833
52.188679,-59.405622,3863
52.188679,-60.405622,3902
52.188679,-61.405622,3942
52.188679,-62.405622,3962
52.188679,-63.405622,3982
52.188679,-66.405622,4002
52.188679,-67.405622,4012
52.188679,-69.405622,4022
52.188679,-70.405622,4032
52.188679,-73.405622,4042
52.188679,-74.405622,4051
52.188679,-75.405622,4061
52.188679,-76.405622,4081
52.188679,-77.405622,4111
52.188679,-78.405622,4300
52.188679,-80.405622,4340
52.188679,-81.405622,4380
52.188679,-82.405622,4419
52.188679,-83.405622,4439
52.188679,-84.405622,4479
53.188679,-84.405622,4688
53.188679,-85.405622,4698
54.188679,-85.405622,4748
55.188679,-85.405622,4787
55.188679,-86.405622,4797
56.188679,-86.405622,4827
57.188679,-86.405622,4956
58.188679,-86.405622,4966
61.188679,-86.405622,4976
62.188679,-86.405622,4986
63.188679,-86.405622,4996
64.188679,-86.405622,5006
65.188679,-86.405622,5016
66.188679,-86.405622,5036
68.188679,-86.405622,5275
BREAK
