START
52.041516,-19.135379,0
52.041516,-20.037906,109
52.041516,-20.940433,134
52.041516,-21.84296,214
52.041516,-22.745487,236
52.041516,-23.648014,276
52.041516,-24.550542,296
52.041516,-25.453069,330
52.041516,-27.258123,344
52.041516,-28.16065,357
52.041516,-29.063177,433
52.041516,-29.965704,472
52.041516,-30.868231,484
52.041516,-31.770758,550
52.041516,-32.673285,598
52.041516,-34.478339,616
52.041516,-35.380866,657
52.041516,-36.283394,668
52.041516,-37.185921,707
52.041516,-38.088448,720
52.041516,-38.990975,767
52.041516,-39.893502,785
52.041516,-41.698556,796
52.041516,-42.601083,811
52.041516,-43.50361,821
52.041516,-44.406137,843
52.041516,-45.308664,866
52.041516,-46.211191,877
52.041516,-47.113718,899
52.041516,-48.016245,910
52.041516,-49.8213,1074
52.041516,-50.723827,1085
52.041516,-51.626354,1103
52.041516,-52.528881,1113
52.041516,-53.431408,1129
52.041516,-54.333935,1145
52.041516,-55.236462,1265
52.041516,-57.041516,1286
52.041516,-57.944043,1299
52.041516,-58.84657,1325
52.041516,-59.749097,1339
52.041516,-60.651625,1354
52.041516,-61.554152,1365
52.041516,-62.456679,1379
52.041516,-64.261733,1390
50.236462,-65.16426,1409
50.236462,-66.066787,1422
50.236462,-66.969314,1433
50.236462,-67.871841,1443
50.236462,-68.774368,1454
50.236462,-69.676895,1465
50.236462,-71.481949,1478
50.236462,-72.384477,1488
50.236462,-73.287004,1515
50.236462,-74.189531,1525
50.236462,-75.092058,1557
50.236462,-75.994585,1599
50.236462,-76.897112,1609
50.236462,-77.799639,4879
50.236462,-79.604693,4890
50.236462,-80.50722,4900
50.236462,-81.409747,5700
50.236462,-82.312274,5830
BREAK
38.50361,-41.698556,31465
39.406137,-41.698556,31684
40.308664,-41.698556,32368
42.113718,-41.698556,32394
43.016245,-41.698556,32404
45.723827,-41.698556,34185
46.626354,-41.698556,34303
47.528881,-41.698556,34329
48.431408,-41.698556,34340
49.333935,-41.698556,34909
50.236462,-41.698556,34939
52.041516,-41.698556,34949
52.944043,-41.698556,34962
53.84657,-41.698556,34977
54.749097,-41.698556,34987
55.651625,-41.698556,35003
56.554152,-41.698556,35014
57.456679,-41.698556,35037
59.261733,-41.698556,35054
60.16426,-41.698556,35065
61.969314,-41.698556,35075
62.871841,-41.698556,35092
63.774368,-41.698556,35115
65.579422,-41.698556,35126
66.481949,-41.698556,35345
67.384477,-41.698556,35355
68.287004,-41.698556,35384
69.189531,-41.698556,35407
70.994585,-41.698556,35439
73.702166,-41.698556,35482
BREAK
