START
52.041516,-16.427798,0
52.041516,-18.232852,54
52.041516,-20.037906,69
52.041516,-20.940433,77
52.041516,-22.745487,85
52.041516,-24.550542,93
52.041516,-27.258123,101
52.041516,-29.965704,109
52.041516,-32.673285,117
52.041516,-35.380866,125
52.041516,-36.283394,133
52.041516,-38.990975,141
52.041516,-40.796029,149
52.041516,-42.601083,157
52.041516,-44.406137,165
52.041516,-46.211191,173
52.041516,-48.918773,181
52.041516,-50.723827,189
52.041516,-53.431408,197
52.944043,-55.236462,205
52.944043,-57.944043,213
53.84657,-60.651625,221
54.749097,-63.359206,229
55.651625,-66.969314,237
55.651625,-69.676895,245
56.554152,-72.384477,253
56.554152,-75.092058,261
57.456679,-77.799639,269
57.456679,-79.604693,277
57.456679,-81.409747,285
57.456679,-83.214801,293
57.456679,-85.019856,301
57.456679,-85.922383,309
57.456679,-86.82491,317
57.456679,-87.727437,325
57.456679,-88.629964,333
57.456679,-89.532491,349
57.456679,-90.435018,365
57.456679,-91.337545,405
56.554152,-91.337545,525
BREAK
30.380866,-45.308664,1263
31.283394,-45.308664,1293
32.185921,-45.308664,1300
33.088448,-45.308664,1309
33.990975,-45.308664,1317
35.796029,-45.308664,1325
38.50361,-45.308664,1332
41.211191,-45.308664,1340
44.8213,-45.308664,1348
47.528881,-45.308664,1356
52.041516,-45.308664,1364
57.456679,-45.308664,1372
61.969314,-45.308664,1380
66.481949,-45.308664,1388
71.897112,-45.308664,1396
77.312274,-45.308664,1405
81.82491,-45.308664,1412
85.435018,-45.308664,1420
89.045126,-45.308664,1429
90.850181,-45.308664,1436
92.655235,-45.308664,1445
93.557762,-45.308664,1453
94.460289,-45.308664,1460
BREAK
