START
40.308664,-34.478339,0
40.308664,-35.380866,352
40.308664,-37.185921,369
39.406137,-38.088448,385
39.406137,-39.893502,402
38.50361,-41.698556,419
36.698556,-46.211191,435
35.796029,-49.8213,452
34.893502,-53.431408,468
33.990975,-56.138989,485
33.990975,-58.84657,502
33.990975,-60.651625,519
33.990975,-61.554152,535
33.990975,-63.359206,551
33.990975,-65.16426,567
33.990975,-66.066787,584
33.990975,-66.969314,601
33.088448,-66.969314,618
33.088448,-69.676895,651
31.283394,-69.676895,668
31.283394,-72.384477,685
30.380866,-73.287004,700
30.380866,-75.092058,734
30.380866,-75.994585,768
29.478339,-76.897112,800
29.478339,-77.799639,834
27.673285,-79.604693,850
26.770758,-80.50722,868
26.770758,-81.409747,900
25.868231,-80.50722,1099
BREAK
43.918773,-36.283394,2676
43.918773,-37.185921,2893
44.8213,-38.088448,2909
46.626354,-39.893502,2926
47.528881,-40.796029,2943
47.528881,-42.601083,2976
48.431408,-44.406137,2992
50.236462,-46.211191,3008
51.138989,-48.016245,3025
52.041516,-49.8213,3041
52.944043,-51.626354,3058
53.84657,-53.431408,3076
55.651625,-56.138989,3092
56.554152,-57.944043,3108
57.456679,-60.651625,3125
58.359206,-62.456679,3142
58.359206,-64.261733,3158
59.261733,-66.969314,3175
60.16426,-68.774368,3191
61.066787,-71.481949,3208
61.066787,-72.384477,3225
61.969314,-73.287004,3241
61.969314,-74.189531,3275
62.871841,-75.092058,3325
62.871841,-75.994585,3341
64.676895,-75.994585,3358
64.676895,-76.897112,3374
BREAK
31.283394,-83.214801,5368
32.185921,-83.214801,5600
33.088448,-83.214801,5633
33.990975,-83.214801,5649
34.893502,-83.214801,5666
35.796029,-83.214801,5698
36.698556,-83.214801,5715
38.50361,-83.214801,5732
40.308664,-83.214801,5749
42.113718,-83.214801,5766
43.918773,-83.214801,5782
45.723827,-83.214801,5798
48.431408,-83.214801,5814
50.236462,-83.214801,5831
52.041516,-83.214801,5848
52.944043,-83.214801,5864
53.84657,-83.214801,5882
54.749097,-83.214801,5898
56.554152,-83.214801,5915
57.456679,-83.214801,5931
59.261733,-83.214801,5948
60.16426,-83.214801,5981
61.066787,-83.214801,5997
61.969314,-83.214801,6014
62.871841,-83.214801,6030
63.774368,-83.214801,6064
64.676895,-83.214801,6098
65.579422,-83.214801,6247
66.481949,-83.214801,6263
66.481949,-82.312274,6944
67.384477,-82.312274,7028
BREAK
