START
19.550542,-64.261733,0
21.355596,-64.261733,32
24.063177,-65.16426,40
24.965704,-65.16426,48
29.478339,-65.16426,57
32.185921,-65.16426,64
39.406137,-66.066787,72
41.211191,-66.969314,80
43.918773,-66.969314,88
45.723827,-67.871841,96
47.528881,-67.871841,104
50.236462,-67.871841,112
51.138989,-67.871841,120
52.041516,-67.871841,128
52.944043,-67.871841,137
53.84657,-67.871841,144
55.651625,-67.871841,152
56.554152,-67.871841,160
57.456679,-67.871841,168
58.359206,-67.871841,176
60.16426,-67.871841,185
63.774368,-67.871841,192
65.579422,-67.871841,200
68.287004,-67.871841,208
70.092058,-67.871841,216
72.799639,-67.871841,225
73.702166,-67.871841,232
74.604693,-68.774368,240
75.50722,-68.774368,249
76.409747,-68.774368,264
77.312274,-68.774368,273
78.214801,-68.774368,288
79.117329,-68.774368,304
80.019856,-68.774368,320
BREAK
19.550542,-61.554152,1513
19.550542,-60.651625,1601
19.550542,-59.749097,1608
20.453069,-59.749097,1617
21.355596,-58.84657,1625
22.258123,-58.84657,1633
23.16065,-57.041516,1641
24.063177,-56.138989,1648
24.965704,-56.138989,1657
25.868231,-55.236462,1664
28.575812,-53.431408,1673
29.478339,-52.528881,1681
30.380866,-51.626354,1689
31.283394,-50.723827,1697
32.185921,-50.723827,1705
32.185921,-49.8213,1713
33.088448,-48.918773,1721
33.990975,-48.918773,1729
33.990975,-48.016245,1737
34.893502,-48.016245,1753
35.796029,-47.113718,1761
36.698556,-46.211191,1769
36.698556,-45.308664,1777
37.601083,-44.406137,1785
39.406137,-43.50361,1801
39.406137,-42.601083,1809
40.308664,-41.698556,1817
41.211191,-40.796029,1825
42.113718,-39.893502,1841
42.113718,-38.990975,1849
43.016245,-38.088448,1857
43.918773,-38.088448,1865
43.918773,-37.185921,1873
44.8213,-36.283394,1881
44.8213,-35.380866,1897
45.723827,-34.478339,1905
46.626354,-33.575812,1913
46.626354,-31.770758,1921
47.528881,-31.770758,1929
47.528881,-30.868231,1945
47.528881,-29.965704,1953
48.431408,-29.965704,1961
48.431408,-29.063177,1977
49.333935,-28.16065,1993
50.236462,-27.258123,2009
50.236462,-26.355596,2025
51.138989,-26.355596,2041
51.138989,-25.453069,2057
52.041516,-25.453069,2065
52.041516,-24.550542,2089
52.944043,-23.648014,2097
53.84657,-23.648014,2113
53.84657,-22.745487,2121
53.84657,-21.84296,2169
54.749097,-21.84296,2289
55.651625,-22.745487,2305
55.651625,-23.648014,2313
56.554152,-24.550542,2321
56.554152,-26.355596,2337
57.456679,-27.258123,2345
58.359206,-27.258123,2353
58.359206,-28.16065,2361
58.359206,-29.063177,2369
59.261733,-29.965704,2377
59.261733,-30.868231,2386
60.16426,-31.770758,2393
60.16426,-32.673285,2401
60.16426,-33.575812,2409
61.066787,-34.478339,2417
61.969314,-34.478339,2425
61.969314,-35.380866,2433
61.969314,-36.283394,2441
61.969314,-37.185921,2449
62.871841,-37.185921,2457
62.871841,-38.088448,2465
62.871841,-38.990975,2473
63.774368,-39.893502,2481
64.676895,-40.796029,2497
64.676895,-41.698556,2513
64.676895,-42.601083,2521
64.676895,-43.50361,2537
65.579422,-43.50361,2553
65.579422,-44.406137,2561
65.579422,-45.308664,2569
66.481949,-46.211191,2585
67.384477,-47.113718,2617
67.384477,-48.016245,2625
67.384477,-48.918773,2649
67.384477,-49.8213,2665
67.384477,-50.723827,2673
68.287004,-50.723827,2681
68.287004,-51.626354,2697
68.287004,-52.528881,2713
69.189531,-52.528881,2721
69.189531,-53.431408,2737
69.189531,-54.333935,2745
70.092058,-54.333935,2753
70.994585,-55.236462,2761
71.897112,-56.138989,2777
71.897112,-57.041516,2785
73.702166,-57.041516,2793
73.702166,-57.944043,2801
73.702166,-58.84657,2817
74.604693,-58.84657,2833
74.604693,-59.749097,2849
74.604693,-60.651625,2857
75.50722,-60.651625,2865
76.409747,-61.554152,2873
77.312274,-62.456679,2897
77.312274,-63.359206,2913
78.214801,-63.359206,2977
78.214801,-64.261733,3089
BREAK
