START
28.575812,-82.312274,0
29.478339,-82.312274,70
30.380866,-82.312274,102
30.380866,-82.312274,109
31.283394,-82.312274,116
32.185921,-82.312274,122
33.088448,-82.312274,130
33.990975,-82.312274,142
34.893502,-82.312274,146
35.796029,-82.312274,152
36.698556,-82.312274,156
37.601083,-82.312274,164
38.50361,-82.312274,168
38.50361,-82.312274,172
39.406137,-82.312274,176
40.308664,-82.312274,182
41.211191,-82.312274,188
42.113718,-82.312274,191
43.016245,-82.312274,196
43.918773,-82.312274,200
44.8213,-82.312274,207
45.723827,-82.312274,211
46.626354,-82.312274,216
46.626354,-82.312274,220
47.528881,-82.312274,233
47.528881,-81.409747,235
48.431408,-81.409747,238
49.333935,-81.409747,244
50.236462,-81.409747,248
51.138989,-81.409747,256
52.041516,-81.409747,268
52.944043,-81.409747,272
53.84657,-81.409747,275
54.749097,-81.409747,283
54.749097,-81.409747,292
55.651625,-81.409747,296
56.554152,-81.409747,301
57.456679,-81.409747,307
58.359206,-81.409747,316
59.261733,-81.409747,323
60.16426,-81.409747,325
61.066787,-81.409747,333
61.969314,-81.409747,336
62.871841,-81.409747,355
62.871841,-81.409747,362
63.774368,-81.409747,390
64.676895,-81.409747,394
65.579422,-81.409747,413
66.481949,-81.409747,416
67.384477,-81.409747,426
68.287004,-81.409747,428
69.189531,-81.409747,439
70.092058,-81.409747,453
70.994585,-81.409747,461
70.994585,-81.409747,478
71.897112,-81.409747,497
72.799639,-81.409747,528
73.702166,-81.409747,543
74.604693,-81.409747,560
75.50722,-81.409747,585
76.409747,-81.409747,600
77.312274,-81.409747,635
78.214801,-81.409747,660
79.117329,-81.409747,665
79.117329,-81.409747,681
80.019856,-81.409747,722
80.019856,-80.50722,976
79.117329,-80.50722,980
79.117329,-79.604693,987
79.117329,-78.702166,993
79.117329,-77.799639,1003
79.117329,-77.799639,1005
79.117329,-76.897112,1010
79.117329,-75.994585,1018
78.214801,-75.994585,1024
78.214801,-75.994585,1029
77.312274,-75.994585,1033
77.312274,-75.092058,1036
77.312274,-74.189531,1039
76.409747,-74.189531,1045
76.409747,-73.287004,1048
75.50722,-73.287004,1050
75.50722,-72.384477,1056
75.50722,-71.481949,1063
75.50722,-70.579422,1066
75.50722,-69.676895,1069
74.604693,-69.676895,1077
74.604693,-68.774368,1082
74.604693,-67.871841,1084
73.702166,-67.871841,1089
73.702166,-67.871841,1092
72.799639,-67.871841,1094
72.799639,-66.969314,1096
72.799639,-66.066787,1104
72.799639,-65.16426,1121
71.897112,-65.16426,1123
71.897112,-64.261733,1129
70.994585,-64.261733,1134
70.994585,-63.359206,1138
70.994585,-62.456679,1144
70.994585,-62.456679,1160
70.994585,-61.554152,1164
70.994585,-60.651625,1166
70.994585,-59.749097,1171
70.092058,-59.749097,1175
69.189531,-59.749097,1177
69.189531,-58.84657,1181
69.189531,-57.944043,1191
69.189531,-57.041516,1195
68.287004,-57.041516,1198
68.287004,-56.138989,1200
68.287004,-55.236462,1204
67.384477,-55.236462,1207
66.481949,-55.236462,1213
66.481949,-54.333935,1215
66.481949,-53.431408,1217
65.579422,-53.431408,1219
65.579422,-52.528881,1221
65.579422,-51.626354,1228
65.579422,-51.626354,1230
64.676895,-50.723827,1237
63.774368,-49.8213,1248
62.871841,-48.918773,1250
62.871841,-48.016245,1253
62.871841,-48.016245,1271
62.871841,-47.113718,1273
62.871841,-46.211191,1282
62.871841,-45.308664,1287
61.969314,-45.308664,1292
61.969314,-44.406137,1303
61.969314,-43.50361,1313
61.066787,-43.50361,1318
61.066787,-43.50361,1325
60.16426,-43.50361,1327
60.16426,-42.601083,1329
60.16426,-41.698556,1335
60.16426,-40.796029,1340
59.261733,-40.796029,1342
58.359206,-40.796029,1354
58.359206,-39.893502,1357
58.359206,-38.990975,1363
58.359206,-38.088448,1373
57.456679,-38.088448,1386
57.456679,-37.185921,1391
56.554152,-37.185921,1414
56.554152,-36.283394,1416
56.554152,-35.380866,1424
55.651625,-35.380866,1438
55.651625,-35.380866,1445
54.749097,-35.380866,1447
54.749097,-34.478339,1451
54.749097,-33.575812,1471
54.749097,-34.478339,1799
53.84657,-34.478339,1802
52.944043,-34.478339,1806
52.944043,-35.380866,1808
52.944043,-35.380866,1810
52.041516,-35.380866,1814
51.138989,-36.283394,1816
51.138989,-37.185921,1820
51.138989,-38.088448,1826
51.138989,-38.990975,1828
51.138989,-39.893502,1831
50.236462,-39.893502,1835
50.236462,-40.796029,1840
50.236462,-41.698556,1842
49.333935,-41.698556,1844
48.431408,-41.698556,1849
48.431408,-42.601083,1851
48.431408,-43.50361,1853
47.528881,-43.50361,1855
47.528881,-43.50361,1857
47.528881,-44.406137,1859
46.626354,-44.406137,1864
46.626354,-45.308664,1867
46.626354,-46.211191,1869
46.626354,-46.211191,1873
46.626354,-48.016245,1876
45.723827,-48.016245,1883
45.723827,-49.8213,1885
44.8213,-49.8213,1892
44.8213,-50.723827,1895
44.8213,-51.626354,1898
44.8213,-51.626354,1903
43.918773,-51.626354,1906
43.918773,-52.528881,1908
43.918773,-53.431408,1913
43.918773,-54.333935,1915
43.918773,-55.236462,1920
43.918773,-56.138989,1922
43.016245,-56.138989,1926
43.016245,-57.041516,1930
42.113718,-57.041516,1932
42.113718,-57.944043,1934
41.211191,-57.944043,1936
41.211191,-58.84657,1938
41.211191,-59.749097,1941
40.308664,-59.749097,1949
40.308664,-59.749097,1954
40.308664,-60.651625,1960
40.308664,-61.554152,1962
40.308664,-62.456679,1977
40.308664,-63.359206,1986
39.406137,-63.359206,1996
39.406137,-64.261733,2005
39.406137,-65.16426,2011
38.50361,-65.16426,2020
38.50361,-66.066787,2022
38.50361,-66.969314,2026
38.50361,-66.969314,2030
37.601083,-66.969314,2042
37.601083,-67.871841,2047
37.601083,-67.871841,2059
36.698556,-67.871841,2068
36.698556,-68.774368,2083
36.698556,-69.676895,2090
35.796029,-69.676895,2101
34.893502,-69.676895,2103
34.893502,-70.579422,2107
34.893502,-71.481949,2121
34.893502,-72.384477,2133
34.893502,-73.287004,2136
34.893502,-74.189531,2154
34.893502,-75.092058,2177
34.893502,-75.994585,2182
33.990975,-75.994585,2191
33.990975,-75.994585,2194
33.088448,-75.994585,2209
33.088448,-76.897112,2214
33.088448,-77.799639,2230
32.185921,-77.799639,2269
32.185921,-78.702166,2274
32.185921,-79.604693,2379
32.185921,-80.50722,2393
32.185921,-81.409747,2403
BREAK
