START
30.877358,-34.859438,0
30.877358,-35.859438,71
30.877358,-37.859438,142
30.877358,-38.859438,152
31.877358,-40.859438,162
32.877358,-42.859438,172
32.877358,-43.859438,182
32.877358,-44.859438,202
33.877358,-45.859438,222
34.877358,-45.859438,262
34.877358,-46.859438,304
35.877358,-46.859438,324
35.877358,-47.859438,354
35.877358,-48.859438,374
36.877358,-48.859438,384
36.877358,-49.859438,417
37.877358,-49.859438,428
38.877358,-49.859438,438
38.877358,-50.859438,448
39.877358,-50.859438,468
39.877358,-51.859438,498
40.877358,-51.859438,508
40.877358,-52.859438,518
41.877358,-52.859438,528
42.877358,-52.859438,558
42.877358,-53.859438,578
43.877358,-53.859438,588
45.877358,-53.859438,608
46.877358,-53.859438,628
48.877358,-53.859438,648
49.877358,-53.859438,658
50.877358,-53.859438,668
51.877358,-52.859438,678
52.877358,-50.859438,688
55.877358,-47.859438,698
56.877358,-46.859438,708
57.877358,-44.859438,718
58.877358,-44.859438,728
58.877358,-43.859438,738
59.877358,-43.859438,758
59.877358,-42.859438,768
59.877358,-41.859438,798
59.877358,-40.859438,878
59.877358,-39.859438,938
59.877358,-38.859438,948
60.877358,-36.859438,958
60.877358,-33.859438,968
60.877358,-31.859438,978
60.877358,-29.859438,988
60.877358,-28.859438,998
60.877358,-27.859438,1008
60.877358,-26.859438,1028
60.877358,-25.859438,1048
60.877358,-24.859438,1078
60.877358,-23.859438,1088
60.877358,-22.859438,1098
60.877358,-21.859438,1108
60.877358,-20.859438,1138
60.877358,-19.859438,1158
60.877358,-20.859438,1405
60.877358,-22.859438,1416
61.877358,-25.859438,1426
61.877358,-28.859438,1436
62.877358,-30.859438,1446
62.877358,-32.859438,1456
62.877358,-34.859438,1466
62.877358,-35.859438,1476
63.877358,-37.859438,1486
63.877358,-38.859438,1496
63.877358,-39.859438,1506
63.877358,-40.859438,1516
63.877358,-41.859438,1526
63.877358,-42.859438,1536
63.877358,-43.859438,1556
63.877358,-44.859438,1566
63.877358,-45.859438,1576
63.877358,-46.859438,1596
63.877358,-47.859438,1616
63.877358,-48.859438,1626
63.877358,-49.859438,1636
63.877358,-50.859438,1646
63.877358,-51.859438,1656
64.877358,-52.859438,1667
64.877358,-53.859438,1679
64.877358,-54.859438,1688
64.877358,-55.859438,1698
64.877358,-56.859438,1708
64.877358,-57.859438,1718
64.877358,-58.859438,1738
64.877358,-59.859438,1748
64.877358,-60.859438,1758
64.877358,-61.859438,1768
64.877358,-62.859438,1778
64.877358,-63.859438,1788
64.877358,-64.859438,1798
64.877358,-65.859438,1808
64.877358,-67.859438,1828
64.877358,-68.859438,1848
64.877358,-69.859438,1858
64.877358,-70.859438,1868
64.877358,-71.859438,1888
64.877358,-72.859438,1908
64.877358,-73.859438,1928
64.877358,-74.859438,1958
65.877358,-75.859438,1998
65.877358,-76.859438,2028
65.877358,-77.859438,2048
66.877358,-77.859438,2068
66.877358,-78.859438,2098
67.877358,-78.859438,2108
68.877358,-78.859438,2128
69.877358,-78.859438,2158
69.877358,-79.859438,2178
70.877358,-79.859438,2188
71.877358,-79.859438,2200
72.877358,-79.859438,2219
73.877358,-79.859438,2239
74.877358,-79.859438,2269
75.877358,-79.859438,2279
76.877358,-79.859438,2319
77.877358,-79.859438,2392
78.877358,-79.859438,2462
BREAK
