START
34.877358,-20.859438,0
34.877358,-21.859438,80
33.877358,-23.859438,87
32.877358,-25.859438,95
31.877358,-26.859438,103
31.877358,-28.859438,111
31.877358,-30.859438,119
31.877358,-33.859438,127
31.877358,-35.859438,135
31.877358,-37.859438,143
31.877358,-39.859438,151
31.877358,-41.859438,159
31.877358,-42.859438,167
31.877358,-43.859438,175
32.877358,-44.859438,183
32.877358,-46.859438,191
34.877358,-46.859438,199
35.877358,-47.859438,207
37.877358,-48.859438,215
39.877358,-48.859438,223
42.877358,-48.859438,231
43.877358,-48.859438,239
45.877358,-48.859438,247
47.877358,-48.859438,255
49.877358,-48.859438,263
52.877358,-48.859438,271
54.877358,-48.859438,279
56.877358,-48.859438,287
57.877358,-47.859438,295
59.877358,-46.859438,303
60.877358,-45.859438,311
62.877358,-45.859438,319
63.877358,-44.859438,327
64.877358,-43.859438,335
65.877358,-42.859438,343
65.877358,-41.859438,351
66.877358,-40.859438,359
66.877358,-38.859438,367
66.877358,-37.859438,375
67.877358,-36.859438,383
68.877358,-34.859438,391
68.877358,-33.859438,399
68.877358,-32.859438,407
69.877358,-30.859438,415
69.877358,-29.859438,423
69.877358,-28.859438,431
69.877358,-27.859438,439
69.877358,-26.859438,455
69.877358,-25.859438,471
69.877358,-26.859438,679
69.877358,-28.859438,687
69.877358,-31.859438,695
69.877358,-34.859438,703
69.877358,-37.859438,711
69.877358,-40.859438,719
69.877358,-42.859438,727
69.877358,-45.859438,735
69.877358,-49.859438,743
69.877358,-51.859438,751
69.877358,-54.859438,759
69.877358,-57.859438,767
69.877358,-59.859438,775
69.877358,-63.859438,783
69.877358,-65.859438,791
69.877358,-68.859438,799
69.877358,-71.859438,807
69.877358,-73.859438,815
69.877358,-76.859438,823
69.877358,-78.859438,831
69.877358,-80.859438,839
69.877358,-83.859438,847
69.877358,-85.859438,855
69.877358,-87.859438,863
69.877358,-89.859438,871
69.877358,-91.859438,879
69.877358,-92.859438,887
69.877358,-94.859438,895
69.877358,-95.859438,903
69.877358,-96.859438,911
69.877358,-97.859438,919
69.877358,-98.859438,935
69.877358,-97.859438,1176
69.877358,-96.859438,1183
BREAK
