START
37.683962,-27.859438,0
37.683962,-28.859438,84
37.683962,-29.859438,98
37.683962,-30.859438,108
37.683962,-32.859438,120
37.683962,-35.859438,133
37.683962,-37.859438,145
37.683962,-38.859438,157
37.683962,-40.859438,168
37.683962,-41.859438,180
37.683962,-44.859438,193
37.683962,-45.859438,205
37.683962,-47.859438,216
37.683962,-48.859438,230
37.683962,-49.859438,242
37.683962,-50.859438,289
37.683962,-51.859438,313
37.683962,-52.859438,325
37.683962,-53.859438,351
38.683962,-53.859438,434
39.683962,-53.859438,459
41.683962,-53.859438,484
43.683962,-53.859438,496
46.683962,-53.859438,507
50.683962,-52.859438,519
53.683962,-51.859438,531
56.683962,-50.859438,544
59.683962,-50.859438,557
61.683962,-50.859438,568
63.683962,-49.859438,580
65.683962,-49.859438,592
67.683962,-49.859438,605
68.683962,-49.859438,617
69.683962,-49.859438,629
70.683962,-49.859438,640
71.683962,-49.859438,678
71.683962,-47.859438,822
71.683962,-44.859438,835
71.683962,-41.859438,847
71.683962,-38.859438,858
70.683962,-36.859438,871
70.683962,-34.859438,883
69.683962,-33.859438,895
69.683962,-31.859438,907
68.683962,-31.859438,919
68.683962,-30.859438,932
68.683962,-29.859438,981
67.683962,-29.859438,1006
67.683962,-28.859438,1016
67.683962,-27.859438,1029
67.683962,-26.859438,1054
67.683962,-25.859438,1090
66.683962,-24.859438,1113
BREAK
55.683962,-48.859438,1684
55.683962,-49.859438,1767
55.683962,-51.859438,1780
55.683962,-54.859438,1792
55.683962,-56.859438,1805
55.683962,-59.859438,1817
56.683962,-62.859438,1828
57.683962,-66.859438,1840
57.683962,-70.859438,1851
57.683962,-74.859438,1865
57.683962,-77.859438,1876
57.683962,-80.859438,1888
57.683962,-82.859438,1901
57.683962,-83.859438,1925
BREAK
