START
19.224128,-45.831021,0
20.052411,-45.831021,128
21.708977,-46.659304,136
23.365542,-46.659304,152
24.193825,-47.487587,160
25.022108,-47.487587,168
26.678674,-47.487587,176
27.506956,-47.487587,184
29.163522,-48.31587,192
29.991805,-48.31587,200
29.991805,-49.144152,208
31.64837,-49.144152,215
32.476653,-49.144152,224
33.304936,-49.144152,232
34.961502,-49.144152,240
36.618067,-49.972435,248
38.274633,-50.800718,256
39.931199,-51.629001,264
41.587764,-51.629001,280
43.24433,-52.457284,288
44.900896,-53.285567,296
46.557461,-53.285567,304
47.385744,-53.285567,312
48.214027,-54.113849,320
49.870593,-54.942132,328
51.527158,-54.942132,336
53.183724,-55.770415,344
56.496855,-56.598698,352
59.809987,-57.426981,360
61.466552,-59.083546,368
63.123118,-59.083546,376
64.779684,-59.083546,384
68.092815,-59.911829,392
69.749381,-60.740112,400
70.577663,-61.568395,408
72.234229,-61.568395,416
73.890795,-61.568395,424
74.719078,-62.396678,432
75.54736,-62.396678,440
77.203926,-63.22496,448
78.860492,-63.22496,456
79.688775,-63.22496,464
80.517057,-64.053243,472
82.173623,-64.053243,480
82.173623,-64.881526,489
83.001906,-64.881526,496
BREAK
