START
21.708977,-36.71991,0
22.537259,-36.71991,56
22.537259,-35.891627,72
23.365542,-35.891627,79
24.193825,-35.891627,95
25.022108,-35.891627,111
25.850391,-35.891627,119
26.678674,-35.891627,136
27.506956,-35.891627,151
28.335239,-36.71991,159
29.163522,-37.548193,173
30.820088,-37.548193,175
32.476653,-37.548193,183
34.133219,-38.376476,191
35.789785,-39.204758,199
37.44635,-39.204758,209
39.102916,-40.033041,215
39.931199,-40.861324,223
41.587764,-41.689607,231
42.416047,-41.689607,239
44.900896,-43.346173,252
45.729179,-43.346173,255
46.557461,-44.174455,263
48.214027,-44.174455,271
49.04231,-45.002738,280
49.870593,-45.002738,287
50.698876,-45.831021,298
51.527158,-45.831021,303
52.355441,-46.659304,312
53.183724,-46.659304,319
54.84029,-48.31587,329
55.668573,-49.144152,335
57.325138,-49.972435,344
58.981704,-50.800718,351
59.809987,-50.800718,360
61.466552,-51.629001,373
63.123118,-52.457284,376
64.779684,-53.285567,384
65.607966,-53.285567,392
67.264532,-53.285567,400
68.092815,-54.113849,416
68.921098,-54.942132,424
70.577663,-54.942132,432
70.577663,-55.770415,440
71.405946,-55.770415,453
72.234229,-55.770415,455
73.062512,-55.770415,464
BREAK
