START
29.641509,-31.859438,0
29.641509,-30.859438,16
30.641509,-29.859438,31
32.641509,-29.859438,39
33.641509,-29.859438,47
35.641509,-29.859438,56
38.641509,-28.859438,63
40.641509,-27.859438,71
42.641509,-27.859438,79
44.641509,-26.859438,87
45.641509,-26.859438,103
46.641509,-26.859438,127
46.641509,-27.859438,136
46.641509,-29.859438,144
46.641509,-31.859438,151
46.641509,-33.859438,159
46.641509,-36.859438,167
46.641509,-38.859438,176
46.641509,-42.859438,184
46.641509,-46.859438,191
46.641509,-50.859438,199
46.641509,-53.859438,207
45.641509,-56.859438,215
45.641509,-60.859438,224
44.641509,-63.859438,231
44.641509,-64.859438,239
44.641509,-66.859438,249
44.641509,-67.859438,255
44.641509,-68.859438,271
44.641509,-69.859438,279
44.641509,-70.859438,287
44.641509,-71.859438,295
44.641509,-72.859438,304
44.641509,-74.859438,311
44.641509,-75.859438,319
44.641509,-76.859438,327
44.641509,-77.859438,335
44.641509,-78.859438,352
43.641509,-77.859438,415
43.641509,-76.859438,424
BREAK
65.641509,-18.859438,983
66.641509,-18.859438,999
67.641509,-18.859438,1023
68.641509,-18.859438,1031
70.641509,-18.859438,1047
71.641509,-18.859438,1055
72.641509,-18.859438,1079
73.641509,-18.859438,1087
74.641509,-18.859438,1095
75.641509,-19.859438,1119
75.641509,-20.859438,1127
75.641509,-21.859438,1144
75.641509,-23.859438,1151
75.641509,-25.859438,1159
75.641509,-27.859438,1167
75.641509,-30.859438,1175
75.641509,-33.859438,1184
75.641509,-37.859438,1191
75.641509,-41.859438,1199
75.641509,-45.859438,1207
75.641509,-50.859438,1215
75.641509,-53.859438,1224
74.641509,-57.859438,1231
74.641509,-61.859438,1239
74.641509,-64.859438,1247
73.641509,-65.859438,1255
73.641509,-68.859438,1264
73.641509,-71.859438,1271
73.641509,-72.859438,1279
73.641509,-75.859438,1287
73.641509,-77.859438,1295
72.641509,-79.859438,1304
72.641509,-82.859438,1311
72.641509,-83.859438,1319
71.641509,-86.859438,1327
71.641509,-88.859438,1335
71.641509,-89.859438,1344
71.641509,-91.859438,1352
70.641509,-93.859438,1359
70.641509,-94.859438,1375
BREAK
39.641509,-45.859438,2024
38.641509,-45.859438,2039
36.641509,-45.859438,2047
35.641509,-45.859438,2055
32.641509,-45.859438,2063
30.641509,-45.859438,2071
28.641509,-45.859438,2079
26.641509,-45.859438,2087
24.641509,-45.859438,2095
23.641509,-45.859438,2103
21.641509,-45.859438,2111
20.641509,-45.859438,2119
19.641509,-45.859438,2127
17.641509,-45.859438,2135
19.641509,-45.859438,2191
BREAK
44.641509,-57.859438,3194
43.641509,-57.859438,3265
42.641509,-57.859438,3274
41.641509,-57.859438,3282
39.641509,-57.859438,3298
38.641509,-57.859438,3306
37.641509,-57.859438,3313
34.641509,-58.859438,3322
33.641509,-58.859438,3330
31.641509,-58.859438,3338
29.641509,-58.859438,3346
28.641509,-58.859438,3354
27.641509,-58.859438,3362
25.641509,-58.859438,3370
24.641509,-58.859438,3378
23.641509,-58.859438,3386
21.641509,-58.859438,3394
BREAK
