START
39.641509,-17.859438,0
41.641509,-17.859438,160
42.641509,-18.859438,168
43.641509,-18.859438,192
44.641509,-18.859438,216
45.641509,-18.859438,224
46.641509,-18.859438,392
46.641509,-19.859438,424
47.641509,-19.859438,448
48.641509,-19.859438,488
49.641509,-19.859438,512
50.641509,-19.859438,536
50.641509,-20.859438,776
50.641509,-21.859438,792
50.641509,-22.859438,808
50.641509,-23.859438,824
50.641509,-24.859438,832
50.641509,-25.859438,848
50.641509,-27.859438,864
50.641509,-28.859438,880
50.641509,-28.859438,896
50.641509,-29.859438,904
50.641509,-30.859438,920
50.641509,-32.859438,928
50.641509,-33.859438,944
50.641509,-34.859438,952
50.641509,-35.859438,960
50.641509,-36.859438,968
50.641509,-37.859438,976
50.641509,-37.859438,984
50.641509,-38.859438,1000
50.641509,-39.859438,1008
50.641509,-40.859438,1016
50.641509,-41.859438,1033
50.641509,-43.859438,1048
50.641509,-44.859438,1064
50.641509,-45.859438,1073
50.641509,-46.859438,1088
50.641509,-47.859438,1105
51.641509,-47.859438,1113
51.641509,-48.859438,1121
51.641509,-49.859438,1136
51.641509,-50.859438,1153
51.641509,-51.859438,1168
51.641509,-52.859438,1193
51.641509,-54.859438,1209
51.641509,-55.859438,1233
51.641509,-55.859438,1248
51.641509,-56.859438,1273
51.641509,-57.859438,1305
50.641509,-57.859438,1321
50.641509,-58.859438,1345
50.641509,-59.859438,1361
50.641509,-60.859438,1377
50.641509,-62.859438,1393
50.641509,-64.859438,1425
50.641509,-64.859438,1473
50.641509,-65.859438,1513
50.641509,-66.859438,1553
BREAK
72.641509,-8.8594378,3816
73.641509,-8.8594378,3968
74.641509,-8.8594378,3992
75.641509,-9.8594378,4008
76.641509,-10.859438,4032
77.641509,-10.859438,4048
77.641509,-10.859438,4064
78.641509,-10.859438,4176
78.641509,-12.859438,4193
79.641509,-12.859438,4200
80.641509,-12.859438,4312
81.641509,-13.859438,4328
81.641509,-14.859438,4512
81.641509,-15.859438,4528
81.641509,-16.859438,4552
80.641509,-18.859438,4568
80.641509,-19.859438,4592
80.641509,-19.859438,4608
80.641509,-20.859438,4616
79.641509,-21.859438,4624
79.641509,-22.859438,4640
79.641509,-23.859438,4648
79.641509,-24.859438,4656
79.641509,-26.859438,4673
79.641509,-27.859438,4689
79.641509,-28.859438,4696
79.641509,-28.859438,4704
79.641509,-30.859438,4720
79.641509,-31.859438,4729
79.641509,-33.859438,4744
79.641509,-34.859438,4760
79.641509,-35.859438,4768
79.641509,-36.859438,4776
79.641509,-37.859438,4784
79.641509,-37.859438,4793
79.641509,-38.859438,4800
79.641509,-39.859438,4817
79.641509,-41.859438,4833
79.641509,-42.859438,4849
79.641509,-43.859438,4864
79.641509,-44.859438,4873
79.641509,-45.859438,4888
79.641509,-46.859438,4896
79.641509,-46.859438,4913
79.641509,-48.859438,4920
79.641509,-49.859438,4936
79.641509,-51.859438,4953
79.641509,-52.859438,4968
79.641509,-53.859438,4985
79.641509,-54.859438,5008
79.641509,-55.859438,5016
79.641509,-55.859438,5032
79.641509,-56.859438,5049
79.641509,-57.859438,5065
79.641509,-58.859438,5080
79.641509,-59.859438,5097
79.641509,-60.859438,5105
79.641509,-61.859438,5120
79.641509,-62.859438,5137
79.641509,-63.859438,5153
79.641509,-64.859438,5169
79.641509,-64.859438,5185
79.641509,-66.859438,5217
79.641509,-67.859438,5249
79.641509,-68.859438,5281
79.641509,-70.859438,5313
79.641509,-71.859438,5345
79.641509,-72.859438,5393
BREAK
50.641509,-62.859438,7265
50.641509,-63.859438,7416
50.641509,-64.859438,7456
50.641509,-64.859438,7488
50.641509,-64.859438,7512
50.641509,-65.859438,7528
50.641509,-66.859438,7544
50.641509,-67.859438,7576
50.641509,-68.859438,7624
50.641509,-69.859438,7664
49.641509,-70.859438,7680
49.641509,-71.859438,7728
49.641509,-73.859438,7960
49.641509,-73.859438,7984
49.641509,-74.859438,8096
50.641509,-75.859438,8120
50.641509,-75.859438,8337
BREAK
77.641509,-67.859438,8936
77.641509,-68.859438,9000
77.641509,-69.859438,9016
77.641509,-70.859438,9048
77.641509,-71.859438,9057
77.641509,-72.859438,9096
77.641509,-73.859438,9120
77.641509,-73.859438,9145
77.641509,-74.859438,9177
77.641509,-75.859438,9216
78.641509,-75.859438,9240
BREAK
24.641509,-38.859438,10785
25.641509,-38.859438,10832
25.641509,-39.859438,10840
26.641509,-39.859438,10856
27.641509,-39.859438,10872
28.641509,-39.859438,10881
29.641509,-39.859438,10896
31.641509,-40.859438,10920
32.641509,-40.859438,10936
32.641509,-41.859438,10952
33.641509,-41.859438,10960
34.641509,-41.859438,10968
35.641509,-41.859438,10976
36.641509,-42.859438,10984
37.641509,-42.859438,10992
38.641509,-42.859438,11000
39.641509,-42.859438,11008
40.641509,-42.859438,11016
41.641509,-42.859438,11024
41.641509,-42.859438,11032
42.641509,-42.859438,11081
43.641509,-42.859438,11104
44.641509,-42.859438,11128
45.641509,-42.859438,11144
46.641509,-42.859438,11170
47.641509,-41.859438,11192
47.641509,-40.859438,11224
48.641509,-40.859438,11240
49.641509,-40.859438,11304
49.641509,-39.859438,11425
BREAK
26.641509,-57.859438,12128
27.641509,-57.859438,12224
28.641509,-57.859438,12232
29.641509,-57.859438,12240
30.641509,-57.859438,12248
32.641509,-57.859438,12256
32.641509,-57.859438,12272
33.641509,-57.859438,12280
33.641509,-58.859438,12288
34.641509,-58.859438,12304
36.641509,-58.859438,12321
37.641509,-58.859438,12337
38.641509,-58.859438,12352
39.641509,-58.859438,12360
40.641509,-58.859438,12376
41.641509,-58.859438,12392
42.641509,-58.859438,12408
43.641509,-58.859438,12432
44.641509,-58.859438,12464
45.641509,-58.859438,12480
46.641509,-58.859438,12496
47.641509,-58.859438,12512
48.641509,-58.859438,12600
49.641509,-58.859438,12712
BREAK
