START
63.641509,-12.859438,0
64.641509,-12.859438,7
64.641509,-13.859438,24
65.641509,-13.859438,72
66.641509,-13.859438,120
67.641509,-13.859438,192
68.641509,-13.859438,232
68.641509,-14.859438,352
68.641509,-15.859438,464
68.641509,-16.859438,472
68.641509,-17.859438,488
67.641509,-17.859438,496
67.641509,-18.859438,552
68.641509,-19.859438,600
67.641509,-19.859438,608
67.641509,-20.859438,616
67.641509,-21.859438,632
66.641509,-21.859438,641
66.641509,-22.859438,656
66.641509,-23.859438,672
66.641509,-24.859438,680
66.641509,-25.859438,704
66.641509,-26.859438,712
66.641509,-27.859438,720
66.641509,-28.859438,736
66.641509,-29.859438,752
66.641509,-30.859438,768
66.641509,-31.859438,784
66.641509,-32.859438,792
66.641509,-33.859438,816
65.641509,-33.859438,824
65.641509,-35.859438,832
65.641509,-36.859438,848
65.641509,-37.859438,864
65.641509,-38.859438,888
65.641509,-39.859438,896
65.641509,-40.859438,920
65.641509,-41.859438,936
65.641509,-42.859438,960
65.641509,-43.859438,968
65.641509,-44.859438,992
65.641509,-45.859438,1008
66.641509,-45.859438,1024
66.641509,-47.859438,1032
66.641509,-48.859438,1048
66.641509,-49.859438,1064
66.641509,-51.859438,1088
66.641509,-52.859438,1112
66.641509,-53.859438,1136
66.641509,-54.859438,1160
66.641509,-55.859438,1168
66.641509,-56.859438,1192
65.641509,-57.859438,1208
65.641509,-58.859438,1224
65.641509,-59.859438,1232
65.641509,-60.859438,1256
65.641509,-61.859438,1272
65.641509,-62.859438,1296
65.641509,-63.859438,1304
65.641509,-64.859438,1320
65.641509,-65.859438,1336
65.641509,-66.859438,1360
65.641509,-67.859438,1368
65.641509,-68.859438,1408
65.641509,-69.859438,1464
65.641509,-71.859438,1496
65.641509,-72.859438,1520
65.641509,-73.859438,1560
65.641509,-74.859438,1600
65.641509,-75.859438,1609
64.641509,-75.859438,1640
64.641509,-76.859438,1648
64.641509,-77.859438,1672
64.641509,-78.859438,1704
64.641509,-79.859438,1712
64.641509,-80.859438,1768
64.641509,-81.859438,1808
64.641509,-82.859438,1856
64.641509,-83.859438,1865
64.641509,-84.859438,1904
64.641509,-85.859438,1976
63.641509,-85.859438,2032
63.641509,-86.859438,2064
62.641509,-86.859438,2152
61.641509,-86.859438,2168
60.641509,-85.859438,2184
59.641509,-84.859438,2200
58.641509,-84.859438,2216
BREAK
27.641509,-20.859438,7193
27.641509,-19.859438,7310
28.641509,-19.859438,7335
29.641509,-19.859438,7343
30.641509,-19.859438,7359
32.641509,-20.859438,7369
33.641509,-20.859438,7375
34.641509,-20.859438,7383
35.641509,-21.859438,7391
36.641509,-22.859438,7407
37.641509,-22.859438,7415
36.641509,-22.859438,7592
36.641509,-23.859438,7712
36.641509,-24.859438,7728
36.641509,-25.859438,7744
35.641509,-26.859438,7752
35.641509,-27.859438,7768
35.641509,-28.859438,7808
35.641509,-29.859438,7832
35.641509,-30.859438,7864
35.641509,-31.859438,7880
36.641509,-31.859438,7888
36.641509,-32.859438,7896
36.641509,-33.859438,7904
35.641509,-33.859438,7912
35.641509,-34.859438,7920
35.641509,-35.859438,7928
36.641509,-36.859438,7936
36.641509,-37.859438,7944
36.641509,-39.859438,7952
36.641509,-41.859438,7968
36.641509,-42.859438,7976
36.641509,-43.859438,7984
36.641509,-44.859438,7992
36.641509,-45.859438,8000
36.641509,-46.859438,8016
36.641509,-47.859438,8024
36.641509,-48.859438,8032
37.641509,-49.859438,8040
36.641509,-50.859438,8048
36.641509,-51.859438,8064
36.641509,-52.859438,8072
36.641509,-53.859438,8080
36.641509,-54.859438,8096
36.641509,-55.859438,8112
36.641509,-56.859438,8128
36.641509,-57.859438,8136
35.641509,-57.859438,8144
35.641509,-58.859438,8160
35.641509,-59.859438,8176
35.641509,-60.859438,8208
35.641509,-61.859438,8216
35.641509,-62.859438,8240
35.641509,-63.859438,8256
35.641509,-64.859438,8272
35.641509,-65.859438,8280
36.641509,-65.859438,8288
35.641509,-65.859438,8296
35.641509,-66.859438,8304
35.641509,-67.859438,8336
35.641509,-68.859438,8360
35.641509,-69.859438,8368
36.641509,-70.859438,8384
36.641509,-71.859438,8417
36.641509,-72.859438,8424
36.641509,-73.859438,8448
36.641509,-74.859438,8472
36.641509,-75.859438,8560
36.641509,-76.859438,8568
36.641509,-77.859438,8592
35.641509,-77.859438,8600
35.641509,-78.859438,8608
35.641509,-79.859438,8640
35.641509,-80.859438,8689
34.641509,-80.859438,8744
33.641509,-80.859438,8864
32.641509,-80.859438,8888
31.641509,-79.859438,8904
30.641509,-79.859438,8912
30.641509,-78.859438,8920
30.641509,-77.859438,8928
28.641509,-76.859438,8937
28.641509,-75.859438,8945
BREAK
12.641509,-38.859438,9568
13.641509,-38.859438,9584
14.641509,-38.859438,9592
15.641509,-38.859438,9632
15.641509,-39.859438,9648
16.641509,-39.859438,9656
18.641509,-39.859438,9664
20.641509,-39.859438,9680
21.641509,-39.859438,9688
23.641509,-39.859438,9696
24.641509,-39.859438,9705
26.641509,-38.859438,9712
27.641509,-38.859438,9720
28.641509,-38.859438,9728
29.641509,-38.859438,9736
30.641509,-38.859438,9744
30.641509,-37.859438,9768
31.641509,-37.859438,9784
32.641509,-37.859438,9832
33.641509,-37.859438,9880
32.641509,-37.859438,9984
32.641509,-38.859438,10008
31.641509,-37.859438,10016
BREAK
11.641509,-61.859438,10817
12.641509,-62.859438,10824
13.641509,-62.859438,10832
14.641509,-62.859438,10848
15.641509,-62.859438,10856
15.641509,-63.859438,10863
16.641509,-63.859438,10872
17.641509,-63.859438,10880
18.641509,-63.859438,10888
19.641509,-63.859438,10896
20.641509,-63.859438,10904
21.641509,-63.859438,10912
22.641509,-63.859438,10920
23.641509,-63.859438,10928
25.641509,-63.859438,10936
26.641509,-62.859438,10944
27.641509,-62.859438,10952
28.641509,-62.859438,10960
30.641509,-62.859438,10968
31.641509,-62.859438,10976
32.641509,-62.859438,10992
33.641509,-62.859438,11000
34.641509,-62.859438,11056
35.641509,-62.859438,11073
36.641509,-62.859438,11079
37.641509,-62.859438,11087
38.641509,-62.859438,11103
37.641509,-62.859438,11127
36.641509,-62.859438,11200
35.641509,-61.859438,11216
34.641509,-61.859438,11224
BREAK
