START
34.983597,-17.340849,0
35.972987,-17.340849,7
35.972987,-18.330239,26
36.962377,-18.330239,30
36.962377,-19.319629,33
36.962377,-20.309019,43
37.951767,-20.309019,47
38.941157,-20.309019,54
38.941157,-21.298408,58
38.941157,-22.287798,65
39.930547,-22.287798,67
40.919936,-22.287798,75
40.919936,-23.277188,77
41.909326,-23.277188,79
42.898716,-23.277188,85
43.888106,-24.266578,89
44.877496,-24.266578,94
45.866886,-24.266578,96
BREAK
59.718345,-33.171088,381
59.718345,-34.160477,395
60.707735,-34.160477,401
60.707735,-35.149867,403
60.707735,-36.139257,408
61.697125,-36.139257,410
61.697125,-37.128647,413
62.686515,-37.128647,417
62.686515,-38.118037,420
63.675905,-38.118037,424
63.675905,-39.107427,426
63.675905,-40.096817,432
64.665295,-40.096817,435
64.665295,-41.086207,440
64.665295,-42.075597,444
65.654684,-42.075597,446
66.644074,-43.064987,449
66.644074,-44.054377,455
67.633464,-44.054377,458
67.633464,-45.043767,462
67.633464,-46.033156,473
67.633464,-47.022546,475
68.622854,-47.022546,480
68.622854,-48.011936,484
69.612244,-48.011936,486
69.612244,-49.001326,490
69.612244,-49.990716,495
69.612244,-50.980106,501
69.612244,-51.969496,508
70.601634,-51.969496,510
70.601634,-52.958886,517
70.601634,-53.948276,520
70.601634,-54.937666,527
71.591024,-54.937666,537
71.591024,-55.927056,539
71.591024,-56.916446,543
71.591024,-57.905836,557
71.591024,-58.895225,569
71.591024,-59.884615,588
71.591024,-60.874005,595
71.591024,-61.863395,616
71.591024,-62.852785,640
71.591024,-63.842175,656
70.601634,-63.842175,697
69.612244,-63.842175,703
68.622854,-63.842175,705
67.633464,-63.842175,709
66.644074,-63.842175,713
65.654684,-63.842175,715
64.665295,-63.842175,719
63.675905,-63.842175,723
62.686515,-63.842175,727
61.697125,-63.842175,729
60.707735,-63.842175,733
59.718345,-63.842175,735
58.728955,-63.842175,737
57.739565,-63.842175,739
56.750175,-63.842175,741
55.760785,-63.842175,745
55.760785,-62.852785,747
54.771395,-62.852785,749
53.782005,-62.852785,753
52.792615,-62.852785,755
51.803226,-62.852785,757
49.824446,-62.852785,761
48.835056,-62.852785,766
47.845666,-62.852785,770
46.856276,-62.852785,772
45.866886,-62.852785,777
44.877496,-62.852785,785
43.888106,-62.852785,792
42.898716,-62.852785,797
41.909326,-62.852785,804
40.919936,-62.852785,811
39.930547,-62.852785,813
38.941157,-62.852785,822
BREAK
