START
41.909326,-26.245358,0
41.909326,-27.234748,118
42.898716,-27.234748,131
43.888106,-28.224138,161
44.877496,-29.213528,201
44.877496,-30.202918,217
45.866886,-30.202918,236
46.856276,-31.192308,247
46.856276,-32.181698,273
46.856276,-33.171088,286
47.845666,-33.171088,297
47.845666,-34.160477,318
48.835056,-36.139257,352
49.824446,-39.107427,383
49.824446,-40.096817,398
49.824446,-41.086207,408
50.813836,-41.086207,419
51.803226,-42.075597,430
51.803226,-43.064987,440
51.803226,-44.054377,457
52.792615,-45.043767,469
53.782005,-46.033156,479
53.782005,-47.022546,492
53.782005,-48.011936,503
53.782005,-49.990716,521
54.771395,-50.980106,542
54.771395,-51.969496,563
54.771395,-52.958886,574
54.771395,-53.948276,588
54.771395,-54.937666,599
54.771395,-55.927056,609
54.771395,-57.905836,635
54.771395,-58.895225,645
54.771395,-59.884615,663
54.771395,-60.874005,675
54.771395,-61.863395,685
52.792615,-61.863395,703
52.792615,-63.842175,714
50.813836,-63.842175,725
50.813836,-64.831565,743
48.835056,-65.820955,776
47.845666,-66.810345,787
46.856276,-66.810345,804
45.866886,-66.810345,814
44.877496,-66.810345,829
43.888106,-66.810345,840
42.898716,-66.810345,851
40.919936,-66.810345,887
39.930547,-66.810345,897
38.941157,-66.810345,916
37.951767,-66.810345,931
36.962377,-66.810345,962
35.972987,-64.831565,986
34.983597,-63.842175,1009
33.004817,-63.842175,1025
33.004817,-61.863395,1051
31.026037,-61.863395,1069
30.036647,-61.863395,1080
30.036647,-59.884615,1093
30.036647,-58.895225,1102
28.057867,-58.895225,1113
28.057867,-56.916446,1124
26.079088,-56.916446,1144
25.089698,-54.937666,1155
25.089698,-53.948276,1181
25.089698,-52.958886,1215
23.110918,-52.958886,1227
22.121528,-50.980106,1254
21.132138,-49.990716,1265
21.132138,-49.001326,1275
BREAK
35.972987,-9.4257294,2352
BREAK
