START
31.061321,-30.718876,0
31.061321,-29.718876,190
32.061321,-29.718876,271
33.061321,-29.718876,321
34.061321,-29.718876,341
35.061321,-29.718876,401
36.061321,-29.718876,411
37.061321,-29.718876,421
38.061321,-29.718876,431
39.061321,-29.718876,481
40.061321,-29.718876,561
40.061321,-30.718876,781
40.061321,-31.718876,831
40.061321,-32.718876,841
40.061321,-33.718876,861
40.061321,-34.718876,871
40.061321,-36.718876,891
40.061321,-37.718876,901
40.061321,-38.718876,911
40.061321,-39.718876,931
40.061321,-41.718876,941
40.061321,-42.718876,952
40.061321,-43.718876,972
40.061321,-44.718876,982
40.061321,-45.718876,992
40.061321,-46.718876,1012
40.061321,-47.718876,1042
40.061321,-49.718876,1052
40.061321,-51.718876,1072
40.061321,-53.718876,1082
40.061321,-55.718876,1102
BREAK
40.061321,-57.718876,1122
40.061321,-61.718876,1142
40.061321,-62.718876,1152
40.061321,-64.718876,1172
40.061321,-66.718876,1192
40.061321,-67.718876,1202
40.061321,-69.718876,1212
40.061321,-71.718876,1242
40.061321,-72.718876,1262
40.061321,-74.718876,1272
40.061321,-75.718876,1322
40.061321,-76.718876,1342
40.061321,-77.718876,1352
40.061321,-79.718876,1372
40.061321,-80.718876,1642
40.061321,-81.718876,1733
40.061321,-80.718876,1993
39.061321,-80.718876,2053
37.061321,-80.718876,2063
36.061321,-80.718876,2083
35.061321,-80.718876,2093
34.061321,-80.718876,2113
33.061321,-80.718876,2133
32.061321,-80.718876,2173
33.061321,-80.718876,2514
35.061321,-80.718876,2544
36.061321,-80.718876,2554
37.061321,-80.718876,2564
38.061321,-80.718876,2584
40.061321,-80.718876,2594
41.061321,-80.718876,2614
42.061321,-80.718876,2624
44.061321,-80.718876,2634
45.061321,-80.718876,2654
46.061321,-80.718876,2664
47.061321,-80.718876,2684
48.061321,-80.718876,2704
50.061321,-80.718876,2724
51.061321,-80.718876,2754
52.061321,-80.718876,2784
BREAK
41.061321,-29.718876,4737
43.061321,-29.718876,5057
45.061321,-29.718876,5067
46.061321,-29.718876,5087
48.061321,-29.718876,5097
49.061321,-29.718876,5107
51.061321,-29.718876,5128
52.061321,-29.718876,5138
53.061321,-29.718876,5148
54.061321,-29.718876,5208
55.061321,-29.718876,5228
55.061321,-30.718876,5238
56.061321,-30.718876,5268
57.061321,-30.718876,5278
57.061321,-31.718876,5288
57.061321,-32.718876,5308
57.061321,-33.718876,5328
58.061321,-34.718876,5348
59.061321,-35.718876,5358
59.061321,-36.718876,5388
59.061321,-37.718876,5428
59.061321,-38.718876,5438
59.061321,-39.718876,5458
59.061321,-40.718876,5508
59.061321,-41.718876,5528
59.061321,-42.718876,5548
59.061321,-43.718876,5568
59.061321,-44.718876,5588
59.061321,-46.718876,5598
59.061321,-47.718876,5618
59.061321,-48.718876,5628
59.061321,-49.718876,5638
59.061321,-50.718876,5658
59.061321,-51.718876,5678
59.061321,-52.718876,5698
59.061321,-53.718876,5718
59.061321,-54.718876,5728
59.061321,-55.718876,5788
59.061321,-56.718876,5798
59.061321,-57.718876,5849
58.061321,-57.718876,5859
57.061321,-57.718876,5909
56.061321,-57.718876,5939
55.061321,-57.718876,5959
54.061321,-58.718876,5969
53.061321,-58.718876,5989
52.061321,-58.718876,5999
51.061321,-58.718876,6019
50.061321,-58.718876,6059
49.061321,-58.718876,6069
48.061321,-58.718876,6099
47.061321,-58.718876,6119
46.061321,-58.718876,6169
44.061321,-58.718876,6189
43.061321,-58.718876,6229
42.061321,-58.718876,6289
41.061321,-58.718876,6319
40.061321,-58.718876,6339
39.061321,-58.718876,6349
BREAK
33.061321,-70.718876,8743
34.061321,-70.718876,8873
35.061321,-70.718876,8993
36.061321,-70.718876,9013
38.061321,-70.718876,9043
39.061321,-70.718876,9053
41.061321,-70.718876,9063
42.061321,-70.718876,9083
44.061321,-70.718876,9093
45.061321,-70.718876,9103
46.061321,-70.718876,9143
47.061321,-70.718876,9183
48.061321,-70.718876,9193
50.061321,-70.718876,9213
51.061321,-70.718876,9253
52.061321,-70.718876,9263
53.061321,-70.718876,9273
55.061321,-70.718876,9294
57.061321,-70.718876,9304
60.061321,-70.718876,9314
61.061321,-70.718876,9334
63.061321,-70.718876,9344
64.061321,-70.718876,9354
65.061321,-70.718876,9374
68.061321,-70.718876,9384
70.061321,-70.718876,9394
71.061321,-70.718876,9414
72.061321,-70.718876,9434
73.061321,-70.718876,9514
BREAK
