START
82.474313,-23.277188,0
81.484923,-23.277188,26
80.495533,-23.277188,53
80.495533,-24.266578,67
79.506143,-24.266578,81
78.516753,-24.266578,123
76.537974,-24.266578,164
75.548584,-24.266578,205
74.559194,-24.266578,261
73.569804,-25.255968,289
72.580414,-25.255968,330
71.591024,-25.255968,343
71.591024,-26.245358,357
70.601634,-26.245358,371
70.601634,-27.234748,398
69.612244,-27.234748,413
68.622854,-27.234748,426
68.622854,-28.224138,440
67.633464,-29.213528,454
66.644074,-29.213528,467
65.654684,-30.202918,481
65.654684,-31.192308,496
64.665295,-31.192308,509
64.665295,-32.181698,522
63.675905,-32.181698,537
63.675905,-33.171088,550
63.675905,-34.160477,564
62.686515,-35.149867,578
62.686515,-36.139257,591
61.697125,-36.139257,606
61.697125,-38.118037,619
60.707735,-38.118037,634
60.707735,-39.107427,647
60.707735,-40.096817,661
60.707735,-41.086207,675
60.707735,-42.075597,702
60.707735,-43.064987,744
60.707735,-44.054377,786
60.707735,-45.043767,812
61.697125,-45.043767,840
62.686515,-45.043767,883
63.675905,-45.043767,896
64.665295,-45.043767,909
65.654684,-45.043767,937
66.644074,-46.033156,951
67.633464,-46.033156,965
67.633464,-47.022546,978
68.622854,-47.022546,992
68.622854,-48.011936,1006
69.612244,-49.001326,1020
70.601634,-49.001326,1048
71.591024,-49.990716,1074
72.580414,-49.990716,1089
73.569804,-50.980106,1102
74.559194,-51.969496,1130
75.548584,-52.958886,1143
76.537974,-53.948276,1172
77.527363,-54.937666,1199
77.527363,-55.927056,1227
78.516753,-56.916446,1241
78.516753,-57.905836,1269
79.506143,-58.895225,1281
79.506143,-59.884615,1295
79.506143,-60.874005,1309
80.495533,-61.863395,1324
81.484923,-62.852785,1337
82.474313,-62.852785,1351
82.474313,-63.842175,1365
82.474313,-64.831565,1380
82.474313,-65.820955,1406
82.474313,-66.810345,1448
82.474313,-67.799735,1489
81.484923,-67.799735,1544
81.484923,-66.810345,1668
81.484923,-65.820955,1710
BREAK
81.484923,-68.789125,2372
80.495533,-68.789125,2385
79.506143,-68.789125,2399
78.516753,-68.789125,2427
77.527363,-68.789125,2454
76.537974,-68.789125,2483
75.548584,-68.789125,2496
74.559194,-68.789125,2523
73.569804,-68.789125,2537
72.580414,-68.789125,2551
71.591024,-68.789125,2565
70.601634,-68.789125,2592
69.612244,-68.789125,2606
68.622854,-68.789125,2620
66.644074,-68.789125,2647
65.654684,-68.789125,2675
64.665295,-68.789125,2689
62.686515,-68.789125,2717
61.697125,-68.789125,2744
59.718345,-68.789125,2771
58.728955,-68.789125,2799
57.739565,-68.789125,2813
56.750175,-68.789125,2840
55.760785,-68.789125,2868
53.782005,-68.789125,2896
53.782005,-69.778515,2910
52.792615,-69.778515,2924
51.803226,-69.778515,2937
51.803226,-70.767905,2951
50.813836,-70.767905,2964
49.824446,-70.767905,2979
48.835056,-70.767905,2993
47.845666,-70.767905,3020
46.856276,-70.767905,3048
45.866886,-70.767905,3062
44.877496,-70.767905,3090
43.888106,-70.767905,3104
42.898716,-70.767905,3117
41.909326,-70.767905,3144
40.919936,-70.767905,3173
39.930547,-70.767905,3186
38.941157,-70.767905,3214
37.951767,-70.767905,3255
36.962377,-70.767905,3269
35.972987,-70.767905,3296
34.983597,-70.767905,3338
33.994207,-70.767905,3365
33.004817,-70.767905,3393
32.015427,-70.767905,3421
31.026037,-70.767905,3434
30.036647,-70.767905,3462
29.047257,-70.767905,3490
28.057867,-70.767905,3517
27.068478,-70.767905,3531
26.079088,-70.767905,3547
25.089698,-70.767905,3587
24.100308,-70.767905,3600
23.110918,-70.767905,3614
22.121528,-70.767905,3642
21.132138,-70.767905,3656
20.142748,-70.767905,3669
19.153358,-70.767905,3697
18.163968,-70.767905,3710
17.174578,-70.767905,3726
15.195799,-70.767905,3738
15.195799,-69.778515,3751
14.206409,-68.789125,3766
13.217019,-68.789125,3779
12.227629,-67.799735,3794
11.238239,-65.820955,3821
11.238239,-64.831565,3834
11.238239,-63.842175,3849
10.248849,-61.863395,3862
10.248849,-60.874005,3875
10.248849,-59.884615,3889
10.248849,-58.895225,3903
10.248849,-56.916446,3931
10.248849,-55.927056,3959
10.248849,-54.937666,3986
11.238239,-53.948276,4001
11.238239,-52.958886,4028
11.238239,-51.969496,4042
12.227629,-51.969496,4055
13.217019,-50.980106,4097
14.206409,-50.980106,4124
15.195799,-49.990716,4153
16.185188,-49.990716,4166
16.185188,-49.001326,4194
17.174578,-48.011936,4221
18.163968,-48.011936,4249
16.185188,-48.011936,4346
BREAK
