START
27.319718,-43.510332,0
27.319718,-43.906617,72
27.716003,-43.906617,83
27.716003,-44.302902,95
27.716003,-44.699187,103
27.716003,-45.095472,111
27.716003,-45.888041,119
28.112288,-45.888041,130
28.112288,-46.680611,135
28.112288,-47.076896,143
28.112288,-47.473181,151
28.112288,-47.869465,159
28.112288,-48.662035,175
28.508572,-49.05832,183
28.508572,-49.454605,191
28.508572,-49.85089,199
28.508572,-50.247174,210
28.904857,-50.643459,215
28.904857,-51.039744,223
28.904857,-51.436029,231
28.904857,-51.832314,245
28.904857,-52.228599,263
28.904857,-52.624883,271
28.904857,-53.021168,289
29.301142,-53.021168,295
29.301142,-53.417453,303
29.301142,-53.813738,311
29.301142,-54.210023,329
29.697427,-54.210023,335
29.697427,-54.606308,351
29.697427,-55.002592,370
29.697427,-55.398877,383
29.697427,-55.795162,409
29.697427,-56.191447,424
30.093712,-56.191447,431
30.093712,-56.587732,445
30.093712,-56.984017,455
30.093712,-57.380301,471
30.093712,-57.776586,495
30.093712,-58.172871,503
30.093712,-58.569156,528
30.093712,-58.965441,551
30.093712,-59.361726,566
30.093712,-59.75801,583
30.489996,-59.75801,591
30.489996,-60.154295,608
30.489996,-60.55058,623
30.489996,-60.946865,631
30.489996,-61.34315,652
30.886281,-61.739435,663
30.886281,-62.135719,671
31.282566,-62.135719,679
31.282566,-62.532004,689
31.678851,-62.532004,703
31.678851,-62.928289,711
32.075136,-62.928289,730
32.075136,-63.324574,735
32.075136,-63.720859,743
32.471421,-63.720859,751
32.867705,-64.117143,768
33.26399,-64.117143,791
33.660275,-64.117143,808
34.05656,-64.117143,823
34.452845,-64.117143,840
34.84913,-64.117143,863
35.245414,-64.117143,879
35.641699,-63.720859,903
35.641699,-63.324574,911
36.037984,-63.324574,926
36.434269,-62.928289,928
36.830554,-62.928289,935
36.830554,-62.532004,944
37.226839,-62.135719,951
37.623123,-62.135719,965
37.623123,-61.739435,967
38.019408,-61.739435,975
38.019408,-61.34315,983
38.415693,-60.946865,1005
38.415693,-60.55058,1008
38.415693,-60.154295,1032
38.415693,-59.361726,1048
38.811978,-58.965441,1064
38.811978,-58.172871,1079
39.208263,-57.776586,1096
39.208263,-57.380301,1112
39.208263,-56.587732,1128
39.208263,-56.191447,1135
39.208263,-55.795162,1144
39.208263,-55.398877,1151
39.208263,-55.002592,1165
39.208263,-54.606308,1168
39.208263,-54.210023,1176
39.208263,-53.813738,1183
39.208263,-53.417453,1192
39.208263,-53.021168,1205
39.208263,-52.624883,1208
39.604548,-52.228599,1215
39.604548,-51.832314,1224
39.604548,-51.436029,1231
40.000832,-51.039744,1246
40.000832,-50.643459,1248
40.000832,-50.247174,1256
40.000832,-49.85089,1264
40.397117,-49.454605,1272
40.397117,-49.05832,1285
40.397117,-48.662035,1288
40.397117,-47.869465,1304
40.793402,-47.076896,1326
40.793402,-46.680611,1336
41.189687,-45.888041,1344
41.189687,-45.095472,1365
41.585972,-44.699187,1368
41.585972,-44.302902,1376
41.585972,-43.906617,1392
41.982257,-43.906617,1400
42.378541,-43.906617,1592
42.774826,-43.906617,1611
43.171111,-43.906617,1624
43.567396,-43.906617,1632
44.359966,-43.906617,1646
44.75625,-43.906617,1648
45.54882,-43.906617,1656
46.34139,-43.906617,1664
47.133959,-43.906617,1672
47.926529,-43.906617,1685
48.322814,-43.906617,1688
48.719099,-43.906617,1696
49.115383,-43.906617,1704
49.511668,-43.906617,1712
49.907953,-43.906617,1720
50.304238,-43.906617,1729
50.700523,-43.906617,1736
51.493092,-43.906617,1744
52.285662,-43.906617,1752
53.078232,-43.906617,1765
53.870801,-43.906617,1769
54.663371,-43.906617,1776
55.455941,-43.906617,1784
56.24851,-43.906617,1792
56.644795,-43.906617,1800
57.437365,-43.906617,1811
57.83365,-43.906617,1816
58.229935,-43.906617,1824
58.626219,-43.906617,1832
59.815074,-43.906617,1846
60.607644,-43.906617,1848
61.400213,-43.906617,1856
62.589068,-43.906617,1864
63.381637,-43.906617,1872
64.570492,-43.906617,1886
65.363062,-43.906617,1888
66.155631,-43.906617,1896
66.551916,-43.906617,1904
67.344486,-43.906617,1912
68.137055,-43.906617,1925
68.53334,-43.906617,1928
68.929625,-43.906617,1936
70.118479,-43.906617,1944
70.514764,-43.906617,1952
71.307334,-43.906617,1960
72.099904,-43.906617,1969
72.892473,-43.906617,1976
74.081328,-43.906617,1984
74.873897,-43.906617,1992
75.270182,-43.906617,2000
75.666467,-43.906617,2010
76.459037,-43.906617,2016
76.855322,-43.906617,2032
BREAK
55.059656,-45.491756,2712
55.059656,-45.888041,2751
55.059656,-46.284326,2775
55.059656,-46.680611,2783
55.059656,-47.076896,2799
55.059656,-47.473181,2809
55.455941,-47.869465,2815
55.455941,-48.26575,2831
55.455941,-48.662035,2847
55.455941,-49.05832,2855
55.455941,-49.454605,2871
55.455941,-49.85089,2879
55.455941,-50.247174,2889
55.455941,-50.643459,2895
55.455941,-51.039744,2911
55.455941,-51.436029,2919
55.455941,-51.832314,2935
55.455941,-52.228599,2951
55.455941,-52.624883,2967
55.455941,-53.021168,2975
55.455941,-53.417453,2991
55.455941,-53.813738,3007
55.455941,-54.210023,3023
55.455941,-54.606308,3031
55.455941,-55.002592,3055
55.455941,-55.398877,3071
55.455941,-55.795162,3085
55.455941,-56.191447,3103
55.455941,-56.587732,3119
55.455941,-56.984017,3135
55.455941,-57.380301,3143
55.455941,-57.776586,3166
55.455941,-58.172871,3175
55.455941,-58.569156,3183
55.455941,-58.965441,3205
55.455941,-59.361726,3215
55.455941,-59.75801,3239
55.455941,-60.154295,3255
55.455941,-60.55058,3271
55.455941,-60.946865,3295
55.852226,-60.946865,3311
55.852226,-61.34315,3319
55.852226,-61.739435,3343
56.24851,-62.135719,3367
56.24851,-62.532004,3383
56.644795,-62.532004,3391
56.644795,-62.928289,3405
57.04108,-63.324574,3415
57.04108,-63.720859,3439
57.437365,-63.720859,3449
57.83365,-63.720859,3471
58.229935,-64.117143,3479
58.626219,-64.117143,3519
59.022504,-64.117143,3543
59.418789,-64.117143,3551
59.815074,-64.117143,3583
59.815074,-63.720859,3591
60.211359,-63.720859,3615
60.211359,-63.324574,3623
60.607644,-63.324574,3639
61.003928,-62.928289,3649
61.400213,-62.532004,3663
61.400213,-62.135719,3679
61.796498,-62.135719,3689
62.192783,-61.739435,3703
62.192783,-61.34315,3725
62.192783,-60.946865,3727
62.192783,-60.55058,3743
62.589068,-60.55058,3751
62.589068,-60.154295,3759
62.589068,-59.75801,3769
62.985353,-58.965441,3776
63.381637,-58.965441,3783
63.381637,-58.569156,3791
63.381637,-58.172871,3805
63.381637,-57.776586,3807
63.777922,-57.380301,3816
63.777922,-56.587732,3831
63.777922,-56.191447,3850
63.777922,-55.398877,3864
63.777922,-55.002592,3885
64.174207,-54.606308,3895
64.174207,-54.210023,3903
64.174207,-53.813738,3911
64.174207,-53.417453,3930
64.174207,-53.021168,3935
64.570492,-53.021168,3944
64.570492,-52.624883,3951
64.570492,-52.228599,3960
64.570492,-51.832314,3968
64.570492,-51.436029,3976
64.570492,-51.039744,3991
64.570492,-50.643459,4005
64.570492,-50.247174,4015
64.570492,-49.85089,4031
64.570492,-49.454605,4050
64.570492,-49.05832,4055
64.570492,-48.662035,4071
64.570492,-48.26575,4096
64.570492,-47.869465,4103
64.570492,-47.473181,4130
64.570492,-47.076896,4151
64.570492,-46.680611,4168
64.570492,-46.284326,4184
64.570492,-45.888041,4205
64.570492,-45.491756,4223
BREAK
