START
83.157259,-24.878735,0
82.191158,-24.878735,18
81.225056,-24.878735,32
80.258954,-24.878735,42
79.292853,-24.878735,53
78.326751,-24.878735,60
77.360649,-24.878735,62
76.394547,-24.878735,68
75.428446,-24.878735,75
74.462344,-24.878735,77
73.496242,-24.878735,84
72.530141,-24.878735,90
71.564039,-24.878735,94
70.597937,-24.878735,96
69.631836,-24.878735,100
68.665734,-24.878735,104
67.699632,-24.878735,108
66.733531,-24.878735,111
65.767429,-24.878735,115
64.801327,-24.878735,119
63.835225,-24.878735,121
62.869124,-24.878735,125
61.903022,-24.878735,132
60.93692,-24.878735,134
59.970819,-24.878735,138
59.004717,-24.878735,144
58.038615,-24.878735,148
57.072514,-24.878735,151
56.106412,-24.878735,158
55.14031,-24.878735,163
54.174209,-24.878735,167
53.208107,-24.878735,174
52.242005,-24.878735,181
51.275903,-24.878735,193
50.309802,-24.878735,196
49.3437,-24.878735,206
48.377598,-24.878735,219
47.411497,-24.878735,235
46.445395,-24.878735,239
45.479293,-24.878735,247
44.513192,-24.878735,254
43.54709,-24.878735,257
42.580988,-24.878735,263
41.614886,-24.878735,270
40.648785,-24.878735,277
39.682683,-24.878735,280
38.716581,-24.878735,287
37.75048,-24.878735,291
36.784378,-24.878735,294
35.818276,-24.878735,299
34.852175,-24.878735,303
33.886073,-24.878735,308
32.919971,-24.878735,311
31.95387,-24.878735,316
30.987768,-24.878735,324
30.021666,-24.878735,331
29.055564,-24.878735,348
28.089463,-24.878735,402
27.123361,-24.878735,636
26.157259,-24.878735,648
26.157259,-25.844837,656
25.191158,-25.844837,664
24.225056,-25.844837,671
23.258954,-25.844837,675
22.292853,-25.844837,680
21.326751,-26.810939,687
20.360649,-26.810939,692
19.394547,-26.810939,694
18.428446,-26.810939,699
19.394547,-26.810939,911
20.360649,-26.810939,923
20.360649,-27.77704,927
21.326751,-27.77704,936
22.292853,-27.77704,954
22.292853,-28.743142,962
23.258954,-28.743142,967
24.225056,-28.743142,975
24.225056,-29.709244,982
25.191158,-29.709244,985
25.191158,-30.675345,991
26.157259,-30.675345,993
27.123361,-30.675345,997
28.089463,-30.675345,1010
28.089463,-31.641447,1013
29.055564,-31.641447,1023
30.021666,-31.641447,1033
30.021666,-33.573651,1037
30.987768,-33.573651,1048
30.987768,-34.539752,1054
31.95387,-34.539752,1056
32.919971,-34.539752,1066
32.919971,-35.505854,1068
33.886073,-35.505854,1084
33.886073,-36.471956,1086
34.852175,-36.471956,1091
34.852175,-37.438057,1093
34.852175,-38.404159,1105
35.818276,-38.404159,1110
35.818276,-39.370261,1113
35.818276,-40.336362,1119
36.784378,-40.336362,1125
36.784378,-41.302464,1127
37.75048,-41.302464,1132
37.75048,-42.268566,1136
37.75048,-43.234667,1147
37.75048,-44.200769,1153
38.716581,-44.200769,1156
38.716581,-45.166871,1161
38.716581,-46.132973,1172
38.716581,-47.099074,1177
38.716581,-48.065176,1188
38.716581,-49.031278,1198
38.716581,-49.997379,1208
38.716581,-50.963481,1212
39.682683,-50.963481,1216
39.682683,-51.929583,1218
39.682683,-52.895684,1226
39.682683,-53.861786,1233
39.682683,-54.827888,1246
39.682683,-55.79399,1266
39.682683,-56.760091,1288
38.716581,-56.760091,1294
38.716581,-57.726193,1300
37.75048,-57.726193,1320
36.784378,-57.726193,1326
35.818276,-57.726193,1339
34.852175,-57.726193,1348
34.852175,-58.692295,1353
33.886073,-58.692295,1355
32.919971,-58.692295,1379
31.95387,-58.692295,1422
30.987768,-57.726193,1432
30.987768,-56.760091,1436
30.021666,-56.760091,1438
29.055564,-56.760091,1444
29.055564,-55.79399,1446
28.089463,-55.79399,1448
27.123361,-55.79399,1452
27.123361,-54.827888,1454
26.157259,-54.827888,1456
25.191158,-54.827888,1463
25.191158,-53.861786,1465
24.225056,-52.895684,1473
23.258954,-52.895684,1484
23.258954,-51.929583,1501
23.258954,-50.963481,1527
23.258954,-49.997379,1529
23.258954,-49.031278,1553
23.258954,-48.065176,1576
24.225056,-48.065176,1584
24.225056,-47.099074,1601
25.191158,-47.099074,1611
26.157259,-47.099074,1620
27.123361,-47.099074,1631
28.089463,-47.099074,1638
29.055564,-47.099074,1649
30.021666,-47.099074,1657
30.987768,-47.099074,1661
31.95387,-47.099074,1669
32.919971,-47.099074,1674
33.886073,-47.099074,1681
34.852175,-47.099074,1685
35.818276,-47.099074,1692
36.784378,-47.099074,1698
37.75048,-47.099074,1701
38.716581,-47.099074,1707
39.682683,-47.099074,1712
40.648785,-47.099074,1719
41.614886,-47.099074,1723
42.580988,-47.099074,1741
42.580988,-48.065176,1743
43.54709,-48.065176,1758
43.54709,-49.031278,1761
44.513192,-49.031278,1767
44.513192,-49.997379,1769
45.479293,-49.997379,1771
45.479293,-50.963481,1773
46.445395,-50.963481,1777
47.411497,-51.929583,1781
48.377598,-51.929583,1785
48.377598,-52.895684,1790
49.3437,-52.895684,1792
49.3437,-53.861786,1794
50.309802,-53.861786,1796
51.275903,-53.861786,1800
51.275903,-54.827888,1802
52.242005,-54.827888,1806
52.242005,-55.79399,1808
53.208107,-55.79399,1810
53.208107,-56.760091,1814
54.174209,-56.760091,1818
54.174209,-57.726193,1820
55.14031,-57.726193,1822
55.14031,-58.692295,1826
56.106412,-59.658396,1833
56.106412,-60.624498,1838
57.072514,-60.624498,1842
57.072514,-61.5906,1847
58.038615,-61.5906,1851
58.038615,-62.556701,1856
58.038615,-63.522803,1866
59.004717,-63.522803,1868
59.004717,-64.488905,1872
59.004717,-65.455006,1891
59.970819,-65.455006,1893
59.970819,-66.421108,1921
59.970819,-67.38721,1946
59.970819,-66.421108,2144
59.970819,-65.455006,2233
59.970819,-64.488905,2241
59.970819,-63.522803,2243
59.970819,-62.556701,2250
BREAK
66.733531,-25.844837,2798
66.733531,-26.810939,2833
66.733531,-27.77704,2840
66.733531,-28.743142,2845
66.733531,-29.709244,2847
65.767429,-30.675345,2852
65.767429,-31.641447,2856
65.767429,-32.607549,2860
65.767429,-33.573651,2862
65.767429,-34.539752,2866
65.767429,-36.471956,2870
65.767429,-37.438057,2874
65.767429,-39.370261,2878
65.767429,-40.336362,2883
65.767429,-41.302464,2887
65.767429,-42.268566,2889
65.767429,-43.234667,2893
65.767429,-44.200769,2897
64.801327,-45.166871,2901
64.801327,-46.132973,2903
64.801327,-47.099074,2908
64.801327,-48.065176,2912
64.801327,-49.031278,2914
64.801327,-49.997379,2918
64.801327,-50.963481,2922
64.801327,-51.929583,2927
64.801327,-52.895684,2931
63.835225,-52.895684,2933
63.835225,-53.861786,2941
63.835225,-54.827888,2947
63.835225,-55.79399,2949
63.835225,-56.760091,2954
63.835225,-57.726193,2957
63.835225,-58.692295,2961
63.835225,-59.658396,2963
63.835225,-60.624498,2968
63.835225,-61.5906,2972
63.835225,-62.556701,2974
63.835225,-63.522803,2980
63.835225,-64.488905,2983
63.835225,-65.455006,2987
63.835225,-66.421108,2990
63.835225,-67.38721,2995
63.835225,-68.353312,2999
63.835225,-69.319413,3005
63.835225,-70.285515,3008
63.835225,-71.251617,3013
63.835225,-72.217718,3017
63.835225,-73.18382,3020
63.835225,-74.149922,3025
63.835225,-75.116023,3031
63.835225,-76.082125,3035
63.835225,-77.048227,3038
63.835225,-78.014329,3043
62.869124,-78.014329,3045
62.869124,-78.98043,3047
62.869124,-79.946532,3050
62.869124,-80.912634,3055
62.869124,-81.878735,3060
62.869124,-82.844837,3065
62.869124,-83.810939,3067
62.869124,-84.77704,3071
62.869124,-85.743142,3076
62.869124,-86.709244,3078
62.869124,-87.675345,3085
62.869124,-88.641447,3092
62.869124,-89.607549,3102
62.869124,-90.573651,3104
62.869124,-91.539752,3115
62.869124,-92.505854,3128
62.869124,-93.471956,3133
62.869124,-94.438057,3152
BREAK
