START
29.540112,-32.762117,0
30.379807,-32.762117,262
30.379807,-31.922423,264
31.219502,-31.922423,279
31.219502,-31.082728,283
32.059196,-31.082728,289
32.898891,-31.082728,300
32.898891,-30.243033,302
32.898891,-29.403339,319
33.738586,-29.403339,323
34.57828,-29.403339,327
35.417975,-29.403339,332
35.417975,-29.403339,335
36.25767,-29.403339,337
37.097364,-28.563644,356
37.097364,-28.563644,362
37.097364,-27.723949,368
37.937059,-27.723949,376
38.776754,-27.723949,385
39.616448,-27.723949,394
39.616448,-26.884255,396
39.616448,-26.04456,417
40.456143,-26.04456,424
41.295838,-26.04456,428
42.135532,-26.04456,444
42.975227,-26.04456,449
42.975227,-25.204865,451
43.814922,-25.204865,466
44.654616,-25.204865,472
44.654616,-24.365171,474
44.654616,-23.525476,478
44.654616,-23.525476,485
45.494311,-23.525476,491
45.494311,-22.685781,501
46.334005,-22.685781,507
47.1737,-22.685781,519
48.013395,-22.685781,553
48.853089,-22.685781,560
49.692784,-22.685781,584
50.532479,-22.685781,617
51.372173,-22.685781,623
52.211868,-22.685781,632
52.211868,-22.685781,643
53.051563,-23.525476,647
53.051563,-24.365171,657
53.891257,-24.365171,667
54.730952,-24.365171,670
55.570647,-25.204865,672
55.570647,-26.04456,684
56.410341,-26.04456,698
56.410341,-26.884255,700
56.410341,-27.723949,711
56.410341,-28.563644,715
57.250036,-28.563644,726
58.089731,-29.403339,734
58.089731,-29.403339,736
58.089731,-30.243033,751
58.089731,-31.922423,759
58.929425,-31.922423,767
58.929425,-32.762117,769
58.929425,-33.601812,773
58.929425,-34.441506,785
59.76912,-35.281201,787
59.76912,-36.120896,799
59.76912,-36.96059,808
59.76912,-36.96059,819
59.76912,-37.800285,826
59.76912,-38.63998,841
59.76912,-39.479674,852
59.76912,-40.319369,863
59.76912,-41.159064,867
59.76912,-41.998758,877
59.76912,-42.838453,883
59.76912,-43.678148,901
59.76912,-44.517842,906
59.76912,-44.517842,910
59.76912,-45.357537,925
59.76912,-46.197232,941
59.76912,-47.036926,949
59.76912,-47.876621,966
59.76912,-48.716316,980
59.76912,-49.55601,992
59.76912,-50.395705,1023
59.76912,-51.2354,1034
59.76912,-52.075094,1039
59.76912,-52.075094,1055
59.76912,-52.914789,1062
59.76912,-52.914789,1071
59.76912,-53.754484,1075
59.76912,-54.594178,1078
58.929425,-54.594178,1083
58.929425,-55.433873,1089
58.929425,-56.273568,1100
58.089731,-56.273568,1108
58.089731,-57.113262,1115
58.089731,-57.952957,1121
58.089731,-58.792652,1128
57.250036,-58.792652,1132
57.250036,-59.632346,1139
57.250036,-59.632346,1163
56.410341,-59.632346,1165
56.410341,-60.472041,1168
56.410341,-61.311735,1175
55.570647,-61.311735,1177
55.570647,-62.15143,1187
54.730952,-62.15143,1196
53.891257,-62.15143,1206
53.891257,-62.991125,1208
53.891257,-63.830819,1219
53.891257,-64.670514,1234
53.051563,-64.670514,1263
53.051563,-65.510209,1265
53.051563,-66.349903,1271
52.211868,-66.349903,1285
52.211868,-67.189598,1291
52.211868,-67.189598,1300
52.211868,-67.189598,1304
52.211868,-68.029293,1309
51.372173,-68.029293,1311
51.372173,-68.868987,1324
50.532479,-68.868987,1352
50.532479,-69.708682,1363
50.532479,-70.548377,1372
50.532479,-71.388071,1389
49.692784,-71.388071,1428
49.692784,-72.227766,1431
49.692784,-73.067461,1449
49.692784,-73.907155,1455
49.692784,-74.74685,1457
49.692784,-74.74685,1465
49.692784,-75.586545,1468
48.853089,-75.586545,1474
48.853089,-76.426239,1483
48.853089,-77.265934,1499
48.853089,-78.105629,1514
48.853089,-78.945323,1539
49.692784,-78.945323,1565
49.692784,-79.785018,1569
50.532479,-79.785018,1603
51.372173,-79.785018,1638
52.211868,-80.624713,1652
52.211868,-80.624713,1658
53.051563,-80.624713,1676
53.891257,-80.624713,1682
54.730952,-80.624713,1692
55.570647,-80.624713,1697
56.410341,-80.624713,1701
57.250036,-80.624713,1713
58.089731,-80.624713,1717
58.929425,-80.624713,1721
59.76912,-80.624713,1726
59.76912,-80.624713,1737
60.608815,-80.624713,1741
61.448509,-80.624713,1746
62.288204,-80.624713,1749
63.127899,-80.624713,1753
63.127899,-79.785018,1758
63.967593,-79.785018,1762
64.807288,-79.785018,1773
65.646983,-79.785018,1776
66.486677,-79.785018,1787
67.326372,-79.785018,1791
67.326372,-78.945323,1793
67.326372,-78.105629,1797
67.326372,-78.105629,1799
68.166067,-77.265934,1810
67.326372,-77.265934,1997
BREAK
42.135532,-52.075094,3405
42.975227,-52.075094,3498
43.814922,-52.075094,3510
44.654616,-52.075094,3515
44.654616,-52.075094,3519
44.654616,-52.075094,3526
45.494311,-52.075094,3528
47.1737,-52.075094,3530
48.013395,-52.075094,3536
48.853089,-52.075094,3539
48.853089,-49.55601,3545
49.692784,-50.395705,3547
50.532479,-50.395705,3550
51.372173,-50.395705,3556
52.211868,-50.395705,3559
52.211868,-50.395705,3562
53.051563,-50.395705,3565
53.891257,-50.395705,3573
54.730952,-50.395705,3575
55.570647,-50.395705,3581
56.410341,-50.395705,3583
57.250036,-50.395705,3585
58.089731,-50.395705,3592
58.929425,-50.395705,3595
59.76912,-50.395705,3599
59.76912,-50.395705,3603
60.608815,-50.395705,3612
61.448509,-50.395705,3617
62.288204,-50.395705,3622
63.127899,-50.395705,3629
63.967593,-50.395705,3632
64.807288,-50.395705,3643
65.646983,-50.395705,3648
65.646983,-51.2354,3650
66.486677,-51.2354,3652
67.326372,-51.2354,3656
67.326372,-51.2354,3665
68.166067,-51.2354,3669
68.166067,-52.075094,3671
69.005761,-52.075094,3674
69.845456,-52.075094,3676
70.685151,-52.075094,3684
71.524845,-52.075094,3691
72.36454,-52.075094,3696
73.204234,-52.075094,3700
74.043929,-52.075094,3711
74.883624,-52.075094,3731
74.883624,-52.075094,3735
75.723318,-52.075094,3741
76.563013,-52.075094,3767
BREAK
