START
25.108491,-19.281124,0
23.108491,-22.281124,36
22.108491,-23.281124,48
22.108491,-24.281124,64
22.108491,-25.281124,72
22.108491,-26.281124,96
22.108491,-27.281124,112
22.108491,-28.281124,128
22.108491,-29.281124,136
22.108491,-30.281124,152
22.108491,-31.281124,160
22.108491,-32.281124,168
22.108491,-33.281124,176
22.108491,-34.281124,184
22.108491,-35.281124,200
22.108491,-36.281124,208
22.108491,-37.281124,224
22.108491,-38.281124,256
22.108491,-39.281124,272
22.108491,-40.281124,288
22.108491,-41.281124,296
22.108491,-42.281124,312
23.108491,-42.281124,328
24.108491,-43.281124,336
26.108491,-44.281124,352
27.108491,-45.281124,368
28.108491,-45.281124,384
29.108491,-46.281124,392
30.108491,-46.281124,400
31.108491,-46.281124,408
32.108491,-46.281124,416
33.108491,-46.281124,432
35.108491,-46.281124,448
36.108491,-46.281124,464
37.108491,-46.281124,480
38.108491,-46.281124,488
38.108491,-45.281124,568
39.108491,-44.281124,576
39.108491,-43.281124,584
39.108491,-41.281124,600
39.108491,-40.281124,616
40.108491,-39.281124,632
40.108491,-38.281124,640
40.108491,-37.281124,656
40.108491,-36.281124,664
40.108491,-35.281124,672
40.108491,-34.281124,688
40.108491,-33.281124,696
40.108491,-31.281124,704
40.108491,-30.281124,712
40.108491,-28.281124,720
40.108491,-27.281124,736
40.108491,-26.281124,744
40.108491,-25.281124,760
39.108491,-25.281124,768
39.108491,-24.281124,776
38.108491,-23.281124,808
37.108491,-23.281124,816
37.108491,-22.281124,832
36.108491,-22.281124,840
36.108491,-21.281124,848
35.108491,-21.281124,856
34.108491,-21.281124,872
34.108491,-20.281124,880
33.108491,-20.281124,888
32.108491,-20.281124,920
31.108491,-20.281124,928
30.108491,-20.281124,944
28.108491,-20.281124,952
27.108491,-20.281124,960
26.108491,-20.281124,968
24.108491,-20.281124,976
22.108491,-20.281124,984
20.108491,-20.281124,992
19.108491,-20.281124,1000
18.108491,-20.281124,1016
BREAK
43.108491,-26.281124,2120
43.108491,-25.281124,2360
43.108491,-24.281124,2368
44.108491,-24.281124,2384
44.108491,-23.281124,2400
45.108491,-23.281124,2408
46.108491,-23.281124,2424
47.108491,-23.281124,2432
47.108491,-22.281124,2448
48.108491,-22.281124,2520
49.108491,-22.281124,2552
50.108491,-22.281124,2576
51.108491,-22.281124,2600
53.108491,-22.281124,2624
53.108491,-23.281124,2640
54.108491,-23.281124,2656
54.108491,-24.281124,2672
55.108491,-24.281124,2688
56.108491,-26.281124,2696
57.108491,-27.281124,2720
57.108491,-29.281124,2744
58.108491,-30.281124,2760
59.108491,-31.281124,2776
59.108491,-32.281124,2808
59.108491,-33.281124,2816
59.108491,-34.281124,2840
59.108491,-36.281124,2864
59.108491,-37.281124,2880
59.108491,-38.281124,2888
59.108491,-39.281124,2896
59.108491,-40.281124,2912
59.108491,-41.281124,2928
57.108491,-45.281124,2980
56.108491,-47.281124,2994
55.108491,-47.281124,3000
55.108491,-48.281124,3008
54.108491,-48.281124,3016
53.108491,-48.281124,3024
52.108491,-48.281124,3032
52.108491,-49.281124,3040
51.108491,-49.281124,3072
50.108491,-49.281124,3090
49.108491,-50.281124,3104
50.108491,-50.281124,3392
52.108491,-50.281124,3400
53.108491,-50.281124,3408
54.108491,-50.281124,3417
55.108491,-50.281124,3424
57.108491,-50.281124,3433
58.108491,-50.281124,3440
59.108491,-50.281124,3448
60.108491,-50.281124,3456
61.108491,-50.281124,3464
62.108491,-50.281124,3480
63.108491,-50.281124,3504
64.108491,-51.281124,3528
65.108491,-51.281124,3544
65.108491,-52.281124,3552
66.108491,-52.281124,3568
66.108491,-54.281124,3576
66.108491,-55.281124,3584
67.108491,-56.281124,3592
68.108491,-57.281124,3600
68.108491,-58.281124,3608
68.108491,-60.281124,3616
69.108491,-61.281124,3624
70.108491,-62.281124,3632
70.108491,-64.281124,3640
70.108491,-65.281124,3648
70.108491,-66.281124,3656
70.108491,-67.281124,3664
70.108491,-69.281124,3680
70.108491,-70.281124,3688
70.108491,-71.281124,3696
70.108491,-73.281124,3704
70.108491,-74.281124,3712
70.108491,-75.281124,3720
70.108491,-76.281124,3728
69.108491,-77.281124,3736
69.108491,-79.281124,3744
68.108491,-80.281124,3752
67.108491,-80.281124,3760
66.108491,-82.281124,3776
64.108491,-82.281124,3792
63.108491,-83.281124,3800
62.108491,-84.281124,3808
61.108491,-84.281124,3816
60.108491,-85.281124,3824
58.108491,-86.281124,3832
57.108491,-86.281124,3840
55.108491,-87.281124,3848
54.108491,-87.281124,3856
53.108491,-87.281124,3864
51.108491,-87.281124,3872
50.108491,-88.281124,3880
49.108491,-89.281124,3888
47.108491,-89.281124,3896
46.108491,-89.281124,3904
45.108491,-89.281124,3912
43.108491,-89.281124,3920
42.108491,-88.281124,3936
41.108491,-88.281124,3952
40.108491,-88.281124,3960
39.108491,-88.281124,3969
37.108491,-88.281124,3984
36.108491,-87.281124,4000
34.108491,-86.281124,4016
33.108491,-84.281124,4032
32.108491,-84.281124,4040
31.108491,-82.281124,4048
29.108491,-80.281124,4064
29.108491,-79.281124,4080
27.108491,-78.281124,4088
27.108491,-77.281124,4104
27.108491,-76.281124,4112
26.108491,-75.281124,4120
26.108491,-73.281124,4128
25.108491,-73.281124,4136
25.108491,-72.281124,4144
25.108491,-71.281124,4160
25.108491,-70.281124,4176
25.108491,-69.281124,4184
25.108491,-68.281124,4200
25.108491,-67.281124,4208
25.108491,-66.281124,4224
25.108491,-65.281124,4232
25.108491,-64.281124,4248
25.108491,-63.281124,4296
25.108491,-62.281124,4337
26.108491,-61.281124,4353
BREAK
