START
37.108491,-27.281124,0
37.108491,-26.281124,92
35.108491,-26.281124,184
35.108491,-24.281124,194
33.108491,-24.281124,327
32.108491,-22.281124,398
31.108491,-22.281124,623
31.108491,-23.281124,633
29.108491,-23.281124,644
28.108491,-24.281124,797
27.108491,-25.281124,848
26.108491,-26.281124,909
25.108491,-27.281124,930
25.108491,-28.281124,1012
23.108491,-28.281124,1022
23.108491,-29.281124,1032
23.108491,-30.281124,1042
21.108491,-30.281124,1052
21.108491,-31.281124,1124
21.108491,-32.281124,1165
21.108491,-33.281124,1216
21.108491,-34.281124,1247
21.108491,-35.281124,1277
21.108491,-36.281124,1287
21.108491,-37.281124,1318
21.108491,-39.281124,1390
21.108491,-40.281124,1410
21.108491,-41.281124,1420
21.108491,-42.281124,1482
21.108491,-43.281124,1492
21.108491,-44.281124,1512
22.108491,-44.281124,1522
22.108491,-45.281124,1533
22.108491,-46.281124,1563
23.108491,-47.281124,1584
23.108491,-48.281124,1595
24.108491,-48.281124,1604
24.108491,-49.281124,1614
25.108491,-50.281124,1645
26.108491,-51.281124,1706
27.108491,-52.281124,1727
28.108491,-52.281124,1737
29.108491,-53.281124,1747
30.108491,-54.281124,1768
31.108491,-55.281124,1778
33.108491,-55.281124,1819
34.108491,-56.281124,1850
35.108491,-56.281124,1880
36.108491,-56.281124,1890
37.108491,-56.281124,1900
38.108491,-57.281124,1911
39.108491,-57.281124,1931
41.108491,-57.281124,1952
42.108491,-57.281124,2023
44.108491,-57.281124,2033
45.108491,-57.281124,2054
46.108491,-57.281124,2115
46.108491,-55.281124,2125
47.108491,-55.281124,2146
47.108491,-53.281124,2177
47.108491,-52.281124,2197
48.108491,-52.281124,2207
48.108491,-50.281124,2228
49.108491,-49.281124,2248
49.108491,-48.281124,2279
49.108491,-47.281124,2299
49.108491,-46.281124,2309
50.108491,-45.281124,2330
50.108491,-44.281124,2350
50.108491,-42.281124,2371
50.108491,-41.281124,2422
50.108491,-40.281124,2452
50.108491,-39.281124,2463
50.108491,-38.281124,2473
50.108491,-37.281124,2483
50.108491,-36.281124,2504
50.108491,-34.281124,2555
50.108491,-33.281124,2626
50.108491,-32.281124,2667
50.108491,-31.281124,2677
50.108491,-30.281124,2769
48.108491,-30.281124,2790
47.108491,-28.281124,2820
47.108491,-27.281124,2851
45.108491,-27.281124,2871
45.108491,-25.281124,2882
43.108491,-25.281124,2933
43.108491,-23.281124,2953
41.108491,-23.281124,2963
40.108491,-21.281124,3055
39.108491,-21.281124,3076
39.108491,-19.281124,3096
37.108491,-19.281124,3107
36.108491,-19.281124,3117
35.108491,-19.281124,3178
34.108491,-19.281124,3229
33.108491,-19.281124,3290
32.108491,-19.281124,3311
31.108491,-19.281124,3342
29.108491,-19.281124,3454
29.108491,-20.281124,3464
27.108491,-20.281124,3485
27.108491,-21.281124,3505
25.108491,-22.281124,3526
24.108491,-22.281124,3546
24.108491,-23.281124,3556
22.108491,-24.281124,3577
21.108491,-25.281124,3587
20.108491,-26.281124,3607
20.108491,-27.281124,3638
BREAK
49.108491,-30.281124,4639
49.108491,-28.281124,4741
50.108491,-28.281124,4792
50.108491,-26.281124,4843
51.108491,-26.281124,4874
52.108491,-24.281124,4915
53.108491,-24.281124,4945
53.108491,-22.281124,4955
54.108491,-22.281124,4986
55.108491,-22.281124,5007
56.108491,-22.281124,5017
56.108491,-20.281124,5027
57.108491,-20.281124,5037
58.108491,-20.281124,5129
59.108491,-20.281124,5150
60.108491,-20.281124,5180
61.108491,-20.281124,5211
62.108491,-20.281124,5221
63.108491,-20.281124,5242
65.108491,-20.281124,5252
66.108491,-20.281124,5262
67.108491,-20.281124,5272
68.108491,-20.281124,5344
70.108491,-20.281124,5364
72.108491,-20.281124,5477
73.108491,-20.281124,5497
73.108491,-21.281124,5507
74.108491,-21.281124,5528
75.108491,-21.281124,5569
76.108491,-22.281124,5610
77.108491,-22.281124,5620
78.108491,-23.281124,5640
79.108491,-23.281124,5661
79.108491,-24.281124,5692
79.108491,-25.281124,5753
80.108491,-25.281124,5773
80.108491,-26.281124,5783
80.108491,-27.281124,5814
81.108491,-28.281124,5885
81.108491,-29.281124,5906
81.108491,-30.281124,5926
82.108491,-31.281124,5947
82.108491,-32.281124,5988
82.108491,-34.281124,6029
82.108491,-35.281124,6070
82.108491,-36.281124,6100
82.108491,-37.281124,6131
82.108491,-38.281124,6192
82.108491,-39.281124,6213
82.108491,-40.281124,6284
82.108491,-42.281124,6304
82.108491,-43.281124,6335
82.108491,-44.281124,6356
80.108491,-44.281124,6366
80.108491,-45.281124,6437
78.108491,-45.281124,6458
78.108491,-46.281124,6468
76.108491,-46.281124,6529
76.108491,-47.281124,6540
74.108491,-48.281124,6550
73.108491,-48.281124,6581
73.108491,-49.281124,6591
71.108491,-49.281124,6672
71.108491,-50.281124,6693
69.108491,-50.281124,6713
68.108491,-50.281124,6836
67.108491,-51.281124,6846
66.108491,-51.281124,6856
65.108491,-52.281124,6959
BREAK
67.108491,-50.281124,7562
68.108491,-48.281124,7622
69.108491,-48.281124,7663
70.108491,-48.281124,7755
71.108491,-48.281124,7776
72.108491,-48.281124,7786
74.108491,-48.281124,7847
75.108491,-48.281124,7858
76.108491,-48.281124,7878
77.108491,-48.281124,7949
77.108491,-49.281124,7960
78.108491,-49.281124,7980
79.108491,-50.281124,7990
80.108491,-51.281124,8072
81.108491,-52.281124,8093
81.108491,-53.281124,8154
82.108491,-53.281124,8164
82.108491,-54.281124,8174
83.108491,-55.281124,8185
84.108491,-56.281124,8195
84.108491,-57.281124,8246
85.108491,-58.281124,8277
85.108491,-59.281124,8297
85.108491,-60.281124,8379
85.108491,-62.281124,8409
85.108491,-63.281124,8440
86.108491,-64.281124,8471
86.108491,-65.281124,8512
86.108491,-66.281124,8542
86.108491,-67.281124,8634
86.108491,-68.281124,8644
86.108491,-70.281124,8655
86.108491,-71.281124,8675
86.108491,-72.281124,8696
86.108491,-73.281124,8736
86.108491,-75.281124,8768
86.108491,-77.281124,8788
84.108491,-77.281124,8890
84.108491,-78.281124,8910
84.108491,-79.281124,8951
82.108491,-80.281124,8971
81.108491,-81.281124,9063
81.108491,-82.281124,9074
79.108491,-83.281124,9094
78.108491,-84.281124,9196
77.108491,-86.281124,9207
76.108491,-87.281124,9288
75.108491,-88.281124,9350
74.108491,-88.281124,9370
73.108491,-88.281124,9431
71.108491,-89.281124,9442
70.108491,-89.281124,9462
70.108491,-90.281124,9472
68.108491,-90.281124,9482
67.108491,-90.281124,9554
66.108491,-90.281124,9574
65.108491,-91.281124,9605
64.108491,-91.281124,9615
63.108491,-91.281124,9646
62.108491,-91.281124,9656
60.108491,-91.281124,9738
59.108491,-91.281124,9769
58.108491,-91.281124,9779
57.108491,-91.281124,9789
55.108491,-91.281124,9799
53.108491,-91.281124,9820
52.108491,-91.281124,9912
51.108491,-91.281124,9922
50.108491,-91.281124,9932
49.108491,-91.281124,9942
48.108491,-91.281124,9953
47.108491,-91.281124,9963
45.108491,-91.281124,9973
44.108491,-91.281124,10096
43.108491,-89.281124,10137
42.108491,-88.281124,10208
41.108491,-87.281124,10259
40.108491,-86.281124,10269
39.108491,-85.281124,10290
37.108491,-85.281124,10372
37.108491,-83.281124,10382
37.108491,-82.281124,10392
35.108491,-81.281124,10402
35.108491,-80.281124,10423
35.108491,-79.281124,10474
35.108491,-78.281124,10494
35.108491,-77.281124,10515
35.108491,-75.281124,10535
35.108491,-74.281124,10576
35.108491,-73.281124,10607
35.108491,-72.281124,10627
35.108491,-71.281124,10699
36.108491,-71.281124,10709
37.108491,-69.281124,10729
37.108491,-68.281124,10760
38.108491,-68.281124,10791
39.108491,-66.281124,10821
40.108491,-65.281124,10842
41.108491,-65.281124,10883
42.108491,-65.281124,10964
43.108491,-65.281124,10985
BREAK
