START
26.877358,-22.702811,0
26.877358,-24.702811,8
26.877358,-26.702811,16
26.877358,-28.702811,24
26.877358,-29.702811,32
27.877358,-30.702811,40
27.877358,-31.702811,56
27.877358,-32.702811,64
27.877358,-33.702811,72
28.877358,-33.702811,80
28.877358,-34.702811,88
28.877358,-35.702811,96
28.877358,-36.702811,104
28.877358,-37.702811,112
28.877358,-38.702811,120
28.877358,-39.702811,128
28.877358,-41.702811,144
28.877358,-42.702811,168
28.877358,-43.702811,176
28.877358,-44.702811,184
28.877358,-45.702811,192
28.877358,-46.702811,200
28.877358,-47.702811,208
28.877358,-48.702811,216
28.877358,-50.702811,232
28.877358,-51.702811,240
28.877358,-52.702811,248
28.877358,-53.702811,256
28.877358,-54.702811,264
28.877358,-55.702811,272
28.877358,-58.702811,280
28.877358,-59.702811,288
28.877358,-60.702811,296
28.877358,-61.702811,304
28.877358,-62.702811,320
28.877358,-63.702811,328
28.877358,-64.702811,344
29.877358,-66.702811,360
29.877358,-67.702811,376
29.877358,-68.702811,384
30.877358,-69.702811,400
30.877358,-70.702811,536
31.877358,-70.702811,544
33.877358,-70.702811,600
34.877358,-69.702811,608
36.877358,-69.702811,616
37.877358,-69.702811,624
40.877358,-69.702811,632
41.877358,-69.702811,640
42.877358,-69.702811,648
43.877358,-69.702811,656
44.877358,-69.702811,680
45.877358,-69.702811,688
46.877358,-69.702811,704
47.877358,-69.702811,720
48.877358,-69.702811,728
49.877358,-69.702811,736
51.877358,-69.702811,752
52.877358,-69.702811,768
53.877358,-69.702811,776
55.877358,-69.702811,784
57.877358,-69.702811,792
59.877358,-69.702811,800
61.877358,-69.702811,808
62.877358,-69.702811,816
63.877358,-69.702811,824
64.877358,-69.702811,840
65.877358,-69.702811,864
66.877358,-69.702811,888
67.877358,-69.702811,896
68.877358,-69.702811,912
69.877358,-69.702811,920
70.877358,-69.702811,928
71.877358,-69.702811,936
72.877358,-69.702811,944
73.877358,-69.702811,1016
74.877358,-69.702811,1024
75.877358,-69.702811,1032
77.877358,-69.702811,1040
78.877358,-69.702811,1056
79.877358,-69.702811,1328
79.877358,-68.702811,1336
79.877358,-67.702811,1344
79.877358,-66.702811,1352
79.877358,-65.702811,1360
79.877358,-64.702811,1368
79.877358,-61.702811,1376
79.877358,-59.702811,1385
79.877358,-57.702811,1392
79.877358,-56.702811,1400
79.877358,-53.702811,1408
79.877358,-51.702811,1416
79.877358,-50.702811,1424
79.877358,-49.702811,1432
80.877358,-40.702811,1486
80.877358,-38.702811,1488
81.877358,-35.702811,1496
81.877358,-34.702811,1536
81.877358,-33.702811,1568
81.877358,-32.702811,1592
81.877358,-31.702811,1616
81.877358,-30.702811,1632
81.877358,-29.702811,1648
81.877358,-28.702811,1656
81.877358,-27.702811,1680
81.877358,-26.702811,1704
81.877358,-25.702811,1728
81.877358,-24.702811,1760
81.877358,-23.702811,1776
81.877358,-21.702811,1808
81.877358,-20.702811,1832
81.877358,-19.702811,1856
81.877358,-18.702811,1888
80.877358,-18.702811,2056
BREAK
55.877358,-64.702811,2728
55.877358,-63.702811,2760
55.877358,-62.702811,2784
55.877358,-61.702811,2792
55.877358,-60.702811,2808
55.877358,-59.702811,2816
56.877358,-58.702811,2824
56.877358,-57.702811,2840
57.877358,-56.702811,2848
57.877358,-55.702811,2864
57.877358,-54.702811,2880
57.877358,-53.702811,2888
57.877358,-52.702811,2904
57.877358,-51.702811,2928
57.877358,-50.702811,2960
57.877358,-49.702811,2976
57.877358,-48.702811,2992
57.877358,-47.702811,3008
57.877358,-46.702811,3016
57.877358,-45.702811,3056
57.877358,-44.702811,3096
57.877358,-43.702811,3120
57.877358,-42.702811,3128
57.877358,-41.702811,3160
57.877358,-40.702811,3168
57.877358,-39.702811,3192
57.877358,-38.702811,3224
58.877358,-37.702811,3248
58.877358,-36.702811,3288
58.877358,-35.702811,3328
58.877358,-34.702811,3352
58.877358,-33.702811,3384
58.877358,-32.702811,3424
58.877358,-31.702811,3448
58.877358,-30.702811,3472
58.877358,-29.702811,3504
58.877358,-28.702811,3544
58.877358,-27.702811,3608
58.877358,-26.702811,3624
58.877358,-25.702811,3640
58.877358,-24.702811,3680
58.877358,-23.702811,3744
58.877358,-22.702811,3784
58.877358,-21.702811,3808
58.877358,-20.702811,3848
58.877358,-19.702811,3928
58.877358,-18.702811,3952
BREAK
