START
53.474517,-43.114048,0
53.474517,-43.510332,56
53.474517,-43.906617,72
53.474517,-44.699187,88
53.474517,-45.095472,104
53.474517,-45.491756,112
53.474517,-45.888041,120
53.474517,-46.284326,136
53.474517,-46.680611,152
53.474517,-47.076896,168
53.474517,-47.473181,176
53.474517,-47.869465,184
53.474517,-48.26575,200
53.474517,-48.662035,208
53.474517,-49.05832,216
53.474517,-49.454605,224
53.474517,-50.247174,240
53.474517,-50.643459,256
53.474517,-51.039744,264
53.474517,-51.436029,272
53.474517,-51.832314,280
53.474517,-52.228599,296
53.474517,-52.624883,312
53.474517,-53.021168,320
53.474517,-53.417453,328
53.078232,-53.417453,336
53.078232,-53.813738,344
53.078232,-54.210023,352
52.681947,-54.210023,360
52.285662,-54.606308,368
52.285662,-55.002592,376
51.889377,-55.002592,384
51.493092,-55.795162,400
51.493092,-56.191447,416
51.096808,-56.587732,424
50.700523,-56.587732,432
50.304238,-56.984017,448
49.907953,-57.380301,464
49.511668,-57.380301,472
49.115383,-57.380301,488
48.719099,-57.776586,504
48.322814,-57.776586,512
47.926529,-58.172871,544
47.530244,-58.172871,592
47.133959,-58.172871,600
46.737675,-58.172871,608
46.34139,-57.776586,624
45.54882,-57.776586,640
45.54882,-57.380301,648
45.152535,-57.380301,656
45.152535,-56.984017,664
44.75625,-56.984017,672
44.75625,-56.587732,688
43.963681,-56.191447,696
43.567396,-55.795162,712
43.171111,-55.795162,728
43.171111,-55.398877,736
43.171111,-55.002592,744
42.774826,-55.002592,752
42.378541,-54.606308,760
42.378541,-54.210023,768
42.378541,-53.813738,776
41.982257,-53.417453,784
41.585972,-53.417453,792
41.585972,-53.021168,800
41.189687,-52.624883,808
41.189687,-52.228599,824
41.189687,-51.832314,856
41.189687,-51.436029,888
41.189687,-51.039744,904
41.189687,-51.436029,1152
41.189687,-51.832314,1168
41.189687,-52.228599,1184
40.793402,-52.624883,1200
40.793402,-53.021168,1208
40.793402,-53.417453,1224
40.793402,-53.813738,1240
40.793402,-54.210023,1264
40.793402,-54.606308,1280
40.793402,-55.002592,1304
40.397117,-55.002592,1320
40.397117,-55.398877,1336
40.397117,-55.795162,1360
40.000832,-56.191447,1384
39.604548,-56.191447,1400
39.208263,-56.191447,1424
38.811978,-56.191447,1440
38.811978,-56.587732,1448
38.415693,-56.587732,1456
38.019408,-56.984017,1472
37.623123,-56.984017,1480
37.226839,-56.984017,1496
36.830554,-56.984017,1528
36.434269,-56.984017,1544
36.037984,-56.984017,1552
35.245414,-56.984017,1560
34.84913,-56.984017,1576
34.05656,-56.984017,1584
33.660275,-56.984017,1600
33.26399,-56.984017,1632
32.867705,-56.984017,1664
32.471421,-56.191447,1680
32.471421,-55.795162,1696
32.075136,-55.398877,1704
31.678851,-55.398877,1720
31.678851,-55.002592,1728
31.678851,-54.606308,1736
31.282566,-54.210023,1744
31.282566,-53.813738,1752
30.489996,-53.417453,1760
30.093712,-53.021168,1768
30.093712,-52.624883,1776
29.697427,-52.228599,1784
29.697427,-51.832314,1792
29.697427,-51.436029,1800
29.697427,-51.039744,1816
29.697427,-50.643459,1832
29.697427,-50.247174,1840
29.697427,-49.85089,1856
29.697427,-49.454605,1872
29.697427,-49.05832,1896
29.697427,-48.662035,1904
30.093712,-48.662035,1912
30.489996,-48.26575,1920
31.282566,-47.869465,1936
31.678851,-47.869465,1944
32.075136,-47.869465,1952
32.075136,-47.473181,1960
32.471421,-47.473181,1968
33.26399,-47.473181,1976
33.660275,-47.473181,1992
34.84913,-47.473181,2000
35.641699,-47.473181,2016
36.037984,-47.473181,2024
36.830554,-47.473181,2032
37.623123,-47.473181,2040
38.019408,-47.473181,2048
38.415693,-47.473181,2056
39.208263,-47.473181,2064
40.397117,-47.473181,2072
41.189687,-47.473181,2080
41.982257,-47.473181,2088
42.774826,-47.473181,2096
43.567396,-47.473181,2104
44.359966,-47.473181,2113
45.152535,-47.473181,2120
45.945105,-47.473181,2128
46.34139,-47.473181,2136
46.737675,-47.473181,2152
47.133959,-47.473181,2160
47.926529,-47.473181,2168
48.719099,-47.473181,2184
49.115383,-47.473181,2192
49.511668,-47.473181,2200
49.907953,-47.473181,2208
50.304238,-47.473181,2216
50.700523,-47.473181,2224
51.096808,-47.473181,2232
51.889377,-47.473181,2240
52.285662,-47.473181,2256
53.078232,-47.473181,2264
53.474517,-47.473181,2272
54.267086,-47.473181,2280
55.059656,-47.473181,2288
55.852226,-47.473181,2296
56.644795,-47.473181,2304
57.04108,-47.473181,2312
57.437365,-47.473181,2321
58.229935,-47.473181,2328
58.626219,-47.473181,2336
59.022504,-47.473181,2344
59.418789,-47.473181,2352
60.211359,-47.473181,2360
61.003928,-47.473181,2368
61.796498,-47.473181,2376
62.589068,-47.473181,2384
63.381637,-47.473181,2392
64.174207,-47.473181,2400
64.570492,-47.869465,2409
65.363062,-47.869465,2416
65.759346,-47.869465,2424
66.551916,-47.869465,2432
66.948201,-47.869465,2440
67.344486,-47.869465,2448
68.137055,-47.869465,2456
68.53334,-47.869465,2472
69.32591,-47.869465,2480
69.722195,-47.869465,2488
70.118479,-47.869465,2496
70.911049,-47.869465,2504
71.307334,-47.869465,2521
71.703619,-47.869465,2528
72.099904,-47.869465,2544
72.496188,-47.869465,2552
72.892473,-47.869465,2576
73.288758,-48.26575,2593
73.685043,-48.26575,2608
74.081328,-48.662035,2617
74.477613,-49.05832,2632
74.873897,-49.454605,2648
74.873897,-49.85089,2656
74.873897,-50.247174,2680
74.873897,-50.643459,2696
74.873897,-51.039744,2704
74.873897,-51.436029,2713
74.873897,-52.228599,2729
74.873897,-52.624883,2744
74.873897,-53.021168,2752
74.873897,-53.417453,2760
74.873897,-53.813738,2769
74.873897,-54.210023,2785
74.873897,-54.606308,2800
74.873897,-55.002592,2808
74.873897,-55.398877,2824
74.873897,-55.795162,2841
74.873897,-56.191447,2849
74.477613,-56.587732,2856
74.477613,-56.984017,2864
74.081328,-56.984017,2872
74.081328,-57.380301,2880
73.685043,-57.380301,2888
73.685043,-57.776586,2897
73.288758,-57.776586,2913
72.892473,-58.172871,2920
72.892473,-58.569156,2929
72.496188,-58.569156,2969
71.703619,-58.569156,2985
71.307334,-58.569156,3001
70.911049,-58.569156,3009
70.514764,-58.569156,3025
70.118479,-58.569156,3041
69.32591,-58.569156,3049
68.929625,-58.569156,3065
68.53334,-58.569156,3081
68.53334,-58.172871,3088
67.74077,-58.172871,3097
67.74077,-57.776586,3105
67.344486,-57.776586,3113
66.948201,-57.380301,3121
66.948201,-56.984017,3137
66.551916,-56.984017,3153
66.155631,-56.587732,3169
66.155631,-56.191447,3177
65.759346,-56.191447,3185
65.759346,-55.795162,3193
65.759346,-55.398877,3201
65.759346,-55.002592,3209
65.759346,-54.606308,3217
65.363062,-54.210023,3225
65.363062,-53.813738,3233
64.966777,-53.417453,3241
64.966777,-53.021168,3249
64.966777,-52.624883,3257
64.966777,-52.228599,3273
64.966777,-51.436029,3289
64.966777,-51.039744,3305
64.966777,-50.643459,3329
64.966777,-50.247174,3337
65.363062,-50.247174,3345
65.363062,-49.85089,3353
65.759346,-49.85089,3361
65.759346,-49.05832,3369
66.551916,-49.05832,3377
66.551916,-48.662035,3385
66.948201,-48.26575,3393
67.344486,-48.26575,3401
67.74077,-47.869465,3409
67.74077,-47.473181,3417
68.137055,-47.473181,3425
68.53334,-47.473181,3441
68.929625,-47.076896,3457
69.32591,-47.076896,3489
69.722195,-47.076896,3505
70.118479,-47.076896,3521
70.514764,-47.473181,3529
70.911049,-47.473181,3545
70.118479,-47.473181,3601
69.722195,-47.473181,3609
69.32591,-47.076896,3617
68.137055,-46.680611,3625
66.948201,-45.888041,3633
BREAK
52.681947,-44.699187,4304
52.285662,-44.699187,4400
52.285662,-44.302902,4440
52.285662,-43.906617,4456
52.285662,-43.510332,4480
52.285662,-43.114048,4504
52.285662,-42.717763,4520
52.285662,-42.321478,4528
52.285662,-41.925193,4552
52.285662,-41.528908,4568
52.285662,-41.132623,4584
52.285662,-40.736339,4600
52.285662,-40.340054,4608
52.285662,-39.943769,4624
52.285662,-39.547484,4648
52.285662,-39.151199,4672
52.285662,-38.754914,4704
52.285662,-38.35863,4728
52.285662,-37.962345,4744
52.285662,-37.56606,4760
52.285662,-37.169775,4792
52.681947,-37.169775,5304
BREAK
38.415693,-46.680611,6064
38.415693,-46.284326,6144
38.415693,-45.888041,6152
38.415693,-45.095472,6168
38.415693,-44.699187,6176
38.415693,-44.302902,6184
38.415693,-43.906617,6192
38.415693,-43.510332,6200
38.415693,-43.114048,6208
38.415693,-42.717763,6224
38.415693,-42.321478,6232
38.415693,-41.925193,6240
38.415693,-41.528908,6248
38.415693,-41.132623,6256
38.415693,-40.736339,6264
38.415693,-40.340054,6272
38.415693,-39.547484,6288
38.415693,-39.151199,6304
38.415693,-38.754914,6328
38.415693,-38.35863,6344
38.415693,-37.962345,6352
38.415693,-37.56606,6424
38.811978,-37.56606,6512
38.811978,-37.169775,6520
39.208263,-37.169775,6528
39.604548,-37.169775,6536
40.000832,-36.77349,6544
40.397117,-36.77349,6552
41.189687,-36.77349,6560
41.585972,-36.77349,6568
42.378541,-36.77349,6576
43.171111,-36.77349,6584
43.963681,-36.77349,6592
44.75625,-36.77349,6600
45.152535,-36.77349,6608
45.54882,-36.77349,6616
45.945105,-36.77349,6624
46.34139,-36.77349,6632
47.133959,-36.77349,6640
47.926529,-36.77349,6648
48.719099,-36.77349,6656
49.511668,-36.77349,6664
50.700523,-36.77349,6672
51.889377,-36.77349,6680
53.078232,-36.77349,6688
54.267086,-37.169775,6696
55.455941,-37.169775,6704
56.644795,-37.169775,6712
57.83365,-37.169775,6720
58.626219,-37.56606,6728
59.418789,-37.56606,6736
60.211359,-37.56606,6744
61.003928,-37.56606,6752
61.796498,-37.56606,6760
62.985353,-37.56606,6768
63.777922,-37.56606,6776
64.570492,-37.56606,6784
65.363062,-37.56606,6792
66.155631,-37.56606,6808
66.551916,-37.56606,6832
66.948201,-37.56606,6848
67.344486,-37.56606,6856
67.74077,-37.56606,6864
68.137055,-37.56606,6872
68.53334,-37.56606,6896
68.929625,-37.56606,7040
BREAK
