START
26.181334,-34.441506,0
25.341639,-34.441506,236
27.021028,-34.441506,252
28.700418,-34.441506,268
32.059196,-33.601812,285
33.738586,-32.762117,302
35.417975,-32.762117,319
36.25767,-31.922423,335
37.937059,-31.922423,352
38.776754,-31.922423,368
42.135532,-30.243033,385
43.814922,-29.403339,401
47.1737,-27.723949,419
48.853089,-26.884255,434
51.372173,-25.204865,452
53.891257,-24.365171,468
56.410341,-23.525476,485
57.250036,-23.525476,502
57.250036,-22.685781,518
58.089731,-22.685781,534
58.089731,-21.846087,551
59.76912,-21.846087,567
61.448509,-21.006392,584
63.127899,-21.006392,601
64.807288,-19.327003,617
66.486677,-19.327003,634
67.326372,-18.487308,650
68.166067,-18.487308,684
68.166067,-20.166697,867
67.326372,-23.525476,883
66.486677,-26.04456,900
65.646983,-28.563644,917
64.807288,-30.243033,934
64.807288,-32.762117,951
63.967593,-34.441506,966
63.127899,-37.800285,984
62.288204,-39.479674,1000
60.608815,-41.998758,1017
59.76912,-43.678148,1033
59.76912,-45.357537,1050
58.929425,-46.197232,1083
58.929425,-47.036926,1099
58.929425,-47.876621,1115
58.089731,-47.876621,1149
58.089731,-48.716316,1165
58.089731,-50.395705,1183
58.089731,-52.075094,1199
56.410341,-53.754484,1216
56.410341,-54.594178,1233
56.410341,-56.273568,1249
55.570647,-57.113262,1266
55.570647,-57.952957,1282
55.570647,-58.792652,1298
55.570647,-59.632346,1315
54.730952,-60.472041,1331
54.730952,-61.311735,1349
54.730952,-62.15143,1365
54.730952,-62.991125,1382
54.730952,-64.670514,1398
54.730952,-65.510209,1415
54.730952,-66.349903,1448
54.730952,-67.189598,1464
54.730952,-68.029293,1515
54.730952,-68.868987,1530
54.730952,-69.708682,1565
54.730952,-70.548377,1598
54.730952,-71.388071,1631
54.730952,-72.227766,1647
54.730952,-73.067461,1764
53.891257,-73.067461,1781
BREAK
