START
41.909326,-17.340849,0
41.909326,-18.330239,211
42.898716,-19.319629,225
42.898716,-20.309019,238
43.888106,-22.287798,251
43.888106,-23.277188,278
43.888106,-24.266578,318
43.888106,-25.255968,330
43.888106,-26.245358,344
43.888106,-27.234748,357
43.888106,-28.224138,370
43.888106,-29.213528,384
43.888106,-30.202918,397
43.888106,-32.181698,410
43.888106,-33.171088,437
43.888106,-34.160477,450
42.898716,-36.139257,463
42.898716,-37.128647,477
42.898716,-39.107427,490
42.898716,-40.096817,503
41.909326,-41.086207,516
41.909326,-42.075597,530
41.909326,-43.064987,543
40.919936,-44.054377,556
39.930547,-45.043767,582
38.941157,-45.043767,596
38.941157,-46.033156,609
37.951767,-46.033156,622
36.962377,-48.011936,636
35.972987,-48.011936,649
34.983597,-49.990716,662
33.994207,-50.980106,689
33.994207,-51.969496,741
33.004817,-51.969496,760
33.004817,-52.958886,780
32.015427,-52.958886,793
32.015427,-53.948276,826
31.026037,-53.948276,839
30.036647,-53.948276,853
30.036647,-54.937666,885
29.047257,-54.937666,911
28.057867,-55.927056,931
28.057867,-56.916446,964
27.068478,-56.916446,1002
26.079088,-56.916446,1521
24.100308,-57.905836,1533
23.110918,-57.905836,1547
22.121528,-57.905836,1560
21.132138,-57.905836,1752
19.153358,-57.905836,1765
17.174578,-57.905836,1779
15.195799,-57.905836,1792
13.217019,-57.905836,1805
12.227629,-57.905836,1819
BREAK
