START
22.803306,-34.030839,0
22.098699,-34.030839,224
21.394092,-34.030839,240
20.689485,-34.030839,256
19.984878,-34.735446,280
19.28027,-34.735446,304
19.28027,-35.440053,290
18.575663,-35.440053,297
18.575663,-36.14466,329
17.871056,-36.14466,337
17.871056,-36.849267,369
17.166449,-36.849267,393
17.166449,-37.553874,417
16.461842,-37.553874,441
16.461842,-38.258481,449
15.757235,-38.258481,465
15.052628,-38.258481,481
15.052628,-38.963088,489
14.348021,-38.963088,497
14.348021,-39.667695,513
13.643414,-39.667695,521
13.643414,-40.372302,529
12.938807,-41.076909,545
12.2342,-41.076909,553
12.2342,-41.781516,577
11.529593,-41.781516,585
11.529593,-42.486123,609
10.824986,-42.486123,617
10.824986,-43.19073,625
10.120379,-43.19073,641
10.120379,-43.895337,649
9.4157718,-43.895337,665
9.4157718,-44.599944,673
9.4157718,-45.304552,713
8.7111648,-45.304552,729
8.7111648,-46.009159,737
8.7111648,-46.713766,761
8.7111648,-47.418373,785
8.7111648,-48.12298,809
8.7111648,-48.827587,825
8.7111648,-49.532194,841
8.7111648,-50.236801,865
8.7111648,-50.941408,889
8.7111648,-51.646015,897
8.7111648,-52.350622,921
8.7111648,-53.055229,938
8.7111648,-53.759836,961
8.7111648,-54.464443,969
9.4157718,-55.16905,985
9.4157718,-55.873657,1009
10.120379,-55.873657,1033
10.120379,-56.578264,1041
10.824986,-56.578264,1081
10.824986,-57.282871,1089
11.529593,-57.282871,1105
12.2342,-57.282871,1113
12.2342,-57.987478,1121
12.938807,-57.987478,1137
13.643414,-57.987478,1154
14.348021,-58.692085,1169
15.052628,-58.692085,1178
15.757235,-58.692085,1194
16.461842,-58.692085,1210
17.166449,-58.692085,1233
17.871056,-58.692085,1249
18.575663,-58.692085,1265
19.28027,-58.692085,1281
20.689485,-58.692085,1297
21.394092,-58.692085,1305
22.803306,-58.692085,1321
23.507913,-58.692085,1337
24.21252,-58.692085,1345
24.917127,-58.692085,1353
25.621734,-58.692085,1369
26.326341,-58.692085,1385
26.326341,-57.987478,1393
27.030948,-57.987478,1401
27.030948,-57.282871,1409
27.735555,-57.282871,1417
28.440162,-56.578264,1425
29.144769,-56.578264,1434
29.849376,-56.578264,1441
30.553983,-55.873657,1450
31.25859,-55.16905,1457
31.963197,-55.16905,1465
32.667804,-55.16905,1473
32.667804,-54.464443,1481
33.372411,-54.464443,1489
34.077018,-54.464443,1497
34.781626,-53.759836,1513
35.486233,-53.759836,1521
35.486233,-53.055229,1529
36.895447,-53.055229,1537
37.600054,-52.350622,1545
38.304661,-52.350622,1553
39.009268,-51.646015,1561
39.713875,-50.941408,1569
40.418482,-50.941408,1577
41.123089,-50.941408,1585
41.827696,-50.236801,1593
42.532303,-49.532194,1601
43.941517,-49.532194,1609
44.646124,-49.532194,1625
44.646124,-48.827587,1634
45.350731,-48.827587,1641
46.055338,-48.827587,1657
46.759945,-48.12298,1665
47.464552,-48.12298,1689
47.464552,-47.418373,1697
48.169159,-47.418373,1706
48.169159,-46.713766,1713
49.578373,-46.713766,1722
49.578373,-46.009159,1730
50.282981,-46.009159,1745
50.987588,-45.304552,1754
51.692195,-45.304552,1762
52.396802,-43.895337,1777
53.101409,-43.895337,1793
53.806016,-43.19073,1802
54.510623,-42.486123,1818
54.510623,-41.781516,1825
55.21523,-41.781516,1834
55.21523,-41.076909,1850
55.919837,-41.076909,1858
56.624444,-41.076909,1866
56.624444,-40.372302,1890
57.329051,-40.372302,1898
58.033658,-39.667695,1913
58.738265,-38.963088,1922
59.442872,-38.963088,1930
59.442872,-38.258481,1938
60.147479,-38.258481,1946
60.852086,-38.258481,1954
61.556693,-37.553874,1962
62.2613,-37.553874,1994
62.2613,-36.849267,2010
62.965907,-36.849267,2018
62.965907,-36.14466,2026
63.670514,-36.14466,2034
64.375121,-36.14466,2042
65.079728,-35.440053,2058
65.784336,-35.440053,2074
66.488943,-35.440053,2122
66.488943,-34.735446,2130
67.19355,-34.735446,2154
67.898157,-34.735446,2170
67.898157,-34.030839,2178
68.602764,-34.030839,2186
69.307371,-33.326232,2194
70.011978,-33.326232,2202
70.716585,-33.326232,2210
71.421192,-32.621625,2218
72.125799,-32.621625,2226
72.125799,-31.917018,2234
73.535013,-31.917018,2242
73.535013,-31.212411,2250
74.23962,-31.212411,2258
74.944227,-31.212411,2266
74.944227,-30.507804,2274
75.648834,-30.507804,2282
76.353441,-30.507804,2290
77.058048,-29.803197,2306
77.762655,-29.803197,2322
78.467262,-29.803197,2346
78.467262,-29.098589,2354
79.171869,-29.098589,2362
79.876476,-28.393982,2378
80.581083,-28.393982,2386
81.285691,-28.393982,2394
81.990298,-27.689375,2410
82.694905,-27.689375,2426
83.399512,-27.689375,2450
83.399512,-26.984768,2466
84.104119,-26.984768,2482
84.808726,-26.984768,2514
85.513333,-26.984768,2674
86.21794,-26.984768,2690
86.922547,-26.984768,2698
87.627154,-27.689375,2706
88.331761,-27.689375,2714
89.036368,-28.393982,2722
89.740975,-29.098589,2730
89.740975,-29.803197,2738
91.150189,-30.507804,2746
91.854796,-30.507804,2754
92.559403,-31.212411,2762
92.559403,-31.917018,2834
92.559403,-32.621625,2850
93.26401,-33.326232,2866
93.26401,-34.030839,2874
93.26401,-34.735446,2882
93.968617,-35.440053,2890
93.968617,-36.14466,2906
93.968617,-36.849267,2922
93.968617,-37.553874,2930
93.968617,-38.258481,2946
93.968617,-38.963088,2962
93.968617,-39.667695,2978
93.968617,-40.372302,2986
93.968617,-41.076909,3010
93.26401,-41.076909,3034
93.26401,-41.781516,3042
92.559403,-41.781516,3058
92.559403,-42.486123,3066
92.559403,-43.19073,3074
91.854796,-43.895337,3090
91.150189,-44.599944,3114
90.445582,-46.009159,3130
89.740975,-46.713766,3146
89.036368,-47.418373,3162
88.331761,-47.418373,3178
87.627154,-47.418373,3186
87.627154,-48.12298,3234
86.922547,-48.12298,3274
86.21794,-48.12298,3291
86.21794,-48.827587,3306
84.808726,-48.827587,3314
84.104119,-48.827587,3322
82.694905,-48.827587,3338
81.990298,-48.827587,3354
80.581083,-48.827587,3362
80.581083,-49.532194,3370
79.876476,-49.532194,3378
BREAK
