START
71.259079,-25.773153,0
71.259079,-24.991198,15
70.477124,-24.991198,31
70.477124,-24.209243,55
69.69517,-24.209243,79
69.69517,-23.427288,87
68.913215,-23.427288,103
68.913215,-22.645333,111
68.13126,-22.645333,119
68.13126,-21.863378,127
67.349305,-21.863378,143
66.56735,-21.081423,159
65.00344,-21.081423,183
64.221485,-21.081423,191
63.43953,-21.081423,199
62.657576,-21.081423,215
61.875621,-21.081423,223
61.093666,-20.299469,231
60.311711,-20.299469,247
59.529756,-20.299469,255
58.747801,-20.299469,271
57.965846,-19.517514,279
56.401936,-19.517514,287
55.619982,-19.517514,295
54.056072,-19.517514,311
53.274117,-19.517514,319
52.492162,-19.517514,335
51.710207,-19.517514,343
50.928252,-19.517514,351
50.146297,-19.517514,359
49.364342,-19.517514,367
48.582388,-19.517514,383
47.018478,-20.299469,391
46.236523,-20.299469,407
45.454568,-20.299469,415
44.672613,-21.081423,423
43.890658,-21.081423,439
43.108703,-22.645333,455
42.326748,-22.645333,463
42.326748,-23.427288,479
41.544794,-23.427288,487
40.762839,-24.209243,503
40.762839,-24.991198,512
39.980884,-24.991198,520
39.198929,-25.773153,528
39.198929,-26.555108,543
38.416974,-26.555108,552
38.416974,-27.337063,560
38.416974,-28.119017,568
38.416974,-28.900972,584
37.635019,-29.682927,592
37.635019,-30.464882,607
37.635019,-31.246837,616
37.635019,-32.028792,624
37.635019,-32.810747,639
37.635019,-33.592702,648
37.635019,-34.374657,664
37.635019,-35.156611,680
37.635019,-35.938566,688
37.635019,-36.720521,696
37.635019,-37.502476,712
37.635019,-39.066386,728
38.416974,-39.066386,736
38.416974,-39.848341,744
38.416974,-40.630296,752
39.198929,-41.412251,768
39.198929,-42.194205,776
39.198929,-42.97616,784
39.980884,-42.97616,792
39.980884,-43.758115,800
40.762839,-43.758115,808
40.762839,-44.54007,816
41.544794,-44.54007,824
41.544794,-45.322025,832
41.544794,-46.10398,840
42.326748,-46.10398,848
43.108703,-46.885935,864
43.890658,-47.66789,872
43.890658,-48.449844,880
44.672613,-48.449844,896
44.672613,-49.231799,904
45.454568,-50.013754,912
46.236523,-50.013754,928
46.236523,-50.795709,936
47.018478,-50.795709,944
47.800433,-50.795709,952
47.800433,-51.577664,960
48.582388,-51.577664,968
49.364342,-52.359619,984
50.146297,-52.359619,992
50.146297,-53.141574,1000
50.928252,-53.141574,1008
51.710207,-53.141574,1016
52.492162,-53.141574,1032
53.274117,-53.923529,1040
54.056072,-53.923529,1048
54.838027,-53.923529,1072
55.619982,-53.923529,1088
56.401936,-53.923529,1104
57.183891,-53.923529,1112
57.965846,-53.923529,1128
58.747801,-53.923529,1152
59.529756,-53.923529,1160
60.311711,-53.923529,1168
61.093666,-53.141574,1184
61.093666,-52.359619,1192
61.875621,-52.359619,1200
62.657576,-52.359619,1216
63.43953,-52.359619,1224
63.43953,-51.577664,1232
64.221485,-51.577664,1240
65.00344,-50.795709,1256
65.785395,-50.013754,1280
66.56735,-50.013754,1296
66.56735,-49.231799,1304
67.349305,-49.231799,1322
67.349305,-48.449844,1344
68.13126,-48.449844,1352
68.913215,-47.66789,1384
69.69517,-47.66789,1400
69.69517,-46.885935,1416
70.477124,-46.885935,1432
70.477124,-46.10398,1440
71.259079,-46.10398,1456
71.259079,-45.322025,1480
BREAK
71.259079,-45.322025,1864
70.477124,-45.322025,1927
70.477124,-46.10398,1935
70.477124,-46.885935,1951
69.69517,-47.66789,1967
69.69517,-49.231799,1983
69.69517,-50.013754,1999
69.69517,-50.795709,2015
69.69517,-51.577664,2023
69.69517,-52.359619,2047
69.69517,-53.141574,2055
68.913215,-53.141574,2063
68.913215,-53.923529,2071
68.913215,-54.705484,2087
68.13126,-54.705484,2095
68.13126,-55.487438,2103
67.349305,-56.269393,2127
66.56735,-56.269393,2135
66.56735,-57.051348,2143
65.785395,-57.833303,2159
65.785395,-58.615258,2167
65.00344,-58.615258,2183
64.221485,-59.397213,2191
64.221485,-60.179168,2199
63.43953,-60.179168,2207
63.43953,-60.961123,2223
62.657576,-60.961123,2231
61.875621,-61.743078,2247
61.093666,-61.743078,2255
61.093666,-62.525032,2271
60.311711,-62.525032,2280
60.311711,-63.306987,2288
59.529756,-63.306987,2295
58.747801,-63.306987,2303
57.965846,-64.088942,2312
57.183891,-64.088942,2335
56.401936,-64.870897,2344
55.619982,-64.870897,2352
54.838027,-64.870897,2367
54.056072,-64.870897,2376
52.492162,-64.870897,2392
51.710207,-64.870897,2408
50.928252,-64.870897,2431
50.146297,-64.870897,2448
49.364342,-64.870897,2479
48.582388,-64.870897,2488
47.800433,-64.870897,2504
47.018478,-64.870897,2512
46.236523,-64.870897,2527
45.454568,-64.870897,2552
43.890658,-64.870897,2568
43.108703,-64.088942,2584
41.544794,-64.088942,2600
40.762839,-64.088942,2608
40.762839,-63.306987,2616
39.980884,-63.306987,2624
39.198929,-63.306987,2632
38.416974,-63.306987,2648
37.635019,-63.306987,2680
37.635019,-62.525032,2704
36.853064,-62.525032,2712
36.071109,-62.525032,2728
36.071109,-61.743078,2752
35.289154,-61.743078,2760
34.5072,-61.743078,2784
33.725245,-60.961123,2824
33.725245,-61.743078,3072
33.725245,-62.525032,3088
33.725245,-63.306987,3104
33.725245,-64.088942,3120
33.725245,-64.870897,3128
33.725245,-65.652852,3152
33.725245,-66.434807,3160
34.5072,-67.216762,3176
34.5072,-67.998717,3192
34.5072,-68.780672,3216
35.289154,-68.780672,3224
35.289154,-69.562626,3232
35.289154,-70.344581,3248
36.071109,-71.126536,3264
36.071109,-71.908491,3288
36.071109,-72.690446,3304
36.853064,-73.472401,3312
37.635019,-73.472401,3328
37.635019,-74.254356,3336
38.416974,-75.036311,3352
38.416974,-75.818266,3376
39.198929,-75.818266,3384
39.980884,-76.60022,3400
40.762839,-76.60022,3416
40.762839,-77.382175,3424
41.544794,-77.382175,3440
42.326748,-78.16413,3456
43.108703,-78.16413,3464
43.890658,-78.16413,3472
44.672613,-78.16413,3480
45.454568,-78.16413,3488
47.018478,-78.946085,3496
47.800433,-78.946085,3512
48.582388,-78.946085,3520
49.364342,-78.946085,3544
50.146297,-78.946085,3552
50.928252,-78.946085,3568
51.710207,-78.946085,3576
52.492162,-78.946085,3584
53.274117,-78.946085,3592
54.056072,-78.946085,3600
56.401936,-78.946085,3608
57.183891,-78.16413,3616
58.747801,-78.16413,3624
59.529756,-78.16413,3632
59.529756,-77.382175,3640
60.311711,-77.382175,3656
61.093666,-77.382175,3664
61.875621,-77.382175,3688
62.657576,-76.60022,3704
63.43953,-76.60022,3712
64.221485,-76.60022,3720
65.00344,-75.818266,3736
65.785395,-75.036311,3752
66.56735,-75.036311,3768
66.56735,-74.254356,3784
67.349305,-74.254356,3792
67.349305,-73.472401,3808
68.13126,-73.472401,3816
68.13126,-71.908491,3832
68.913215,-71.908491,3840
69.69517,-71.908491,3848
69.69517,-71.126536,3856
70.477124,-70.344581,3872
70.477124,-69.562626,3888
71.259079,-68.780672,3904
71.259079,-67.998717,3928
72.041034,-67.998717,3936
72.041034,-67.216762,3968
72.822989,-66.434807,4008
72.822989,-65.652852,4032
73.604944,-65.652852,4040
73.604944,-64.870897,4080
74.386899,-64.870897,4104
74.386899,-64.088942,4120
74.386899,-63.306987,4160
74.386899,-64.088942,4360
74.386899,-64.870897,4384
74.386899,-65.652852,4400
74.386899,-66.434807,4416
74.386899,-67.216762,4424
74.386899,-67.998717,4440
74.386899,-68.780672,4464
74.386899,-69.562626,4488
74.386899,-70.344581,4496
74.386899,-71.126536,4520
74.386899,-71.908491,4552
74.386899,-72.690446,4576
74.386899,-73.472401,4584
74.386899,-74.254356,4608
74.386899,-75.036311,4640
74.386899,-76.60022,4664
74.386899,-77.382175,4696
74.386899,-78.16413,4720
74.386899,-78.946085,4752
74.386899,-79.72804,4760
75.168854,-80.509995,4800
75.168854,-81.29195,4832
75.950809,-82.073905,4856
75.950809,-82.85586,4872
76.732764,-82.85586,4880
77.514718,-83.637814,4896
78.296673,-83.637814,4912
79.078628,-83.637814,4960
79.860583,-83.637814,4968
80.642538,-83.637814,4992
81.424493,-84.419769,5008
82.206448,-84.419769,5024
82.988403,-84.419769,5040
83.770357,-84.419769,5064
84.552312,-84.419769,5088
84.552312,-83.637814,5104
85.334267,-83.637814,5112
86.116222,-83.637814,5128
86.898177,-83.637814,5152
87.680132,-83.637814,5168
88.462087,-83.637814,5184
89.244042,-83.637814,5192
90.025997,-83.637814,5216
BREAK
