START
39.641509,-7.8594378,0
39.641509,-7.8594378,206
40.641509,-7.8594378,216
41.641509,-8.8594378,242
42.641509,-8.8594378,253
43.641509,-8.8594378,266
44.641509,-9.8594378,278
45.641509,-10.859438,290
45.641509,-12.859438,301
46.641509,-15.859438,314
47.641509,-16.859438,327
47.641509,-17.859438,339
48.641509,-19.859438,351
48.641509,-20.859438,362
48.641509,-21.859438,374
49.641509,-25.859438,387
51.641509,-29.859438,399
51.641509,-31.859438,412
52.641509,-33.859438,422
53.641509,-34.859438,435
53.641509,-36.859438,446
53.641509,-39.859438,457
54.641509,-45.859438,471
54.641509,-49.859438,484
54.641509,-51.859438,494
54.641509,-53.859438,507
54.641509,-58.859438,519
54.641509,-63.859438,530
54.641509,-68.859438,544
54.641509,-70.859438,555
54.641509,-73.859438,567
55.641509,-78.859438,579
56.641509,-84.859438,592
56.641509,-88.859438,603
56.641509,-91.859438,616
56.641509,-92.859438,628
57.641509,-95.859438,639
57.641509,-99.859438,650
BREAK
54.641509,-41.859438,2036
55.641509,-41.859438,2179
56.641509,-41.859438,2191
57.641509,-41.859438,2227
57.641509,-41.859438,2239
58.641509,-41.859438,2251
60.641509,-41.859438,2274
61.641509,-42.859438,2288
62.641509,-42.859438,2300
62.641509,-42.859438,2322
63.641509,-42.859438,2348
64.641509,-42.859438,2359
65.641509,-42.859438,2408
65.641509,-41.859438,2430
66.641509,-41.859438,2444
66.641509,-41.859438,2456
67.641509,-41.859438,2467
68.641509,-40.859438,2480
69.641509,-40.859438,2492
70.641509,-40.859438,2514
71.641509,-40.859438,2540
BREAK
