START
33.886073,-37.438057,0
33.886073,-38.404159,15
33.886073,-39.370261,32
33.886073,-40.336362,48
33.886073,-41.302464,56
33.886073,-42.268566,79
34.852175,-43.234667,88
34.852175,-44.200769,95
36.784378,-45.166871,103
37.75048,-47.099074,111
38.716581,-48.065176,128
40.648785,-49.031278,135
41.614886,-49.031278,143
43.54709,-49.997379,151
44.513192,-50.963481,159
45.479293,-50.963481,168
48.377598,-50.963481,175
49.3437,-50.963481,183
51.275903,-50.963481,191
53.208107,-50.963481,199
55.14031,-50.963481,208
57.072514,-49.997379,216
58.038615,-49.031278,224
60.93692,-48.065176,232
61.903022,-46.132973,240
62.869124,-45.166871,248
64.801327,-44.200769,256
65.767429,-41.302464,264
65.767429,-40.336362,272
66.733531,-38.404159,280
67.699632,-37.438057,288
67.699632,-36.471956,296
67.699632,-34.539752,304
67.699632,-33.573651,312
67.699632,-32.607549,320
67.699632,-30.675345,328
66.733531,-29.709244,336
66.733531,-28.743142,344
65.767429,-28.743142,352
65.767429,-27.77704,360
64.801327,-27.77704,368
63.835225,-27.77704,376
62.869124,-27.77704,384
60.93692,-27.77704,400
59.970819,-27.77704,408
58.038615,-28.743142,424
57.072514,-29.709244,432
55.14031,-30.675345,440
54.174209,-31.641447,457
53.208107,-33.573651,464
52.242005,-34.539752,472
52.242005,-35.505854,480
52.242005,-36.471956,488
51.275903,-38.404159,496
51.275903,-39.370261,504
51.275903,-40.336362,512
51.275903,-41.302464,520
51.275903,-42.268566,528
51.275903,-43.234667,536
51.275903,-45.166871,544
51.275903,-46.132973,560
51.275903,-47.099074,568
51.275903,-48.065176,576
51.275903,-49.031278,584
51.275903,-50.963481,600
51.275903,-51.929583,616
51.275903,-52.895684,632
51.275903,-53.861786,641
52.242005,-54.827888,656
52.242005,-55.79399,672
52.242005,-56.760091,688
52.242005,-57.726193,704
53.208107,-58.692295,720
53.208107,-59.658396,736
53.208107,-60.624498,744
53.208107,-61.5906,760
53.208107,-62.556701,776
53.208107,-63.522803,792
53.208107,-64.488905,800
54.174209,-64.488905,808
54.174209,-65.455006,816
55.14031,-65.455006,824
55.14031,-66.421108,841
56.106412,-66.421108,848
56.106412,-67.38721,857
57.072514,-67.38721,880
57.072514,-68.353312,896
58.038615,-68.353312,904
59.004717,-68.353312,912
59.970819,-68.353312,928
59.970819,-69.319413,944
60.93692,-69.319413,952
61.903022,-69.319413,992
62.869124,-69.319413,1024
62.869124,-70.285515,1032
62.869124,-71.251617,1064
63.835225,-71.251617,1072
64.801327,-71.251617,1096
65.767429,-71.251617,1112
66.733531,-71.251617,1128
67.699632,-71.251617,1144
68.665734,-71.251617,1160
69.631836,-71.251617,1168
70.597937,-71.251617,1184
71.564039,-71.251617,1192
72.530141,-71.251617,1200
73.496242,-70.285515,1216
74.462344,-70.285515,1224
75.428446,-70.285515,1232
76.394547,-70.285515,1248
78.326751,-69.319413,1264
79.292853,-68.353312,1280
80.258954,-67.38721,1296
81.225056,-67.38721,1304
81.225056,-66.421108,1312
82.191158,-66.421108,1320
82.191158,-64.488905,1328
82.191158,-63.522803,1344
83.157259,-62.556701,1360
83.157259,-61.5906,1376
83.157259,-60.624498,1384
83.157259,-61.5906,1488
84.123361,-62.556701,1496
84.123361,-63.522803,1512
84.123361,-64.488905,1520
85.089463,-66.421108,1528
86.055564,-67.38721,1536
86.055564,-68.353312,1544
86.055564,-69.319413,1552
87.021666,-70.285515,1560
87.021666,-72.217718,1568
87.021666,-73.18382,1576
87.021666,-74.149922,1584
87.987768,-76.082125,1592
87.987768,-77.048227,1608
87.987768,-78.98043,1616
87.987768,-80.912634,1632
87.987768,-81.878735,1640
87.987768,-83.810939,1657
87.987768,-84.77704,1664
87.987768,-85.743142,1673
87.021666,-85.743142,1680
87.021666,-87.675345,1688
85.089463,-87.675345,1696
84.123361,-88.641447,1704
82.191158,-89.607549,1712
80.258954,-89.607549,1720
78.326751,-90.573651,1728
76.394547,-90.573651,1736
73.496242,-91.539752,1744
72.530141,-91.539752,1752
69.631836,-91.539752,1760
67.699632,-91.539752,1768
65.767429,-91.539752,1776
63.835225,-91.539752,1784
59.970819,-91.539752,1792
58.038615,-91.539752,1800
55.14031,-90.573651,1808
53.208107,-90.573651,1816
51.275903,-89.607549,1824
48.377598,-88.641447,1832
47.411497,-87.675345,1840
45.479293,-87.675345,1848
43.54709,-85.743142,1857
42.580988,-85.743142,1864
40.648785,-83.810939,1874
39.682683,-82.844837,1880
37.75048,-80.912634,1888
36.784378,-79.946532,1896
35.818276,-78.98043,1904
33.886073,-78.014329,1912
32.919971,-76.082125,1920
30.987768,-75.116023,1928
30.021666,-74.149922,1936
28.089463,-73.18382,1944
27.123361,-72.217718,1952
26.157259,-71.251617,1960
25.191158,-69.319413,1976
24.225056,-68.353312,1992
23.258954,-67.38721,2000
22.292853,-66.421108,2008
22.292853,-65.455006,2016
22.292853,-64.488905,2024
21.326751,-63.522803,2032
20.360649,-62.556701,2048
20.360649,-61.5906,2058
20.360649,-60.624498,2073
19.394547,-59.658396,2080
19.394547,-58.692295,2088
BREAK
