START
35.818276,-19.082125,0
35.818276,-20.048227,82
35.818276,-21.014329,407
35.818276,-21.98043,443
35.818276,-22.946532,466
35.818276,-23.912634,478
36.784378,-23.912634,733
36.784378,-24.878735,758
37.75048,-24.878735,780
37.75048,-25.844837,803
38.716581,-25.844837,816
39.682683,-26.810939,854
40.648785,-26.810939,866
40.648785,-27.77704,906
41.614886,-27.77704,913
42.580988,-27.77704,923
43.54709,-27.77704,937
43.54709,-28.743142,950
44.513192,-28.743142,996
45.479293,-28.743142,1031
46.445395,-28.743142,1058
47.411497,-28.743142,1069
48.377598,-28.743142,1093
49.3437,-28.743142,1104
51.275903,-28.743142,1129
52.242005,-28.743142,1154
53.208107,-28.743142,1167
54.174209,-28.743142,1178
55.14031,-28.743142,1201
56.106412,-28.743142,1224
57.072514,-27.77704,1250
58.038615,-26.810939,1262
59.004717,-26.810939,1287
59.004717,-25.844837,1311
59.970819,-24.878735,1395
59.970819,-23.912634,1407
59.970819,-22.946532,1454
60.93692,-21.014329,1504
60.93692,-20.048227,1515
60.93692,-19.082125,1526
60.93692,-18.116023,1646
60.93692,-17.149922,1671
59.970819,-16.18382,1754
59.970819,-15.217718,1766
59.004717,-15.217718,1864
58.038615,-15.217718,1890
57.072514,-15.217718,2069
56.106412,-15.217718,2081
55.14031,-15.217718,2154
54.174209,-16.18382,2178
53.208107,-16.18382,2263
52.242005,-17.149922,2275
51.275903,-18.116023,2360
50.309802,-18.116023,2372
50.309802,-19.082125,2385
49.3437,-21.014329,2503
48.377598,-21.98043,2515
48.377598,-22.946532,2526
47.411497,-24.878735,2684
47.411497,-25.844837,2708
47.411497,-27.77704,2851
46.445395,-28.743142,2875
46.445395,-29.709244,2959
46.445395,-30.675345,2971
46.445395,-31.641447,2997
46.445395,-32.607549,3045
46.445395,-33.573651,3075
46.445395,-34.539752,3092
46.445395,-35.505854,3176
46.445395,-36.471956,3225
47.411497,-36.471956,3238
47.411497,-37.438057,3274
47.411497,-38.404159,3297
48.377598,-38.404159,3339
48.377598,-39.370261,3393
49.3437,-39.370261,3405
49.3437,-40.336362,3455
50.309802,-40.336362,3479
51.275903,-41.302464,3491
51.275903,-42.268566,3502
52.242005,-42.268566,3552
52.242005,-43.234667,3565
52.242005,-44.200769,3589
53.208107,-44.200769,3603
53.208107,-45.166871,3611
53.208107,-46.132973,3623
54.174209,-46.132973,3647
54.174209,-47.099074,3660
55.14031,-47.099074,3673
56.106412,-47.099074,3708
56.106412,-48.065176,3719
57.072514,-48.065176,3744
58.038615,-48.065176,3782
59.004717,-48.065176,3793
59.970819,-48.065176,3817
60.93692,-48.065176,3840
61.903022,-48.065176,3864
62.869124,-48.065176,3881
63.835225,-48.065176,3902
64.801327,-48.065176,3938
65.767429,-47.099074,3975
66.733531,-47.099074,3985
67.699632,-46.132973,4010
68.665734,-45.166871,4044
69.631836,-45.166871,4068
70.597937,-45.166871,4093
70.597937,-44.200769,4106
70.597937,-43.234667,4166
70.597937,-42.268566,4188
70.597937,-41.302464,4214
70.597937,-40.336362,4311
70.597937,-39.370261,4394
70.597937,-38.404159,4408
70.597937,-37.438057,4443
69.631836,-37.438057,4467
68.665734,-35.505854,4513
68.665734,-34.539752,4540
67.699632,-34.539752,4622
67.699632,-33.573651,4648
67.699632,-34.539752,4924
67.699632,-35.505854,4974
68.665734,-35.505854,4986
68.665734,-36.471956,4998
68.665734,-37.438057,5020
68.665734,-38.404159,5032
69.631836,-39.370261,5122
69.631836,-40.336362,5154
70.597937,-41.302464,5191
70.597937,-42.268566,5203
70.597937,-43.234667,5245
71.564039,-44.200769,5251
71.564039,-45.166871,5261
71.564039,-46.132973,5287
71.564039,-47.099074,5299
71.564039,-48.065176,5346
71.564039,-49.031278,5395
71.564039,-49.997379,5433
71.564039,-50.963481,5466
71.564039,-51.929583,5492
71.564039,-52.895684,5505
71.564039,-53.861786,5541
71.564039,-54.827888,5562
71.564039,-56.760091,5587
71.564039,-57.726193,5612
71.564039,-58.692295,5624
71.564039,-59.658396,5638
71.564039,-60.624498,5649
71.564039,-61.5906,5660
71.564039,-63.522803,5670
71.564039,-64.488905,5683
71.564039,-66.421108,5696
71.564039,-68.353312,5708
71.564039,-70.285515,5720
70.597937,-72.217718,5733
69.631836,-74.149922,5745
69.631836,-75.116023,5775
69.631836,-76.082125,5803
68.665734,-76.082125,5817
67.699632,-77.048227,5829
66.733531,-78.014329,5841
65.767429,-78.98043,5853
63.835225,-79.946532,5865
62.869124,-79.946532,5877
61.903022,-80.912634,5887
59.970819,-81.878735,5899
58.038615,-81.878735,5912
56.106412,-82.844837,5937
55.14031,-82.844837,5950
54.174209,-82.844837,5962
53.208107,-82.844837,5974
51.275903,-81.878735,5986
50.309802,-81.878735,5996
49.3437,-80.912634,6008
48.377598,-80.912634,6020
47.411497,-80.912634,6034
46.445395,-79.946532,6048
45.479293,-78.98043,6058
44.513192,-78.98043,6070
43.54709,-78.014329,6094
42.580988,-78.014329,6105
41.614886,-77.048227,6117
41.614886,-76.082125,6129
40.648785,-76.082125,6143
39.682683,-75.116023,6154
38.716581,-75.116023,6166
37.75048,-74.149922,6191
37.75048,-73.18382,6203
36.784378,-72.217718,6214
35.818276,-71.251617,6224
35.818276,-70.285515,6237
34.852175,-70.285515,6252
34.852175,-69.319413,6263
33.886073,-68.353312,6275
33.886073,-67.38721,6299
32.919971,-66.421108,6325
31.95387,-65.455006,6332
31.95387,-64.488905,6340
30.987768,-63.522803,6346
30.987768,-62.556701,6357
30.021666,-60.624498,6384
29.055564,-59.658396,6396
29.055564,-58.692295,6407
28.089463,-56.760091,6419
26.157259,-54.827888,6430
26.157259,-53.861786,6442
26.157259,-51.929583,6454
25.191158,-50.963481,6466
24.225056,-49.997379,6480
24.225056,-47.099074,6493
24.225056,-46.132973,6504
23.258954,-46.132973,6516
23.258954,-44.200769,6528
23.258954,-43.234667,6550
22.292853,-42.268566,6562
22.292853,-41.302464,6575
21.326751,-41.302464,6613
21.326751,-40.336362,6624
21.326751,-39.370261,6697
BREAK
