START
69.108491,-16.281124,0
68.108491,-16.281124,109
67.108491,-16.281124,121
66.108491,-18.281124,145
64.108491,-18.281124,159
63.108491,-19.281124,169
62.108491,-20.281124,183
60.108491,-20.281124,196
59.108491,-20.281124,207
58.108491,-21.281124,219
56.108491,-21.281124,231
55.108491,-22.281124,245
53.108491,-23.281124,257
51.108491,-23.281124,267
50.108491,-23.281124,280
49.108491,-23.281124,292
47.108491,-23.281124,304
45.108491,-23.281124,329
44.108491,-23.281124,353
43.108491,-23.281124,365
42.108491,-23.281124,378
41.108491,-23.281124,401
40.108491,-23.281124,414
39.108491,-23.281124,426
38.108491,-23.281124,463
37.108491,-23.281124,488
35.108491,-23.281124,511
34.108491,-23.281124,536
32.108491,-23.281124,548
31.108491,-23.281124,572
30.108491,-23.281124,585
29.108491,-23.281124,610
28.108491,-23.281124,646
27.108491,-23.281124,657
26.108491,-23.281124,707
25.108491,-23.281124,744
24.108491,-23.281124,987
24.108491,-24.281124,1024
23.108491,-25.281124,1037
23.108491,-26.281124,1049
23.108491,-27.281124,1062
23.108491,-28.281124,1073
23.108491,-29.281124,1085
23.108491,-31.281124,1097
23.108491,-32.281124,1109
23.108491,-33.281124,1122
23.108491,-35.281124,1134
23.108491,-37.281124,1146
23.108491,-39.281124,1158
23.108491,-41.281124,1171
22.108491,-43.281124,1183
22.108491,-45.281124,1194
22.108491,-46.281124,1207
22.108491,-47.281124,1219
22.108491,-49.281124,1231
22.108491,-51.281124,1244
22.108491,-52.281124,1256
22.108491,-53.281124,1280
22.108491,-55.281124,1329
22.108491,-56.281124,1353
22.108491,-58.281124,1633
22.108491,-59.281124,1646
22.108491,-61.281124,1657
22.108491,-62.281124,1670
22.108491,-64.281124,1682
22.108491,-65.281124,1694
23.108491,-66.281124,1707
24.108491,-68.281124,1718
24.108491,-69.281124,1731
24.108491,-70.281124,1743
24.108491,-72.281124,1756
24.108491,-74.281124,1780
24.108491,-75.281124,1792
24.108491,-76.281124,1804
25.108491,-77.281124,1817
25.108491,-78.281124,1829
25.108491,-79.281124,1841
25.108491,-80.281124,1853
25.108491,-81.281124,1864
26.108491,-83.281124,1877
27.108491,-83.281124,1890
27.108491,-84.281124,1902
27.108491,-85.281124,1913
28.108491,-86.281124,1926
28.108491,-87.281124,1951
29.108491,-87.281124,1962
30.108491,-87.281124,1975
30.108491,-88.281124,1988
31.108491,-88.281124,2000
31.108491,-89.281124,2011
32.108491,-89.281124,2024
33.108491,-89.281124,2036
34.108491,-89.281124,2061
35.108491,-89.281124,2084
35.108491,-90.281124,2097
36.108491,-90.281124,2109
37.108491,-90.281124,2121
38.108491,-90.281124,2146
39.108491,-90.281124,2172
40.108491,-90.281124,2183
41.108491,-90.281124,2195
42.108491,-90.281124,2207
43.108491,-90.281124,2220
44.108491,-90.281124,2232
45.108491,-91.281124,2243
46.108491,-91.281124,2256
48.108491,-91.281124,2280
49.108491,-91.281124,2305
50.108491,-91.281124,2316
51.108491,-91.281124,2329
52.108491,-91.281124,2341
53.108491,-91.281124,2365
54.108491,-91.281124,2378
55.108491,-91.281124,2389
57.108491,-91.281124,2416
58.108491,-91.281124,2439
59.108491,-91.281124,2463
60.108491,-90.281124,2475
61.108491,-90.281124,2524
61.108491,-89.281124,2536
62.108491,-88.281124,2549
63.108491,-87.281124,2574
64.108491,-86.281124,2585
64.108491,-85.281124,2597
65.108491,-85.281124,2609
65.108491,-84.281124,2622
65.108491,-83.281124,2646
66.108491,-82.281124,2658
67.108491,-82.281124,2696
67.108491,-81.281124,2707
67.108491,-80.281124,2754
67.108491,-79.281124,2779
68.108491,-78.281124,2792
68.108491,-77.281124,2817
68.108491,-76.281124,2843
68.108491,-75.281124,2854
68.108491,-74.281124,2879
68.108491,-73.281124,2902
68.108491,-72.281124,2926
68.108491,-71.281124,2951
68.108491,-70.281124,2988
68.108491,-69.281124,3037
68.108491,-68.281124,3073
67.108491,-68.281124,3097
66.108491,-68.281124,3109
66.108491,-67.281124,3121
65.108491,-66.281124,3146
64.108491,-65.281124,3183
63.108491,-65.281124,3197
63.108491,-64.281124,3209
62.108491,-64.281124,3219
61.108491,-64.281124,3244
61.108491,-63.281124,3257
59.108491,-63.281124,3280
58.108491,-62.281124,3305
58.108491,-61.281124,3318
56.108491,-61.281124,3330
55.108491,-61.281124,3355
54.108491,-61.281124,3365
53.108491,-61.281124,3415
52.108491,-61.281124,3440
51.108491,-61.281124,3464
50.108491,-60.281124,3477
49.108491,-60.281124,3488
48.108491,-60.281124,3550
47.108491,-60.281124,3561
46.108491,-60.281124,3586
44.108491,-60.281124,3609
43.108491,-60.281124,3634
42.108491,-60.281124,3658
41.108491,-60.281124,3767
40.108491,-60.281124,3780
40.108491,-61.281124,3927
39.108491,-61.281124,3938
39.108491,-62.281124,3951
38.108491,-63.281124,3976
37.108491,-64.281124,4000
37.108491,-65.281124,4012
36.108491,-66.281124,4036
36.108491,-67.281124,4061
36.108491,-68.281124,4073
36.108491,-69.281124,4085
35.108491,-69.281124,4097
35.108491,-70.281124,4110
35.108491,-71.281124,4148
35.108491,-72.281124,4171
34.108491,-72.281124,4183
34.108491,-73.281124,4194
33.108491,-73.281124,4209
33.108491,-74.281124,4232
33.108491,-75.281124,4256
33.108491,-76.281124,4280
32.108491,-76.281124,4292
32.108491,-77.281124,4318
32.108491,-78.281124,4354
32.108491,-79.281124,4378
32.108491,-80.281124,4402
32.108491,-81.281124,4426
32.108491,-82.281124,4452
32.108491,-83.281124,4463
32.108491,-84.281124,4487
32.108491,-85.281124,4524
32.108491,-86.281124,4535
32.108491,-87.281124,4560
32.108491,-88.281124,4584
32.108491,-89.281124,4621
32.108491,-90.281124,4634
32.108491,-91.281124,4658
32.108491,-92.281124,4671
32.108491,-93.281124,4683
BREAK
