START
29.055564,-17.149922,0
30.021666,-17.149922,223
30.987768,-17.149922,247
31.95387,-17.149922,287
32.919971,-17.149922,295
33.886073,-17.149922,311
34.852175,-17.149922,319
35.818276,-17.149922,327
37.75048,-17.149922,335
38.716581,-17.149922,344
40.648785,-17.149922,351
41.614886,-17.149922,359
43.54709,-17.149922,367
44.513192,-17.149922,375
46.445395,-17.149922,383
47.411497,-17.149922,391
48.377598,-17.149922,399
50.309802,-17.149922,407
51.275903,-17.149922,415
52.242005,-17.149922,423
53.208107,-17.149922,431
54.174209,-17.149922,439
55.14031,-17.149922,447
56.106412,-17.149922,455
58.038615,-17.149922,463
59.004717,-17.149922,471
59.970819,-17.149922,487
60.93692,-17.149922,495
61.903022,-17.149922,503
63.835225,-17.149922,511
65.767429,-17.149922,527
66.733531,-17.149922,543
67.699632,-17.149922,552
68.665734,-17.149922,575
69.631836,-17.149922,583
70.597937,-17.149922,599
71.564039,-17.149922,607
72.530141,-17.149922,631
73.496242,-17.149922,639
74.462344,-17.149922,663
75.428446,-17.149922,671
76.394547,-17.149922,695
77.360649,-17.149922,703
78.326751,-17.149922,735
79.292853,-17.149922,743
80.258954,-17.149922,760
81.225056,-17.149922,767
82.191158,-17.149922,775
83.157259,-17.149922,799
84.123361,-17.149922,815
BREAK
44.513192,-20.048227,9830
44.513192,-21.014329,9958
44.513192,-21.98043,9966
44.513192,-22.946532,9998
44.513192,-23.912634,10006
44.513192,-24.878735,10030
44.513192,-25.844837,10038
44.513192,-26.810939,10070
44.513192,-27.77704,10078
44.513192,-28.743142,10110
44.513192,-29.709244,10118
44.513192,-30.675345,10141
44.513192,-31.641447,10150
44.513192,-32.607549,10181
44.513192,-33.573651,10190
44.513192,-34.539752,10198
44.513192,-35.505854,10221
44.513192,-36.471956,10230
44.513192,-37.438057,10254
44.513192,-38.404159,10261
44.513192,-39.370261,10286
44.513192,-40.336362,10294
44.513192,-41.302464,10318
44.513192,-42.268566,10326
44.513192,-43.234667,10350
44.513192,-44.200769,10358
44.513192,-45.166871,10374
45.479293,-46.132973,10382
45.479293,-47.099074,10398
45.479293,-48.065176,10406
45.479293,-49.031278,10422
45.479293,-49.997379,10438
45.479293,-50.963481,10462
45.479293,-51.929583,10470
45.479293,-52.895684,10502
45.479293,-53.861786,10526
45.479293,-54.827888,10534
45.479293,-55.79399,10550
45.479293,-56.760091,10557
45.479293,-57.726193,10582
45.479293,-58.692295,10606
45.479293,-59.658396,10630
45.479293,-60.624498,10637
45.479293,-61.5906,10662
45.479293,-62.556701,10694
45.479293,-63.522803,10702
45.479293,-64.488905,10725
45.479293,-65.455006,10750
45.479293,-66.421108,10758
46.445395,-67.38721,10782
46.445395,-68.353312,10790
46.445395,-69.319413,10838
46.445395,-70.285515,10894
47.411497,-71.251617,10910
48.377598,-71.251617,10934
48.377598,-72.217718,10942
48.377598,-73.18382,10966
49.3437,-74.149922,10973
49.3437,-75.116023,11006
50.309802,-76.082125,11013
51.275903,-76.082125,11022
52.242005,-76.082125,11046
52.242005,-77.048227,11053
53.208107,-77.048227,11070
54.174209,-77.048227,11102
55.14031,-77.048227,11134
56.106412,-77.048227,11174
57.072514,-77.048227,11181
58.038615,-77.048227,11221
59.004717,-77.048227,11238
59.970819,-77.048227,11270
60.93692,-77.048227,11286
61.903022,-77.048227,11318
62.869124,-77.048227,11334
63.835225,-77.048227,11366
64.801327,-77.048227,11389
65.767429,-77.048227,11422
65.767429,-76.082125,11429
66.733531,-76.082125,11446
66.733531,-75.116023,11454
67.699632,-75.116023,11470
68.665734,-74.149922,11478
69.631836,-74.149922,11494
69.631836,-73.18382,11502
69.631836,-72.217718,11518
70.597937,-71.251617,11534
71.564039,-71.251617,11542
71.564039,-70.285515,11550
71.564039,-69.319413,11566
71.564039,-68.353312,11582
71.564039,-67.38721,11597
72.530141,-66.421108,11614
73.496242,-65.455006,11630
73.496242,-64.488905,11654
73.496242,-63.522803,11678
73.496242,-62.556701,11702
73.496242,-61.5906,11726
73.496242,-60.624498,11750
73.496242,-59.658396,11774
73.496242,-58.692295,11805
73.496242,-57.726193,11830
73.496242,-56.760091,11845
73.496242,-55.79399,11862
73.496242,-54.827888,11878
73.496242,-53.861786,11902
73.496242,-52.895684,11942
73.496242,-51.929583,11966
73.496242,-50.963481,11982
BREAK
46.445395,-44.200769,13078
47.411497,-44.200769,13309
47.411497,-45.166871,13374
47.411497,-46.132973,13382
48.377598,-46.132973,13414
49.3437,-46.132973,13422
50.309802,-46.132973,13485
51.275903,-46.132973,13557
52.242005,-46.132973,13565
53.208107,-46.132973,13630
54.174209,-46.132973,13653
54.174209,-47.099074,13662
55.14031,-47.099074,13670
56.106412,-48.065176,13685
57.072514,-49.031278,13693
58.038615,-49.031278,13710
59.004717,-49.997379,13718
59.004717,-50.963481,13725
59.970819,-50.963481,13733
60.93692,-50.963481,13750
61.903022,-50.963481,13821
62.869124,-51.929583,13830
62.869124,-52.895684,13838
63.835225,-52.895684,13845
64.801327,-52.895684,13853
65.767429,-52.895684,13861
67.699632,-52.895684,13870
67.699632,-53.861786,13878
68.665734,-53.861786,13886
69.631836,-53.861786,13893
70.597937,-54.827888,13901
71.564039,-54.827888,13910
72.530141,-54.827888,13933
73.496242,-54.827888,13949
73.496242,-53.861786,14278
75.428446,-53.861786,14286
76.394547,-53.861786,14294
BREAK
