START
19.394547,-21.98043,0
20.360649,-21.98043,31
20.360649,-21.014329,39
21.326751,-21.014329,71
21.326751,-20.048227,119
22.292853,-20.048227,127
23.258954,-20.048227,143
24.225056,-20.048227,151
25.191158,-20.048227,159
26.157259,-20.048227,167
27.123361,-20.048227,175
29.055564,-21.014329,183
30.021666,-21.014329,191
31.95387,-21.014329,199
32.919971,-21.98043,207
33.886073,-22.946532,215
35.818276,-22.946532,223
37.75048,-22.946532,231
39.682683,-22.946532,239
41.614886,-23.912634,247
44.513192,-23.912634,255
48.377598,-23.912634,263
52.242005,-24.878735,271
55.14031,-25.844837,279
59.004717,-25.844837,288
63.835225,-26.810939,295
66.733531,-27.77704,304
68.665734,-27.77704,311
70.597937,-27.77704,320
71.564039,-27.77704,327
73.496242,-27.77704,336
74.462344,-27.77704,343
75.428446,-27.77704,352
76.394547,-27.77704,359
77.360649,-27.77704,368
78.326751,-27.77704,375
80.258954,-27.77704,391
81.225056,-27.77704,408
82.191158,-27.77704,424
83.157259,-27.77704,440
84.123361,-27.77704,447
85.089463,-27.77704,464
86.055564,-27.77704,472
87.021666,-27.77704,480
87.987768,-27.77704,504
BREAK
36.784378,-23.912634,1448
36.784378,-24.878735,1543
36.784378,-25.844837,1551
36.784378,-26.810939,1567
37.75048,-27.77704,1575
37.75048,-28.743142,1583
37.75048,-30.675345,1591
37.75048,-31.641447,1599
37.75048,-32.607549,1607
37.75048,-33.573651,1616
38.716581,-34.539752,1623
38.716581,-35.505854,1631
38.716581,-36.471956,1639
38.716581,-37.438057,1647
38.716581,-38.404159,1663
38.716581,-39.370261,1679
38.716581,-40.336362,1687
38.716581,-41.302464,1703
38.716581,-43.234667,1711
38.716581,-44.200769,1719
38.716581,-45.166871,1727
38.716581,-47.099074,1735
38.716581,-48.065176,1743
38.716581,-49.031278,1751
38.716581,-50.963481,1759
38.716581,-52.895684,1768
38.716581,-53.861786,1775
38.716581,-54.827888,1783
38.716581,-55.79399,1791
38.716581,-56.760091,1799
38.716581,-57.726193,1807
38.716581,-58.692295,1816
38.716581,-59.658396,1823
38.716581,-60.624498,1839
38.716581,-61.5906,1967
38.716581,-62.556701,1975
38.716581,-63.522803,1993
39.682683,-63.522803,1999
39.682683,-65.455006,2008
39.682683,-66.421108,2023
39.682683,-67.38721,2039
39.682683,-68.353312,2071
39.682683,-69.319413,2111
39.682683,-70.285515,2151
39.682683,-71.251617,2175
39.682683,-72.217718,2191
40.648785,-73.18382,2391
41.614886,-73.18382,2400
42.580988,-74.149922,2408
42.580988,-75.116023,2415
43.54709,-75.116023,2423
43.54709,-76.082125,2431
45.479293,-76.082125,2440
45.479293,-77.048227,2448
46.445395,-77.048227,2456
47.411497,-77.048227,2511
47.411497,-78.014329,2528
48.377598,-78.014329,2536
49.3437,-78.014329,2551
50.309802,-78.014329,2568
51.275903,-78.014329,2592
52.242005,-78.014329,2600
53.208107,-78.014329,2615
54.174209,-78.98043,2623
55.14031,-78.98043,2631
56.106412,-78.98043,2639
57.072514,-78.98043,2648
58.038615,-78.98043,2655
59.970819,-78.98043,2664
60.93692,-78.98043,2680
61.903022,-78.98043,2696
61.903022,-78.014329,2736
62.869124,-78.014329,2744
62.869124,-77.048227,2752
62.869124,-76.082125,2768
62.869124,-75.116023,2784
63.835225,-75.116023,2792
63.835225,-74.149922,2800
63.835225,-73.18382,2816
63.835225,-72.217718,2840
64.801327,-72.217718,2847
64.801327,-71.251617,2864
64.801327,-70.285515,2872
65.767429,-70.285515,2879
65.767429,-69.319413,2888
65.767429,-68.353312,2904
65.767429,-67.38721,2912
65.767429,-66.421108,2928
65.767429,-65.455006,2944
65.767429,-64.488905,2960
65.767429,-63.522803,2968
65.767429,-62.556701,2984
65.767429,-61.5906,3016
65.767429,-60.624498,3040
64.801327,-60.624498,3048
64.801327,-59.658396,3080
63.835225,-59.658396,3096
63.835225,-58.692295,3112
62.869124,-58.692295,3136
62.869124,-57.726193,3160
61.903022,-57.726193,3168
60.93692,-56.760091,3176
59.970819,-56.760091,3192
59.004717,-56.760091,3200
58.038615,-55.79399,3208
57.072514,-55.79399,3224
56.106412,-55.79399,3248
55.14031,-55.79399,3256
55.14031,-54.827888,3264
54.174209,-54.827888,3280
53.208107,-54.827888,3296
52.242005,-53.861786,3312
51.275903,-53.861786,3320
50.309802,-53.861786,3336
49.3437,-52.895684,3352
48.377598,-52.895684,3360
47.411497,-52.895684,3376
47.411497,-51.929583,3392
46.445395,-51.929583,3400
45.479293,-51.929583,3416
44.513192,-50.963481,3424
44.513192,-49.997379,3440
43.54709,-49.997379,3449
43.54709,-49.031278,3488
42.580988,-49.031278,3504
41.614886,-49.031278,3736
41.614886,-48.065176,3744
BREAK
