START
68.913215,-23.427288,0
67.349305,-22.645333,160
65.785395,-22.645333,168
65.00344,-21.863378,176
62.657576,-21.081423,184
60.311711,-20.299469,192
56.401936,-21.081423,200
54.056072,-20.299469,208
50.146297,-20.299469,216
47.800433,-20.299469,224
46.236523,-20.299469,232
44.672613,-20.299469,240
43.890658,-20.299469,248
41.544794,-20.299469,256
40.762839,-20.299469,264
39.980884,-20.299469,272
38.416974,-20.299469,312
37.635019,-20.299469,320
36.071109,-20.299469,328
35.289154,-20.299469,336
34.5072,-20.299469,344
33.725245,-21.081423,352
32.94329,-21.863378,360
32.94329,-22.645333,384
32.161335,-22.645333,392
31.37938,-24.209243,400
30.597425,-24.209243,408
29.81547,-24.991198,416
28.251561,-26.555108,424
28.251561,-27.337063,432
26.687651,-28.900972,440
25.905696,-29.682927,448
25.905696,-30.464882,456
25.123741,-32.810747,464
25.123741,-34.374657,480
25.123741,-35.156611,488
25.123741,-36.720521,504
25.123741,-37.502476,512
25.123741,-36.720521,536
26.687651,-36.720521,568
27.469606,-38.284431,576
29.033515,-39.066386,584
31.37938,-40.630296,592
33.725245,-41.412251,600
35.289154,-42.194205,608
36.071109,-42.194205,616
36.853064,-42.194205,624
37.635019,-42.194205,632
39.198929,-42.194205,704
42.326748,-42.194205,712
44.672613,-42.194205,720
46.236523,-42.194205,728
49.364342,-42.194205,736
50.146297,-42.194205,744
50.928252,-42.194205,752
51.710207,-42.194205,760
52.492162,-42.194205,776
53.274117,-42.194205,792
54.056072,-42.194205,800
54.838027,-42.194205,808
57.965846,-41.412251,816
59.529756,-41.412251,824
60.311711,-40.630296,832
62.657576,-39.848341,840
63.43953,-39.848341,848
64.221485,-39.848341,856
63.43953,-39.848341,872
64.221485,-39.848341,1144
65.00344,-39.848341,1152
65.00344,-40.630296,1168
65.00344,-39.848341,1176
65.00344,-39.066386,1208
65.00344,-40.630296,1248
65.00344,-41.412251,1280
65.00344,-42.194205,1296
64.221485,-42.194205,1312
64.221485,-42.97616,1336
64.221485,-43.758115,1344
63.43953,-43.758115,1352
63.43953,-44.54007,1368
63.43953,-45.322025,1376
62.657576,-45.322025,1384
62.657576,-46.10398,1400
62.657576,-46.885935,1424
62.657576,-47.66789,1472
62.657576,-49.231799,1496
61.875621,-49.231799,1504
61.875621,-50.795709,1520
61.093666,-51.577664,1528
61.093666,-52.359619,1536
61.093666,-51.577664,1544
60.311711,-51.577664,1632
58.747801,-51.577664,1640
57.965846,-51.577664,1648
57.183891,-51.577664,1656
56.401936,-52.359619,1664
55.619982,-52.359619,1680
54.838027,-52.359619,1728
54.056072,-52.359619,1736
51.710207,-52.359619,1744
50.928252,-52.359619,1752
49.364342,-52.359619,1760
47.018478,-52.359619,1768
45.454568,-52.359619,1776
43.890658,-52.359619,1784
42.326748,-52.359619,1792
41.544794,-52.359619,1800
39.198929,-52.359619,1808
37.635019,-51.577664,1816
35.289154,-51.577664,1824
34.5072,-51.577664,1832
33.725245,-51.577664,1840
32.94329,-50.795709,1848
32.161335,-50.795709,1856
30.597425,-50.795709,1864
29.81547,-50.795709,1888
29.033515,-50.795709,1929
29.033515,-51.577664,2128
29.033515,-52.359619,2137
29.033515,-53.141574,2152
29.033515,-54.705484,2160
29.033515,-56.269393,2176
29.033515,-57.051348,2184
29.033515,-57.833303,2192
29.033515,-60.179168,2200
29.033515,-60.961123,2217
29.033515,-62.525032,2225
29.033515,-63.306987,2232
28.251561,-64.088942,2241
28.251561,-64.870897,2257
28.251561,-65.652852,2305
29.033515,-65.652852,2321
29.033515,-67.216762,2352
29.033515,-67.998717,2377
28.251561,-68.780672,2385
28.251561,-69.562626,2393
27.469606,-69.562626,2401
27.469606,-70.344581,2409
27.469606,-69.562626,2417
27.469606,-71.126536,2601
27.469606,-71.908491,2633
27.469606,-72.690446,2641
26.687651,-72.690446,2649
27.469606,-73.472401,2657
27.469606,-74.254356,2665
27.469606,-75.036311,2673
28.251561,-75.036311,2681
29.033515,-75.818266,2689
29.81547,-76.60022,2705
31.37938,-76.60022,2713
32.94329,-77.382175,2721
33.725245,-78.16413,2729
36.071109,-78.16413,2737
36.853064,-78.16413,2745
38.416974,-78.16413,2753
39.980884,-78.16413,2761
40.762839,-77.382175,2769
42.326748,-77.382175,2777
43.890658,-77.382175,2785
46.236523,-77.382175,2793
47.800433,-77.382175,2801
49.364342,-77.382175,2817
50.146297,-77.382175,2841
50.928252,-77.382175,2857
52.492162,-76.60022,2873
54.056072,-76.60022,2881
54.838027,-75.818266,2889
55.619982,-75.036311,2897
56.401936,-75.036311,2905
56.401936,-74.254356,2913
57.183891,-74.254356,2921
57.183891,-73.472401,2929
56.401936,-72.690446,2945
57.183891,-71.908491,2969
57.965846,-71.908491,3017
57.965846,-71.126536,3041
57.183891,-71.126536,3281
57.183891,-70.344581,3425
57.183891,-69.562626,3433
57.183891,-68.780672,3441
57.183891,-67.998717,3449
57.183891,-65.652852,3457
57.183891,-64.870897,3481
57.183891,-64.088942,3497
57.183891,-63.306987,3537
57.183891,-62.525032,3545
57.183891,-61.743078,3561
57.183891,-60.961123,3585
BREAK
