START
58.747801,-21.863378,0
58.747801,-21.081423,191
57.965846,-21.081423,200
57.183891,-21.081423,215
56.401936,-21.081423,231
55.619982,-21.081423,247
54.056072,-21.081423,263
53.274117,-21.081423,279
52.492162,-21.081423,288
51.710207,-21.081423,305
50.928252,-21.081423,319
50.146297,-21.081423,327
49.364342,-21.081423,335
48.582388,-21.081423,343
47.018478,-21.081423,351
46.236523,-21.081423,367
45.454568,-21.081423,375
43.890658,-21.081423,391
43.108703,-21.081423,407
41.544794,-21.081423,415
39.980884,-21.081423,431
39.198929,-21.081423,456
39.198929,-21.863378,528
38.416974,-21.863378,543
38.416974,-22.645333,559
38.416974,-23.427288,607
38.416974,-24.209243,655
38.416974,-24.991198,672
37.635019,-24.991198,679
36.853064,-25.773153,688
36.853064,-26.555108,696
36.853064,-27.337063,720
36.853064,-28.119017,744
36.853064,-28.900972,768
36.853064,-29.682927,784
36.853064,-30.464882,824
36.853064,-31.246837,832
36.853064,-32.028792,848
36.853064,-32.810747,880
36.853064,-33.592702,904
36.853064,-34.374657,928
36.853064,-35.156611,984
37.635019,-35.156611,1016
38.416974,-35.156611,1032
38.416974,-35.938566,1064
39.198929,-36.720521,1096
39.980884,-36.720521,1112
39.980884,-37.502476,1120
40.762839,-37.502476,1128
41.544794,-37.502476,1160
42.326748,-38.284431,1168
42.326748,-39.066386,1176
43.108703,-39.066386,1232
43.108703,-39.848341,1240
43.890658,-39.848341,1248
44.672613,-39.848341,1256
45.454568,-39.848341,1280
47.018478,-39.848341,1320
47.018478,-40.630296,1344
47.800433,-41.412251,1353
48.582388,-41.412251,1400
49.364342,-41.412251,1416
50.146297,-41.412251,1432
50.928252,-41.412251,1472
51.710207,-41.412251,1480
52.492162,-41.412251,1496
53.274117,-41.412251,1512
54.056072,-41.412251,1528
55.619982,-41.412251,1552
56.401936,-41.412251,1568
57.183891,-41.412251,1592
57.965846,-41.412251,1608
58.747801,-41.412251,1632
59.529756,-41.412251,1656
60.311711,-41.412251,1672
61.093666,-41.412251,1680
61.875621,-41.412251,1696
62.657576,-41.412251,1720
62.657576,-40.630296,1728
63.43953,-40.630296,1744
63.43953,-39.848341,1848
64.221485,-39.848341,1872
64.221485,-39.066386,1928
64.221485,-38.284431,2176
64.221485,-37.502476,2376
64.221485,-38.284431,2712
64.221485,-39.066386,2736
64.221485,-40.630296,2760
64.221485,-41.412251,2784
64.221485,-42.194205,2808
64.221485,-42.97616,2824
64.221485,-43.758115,2848
63.43953,-43.758115,2967
62.657576,-43.758115,2975
62.657576,-44.54007,3007
61.875621,-44.54007,3032
61.875621,-45.322025,3040
61.093666,-45.322025,3072
60.311711,-46.10398,3088
60.311711,-46.885935,3096
59.529756,-47.66789,3112
58.747801,-48.449844,3152
57.965846,-48.449844,3160
57.965846,-49.231799,3168
57.183891,-49.231799,3192
56.401936,-49.231799,3216
55.619982,-49.231799,3224
54.056072,-50.013754,3256
53.274117,-50.013754,3264
52.492162,-50.013754,3280
51.710207,-50.013754,3288
51.710207,-50.795709,3320
50.928252,-50.795709,3336
50.146297,-50.795709,3344
50.146297,-51.577664,3352
48.582388,-51.577664,3360
47.800433,-51.577664,3376
47.018478,-51.577664,3392
47.018478,-50.795709,3447
46.236523,-50.795709,3496
46.236523,-50.013754,3576
45.454568,-50.013754,3600
44.672613,-50.013754,3616
43.890658,-50.013754,3632
43.108703,-50.013754,3664
42.326748,-50.013754,3712
41.544794,-50.013754,3792
40.762839,-50.013754,3840
39.980884,-50.013754,3984
39.198929,-50.013754,3992
38.416974,-50.013754,4032
37.635019,-50.013754,4136
36.853064,-50.013754,4536
36.853064,-50.795709,4584
36.853064,-51.577664,4592
36.071109,-51.577664,4600
36.071109,-52.359619,4608
36.071109,-53.141574,4631
35.289154,-53.923529,4655
35.289154,-54.705484,4704
35.289154,-55.487438,4728
35.289154,-56.269393,4761
35.289154,-57.051348,4837
34.5072,-57.051348,4855
34.5072,-57.833303,4871
34.5072,-58.615258,4896
34.5072,-59.397213,4920
34.5072,-60.179168,4944
34.5072,-60.961123,5016
34.5072,-62.525032,5032
34.5072,-63.306987,5048
34.5072,-64.088942,5056
34.5072,-64.870897,5064
34.5072,-65.652852,5072
34.5072,-66.434807,5080
35.289154,-67.216762,5096
35.289154,-67.998717,5112
35.289154,-68.780672,5128
35.289154,-69.562626,5144
35.289154,-70.344581,5168
35.289154,-71.126536,5201
35.289154,-71.908491,5209
35.289154,-72.690446,5225
36.071109,-72.690446,5241
37.635019,-71.908491,5248
37.635019,-72.690446,5425
37.635019,-73.472401,5441
37.635019,-74.254356,5472
37.635019,-75.036311,5512
37.635019,-75.818266,5664
38.416974,-75.818266,5864
39.198929,-75.818266,5913
40.762839,-75.818266,5961
41.544794,-75.818266,5977
42.326748,-75.818266,6001
43.108703,-75.818266,6017
43.890658,-75.818266,6025
44.672613,-75.818266,6032
46.236523,-75.818266,6057
47.018478,-75.818266,6073
47.800433,-75.818266,6081
48.582388,-75.818266,6105
49.364342,-75.818266,6113
50.146297,-75.818266,6121
50.928252,-75.818266,6137
51.710207,-75.818266,6153
53.274117,-75.818266,6177
54.056072,-75.818266,6201
54.838027,-75.818266,6225
55.619982,-75.818266,6233
56.401936,-75.818266,6249
57.183891,-75.818266,6265
57.965846,-75.818266,6281
58.747801,-75.818266,6297
59.529756,-75.036311,6304
60.311711,-75.036311,6321
61.093666,-75.036311,6337
61.875621,-75.036311,6344
62.657576,-75.036311,6361
63.43953,-75.036311,6377
64.221485,-75.036311,6393
65.00344,-75.036311,6425
65.785395,-75.036311,6433
65.785395,-74.254356,6449
66.56735,-74.254356,6473
66.56735,-73.472401,6593
67.349305,-71.908491,6641
67.349305,-71.126536,6657
67.349305,-70.344581,6665
67.349305,-69.562626,6681
67.349305,-68.780672,6689
67.349305,-67.998717,6697
67.349305,-67.216762,6737
67.349305,-66.434807,6769
67.349305,-65.652852,6777
67.349305,-64.870897,6793
67.349305,-64.088942,6841
67.349305,-63.306987,6905
BREAK
