START
33.877358,-32.702811,0
35.877358,-31.702811,56
36.877358,-30.702811,67
36.877358,-30.702811,88
36.877358,-29.702811,97
36.877358,-28.702811,101
37.877358,-28.702811,108
38.877358,-28.702811,113
38.877358,-28.702811,118
38.877358,-27.702811,124
39.877358,-27.702811,126
40.877358,-27.702811,131
41.877358,-27.702811,143
42.877358,-27.702811,151
42.877358,-26.702811,158
43.877358,-26.702811,161
44.877358,-26.702811,165
45.877358,-25.702811,168
45.877358,-24.702811,178
46.877358,-24.702811,183
46.877358,-23.702811,186
47.877358,-23.702811,188
48.877358,-23.702811,197
48.877358,-22.702811,201
49.877358,-22.702811,207
50.877358,-22.702811,210
51.877358,-22.702811,214
52.877358,-22.702811,222
53.877358,-22.702811,242
54.877358,-22.702811,254
54.877358,-22.702811,265
55.877358,-22.702811,276
56.877358,-22.702811,280
57.877358,-22.702811,292
58.877358,-22.702811,301
59.877358,-22.702811,309
60.877358,-22.702811,325
60.877358,-23.702811,334
61.877358,-23.702811,342
62.877358,-23.702811,346
63.877358,-23.702811,351
63.877358,-23.702811,356
63.877358,-24.702811,360
64.877358,-24.702811,362
64.877358,-25.702811,365
64.877358,-26.702811,377
65.877358,-26.702811,379
66.877358,-26.702811,392
66.877358,-27.702811,394
66.877358,-28.702811,402
66.877358,-28.702811,406
67.877358,-28.702811,408
67.877358,-29.702811,411
68.877358,-29.702811,421
68.877358,-30.702811,423
68.877358,-31.702811,430
68.877358,-32.702811,435
68.877358,-33.702811,441
69.877358,-33.702811,451
69.877358,-34.702811,453
69.877358,-35.702811,461
70.877358,-36.702811,467
70.877358,-37.702811,472
70.877358,-37.702811,481
70.877358,-38.702811,491
70.877358,-39.702811,504
71.877358,-40.702811,506
71.877358,-41.702811,513
71.877358,-42.702811,532
71.877358,-43.702811,535
71.877358,-44.702811,545
71.877358,-45.702811,555
71.877358,-46.702811,563
71.877358,-46.702811,577
71.877358,-47.702811,583
71.877358,-48.702811,591
71.877358,-49.702811,597
72.877358,-49.702811,600
72.877358,-50.702811,610
72.877358,-51.702811,616
72.877358,-52.702811,625
72.877358,-53.702811,634
72.877358,-54.702811,642
72.877358,-55.702811,655
72.877358,-55.702811,662
72.877358,-56.702811,667
72.877358,-57.702811,672
72.877358,-58.702811,680
72.877358,-59.702811,687
72.877358,-60.702811,693
72.877358,-61.702811,699
72.877358,-62.702811,721
72.877358,-63.702811,736
72.877358,-64.702811,745
72.877358,-64.702811,754
72.877358,-65.702811,766
72.877358,-66.702811,780
72.877358,-67.702811,789
72.877358,-68.702811,796
72.877358,-69.702811,800
72.877358,-70.702811,814
71.877358,-70.702811,819
71.877358,-71.702811,821
71.877358,-72.702811,828
71.877358,-73.702811,832
71.877358,-73.702811,848
70.877358,-73.702811,865
70.877358,-74.702811,867
70.877358,-75.702811,872
70.877358,-76.702811,875
70.877358,-77.702811,881
69.877358,-77.702811,883
69.877358,-78.702811,894
69.877358,-79.702811,900
69.877358,-80.702811,906
69.877358,-81.702811,912
68.877358,-81.702811,916
68.877358,-82.702811,918
68.877358,-82.702811,931
68.877358,-83.702811,938
68.877358,-84.702811,944
68.877358,-85.702811,960
67.877358,-85.702811,985
67.877358,-86.702811,989
67.877358,-87.702811,1011
67.877358,-88.702811,1021
67.877358,-89.702811,1038
BREAK
70.877358,-53.702811,2228
70.877358,-52.702811,2267
70.877358,-51.702811,2272
70.877358,-50.702811,2278
69.877358,-50.702811,2288
69.877358,-49.702811,2326
68.877358,-49.702811,2331
67.877358,-49.702811,2344
66.877358,-49.702811,2357
66.877358,-48.702811,2362
65.877358,-48.702811,2370
65.877358,-47.702811,2373
65.877358,-46.702811,2375
64.877358,-46.702811,2386
63.877358,-46.702811,2390
63.877358,-46.702811,2397
62.877358,-46.702811,2405
61.877358,-46.702811,2412
60.877358,-46.702811,2432
59.877358,-46.702811,2435
58.877358,-46.702811,2452
57.877358,-46.702811,2454
57.877358,-46.702811,2456
56.877358,-46.702811,2472
55.877358,-46.702811,2475
54.877358,-46.702811,2490
54.877358,-46.702811,2498
53.877358,-46.702811,2506
52.877358,-46.702811,2524
51.877358,-46.702811,2547
50.877358,-46.702811,2564
49.877358,-46.702811,2571
48.877358,-46.702811,2586
47.877358,-46.702811,2594
47.877358,-46.702811,2596
46.877358,-46.702811,2602
46.877358,-47.702811,2604
45.877358,-47.702811,2607
45.877358,-47.702811,2617
44.877358,-47.702811,2621
44.877358,-48.702811,2625
43.877358,-48.702811,2633
42.877358,-49.702811,2635
41.877358,-49.702811,2649
40.877358,-49.702811,2664
39.877358,-49.702811,2681
38.877358,-49.702811,2686
38.877358,-50.702811,2694
38.877358,-51.702811,2705
37.877358,-51.702811,2708
37.877358,-52.702811,2713
37.877358,-53.702811,2720
36.877358,-54.702811,2728
36.877358,-54.702811,2730
36.877358,-55.702811,2745
36.877358,-55.702811,2747
35.877358,-55.702811,2749
35.877358,-56.702811,2752
35.877358,-57.702811,2765
35.877358,-58.702811,2783
35.877358,-59.702811,2789
35.877358,-60.702811,2796
34.877358,-61.702811,2803
34.877358,-62.702811,2814
34.877358,-63.702811,2818
34.877358,-64.702811,2822
34.877358,-64.702811,2826
34.877358,-65.702811,2830
34.877358,-66.702811,2837
34.877358,-67.702811,2840
34.877358,-68.702811,2845
34.877358,-69.702811,2848
34.877358,-70.702811,2856
34.877358,-71.702811,2858
34.877358,-72.702811,2864
34.877358,-73.702811,2867
34.877358,-73.702811,2871
34.877358,-74.702811,2881
34.877358,-75.702811,2893
34.877358,-76.702811,2897
34.877358,-77.702811,2908
35.877358,-77.702811,2912
35.877358,-78.702811,2929
36.877358,-78.702811,2940
36.877358,-79.702811,2944
36.877358,-80.702811,2953
36.877358,-80.702811,2955
36.877358,-81.702811,2960
36.877358,-82.702811,2975
37.877358,-82.702811,2978
37.877358,-82.702811,2994
38.877358,-82.702811,3002
39.877358,-82.702811,3009
39.877358,-83.702811,3025
39.877358,-84.702811,3032
40.877358,-84.702811,3034
41.877358,-84.702811,3061
42.877358,-84.702811,3069
42.877358,-85.702811,3072
43.877358,-85.702811,3074
44.877358,-85.702811,3081
45.877358,-85.702811,3085
45.877358,-85.702811,3112
46.877358,-85.702811,3125
47.877358,-85.702811,3140
48.877358,-85.702811,3146
49.877358,-85.702811,3161
50.877358,-85.702811,3168
51.877358,-85.702811,3178
52.877358,-85.702811,3186
53.877358,-85.702811,3201
54.877358,-85.702811,3207
54.877358,-85.702811,3219
55.877358,-85.702811,3225
56.877358,-85.702811,3232
56.877358,-84.702811,3241
57.877358,-84.702811,3249
58.877358,-83.702811,3252
59.877358,-83.702811,3257
60.877358,-83.702811,3262
60.877358,-82.702811,3268
61.877358,-82.702811,3280
62.877358,-82.702811,3283
63.877358,-82.702811,3288
63.877358,-82.702811,3291
63.877358,-82.702811,3301
63.877358,-81.702811,3303
64.877358,-81.702811,3307
64.877358,-80.702811,3313
65.877358,-80.702811,3321
65.877358,-79.702811,3324
66.877358,-79.702811,3331
67.877358,-79.702811,3345
67.877358,-78.702811,3348
68.877358,-78.702811,3370
68.877358,-77.702811,3372
BREAK
