START
14.564039,-26.810939,0
15.530141,-26.810939,64
16.496242,-26.810939,72
18.428446,-26.810939,80
21.326751,-26.810939,88
23.258954,-26.810939,96
26.157259,-26.810939,104
29.055564,-26.810939,112
32.919971,-26.810939,120
35.818276,-26.810939,128
38.716581,-26.810939,136
41.614886,-26.810939,144
44.513192,-26.810939,152
46.445395,-26.810939,160
49.3437,-26.810939,168
50.309802,-26.810939,176
51.275903,-26.810939,184
52.242005,-26.810939,192
53.208107,-26.810939,200
54.174209,-26.810939,208
56.106412,-26.810939,216
57.072514,-26.810939,224
58.038615,-26.810939,232
59.970819,-26.810939,240
60.93692,-26.810939,256
61.903022,-26.810939,264
62.869124,-26.810939,272
63.835225,-26.810939,360
64.801327,-26.810939,520
65.767429,-26.810939,568
66.733531,-26.810939,648
BREAK
40.648785,-26.810939,1472
40.648785,-27.77704,1560
39.682683,-28.743142,1568
39.682683,-29.709244,1576
39.682683,-31.641447,1584
39.682683,-32.607549,1592
39.682683,-33.573651,1600
39.682683,-36.471956,1608
39.682683,-37.438057,1616
39.682683,-38.404159,1624
39.682683,-39.370261,1632
39.682683,-40.336362,1640
39.682683,-41.302464,1648
39.682683,-42.268566,1656
39.682683,-43.234667,1664
39.682683,-44.200769,1672
40.648785,-45.166871,1688
40.648785,-46.132973,1704
40.648785,-47.099074,1720
41.614886,-47.099074,1728
41.614886,-48.065176,1736
42.580988,-48.065176,1744
42.580988,-49.997379,1752
43.54709,-49.997379,1760
43.54709,-50.963481,1768
44.513192,-50.963481,1776
45.479293,-51.929583,1784
46.445395,-52.895684,1792
47.411497,-52.895684,1800
48.377598,-53.861786,1808
49.3437,-53.861786,1816
50.309802,-54.827888,1824
51.275903,-54.827888,1832
52.242005,-55.79399,1840
53.208107,-55.79399,1849
54.174209,-55.79399,1864
55.14031,-55.79399,1896
56.106412,-55.79399,1912
57.072514,-55.79399,1920
58.038615,-55.79399,1928
59.004717,-55.79399,1936
59.004717,-54.827888,1944
59.970819,-53.861786,1952
59.970819,-52.895684,1960
60.93692,-52.895684,1968
60.93692,-50.963481,1976
60.93692,-49.997379,1992
60.93692,-49.031278,2008
60.93692,-48.065176,2016
60.93692,-46.132973,2174
60.93692,-45.166871,2184
61.903022,-46.132973,2376
61.903022,-48.065176,2384
63.835225,-49.997379,2392
64.801327,-51.929583,2400
65.767429,-54.827888,2408
66.733531,-56.760091,2416
67.699632,-59.658396,2424
67.699632,-61.5906,2432
68.665734,-64.488905,2440
69.631836,-66.421108,2448
69.631836,-67.38721,2456
69.631836,-68.353312,2464
70.597937,-70.285515,2472
70.597937,-71.251617,2480
70.597937,-72.217718,2488
70.597937,-73.18382,2496
70.597937,-74.149922,2504
70.597937,-75.116023,2512
70.597937,-77.048227,2528
69.631836,-77.048227,2536
69.631836,-78.014329,2544
68.665734,-78.98043,2552
68.665734,-79.946532,2560
67.699632,-79.946532,2568
66.733531,-80.912634,2576
65.767429,-80.912634,2592
64.801327,-81.878735,2600
63.835225,-81.878735,2608
61.903022,-82.844837,2616
60.93692,-82.844837,2624
59.970819,-82.844837,2632
58.038615,-82.844837,2640
57.072514,-83.810939,2648
56.106412,-83.810939,2656
54.174209,-83.810939,2664
53.208107,-83.810939,2672
52.242005,-84.77704,2680
51.275903,-84.77704,2696
50.309802,-84.77704,2712
48.377598,-83.810939,2728
48.377598,-82.844837,2736
46.445395,-81.878735,2744
44.513192,-79.946532,2752
43.54709,-78.014329,2760
41.614886,-77.048227,2768
39.682683,-74.149922,2776
37.75048,-73.18382,2784
35.818276,-70.285515,2792
32.919971,-67.38721,2800
31.95387,-65.455006,2808
30.987768,-63.522803,2816
30.021666,-61.5906,2824
29.055564,-59.658396,2832
29.055564,-56.760091,2840
28.089463,-55.79399,2848
27.123361,-54.827888,2856
27.123361,-52.895684,2864
27.123361,-51.929583,2880
26.157259,-51.929583,2888
BREAK
40.648785,-89.607549,3528
BREAK
