START
26.157259,-20.048227,0
27.123361,-20.048227,23
29.055564,-19.082125,31
30.021666,-18.116023,39
32.919971,-17.149922,47
35.818276,-17.149922,55
40.648785,-16.18382,63
44.513192,-15.217718,71
50.309802,-14.251617,79
56.106412,-13.285515,87
60.93692,-12.319413,95
66.733531,-12.319413,103
72.530141,-11.353312,111
76.394547,-11.353312,119
80.258954,-11.353312,127
84.123361,-11.353312,136
87.021666,-11.353312,143
89.919971,-10.38721,151
90.886073,-10.38721,159
91.852175,-10.38721,168
BREAK
30.987768,-18.116023,752
31.95387,-18.116023,799
33.886073,-18.116023,807
36.784378,-18.116023,815
40.648785,-18.116023,823
46.445395,-17.149922,831
53.208107,-17.149922,839
59.970819,-16.18382,847
65.767429,-15.217718,855
73.496242,-14.251617,863
79.292853,-13.285515,871
84.123361,-12.319413,879
89.919971,-11.353312,887
92.818276,-11.353312,895
94.75048,-11.353312,903
96.682683,-11.353312,911
97.648785,-11.353312,919
98.614886,-11.353312,927
97.648785,-11.353312,1071
96.682683,-11.353312,1079
95.716581,-11.353312,1095
92.818276,-11.353312,1103
91.852175,-11.353312,1111
90.886073,-11.353312,1119
87.987768,-12.319413,1127
86.055564,-12.319413,1135
83.157259,-13.285515,1143
82.191158,-14.251617,1151
79.292853,-14.251617,1159
77.360649,-15.217718,1167
74.462344,-15.217718,1175
72.530141,-15.217718,1184
70.597937,-15.217718,1191
67.699632,-15.217718,1200
63.835225,-15.217718,1207
59.004717,-15.217718,1215
55.14031,-15.217718,1223
51.275903,-15.217718,1231
48.377598,-15.217718,1239
44.513192,-15.217718,1247
41.614886,-15.217718,1255
39.682683,-15.217718,1263
38.716581,-15.217718,1271
37.75048,-15.217718,1279
36.784378,-15.217718,1287
35.818276,-15.217718,1479
34.852175,-15.217718,1503
33.886073,-14.251617,1511
32.919971,-14.251617,1519
31.95387,-14.251617,1536
30.987768,-14.251617,1551
30.021666,-14.251617,1567
29.055564,-14.251617,1576
28.089463,-14.251617,1591
27.123361,-14.251617,1601
26.157259,-14.251617,1607
BREAK
50.309802,-17.149922,2120
50.309802,-18.116023,2143
50.309802,-19.082125,2159
50.309802,-20.048227,2175
50.309802,-21.014329,2184
49.3437,-21.98043,2200
49.3437,-22.946532,2207
49.3437,-24.878735,2215
49.3437,-25.844837,2223
48.377598,-27.77704,2231
48.377598,-28.743142,2239
47.411497,-30.675345,2247
47.411497,-31.641447,2255
47.411497,-33.573651,2263
47.411497,-34.539752,2271
47.411497,-36.471956,2279
47.411497,-37.438057,2287
47.411497,-38.404159,2296
47.411497,-39.370261,2303
47.411497,-40.336362,2311
48.377598,-41.302464,2319
49.3437,-42.268566,2327
52.242005,-43.234667,2336
53.208107,-44.200769,2343
55.14031,-44.200769,2351
58.038615,-45.166871,2359
60.93692,-45.166871,2367
63.835225,-46.132973,2375
66.733531,-46.132973,2384
68.665734,-46.132973,2391
70.597937,-46.132973,2400
72.530141,-46.132973,2407
75.428446,-46.132973,2416
76.394547,-45.166871,2423
77.360649,-45.166871,2431
78.326751,-44.200769,2439
79.292853,-44.200769,2447
79.292853,-42.268566,2456
80.258954,-42.268566,2463
80.258954,-41.302464,2471
80.258954,-40.336362,2479
81.225056,-38.404159,2487
81.225056,-37.438057,2503
81.225056,-35.505854,2511
81.225056,-33.573651,2527
81.225056,-32.607549,2543
80.258954,-32.607549,2551
80.258954,-34.539752,2663
80.258954,-35.505854,2671
80.258954,-36.471956,2680
80.258954,-38.404159,2687
81.225056,-39.370261,2696
81.225056,-41.302464,2704
82.191158,-43.234667,2711
84.123361,-44.200769,2719
84.123361,-47.099074,2728
86.055564,-49.031278,2736
87.021666,-49.997379,2743
87.987768,-52.895684,2752
89.919971,-53.861786,2759
89.919971,-55.79399,2767
90.886073,-57.726193,2776
91.852175,-59.658396,2784
92.818276,-60.624498,2792
92.818276,-62.556701,2800
93.784378,-64.488905,2808
94.75048,-65.455006,2817
94.75048,-67.38721,2823
94.75048,-68.353312,2831
94.75048,-70.285515,2839
94.75048,-71.251617,2847
94.75048,-73.18382,2856
93.784378,-74.149922,2864
91.852175,-75.116023,2871
89.919971,-77.048227,2879
87.987768,-78.014329,2887
84.123361,-78.98043,2896
81.225056,-80.912634,2903
78.326751,-80.912634,2912
75.428446,-80.912634,2920
72.530141,-80.912634,2927
69.631836,-81.878735,2936
66.733531,-81.878735,2944
63.835225,-81.878735,2952
60.93692,-81.878735,2960
57.072514,-81.878735,2968
55.14031,-81.878735,2976
52.242005,-81.878735,2984
50.309802,-81.878735,2992
48.377598,-81.878735,3001
45.479293,-80.912634,3008
44.513192,-79.946532,3016
43.54709,-78.98043,3024
42.580988,-78.98043,3032
41.614886,-78.98043,3040
39.682683,-78.014329,3048
39.682683,-77.048227,3056
38.716581,-77.048227,3064
36.784378,-76.082125,3072
35.818276,-75.116023,3080
35.818276,-74.149922,3088
34.852175,-74.149922,3096
33.886073,-73.18382,3104
32.919971,-72.217718,3112
31.95387,-71.251617,3128
30.987768,-69.319413,3144
30.021666,-69.319413,3152
29.055564,-68.353312,3160
28.089463,-67.38721,3168
28.089463,-66.421108,3176
27.123361,-66.421108,3184
27.123361,-65.455006,3192
27.123361,-64.488905,3201
26.157259,-63.522803,3217
26.157259,-62.556701,3224
25.191158,-61.5906,3232
25.191158,-60.624498,3248
25.191158,-59.658396,3264
24.225056,-59.658396,3272
24.225056,-58.692295,3280
24.225056,-57.726193,3288
23.258954,-57.726193,3296
23.258954,-56.760091,3304
23.258954,-55.79399,3320
22.292853,-55.79399,3336
22.292853,-54.827888,3344
22.292853,-53.861786,3376
21.326751,-53.861786,3384
21.326751,-52.895684,3401
21.326751,-51.929583,3416
21.326751,-50.963481,3424
21.326751,-49.997379,3440
21.326751,-49.031278,3456
21.326751,-48.065176,3464
21.326751,-47.099074,3496
21.326751,-46.132973,3528
21.326751,-45.166871,3560
21.326751,-44.200769,3576
21.326751,-43.234667,3632
BREAK
53.208107,-93.471956,4656
54.174209,-93.471956,4679
55.14031,-93.471956,4695
56.106412,-93.471956,4719
56.106412,-94.438057,4735
56.106412,-95.404159,4767
55.14031,-95.404159,4823
54.174209,-95.404159,4831
52.242005,-95.404159,4839
51.275903,-95.404159,4855
51.275903,-94.438057,4879
51.275903,-93.471956,4895
51.275903,-92.505854,4935
53.208107,-92.505854,4951
55.14031,-92.505854,4967
56.106412,-92.505854,4983
56.106412,-93.471956,5015
56.106412,-94.438057,5031
55.14031,-94.438057,5079
54.174209,-94.438057,5087
53.208107,-94.438057,5103
52.242005,-94.438057,5111
51.275903,-94.438057,5119
51.275903,-93.471956,5143
50.309802,-93.471956,5151
51.275903,-93.471956,5271
52.242005,-93.471956,5279
53.208107,-93.471956,5295
54.174209,-93.471956,5311
BREAK
