START
30.683962,-58.859438,0
30.683962,-56.859438,169
31.683962,-55.859438,182
32.683962,-53.859438,192
33.683962,-53.859438,205
34.683962,-51.859438,218
35.683962,-50.859438,231
35.683962,-48.859438,242
37.683962,-45.859438,254
40.683962,-42.859438,266
42.683962,-38.859438,279
44.683962,-36.859438,292
45.683962,-35.859438,302
45.683962,-33.859438,314
45.683962,-32.859438,350
46.683962,-31.859438,473
46.683962,-30.859438,485
46.683962,-29.859438,629
47.683962,-29.859438,654
47.683962,-28.859438,677
48.683962,-28.859438,714
48.683962,-27.859438,725
48.683962,-26.859438,799
49.683962,-26.859438,835
49.683962,-25.859438,848
50.683962,-25.859438,1271
51.683962,-26.859438,1295
52.683962,-28.859438,1308
52.683962,-29.859438,1320
54.683962,-31.859438,1332
54.683962,-34.859438,1344
56.683962,-38.859438,1356
57.683962,-40.859438,1368
58.683962,-43.859438,1380
60.683962,-44.859438,1393
61.683962,-46.859438,1405
62.683962,-47.859438,1417
63.683962,-49.859438,1428
65.683962,-50.859438,1441
65.683962,-51.859438,1454
66.683962,-54.859438,1465
67.683962,-54.859438,1477
67.683962,-55.859438,1490
68.683962,-57.859438,1502
68.683962,-58.859438,1514
68.683962,-59.859438,1526
68.683962,-60.859438,1562
69.683962,-60.859438,1600
BREAK
