START
51.683962,-14.859438,0
51.683962,-15.859438,200
51.683962,-16.859438,231
52.683962,-16.859438,376
53.683962,-16.859438,464
54.683962,-16.859438,536
54.683962,-15.859438,719
54.683962,-14.859438,759
54.683962,-13.859438,847
53.683962,-13.859438,1053
52.683962,-13.859438,1205
51.683962,-13.859438,1316
BREAK
55.683962,-30.859438,2373
54.683962,-30.859438,2404
53.683962,-30.859438,2412
52.683962,-30.859438,2429
51.683962,-30.859438,2461
51.683962,-31.859438,2540
51.683962,-32.859438,2629
52.683962,-32.859438,2724
52.683962,-33.859438,2732
53.683962,-33.859438,2764
54.683962,-33.859438,2788
55.683962,-33.859438,2804
56.683962,-33.859438,2820
57.683962,-33.859438,2828
58.683962,-33.859438,2868
59.683962,-33.859438,2892
58.683962,-33.859438,3068
57.683962,-32.859438,3093
56.683962,-32.859438,3116
55.683962,-32.859438,3165
54.683962,-32.859438,3188
53.683962,-32.859438,3221
BREAK
54.683962,-51.859438,4108
54.683962,-52.859438,4292
54.683962,-53.859438,4316
54.683962,-54.859438,4348
54.683962,-55.859438,4404
55.683962,-55.859438,4580
56.683962,-55.859438,4604
57.683962,-55.859438,4628
58.683962,-55.859438,4660
59.683962,-55.859438,4668
59.683962,-54.859438,4692
60.683962,-54.859438,4725
60.683962,-53.859438,4836
60.683962,-52.859438,4860
59.683962,-52.859438,4965
59.683962,-51.859438,4980
58.683962,-51.859438,4988
57.683962,-51.859438,5004
57.683962,-50.859438,5013
56.683962,-50.859438,5028
55.683962,-50.859438,5044
54.683962,-50.859438,5068
53.683962,-50.859438,5076
52.683962,-50.859438,5084
51.683962,-50.859438,5100
50.683962,-50.859438,5196
BREAK
58.683962,-73.859438,6252
58.683962,-74.859438,6428
58.683962,-75.859438,6444
58.683962,-76.859438,6468
58.683962,-77.859438,6492
58.683962,-78.859438,6515
58.683962,-79.859438,6540
58.683962,-80.859438,6572
59.683962,-80.859438,6763
60.683962,-80.859438,6780
61.683962,-80.859438,6796
62.683962,-80.859438,6812
62.683962,-79.859438,6860
62.683962,-78.859438,6900
62.683962,-77.859438,6924
62.683962,-76.859438,6948
62.683962,-75.859438,6971
62.683962,-74.859438,6996
62.683962,-73.859438,7019
62.683962,-72.859438,7044
61.683962,-72.859438,7060
60.683962,-72.859438,7132
59.683962,-72.859438,7148
58.683962,-72.859438,7179
57.683962,-72.859438,7212
56.683962,-72.859438,7324
BREAK
