START
51.683962,-11.859438,0
51.683962,-12.859438,11
52.683962,-12.859438,83
53.683962,-12.859438,106
55.683962,-12.859438,142
55.683962,-11.859438,304
54.683962,-11.859438,336
53.683962,-11.859438,347
52.683962,-11.859438,404
51.683962,-11.859438,447
50.683962,-11.859438,553
50.683962,-12.859438,589
50.683962,-13.859438,612
50.683962,-14.859438,641
51.683962,-14.859438,652
51.683962,-15.859438,675
52.683962,-15.859438,693
52.683962,-14.859438,792
52.683962,-13.859438,838
BREAK
55.683962,-27.859438,1566
55.683962,-28.859438,1671
54.683962,-29.859438,1682
54.683962,-30.859438,1712
54.683962,-31.859438,1723
54.683962,-32.859438,1746
54.683962,-33.859438,1817
55.683962,-33.859438,1828
56.683962,-33.859438,1851
57.683962,-33.859438,1894
57.683962,-32.859438,1923
57.683962,-31.859438,1941
56.683962,-30.859438,1985
55.683962,-30.859438,2007
54.683962,-30.859438,2018
53.683962,-30.859438,2062
52.683962,-30.859438,2091
51.683962,-30.859438,2102
50.683962,-30.859438,2128
49.683962,-30.859438,2157
49.683962,-31.859438,2175
49.683962,-32.859438,2246
50.683962,-32.859438,2257
50.683962,-33.859438,2280
51.683962,-33.859438,2319
52.683962,-33.859438,2355
52.683962,-32.859438,2388
52.683962,-31.859438,2406
52.683962,-30.859438,2477
BREAK
52.683962,-47.859438,3388
52.683962,-48.859438,3399
52.683962,-49.859438,3477
53.683962,-49.859438,3509
54.683962,-49.859438,3580
55.683962,-48.859438,3644
55.683962,-47.859438,3667
55.683962,-46.859438,3754
54.683962,-46.859438,3779
54.683962,-45.859438,3804
53.683962,-45.859438,3816
52.683962,-45.859438,3869
51.683962,-45.859438,3926
50.683962,-45.859438,3948
50.683962,-46.859438,3971
50.683962,-47.859438,3982
50.683962,-48.859438,4018
50.683962,-49.859438,4030
50.683962,-50.859438,4066
51.683962,-50.859438,4100
51.683962,-49.859438,4185
51.683962,-48.859438,4221
BREAK
51.683962,-68.859438,4947
51.683962,-69.859438,5024
51.683962,-70.859438,5054
51.683962,-71.859438,5076
51.683962,-72.859438,5088
51.683962,-73.859438,5117
52.683962,-73.859438,5178
53.683962,-73.859438,5222
54.683962,-73.859438,5247
55.683962,-73.859438,5272
55.683962,-72.859438,5283
55.683962,-71.859438,5294
55.683962,-70.859438,5324
55.683962,-69.859438,5353
55.683962,-68.859438,5376
55.683962,-67.859438,5394
55.683962,-66.859438,5430
54.683962,-66.859438,5490
53.683962,-66.859438,5508
52.683962,-66.859438,5527
51.683962,-66.859438,5598
50.683962,-67.859438,5648
50.683962,-68.859438,5677
50.683962,-69.859438,5741
51.683962,-69.859438,5785
52.683962,-69.859438,5828
53.683962,-69.859438,5858
53.683962,-68.859438,5869
53.683962,-67.859438,5891
53.683962,-66.859438,5903
54.683962,-66.859438,5914
54.683962,-65.859438,5925
53.683962,-65.859438,6035
52.683962,-65.859438,6076
BREAK
