START
40.000832,-45.095472,0
40.000832,-45.491756,43
40.000832,-45.888041,51
40.000832,-46.284326,59
40.000832,-46.680611,68
40.000832,-47.076896,75
40.000832,-47.869465,83
40.000832,-48.26575,91
40.000832,-49.05832,100
40.397117,-49.85089,108
40.397117,-50.643459,115
40.397117,-51.436029,124
40.397117,-52.228599,131
40.397117,-52.624883,139
40.793402,-53.417453,147
40.793402,-54.210023,155
40.793402,-54.606308,163
40.793402,-55.002592,172
41.189687,-55.398877,179
41.189687,-56.191447,187
41.585972,-56.587732,195
41.585972,-56.984017,203
41.982257,-57.380301,211
41.982257,-57.776586,219
42.378541,-57.776586,227
42.378541,-58.172871,235
42.774826,-58.172871,243
43.171111,-58.569156,259
43.567396,-58.569156,267
43.963681,-58.569156,276
44.359966,-58.569156,283
44.75625,-58.569156,291
45.152535,-58.569156,299
45.54882,-58.569156,308
45.54882,-58.172871,316
45.945105,-58.172871,324
46.34139,-57.776586,331
46.737675,-57.380301,339
47.133959,-57.380301,349
47.530244,-56.984017,356
47.926529,-56.984017,363
48.322814,-56.587732,371
48.719099,-56.587732,379
49.115383,-56.587732,388
49.115383,-56.191447,395
49.511668,-56.191447,411
49.511668,-55.795162,420
49.907953,-55.795162,427
50.304238,-55.398877,435
50.700523,-55.002592,443
50.700523,-54.606308,451
51.096808,-54.606308,460
51.493092,-54.210023,468
51.889377,-53.813738,476
51.889377,-53.417453,483
52.285662,-53.021168,491
52.285662,-52.624883,500
52.681947,-52.228599,508
52.681947,-51.832314,515
53.078232,-51.832314,524
53.078232,-51.436029,531
53.078232,-51.039744,540
53.474517,-51.039744,555
53.474517,-50.643459,563
53.474517,-50.247174,571
53.474517,-49.85089,579
53.474517,-49.454605,588
53.870801,-49.05832,595
53.870801,-48.662035,603
53.870801,-48.26575,611
54.267086,-47.869465,619
54.267086,-47.473181,627
54.267086,-47.076896,635
54.267086,-46.680611,643
54.267086,-45.888041,651
54.267086,-45.491756,659
54.267086,-44.699187,667
54.267086,-44.302902,675
54.267086,-43.510332,684
54.267086,-42.717763,692
54.267086,-42.321478,699
54.267086,-41.528908,707
54.267086,-41.132623,715
54.267086,-40.340054,725
54.267086,-39.943769,732
54.267086,-39.547484,739
54.267086,-39.151199,747
54.267086,-38.754914,755
54.267086,-39.151199,892
54.267086,-39.547484,900
54.267086,-39.943769,907
54.267086,-40.340054,916
54.267086,-40.736339,924
54.267086,-41.132623,931
54.267086,-41.528908,941
53.870801,-42.321478,947
53.870801,-42.717763,955
53.870801,-43.510332,964
53.870801,-44.302902,971
53.474517,-45.095472,979
53.474517,-45.491756,988
53.474517,-46.284326,995
53.474517,-46.680611,1004
53.474517,-47.473181,1011
53.474517,-47.869465,1019
53.474517,-48.26575,1027
53.474517,-49.05832,1035
53.474517,-49.85089,1044
53.078232,-50.247174,1051
53.078232,-50.643459,1060
53.078232,-51.039744,1068
53.078232,-51.436029,1075
53.078232,-51.832314,1083
53.078232,-52.228599,1091
53.078232,-52.624883,1100
53.078232,-53.021168,1108
53.078232,-53.813738,1115
53.078232,-54.210023,1124
53.078232,-54.606308,1131
53.078232,-55.002592,1140
53.078232,-57.380301,1224
53.078232,-57.776586,1235
53.078232,-58.172871,1275
53.078232,-58.569156,1324
53.078232,-58.965441,1375
53.078232,-59.361726,1460
53.078232,-59.75801,1540
53.474517,-59.75801,1628
53.870801,-59.75801,1636
54.267086,-59.75801,1643
54.663371,-59.75801,1654
55.059656,-59.75801,1661
55.852226,-59.75801,1669
56.644795,-59.75801,1675
57.437365,-59.75801,1684
58.626219,-59.75801,1704
59.418789,-59.75801,1710
59.815074,-59.75801,1716
60.607644,-59.75801,1725
61.003928,-59.75801,1731
62.192783,-59.75801,1750
62.985353,-59.75801,1757
63.381637,-59.75801,1769
64.174207,-59.75801,1771
64.966777,-59.75801,1779
65.759346,-59.75801,1787
66.551916,-59.75801,1795
67.344486,-59.75801,1803
67.74077,-59.75801,1813
68.137055,-59.75801,1820
69.722195,-59.75801,1981
69.722195,-59.361726,2043
69.722195,-58.965441,2059
69.722195,-58.569156,2075
70.118479,-58.569156,2083
70.118479,-58.172871,2091
70.118479,-57.776586,2099
70.118479,-57.380301,2107
70.118479,-56.984017,2115
70.514764,-56.587732,2123
70.514764,-55.795162,2131
70.514764,-55.398877,2139
70.514764,-54.606308,2148
70.514764,-54.210023,2155
70.514764,-53.417453,2163
70.514764,-52.624883,2171
70.514764,-51.832314,2179
70.514764,-51.039744,2187
70.514764,-50.247174,2195
70.514764,-49.454605,2203
70.514764,-48.662035,2211
70.514764,-47.869465,2219
70.514764,-47.076896,2227
70.514764,-46.284326,2235
70.514764,-45.888041,2243
70.514764,-45.491756,2251
70.514764,-45.095472,2259
70.514764,-44.699187,2275
70.514764,-44.302902,2291
70.514764,-43.906617,2299
70.514764,-43.510332,2315
70.514764,-43.114048,2324
70.514764,-42.717763,2332
70.514764,-42.321478,2339
70.118479,-42.321478,2468
BREAK
