START
35.023585,-37.702811,0
36.023585,-37.702811,128
37.023585,-37.702811,147
38.023585,-37.702811,157
39.023585,-37.702811,167
40.023585,-37.702811,177
41.023585,-37.702811,187
42.023585,-37.702811,197
43.023585,-37.702811,206
44.023585,-37.702811,236
45.023585,-37.702811,246
46.023585,-37.702811,256
47.023585,-37.702811,285
48.023585,-37.702811,325
49.023585,-37.702811,354
49.023585,-38.702811,374
50.023585,-38.702811,384
50.023585,-39.702811,394
51.023585,-39.702811,403
52.023585,-41.702811,413
53.023585,-42.702811,433
53.023585,-43.702811,453
54.023585,-43.702811,462
54.023585,-45.702811,472
54.023585,-47.702811,492
55.023585,-47.702811,502
55.023585,-48.702811,512
55.023585,-49.702811,522
55.023585,-50.702811,531
55.023585,-51.702811,541
55.023585,-52.702811,561
55.023585,-53.702811,571
55.023585,-54.702811,581
55.023585,-55.702811,590
55.023585,-56.702811,600
55.023585,-57.702811,610
55.023585,-58.702811,630
55.023585,-59.702811,650
55.023585,-60.702811,659
55.023585,-61.702811,679
55.023585,-62.702811,689
55.023585,-63.702811,699
55.023585,-64.702811,709
55.023585,-66.702811,718
55.023585,-67.702811,738
55.023585,-68.702811,758
55.023585,-69.702811,768
55.023585,-70.702811,807
55.023585,-71.702811,827
56.023585,-72.702811,837
56.023585,-73.702811,846
56.023585,-74.702811,866
57.023585,-74.702811,886
57.023585,-75.702811,896
57.023585,-76.702811,955
58.023585,-76.702811,965
59.023585,-77.702811,984
60.023585,-77.702811,1024
61.023585,-77.702811,1043
BREAK
51.023585,-60.702811,1693
51.023585,-61.702811,1781
51.023585,-62.702811,1811
51.023585,-64.702811,1840
51.023585,-65.702811,1860
51.023585,-66.702811,1880
50.023585,-66.702811,1890
49.023585,-66.702811,1909
49.023585,-67.702811,1929
48.023585,-67.702811,1939
48.023585,-68.702811,1949
47.023585,-68.702811,1958
47.023585,-69.702811,1968
46.023585,-69.702811,1978
45.023585,-70.702811,1988
45.023585,-71.702811,2008
45.023585,-72.702811,2027
44.023585,-72.702811,2037
44.023585,-73.702811,2047
43.023585,-73.702811,2057
42.023585,-74.702811,2067
42.023585,-75.702811,2077
41.023585,-76.702811,2086
40.023585,-77.702811,2106
39.023585,-78.702811,2116
39.023585,-79.702811,2126
38.023585,-79.702811,2136
38.023585,-80.702811,2146
37.023585,-81.702811,2155
36.023585,-81.702811,2165
35.023585,-81.702811,2185
34.023585,-81.702811,2205
33.023585,-81.702811,2224
32.023585,-81.702811,2244
32.023585,-82.702811,2254
31.023585,-82.702811,2264
BREAK
