START
24.528302,-18.686747,0
24.528302,-19.686747,102
24.528302,-21.686747,110
24.528302,-23.686747,118
24.528302,-24.686747,126
25.528302,-27.686747,134
25.528302,-28.686747,142
25.528302,-30.686747,150
25.528302,-32.686747,159
25.528302,-33.686747,167
25.528302,-34.686747,175
25.528302,-35.686747,183
25.528302,-36.686747,190
25.528302,-39.686747,200
25.528302,-41.686747,215
25.528302,-42.686747,224
25.528302,-43.686747,232
25.528302,-44.686747,240
25.528302,-45.686747,248
25.528302,-46.686747,256
25.528302,-47.686747,265
25.528302,-48.686747,282
25.528302,-49.686747,297
25.528302,-50.686747,314
25.528302,-51.686747,322
25.528302,-52.686747,330
25.528302,-53.686747,338
25.528302,-54.686747,356
25.528302,-55.686747,364
25.528302,-57.686747,373
25.528302,-58.686747,381
25.528302,-59.686747,389
25.528302,-60.686747,396
25.528302,-61.686747,405
25.528302,-62.686747,413
25.528302,-64.686747,422
25.528302,-65.686747,430
25.528302,-67.686747,438
25.528302,-68.686747,446
25.528302,-69.686747,454
25.528302,-70.686747,463
25.528302,-71.686747,471
25.528302,-72.686747,479
25.528302,-73.686747,487
25.528302,-74.686747,495
25.528302,-75.686747,504
25.528302,-76.686747,513
25.528302,-77.686747,521
25.528302,-78.686747,529
25.528302,-79.686747,537
25.528302,-80.686747,553
25.528302,-81.686747,579
25.528302,-82.686747,594
25.528302,-83.686747,620
25.528302,-84.686747,627
25.528302,-85.686747,651
25.528302,-86.686747,659
25.528302,-87.686747,677
25.528302,-88.686747,701
25.528302,-89.686747,735
25.528302,-90.686747,750
25.528302,-91.686747,775
25.528302,-92.686747,800
25.528302,-93.686747,815
BREAK
71.528302,-18.686747,1597
71.528302,-19.686747,1678
71.528302,-20.686747,1686
71.528302,-22.686747,1694
71.528302,-24.686747,1703
71.528302,-26.686747,1711
71.528302,-28.686747,1719
70.528302,-30.686747,1728
70.528302,-32.686747,1736
70.528302,-35.686747,1743
70.528302,-37.686747,1752
69.528302,-39.686747,1760
69.528302,-41.686747,1768
69.528302,-44.686747,1776
69.528302,-46.686747,1785
69.528302,-47.686747,1793
69.528302,-49.686747,1801
69.528302,-50.686747,1809
69.528302,-52.686747,1817
69.528302,-53.686747,1825
69.528302,-54.686747,1833
69.528302,-55.686747,1850
69.528302,-56.686747,1868
69.528302,-58.686747,1875
69.528302,-59.686747,1891
69.528302,-60.686747,1899
69.528302,-61.686747,1908
69.528302,-62.686747,1915
69.528302,-63.686747,1933
69.528302,-64.686747,1941
69.528302,-65.686747,1950
69.528302,-66.686747,1957
69.528302,-67.686747,1966
69.528302,-68.686747,1973
69.528302,-69.686747,1981
69.528302,-70.686747,1989
69.528302,-71.686747,1997
69.528302,-72.686747,2013
69.528302,-73.686747,2022
69.528302,-74.686747,2038
69.528302,-75.686747,2047
69.528302,-76.686747,2063
69.528302,-77.686747,2079
69.528302,-78.686747,2088
69.528302,-79.686747,2097
69.528302,-80.686747,2105
69.528302,-81.686747,2121
69.528302,-82.686747,2137
69.528302,-83.686747,2163
69.528302,-84.686747,2229
69.528302,-85.686747,2247
69.528302,-86.686747,2262
70.528302,-87.686747,2270
70.528302,-88.686747,2280
70.528302,-89.686747,2287
70.528302,-90.686747,2304
BREAK
22.528302,-17.686747,3213
23.528302,-17.686747,3280
24.528302,-17.686747,3288
25.528302,-18.686747,3296
27.528302,-19.686747,3303
29.528302,-20.686747,3312
30.528302,-20.686747,3320
31.528302,-21.686747,3328
32.528302,-22.686747,3336
34.528302,-23.686747,3344
35.528302,-24.686747,3352
37.528302,-25.686747,3360
38.528302,-26.686747,3369
39.528302,-27.686747,3376
40.528302,-27.686747,3386
41.528302,-29.686747,3394
43.528302,-29.686747,3402
44.528302,-30.686747,3411
45.528302,-31.686747,3419
46.528302,-32.686747,3427
47.528302,-32.686747,3435
48.528302,-33.686747,3443
49.528302,-33.686747,3451
49.528302,-34.686747,3459
50.528302,-34.686747,3467
51.528302,-35.686747,3557
52.528302,-35.686747,3573
52.528302,-36.686747,3580
53.528302,-36.686747,3589
54.528302,-37.686747,3597
55.528302,-37.686747,3621
56.528302,-38.686747,3638
57.528302,-39.686747,3654
58.528302,-40.686747,3662
59.528302,-40.686747,3670
60.528302,-41.686747,3686
61.528302,-41.686747,3696
61.528302,-42.686747,3703
62.528302,-42.686747,3719
62.528302,-43.686747,3761
63.528302,-43.686747,3769
64.528302,-44.686747,3793
65.528302,-44.686747,3846
BREAK
68.528302,-17.686747,4580
67.528302,-17.686747,4652
66.528302,-17.686747,4677
65.528302,-17.686747,4685
64.528302,-17.686747,4701
63.528302,-17.686747,4710
62.528302,-18.686747,4718
61.528302,-19.686747,4734
60.528302,-19.686747,4742
59.528302,-20.686747,4750
58.528302,-21.686747,4775
57.528302,-21.686747,4791
57.528302,-22.686747,4799
56.528302,-22.686747,4807
56.528302,-23.686747,4815
55.528302,-23.686747,4824
54.528302,-24.686747,4840
54.528302,-25.686747,4848
53.528302,-25.686747,4856
53.528302,-26.686747,4864
52.528302,-26.686747,4872
52.528302,-27.686747,4881
52.528302,-28.686747,4889
51.528302,-28.686747,4897
50.528302,-29.686747,4914
50.528302,-30.686747,4922
49.528302,-30.686747,4938
49.528302,-31.686747,4946
48.528302,-31.686747,4962
48.528302,-32.686747,4970
47.528302,-33.686747,4994
46.528302,-33.686747,5010
46.528302,-34.686747,5026
45.528302,-34.686747,5051
45.528302,-35.686747,5059
44.528302,-35.686747,5075
44.528302,-36.686747,5093
43.528302,-36.686747,5109
42.528302,-36.686747,5134
41.528302,-36.686747,5166
40.528302,-36.686747,5174
39.528302,-36.686747,5191
38.528302,-36.686747,5199
37.528302,-37.686747,5215
36.528302,-37.686747,5223
35.528302,-37.686747,5239
34.528302,-37.686747,5255
33.528302,-37.686747,5264
32.528302,-37.686747,5296
31.528302,-37.686747,5409
31.528302,-38.686747,5419
30.528302,-38.686747,5426
29.528302,-38.686747,5453
28.528302,-38.686747,5481
27.528302,-38.686747,5524
26.528302,-38.686747,5565
25.528302,-38.686747,5581
24.528302,-38.686747,5597
BREAK
