START
27.528302,-13.686747,0
27.528302,-15.686747,171
27.528302,-18.686747,183
27.528302,-22.686747,195
27.528302,-28.686747,207
27.528302,-35.686747,219
27.528302,-41.686747,231
27.528302,-48.686747,243
27.528302,-55.686747,255
27.528302,-60.686747,267
27.528302,-66.686747,279
27.528302,-72.686747,291
27.528302,-78.686747,303
28.528302,-83.686747,315
28.528302,-86.686747,327
29.528302,-90.686747,339
30.528302,-92.686747,351
31.528302,-93.686747,362
BREAK
29.528302,-12.686747,2892
29.528302,-13.686747,3534
29.528302,-14.686747,3546
29.528302,-16.686747,3570
30.528302,-16.686747,3582
31.528302,-18.686747,3594
32.528302,-19.686747,3606
32.528302,-20.686747,3619
33.528302,-21.686747,3630
34.528302,-22.686747,3642
34.528302,-23.686747,3654
35.528302,-24.686747,3666
36.528302,-26.686747,3690
37.528302,-28.686747,3714
38.528302,-28.686747,3726
38.528302,-29.686747,3738
39.528302,-29.686747,3750
39.528302,-30.686747,3762
40.528302,-30.686747,3774
41.528302,-31.686747,3786
41.528302,-32.686747,3798
42.528302,-32.686747,3810
42.528302,-33.686747,3822
43.528302,-33.686747,3834
44.528302,-35.686747,3846
46.528302,-35.686747,3859
47.528302,-36.686747,3871
48.528302,-36.686747,3883
49.528302,-38.686747,3895
50.528302,-39.686747,3919
51.528302,-40.686747,3931
52.528302,-41.686747,3955
52.528302,-42.686747,4209
52.528302,-43.686747,4233
52.528302,-44.686747,4245
53.528302,-44.686747,4257
53.528302,-45.686747,4269
53.528302,-46.686747,4305
54.528302,-47.686747,4329
55.528302,-47.686747,4341
55.528302,-48.686747,4353
56.528302,-47.686747,5454
56.528302,-46.686747,5466
58.528302,-44.686747,5480
59.528302,-43.686747,5492
61.528302,-41.686747,5504
61.528302,-40.686747,5540
62.528302,-40.686747,5552
62.528302,-39.686747,5576
63.528302,-39.686747,5588
63.528302,-38.686747,5600
63.528302,-37.686747,5613
64.528302,-37.686747,5624
65.528302,-36.686747,5636
65.528302,-35.686747,5648
65.528302,-34.686747,5660
66.528302,-33.686747,5672
66.528302,-32.686747,5684
66.528302,-31.686747,5696
67.528302,-31.686747,5708
67.528302,-30.686747,5720
68.528302,-30.686747,5732
68.528302,-29.686747,5744
69.528302,-28.686747,5768
69.528302,-27.686747,5792
70.528302,-26.686747,5866
70.528302,-25.686747,5902
70.528302,-24.686747,5914
70.528302,-23.686747,5950
70.528302,-21.686747,5962
71.528302,-20.686747,5986
72.528302,-19.686747,6022
72.528302,-18.686747,6047
72.528302,-17.686747,6058
72.528302,-16.686747,6082
73.528302,-16.686747,6095
73.528302,-15.686747,6107
73.528302,-14.686747,6131
73.528302,-13.686747,6143
74.528302,-12.686747,6167
74.528302,-13.686747,6546
74.528302,-16.686747,6558
74.528302,-18.686747,6570
74.528302,-21.686747,6582
74.528302,-23.686747,6594
74.528302,-26.686747,6607
74.528302,-29.686747,6619
74.528302,-31.686747,6630
74.528302,-32.686747,6642
74.528302,-34.686747,6654
74.528302,-36.686747,6666
74.528302,-37.686747,6679
74.528302,-38.686747,6690
74.528302,-39.686747,6702
74.528302,-41.686747,6714
74.528302,-42.686747,6726
74.528302,-43.686747,6738
74.528302,-44.686747,6750
75.528302,-45.686747,6762
75.528302,-46.686747,6774
75.528302,-47.686747,6786
75.528302,-48.686747,6798
75.528302,-50.686747,6810
75.528302,-51.686747,6822
75.528302,-52.686747,6834
75.528302,-54.686747,6846
75.528302,-55.686747,6858
75.528302,-57.686747,6870
75.528302,-58.686747,6882
75.528302,-59.686747,6894
76.528302,-61.686747,6906
76.528302,-63.686747,6918
76.528302,-64.686747,6930
76.528302,-65.686747,6942
76.528302,-66.686747,6954
76.528302,-67.686747,6966
75.528302,-68.686747,7195
75.528302,-70.686747,7207
75.528302,-71.686747,7218
75.528302,-73.686747,7231
75.528302,-74.686747,7245
75.528302,-76.686747,7257
75.528302,-78.686747,7268
75.528302,-80.686747,7281
75.528302,-81.686747,7293
75.528302,-82.686747,7304
75.528302,-84.686747,7317
75.528302,-85.686747,7341
75.528302,-86.686747,7353
75.528302,-87.686747,7365
75.528302,-88.686747,7499
75.528302,-89.686747,7535
75.528302,-90.686747,7645
75.528302,-91.686747,7657
BREAK
30.528302,-61.686747,9142
30.528302,-60.686747,9300
30.528302,-59.686747,9312
30.528302,-58.686747,9336
30.528302,-57.686747,9348
31.528302,-57.686747,9360
31.528302,-56.686747,9384
32.528302,-56.686747,9408
32.528302,-55.686747,9432
33.528302,-55.686747,9456
34.528302,-54.686747,9483
35.528302,-54.686747,9496
36.528302,-53.686747,9508
37.528302,-53.686747,9532
37.528302,-52.686747,9544
38.528302,-52.686747,9556
39.528302,-51.686747,9580
40.528302,-51.686747,9604
40.528302,-50.686747,9616
41.528302,-50.686747,9628
42.528302,-49.686747,9640
43.528302,-49.686747,9664
43.528302,-48.686747,9676
44.528302,-48.686747,9700
45.528302,-48.686747,9736
46.528302,-48.686747,9749
46.528302,-47.686747,9760
47.528302,-47.686747,9785
48.528302,-47.686747,9809
48.528302,-46.686747,9821
49.528302,-46.686747,9845
49.528302,-45.686747,9857
50.528302,-45.686747,9869
51.528302,-45.686747,9917
52.528302,-44.686747,9941
54.528302,-43.686747,9965
BREAK
54.528302,-43.686747,10448
55.528302,-43.686747,10548
56.528302,-43.686747,10572
56.528302,-44.686747,10597
57.528302,-44.686747,10608
58.528302,-44.686747,10620
58.528302,-45.686747,10632
59.528302,-45.686747,10680
59.528302,-46.686747,10692
60.528302,-46.686747,10728
60.528302,-47.686747,10740
61.528302,-48.686747,10764
62.528302,-48.686747,10776
63.528302,-49.686747,10800
64.528302,-49.686747,10812
65.528302,-50.686747,10824
65.528302,-51.686747,10836
66.528302,-51.686747,10848
66.528302,-52.686747,10872
67.528302,-52.686747,10909
67.528302,-53.686747,10920
68.528302,-54.686747,10945
68.528302,-55.686747,10957
69.528302,-55.686747,10969
70.528302,-56.686747,11258
70.528302,-57.686747,11294
71.528302,-57.686747,11306
71.528302,-58.686747,11332
72.528302,-58.686747,11356
72.528302,-59.686747,11368
73.528302,-59.686747,11392
73.528302,-60.686747,11404
BREAK
