START
54.809645,-24.787933,0
53.906091,-24.787933,145
53.002538,-24.787933,168
52.098985,-24.787933,205
51.195431,-24.787933,254
50.291878,-24.787933,277
49.388325,-24.787933,288
48.484772,-24.787933,299
47.581218,-24.787933,322
46.677665,-24.787933,333
44.870558,-25.691487,382
43.967005,-25.691487,405
43.063452,-25.691487,427
42.159898,-25.691487,439
41.256345,-25.691487,475
40.352792,-26.59504,487
39.449239,-27.498593,524
39.449239,-28.402147,538
38.545685,-28.402147,561
37.642132,-28.402147,574
37.642132,-29.3057,585
37.642132,-30.209253,608
36.738579,-30.209253,619
36.738579,-31.112807,630
34.931472,-31.112807,667
34.931472,-32.01636,678
34.931472,-32.919913,704
34.931472,-33.823466,727
34.931472,-34.72702,738
34.931472,-35.630573,750
34.931472,-36.534126,761
34.931472,-37.43768,772
34.931472,-38.341233,783
35.835025,-39.244786,819
35.835025,-40.14834,838
36.738579,-41.051893,875
37.642132,-41.955446,929
38.545685,-41.955446,955
39.449239,-41.955446,992
41.256345,-41.955446,1004
42.159898,-41.955446,1026
43.967005,-41.955446,1048
44.870558,-41.955446,1076
46.677665,-41.955446,1098
47.581218,-41.955446,1121
48.484772,-41.955446,1153
49.388325,-41.955446,1181
50.291878,-41.955446,1193
51.195431,-41.955446,1215
52.098985,-41.955446,1238
53.002538,-41.955446,1250
53.906091,-41.955446,1289
54.809645,-41.955446,1301
55.713198,-42.858999,1312
56.616751,-42.858999,1323
57.520305,-42.858999,1336
58.423858,-42.858999,1347
58.423858,-43.762553,1358
59.327411,-44.666106,1390
60.230964,-46.473213,1413
61.134518,-46.473213,1424
62.038071,-47.376766,1435
62.038071,-49.183873,1447
62.038071,-50.087426,1476
62.941624,-51.894532,1498
62.941624,-53.701639,1521
62.941624,-54.605192,1544
62.941624,-55.508746,1567
62.941624,-56.412299,1578
62.941624,-57.315852,1589
62.941624,-58.219406,1601
62.941624,-59.122959,1612
62.941624,-60.026512,1623
62.941624,-60.930065,1634
62.941624,-61.833619,1648
62.941624,-62.737172,1670
62.941624,-63.640725,1682
62.941624,-64.544279,1704
62.941624,-65.447832,1716
62.941624,-66.351385,1746
61.134518,-67.254939,1769
61.134518,-68.158492,1780
60.230964,-68.158492,1801
59.327411,-69.062045,1812
58.423858,-69.062045,1823
57.520305,-69.965598,1846
55.713198,-69.965598,1857
54.809645,-70.869152,1868
53.002538,-71.772705,1880
51.195431,-71.772705,1891
50.291878,-72.676258,1902
49.388325,-72.676258,1914
47.581218,-72.676258,1925
45.774112,-72.676258,1936
44.870558,-72.676258,1959
43.967005,-72.676258,1970
43.063452,-72.676258,1993
41.256345,-72.676258,2016
40.352792,-71.772705,2030
39.449239,-71.772705,2053
38.545685,-69.965598,2064
37.642132,-69.965598,2077
37.642132,-69.062045,2092
36.738579,-69.062045,2103
36.738579,-67.254939,2114
35.835025,-67.254939,2126
34.931472,-65.447832,2137
34.931472,-64.544279,2148
34.027919,-64.544279,2160
33.124365,-63.640725,2172
33.124365,-62.737172,2183
33.124365,-61.833619,2261
34.027919,-62.737172,2464
34.931472,-63.640725,2501
35.835025,-64.544279,2529
36.738579,-65.447832,2552
37.642132,-66.351385,2563
38.545685,-66.351385,2574
38.545685,-67.254939,2590
40.352792,-67.254939,2601
43.063452,-68.158492,2624
43.967005,-69.062045,2635
46.677665,-70.869152,2647
47.581218,-71.772705,2658
49.388325,-72.676258,2669
51.195431,-73.579812,2693
52.098985,-73.579812,2704
53.002538,-74.483365,2716
53.906091,-74.483365,2727
54.809645,-74.483365,2738
55.713198,-74.483365,2750
56.616751,-74.483365,2796
57.520305,-75.386918,2811
58.423858,-75.386918,2824
59.327411,-76.290472,2840
59.327411,-77.194025,2851
60.230964,-77.194025,2862
59.327411,-76.290472,2998
58.423858,-73.579812,3010
58.423858,-71.772705,3021
BREAK
40.352792,-48.280319,3892
41.256345,-48.280319,3959
42.159898,-48.280319,3993
43.063452,-48.280319,4005
43.063452,-47.376766,4019
43.063452,-46.473213,4042
43.967005,-46.473213,4064
44.870558,-45.569659,4076
45.774112,-44.666106,4098
46.677665,-43.762553,4109
48.484772,-43.762553,4121
50.291878,-42.858999,4143
51.195431,-41.955446,4157
52.098985,-41.955446,4169
53.002538,-41.955446,4181
53.906091,-40.14834,4204
55.713198,-40.14834,4215
57.520305,-38.341233,4226
60.230964,-36.534126,4238
62.038071,-36.534126,4250
64.748731,-34.72702,4261
67.459391,-32.919913,4272
69.266497,-32.01636,4356
69.266497,-31.112807,4368
70.170051,-31.112807,4379
71.073604,-31.112807,4402
BREAK
