START
43.063452,-18.46306,0
42.159898,-18.46306,114
41.256345,-18.46306,120
40.352792,-18.46306,129
38.545685,-18.46306,144
36.738579,-18.46306,152
35.835025,-18.46306,160
34.931472,-18.46306,176
34.027919,-18.46306,224
34.027919,-19.366614,232
33.124365,-19.366614,248
33.124365,-20.270167,272
32.220812,-20.270167,280
32.220812,-21.17372,288
32.220812,-22.077274,297
32.220812,-22.980827,320
32.220812,-23.88438,344
32.220812,-25.691487,360
31.317259,-25.691487,368
31.317259,-26.59504,376
31.317259,-27.498593,392
31.317259,-28.402147,400
31.317259,-29.3057,408
31.317259,-30.209253,424
31.317259,-31.112807,440
31.317259,-32.01636,456
31.317259,-32.919913,488
31.317259,-33.823466,536
32.220812,-33.823466,552
32.220812,-34.72702,560
32.220812,-35.630573,568
33.124365,-35.630573,576
33.124365,-36.534126,584
34.027919,-36.534126,608
34.931472,-36.534126,632
35.835025,-37.43768,640
36.738579,-38.341233,648
37.642132,-38.341233,664
38.545685,-39.244786,704
39.449239,-39.244786,720
40.352792,-39.244786,736
41.256345,-40.14834,752
42.159898,-40.14834,784
42.159898,-41.051893,792
43.063452,-41.051893,800
43.967005,-41.051893,816
44.870558,-41.955446,824
45.774112,-41.955446,831
46.677665,-41.955446,839
47.581218,-41.955446,855
48.484772,-41.955446,895
49.388325,-41.955446,935
51.195431,-41.955446,951
52.098985,-41.955446,967
53.002538,-41.955446,983
53.906091,-41.955446,1015
54.809645,-41.955446,1031
55.713198,-41.955446,1047
57.520305,-41.955446,1063
58.423858,-41.955446,1079
58.423858,-42.858999,1096
59.327411,-42.858999,1113
59.327411,-43.762553,1127
60.230964,-43.762553,1143
61.134518,-45.569659,1151
62.038071,-45.569659,1159
62.038071,-46.473213,1167
62.941624,-47.376766,1175
63.845178,-49.183873,1183
65.652284,-50.087426,1199
65.652284,-51.894532,1207
67.459391,-52.798086,1215
67.459391,-53.701639,1223
67.459391,-54.605192,1231
68.362944,-55.508746,1239
69.266497,-55.508746,1247
69.266497,-56.412299,1255
70.170051,-57.315852,1271
70.170051,-59.122959,1287
70.170051,-60.026512,1311
70.170051,-60.930065,1319
70.170051,-61.833619,1327
70.170051,-62.737172,1367
69.266497,-63.640725,1383
69.266497,-64.544279,1407
68.362944,-65.447832,1415
68.362944,-66.351385,1447
67.459391,-66.351385,1455
66.555838,-66.351385,1463
65.652284,-66.351385,1471
65.652284,-67.254939,1495
64.748731,-67.254939,1503
64.748731,-68.158492,1512
63.845178,-69.062045,1519
62.038071,-69.062045,1535
61.134518,-69.062045,1551
60.230964,-69.965598,1559
59.327411,-69.965598,1567
57.520305,-69.965598,1575
56.616751,-69.965598,1591
55.713198,-69.965598,1599
54.809645,-69.965598,1615
53.906091,-69.965598,1623
53.002538,-69.965598,1639
53.002538,-69.062045,1647
52.098985,-69.062045,1655
51.195431,-69.062045,1679
51.195431,-69.965598,1687
50.291878,-69.965598,1696
49.388325,-69.965598,1719
48.484772,-69.965598,1736
47.581218,-69.062045,1743
46.677665,-69.062045,1751
45.774112,-69.062045,1759
44.870558,-69.062045,1768
43.063452,-68.158492,1775
41.256345,-67.254939,1792
40.352792,-67.254939,1800
39.449239,-67.254939,1807
37.642132,-67.254939,1816
37.642132,-66.351385,1823
36.738579,-66.351385,1847
36.738579,-65.447832,2000
36.738579,-64.544279,2008
BREAK
40.352792,-66.351385,3080
42.159898,-67.254939,3128
43.063452,-68.158492,3152
43.967005,-68.158492,3160
44.870558,-69.062045,3168
45.774112,-69.062045,3176
47.581218,-69.965598,3184
49.388325,-70.869152,3192
52.098985,-71.772705,3200
57.520305,-74.483365,3208
60.230964,-75.386918,3216
64.748731,-76.290472,3224
67.459391,-77.194025,3232
70.170051,-79.001131,3240
71.977157,-79.904685,3248
73.784264,-79.904685,3256
76.494924,-80.808238,3264
81.01269,-81.711791,3272
82.819797,-82.615345,3281
85.530457,-82.615345,3288
86.43401,-82.615345,3297
87.337563,-82.615345,3304
87.337563,-80.808238,3432
86.43401,-80.808238,3440
85.530457,-79.001131,3456
BREAK
44.870558,-45.569659,4488
44.870558,-43.762553,4632
45.774112,-43.762553,4640
46.677665,-42.858999,4648
48.484772,-41.955446,4656
50.291878,-41.051893,4664
51.195431,-39.244786,4672
52.098985,-38.341233,4681
53.002538,-37.43768,4688
53.906091,-36.534126,4697
55.713198,-35.630573,4704
56.616751,-34.72702,4713
58.423858,-33.823466,4720
59.327411,-33.823466,4729
60.230964,-33.823466,4736
60.230964,-32.919913,4744
61.134518,-32.919913,4760
61.134518,-32.01636,4768
62.941624,-32.01636,4776
62.941624,-31.112807,4792
63.845178,-31.112807,4800
63.845178,-30.209253,4848
64.748731,-30.209253,4856
63.845178,-30.209253,5176
62.941624,-30.209253,5184
62.038071,-30.209253,5192
61.134518,-30.209253,5200
60.230964,-30.209253,5208
59.327411,-30.209253,5216
59.327411,-31.112807,5224
58.423858,-31.112807,5232
57.520305,-31.112807,5240
56.616751,-31.112807,5256
56.616751,-32.01636,5264
55.713198,-32.01636,5281
54.809645,-32.01636,5288
53.906091,-32.01636,5297
53.906091,-32.919913,5304
53.002538,-32.919913,5313
52.098985,-32.919913,5329
51.195431,-32.919913,5338
51.195431,-33.823466,5344
50.291878,-33.823466,5368
50.291878,-34.72702,5384
50.291878,-35.630573,5400
49.388325,-35.630573,5416
49.388325,-36.534126,5424
49.388325,-37.43768,5469
49.388325,-38.341233,5504
BREAK
56.616751,-29.3057,6240
56.616751,-30.209253,6344
56.616751,-31.112807,6368
55.713198,-31.112807,6408
55.713198,-32.01636,6416
55.713198,-32.919913,6432
55.713198,-33.823466,6440
54.809645,-33.823466,6464
54.809645,-34.72702,6481
54.809645,-35.630573,6504
54.809645,-36.534126,6513
54.809645,-37.43768,6528
53.906091,-37.43768,6552
53.906091,-38.341233,6568
53.002538,-38.341233,6584
53.002538,-39.244786,6608
53.002538,-40.14834,6624
53.002538,-41.051893,6672
53.002538,-41.955446,6704
52.098985,-41.955446,6744
52.098985,-42.858999,6784
51.195431,-43.762553,6808
51.195431,-44.666106,6824
50.291878,-44.666106,6840
50.291878,-45.569659,6848
50.291878,-46.473213,6864
49.388325,-47.376766,6872
48.484772,-48.280319,6920
46.677665,-48.280319,6944
46.677665,-49.183873,6952
46.677665,-50.087426,6968
46.677665,-50.990979,6976
45.774112,-50.990979,6984
44.870558,-51.894532,7000
43.967005,-51.894532,7008
43.063452,-51.894532,7016
43.063452,-52.798086,7040
42.159898,-53.701639,7080
42.159898,-54.605192,7097
41.256345,-54.605192,7115
40.352792,-55.508746,7130
BREAK
