START
56.616751,-18.46306,0
55.713198,-17.559507,0
45.774112,-15.7524,2
43.063452,-16.655954,7
43.063452,-17.559507,15
42.159898,-18.46306,31
41.256345,-20.270167,39
41.256345,-21.17372,47
41.256345,-22.980827,63
40.352792,-24.787933,71
40.352792,-25.691487,79
40.352792,-27.498593,87
41.256345,-28.402147,103
41.256345,-29.3057,111
42.159898,-30.209253,119
43.063452,-31.112807,127
43.967005,-32.01636,143
45.774112,-32.919913,151
46.677665,-34.72702,159
47.581218,-35.630573,175
48.484772,-36.534126,183
50.291878,-37.43768,191
51.195431,-38.341233,200
52.098985,-38.341233,215
53.906091,-39.244786,223
54.809645,-39.244786,231
56.616751,-40.14834,239
57.520305,-41.051893,255
58.423858,-41.051893,263
60.230964,-41.955446,272
61.134518,-42.858999,279
61.134518,-43.762553,295
61.134518,-44.666106,305
62.038071,-45.569659,311
62.038071,-47.376766,327
62.038071,-48.280319,335
62.038071,-49.183873,343
62.038071,-50.990979,351
61.134518,-52.798086,367
61.134518,-53.701639,375
60.230964,-55.508746,383
59.327411,-57.315852,391
57.520305,-58.219406,408
56.616751,-59.122959,415
54.809645,-60.026512,423
53.002538,-60.930065,431
51.195431,-60.930065,447
49.388325,-61.833619,455
46.677665,-61.833619,463
43.967005,-61.833619,479
42.159898,-60.930065,488
39.449239,-60.026512,495
36.738579,-59.122959,505
34.931472,-58.219406,519
33.124365,-57.315852,527
32.220812,-55.508746,535
31.317259,-54.605192,543
29.510152,-53.701639,560
29.510152,-52.798086,567
29.510152,-51.894532,576
28.606599,-50.990979,591
28.606599,-50.087426,599
28.606599,-49.183873,607
28.606599,-47.376766,615
28.606599,-46.473213,631
28.606599,-45.569659,639
28.606599,-46.473213,689
28.606599,-47.376766,711
29.510152,-47.376766,719
29.510152,-48.280319,727
30.413706,-49.183873,744
31.317259,-50.087426,751
32.220812,-50.990979,759
33.124365,-52.798086,767
34.027919,-53.701639,783
34.931472,-55.508746,791
35.835025,-57.315852,799
36.738579,-58.219406,807
38.545685,-60.026512,823
39.449239,-60.930065,832
40.352792,-62.737172,839
42.159898,-63.640725,847
43.063452,-65.447832,863
43.967005,-66.351385,872
44.870558,-68.158492,879
46.677665,-69.062045,896
47.581218,-69.062045,905
49.388325,-69.965598,912
50.291878,-69.965598,919
52.098985,-69.965598,935
53.002538,-69.965598,943
53.906091,-69.965598,951
54.809645,-69.965598,959
55.713198,-69.965598,991
55.713198,-69.062045,999
BREAK
42.159898,-43.762553,1857
43.967005,-42.858999,1858
62.941624,-27.498593,1859
65.652284,-27.498593,1864
66.555838,-26.59504,1873
67.459391,-25.691487,1896
BREAK
