START
57.520305,-32.01636,0
56.616751,-32.01636,28
56.616751,-31.112807,67
55.713198,-31.112807,156
54.809645,-31.112807,176
53.906091,-30.209253,215
53.002538,-30.209253,254
53.002538,-29.3057,304
52.098985,-29.3057,313
51.195431,-29.3057,323
50.291878,-28.402147,343
49.388325,-27.498593,372
48.484772,-27.498593,461
47.581218,-27.498593,471
46.677665,-27.498593,491
45.774112,-27.498593,510
44.870558,-27.498593,550
43.967005,-27.498593,559
43.063452,-27.498593,579
42.159898,-27.498593,599
41.256345,-27.498593,619
40.352792,-27.498593,638
39.449239,-27.498593,697
39.449239,-28.402147,727
38.545685,-28.402147,756
38.545685,-29.3057,776
37.642132,-29.3057,786
36.738579,-30.209253,806
36.738579,-31.112807,835
35.835025,-31.112807,855
35.835025,-32.01636,874
35.835025,-33.823466,914
34.931472,-34.72702,944
34.931472,-35.630573,963
34.931472,-36.534126,973
34.931472,-37.43768,1003
34.931472,-38.341233,1062
34.931472,-39.244786,1091
35.835025,-40.14834,1121
35.835025,-41.051893,1140
35.835025,-41.955446,1150
36.738579,-41.955446,1160
36.738579,-42.858999,1180
36.738579,-43.762553,1229
36.738579,-44.666106,1258
37.642132,-44.666106,1268
37.642132,-45.569659,1278
38.545685,-45.569659,1308
38.545685,-46.473213,1327
39.449239,-47.376766,1357
40.352792,-48.280319,1367
41.256345,-48.280319,1416
42.159898,-48.280319,1455
43.063452,-48.280319,1495
43.967005,-48.280319,1514
44.870558,-48.280319,1534
45.774112,-48.280319,1544
46.677665,-48.280319,1564
47.581218,-48.280319,1593
48.484772,-48.280319,1623
49.388325,-48.280319,1632
50.291878,-48.280319,1642
52.098985,-48.280319,1662
53.002538,-48.280319,1682
53.906091,-48.280319,1701
54.809645,-48.280319,1711
55.713198,-48.280319,1721
55.713198,-49.183873,1731
56.616751,-49.183873,1741
57.520305,-49.183873,1760
58.423858,-49.183873,1780
59.327411,-49.183873,1790
60.230964,-50.087426,1810
60.230964,-50.990979,1829
61.134518,-50.990979,1839
61.134518,-51.894532,1888
61.134518,-52.798086,1898
61.134518,-53.701639,1929
61.134518,-54.605192,1957
61.134518,-55.508746,1997
60.230964,-56.412299,2016
59.327411,-56.412299,2026
59.327411,-57.315852,2036
59.327411,-58.219406,2056
58.423858,-58.219406,2066
58.423858,-59.122959,2085
57.520305,-60.026512,2095
56.616751,-60.026512,2144
55.713198,-60.026512,2164
54.809645,-60.026512,2174
54.809645,-60.930065,2194
53.906091,-60.930065,2203
52.098985,-60.930065,2223
51.195431,-61.833619,2243
50.291878,-61.833619,2253
50.291878,-62.737172,2263
49.388325,-62.737172,2272
48.484772,-62.737172,2302
47.581218,-62.737172,2312
47.581218,-63.640725,2322
46.677665,-63.640725,2331
45.774112,-63.640725,2351
44.870558,-63.640725,2371
43.967005,-63.640725,2420
43.063452,-63.640725,2440
42.159898,-63.640725,2469
41.256345,-63.640725,2499
40.352792,-63.640725,2528
39.449239,-63.640725,2538
38.545685,-63.640725,2558
37.642132,-63.640725,2587
36.738579,-63.640725,2648
35.835025,-63.640725,2666
34.931472,-63.640725,2686
34.027919,-63.640725,2725
33.124365,-63.640725,2745
32.220812,-63.640725,2834
31.317259,-63.640725,2853
31.317259,-62.737172,2873
30.413706,-62.737172,2952
30.413706,-61.833619,2971
29.510152,-61.833619,3011
30.413706,-61.833619,3198
BREAK
30.413706,-62.737172,3523
30.413706,-61.833619,3562
31.317259,-61.833619,3601
31.317259,-62.737172,3621
32.220812,-62.737172,3631
33.124365,-64.544279,3640
34.027919,-64.544279,3650
34.027919,-65.447832,3660
34.931472,-65.447832,3670
35.835025,-65.447832,3680
36.738579,-66.351385,3690
37.642132,-67.254939,3709
37.642132,-68.158492,3719
39.449239,-69.062045,3729
39.449239,-70.869152,3739
40.352792,-70.869152,3749
41.256345,-72.676258,3759
42.159898,-73.579812,3788
43.063452,-74.483365,3798
43.063452,-75.386918,3808
45.774112,-77.194025,3893
46.677665,-78.097578,3897
47.581218,-78.097578,3906
BREAK
39.449239,-52.798086,4832
39.449239,-53.701639,4851
40.352792,-53.701639,4950
41.256345,-53.701639,4959
42.159898,-52.798086,4969
43.967005,-50.990979,4979
46.677665,-50.990979,4989
47.581218,-50.087426,4999
48.484772,-48.280319,5009
50.291878,-47.376766,5018
51.195431,-46.473213,5028
52.098985,-46.473213,5038
53.002538,-45.569659,5058
53.002538,-44.666106,5068
53.906091,-44.666106,5087
53.906091,-43.762553,5097
54.809645,-42.858999,5107
54.809645,-41.955446,5166
BREAK
