START
50.877358,-13.702811,0
50.877358,-14.702811,567
50.877358,-15.702811,606
50.877358,-16.702811,646
50.877358,-17.702811,676
50.877358,-18.702811,706
50.877358,-19.702811,746
50.877358,-20.702811,766
50.877358,-22.702811,786
50.877358,-23.702811,805
50.877358,-24.702811,825
50.877358,-25.702811,855
50.877358,-26.702811,875
50.877358,-27.702811,915
50.877358,-28.702811,954
50.877358,-30.702811,964
50.877358,-31.702811,984
50.877358,-33.702811,1004
50.877358,-34.702811,1014
50.877358,-35.702811,1034
50.877358,-37.702811,1054
50.877358,-38.702811,1064
50.877358,-39.702811,1084
50.877358,-40.702811,1104
50.877358,-41.702811,1114
50.877358,-42.702811,1153
50.877358,-43.702811,1193
50.877358,-45.702811,1223
50.877358,-46.702811,1264
50.877358,-47.702811,1274
50.877358,-48.702811,1293
50.877358,-49.702811,1312
50.877358,-50.702811,1323
50.877358,-51.702811,1352
50.877358,-52.702811,1432
50.877358,-54.702811,1462
50.877358,-55.702811,1481
50.877358,-56.702811,1491
50.877358,-58.702811,1502
51.877358,-59.702811,1522
51.877358,-61.702811,1532
51.877358,-62.702811,1551
51.877358,-63.702811,1571
51.877358,-64.702811,1591
51.877358,-65.702811,1631
51.877358,-66.702811,1670
51.877358,-67.702811,1710
51.877358,-69.702811,1879
51.877358,-70.702811,1919
51.877358,-71.702811,1939
51.877358,-72.702811,1959
51.877358,-73.702811,1969
51.877358,-74.702811,1989
51.877358,-75.702811,2307
51.877358,-77.702811,2346
51.877358,-78.702811,2525
51.877358,-79.702811,2555
51.877358,-80.702811,2595
51.877358,-81.702811,2714
51.877358,-82.702811,2724
51.877358,-83.702811,2754
51.877358,-84.702811,2784
51.877358,-86.702811,3619
51.877358,-87.702811,3649
51.877358,-88.702811,3669
BREAK
48.877358,-29.702811,23418
46.877358,-29.702811,23716
45.877358,-29.702811,23865
44.877358,-29.702811,23885
43.877358,-29.702811,23895
41.877358,-29.702811,23905
39.877358,-29.702811,23925
38.877358,-29.702811,23945
37.877358,-29.702811,24283
37.877358,-30.702811,24313
36.877358,-30.702811,24322
36.877358,-31.702811,24352
36.877358,-32.702811,24482
35.877358,-32.702811,24502
35.877358,-33.702811,24521
34.877358,-33.702811,24531
34.877358,-34.702811,24541
34.877358,-35.702811,24581
34.877358,-36.702811,24690
33.877358,-36.702811,24700
33.877358,-38.702811,24730
33.877358,-39.702811,24740
33.877358,-40.702811,24770
33.877358,-41.702811,24830
33.877358,-42.702811,24949
33.877358,-43.702811,24979
33.877358,-44.702811,24999
33.877358,-46.702811,25028
33.877358,-47.702811,25168
33.877358,-48.702811,25197
33.877358,-49.702811,25217
33.877358,-50.702811,25257
33.877358,-51.702811,25377
33.877358,-52.702811,25406
33.877358,-54.702811,25446
33.877358,-55.702811,25496
33.877358,-56.702811,25575
34.877358,-56.702811,25585
34.877358,-57.702811,25655
35.877358,-57.702811,25665
36.877358,-57.702811,25695
36.877358,-58.702811,25705
37.877358,-59.702811,25735
38.877358,-59.702811,25774
38.877358,-60.702811,25784
39.877358,-60.702811,25794
40.877358,-61.702811,25824
42.877358,-61.702811,26132
42.877358,-63.702811,26162
43.877358,-63.702811,26182
44.877358,-63.702811,26212
44.877358,-64.702811,26281
45.877358,-64.702811,26490
46.877358,-64.702811,26520
47.877358,-65.702811,26550
48.877358,-65.702811,26868
BREAK
48.877358,-65.702811,28334
50.877358,-65.702811,28632
51.877358,-65.702811,28682
52.877358,-65.702811,28702
53.877358,-65.702811,28742
54.877358,-65.702811,28831
55.877358,-65.702811,28851
56.877358,-65.702811,28971
58.877358,-65.702811,29040
59.877358,-65.702811,29080
60.877358,-65.702811,29109
61.877358,-65.702811,29149
62.877358,-65.702811,29189
63.877358,-65.702811,29358
63.877358,-63.702811,29388
64.877358,-63.702811,29398
65.877358,-62.702811,29428
65.877358,-61.702811,29577
67.877358,-60.702811,29617
67.877358,-59.702811,29636
67.877358,-58.702811,29656
67.877358,-57.702811,29855
67.877358,-55.702811,30014
67.877358,-54.702811,30035
68.877358,-54.702811,30044
68.877358,-53.702811,30054
68.877358,-52.702811,30064
68.877358,-51.702811,30084
68.877358,-50.702811,30114
68.877358,-49.702811,30253
68.877358,-47.702811,30342
68.877358,-46.702811,30362
68.877358,-45.702811,30372
68.877358,-44.702811,30392
68.877358,-43.702811,30402
68.877358,-42.702811,30422
68.877358,-41.702811,30452
68.877358,-39.702811,30621
68.877358,-38.702811,30661
68.877358,-37.702811,30700
68.877358,-36.702811,30869
66.877358,-36.702811,30879
65.877358,-35.702811,30919
64.877358,-35.702811,30969
64.877358,-34.702811,30979
63.877358,-34.702811,31009
62.877358,-33.702811,31038
61.877358,-33.702811,31347
60.877358,-33.702811,31386
60.877358,-32.702811,31416
58.877358,-32.702811,31426
57.877358,-32.702811,31466
56.877358,-32.702811,31635
55.877358,-32.702811,31675
54.877358,-32.702811,31923
54.877358,-30.702811,31953
53.877358,-30.702811,31974
52.877358,-30.702811,32003
50.877358,-30.702811,32042
50.877358,-29.702811,32291
49.877358,-29.702811,32321
48.877358,-29.702811,32341
BREAK
