START
63.877358,-29.702811,0
63.877358,-28.702811,6
62.877358,-28.702811,126
61.877358,-28.702811,132
60.877358,-28.702811,140
59.877358,-28.702811,148
58.877358,-28.702811,172
58.877358,-28.702811,180
57.877358,-29.702811,192
56.877358,-29.702811,196
55.877358,-29.702811,225
54.877358,-29.702811,227
53.877358,-29.702811,240
52.877358,-29.702811,246
51.877358,-29.702811,258
50.877358,-29.702811,262
50.877358,-30.702811,264
50.877358,-31.702811,274
49.877358,-31.702811,279
49.877358,-32.702811,285
48.877358,-32.702811,311
47.877358,-32.702811,325
47.877358,-33.702811,328
46.877358,-33.702811,335
45.877358,-33.702811,340
44.877358,-34.702811,357
43.877358,-34.702811,361
42.877358,-34.702811,388
42.877358,-35.702811,390
41.877358,-35.702811,392
41.877358,-36.702811,396
40.877358,-36.702811,403
40.877358,-37.702811,407
40.877358,-37.702811,413
40.877358,-37.702811,418
39.877358,-37.702811,447
39.877358,-38.702811,455
38.877358,-38.702811,462
38.877358,-39.702811,466
37.877358,-39.702811,474
37.877358,-40.702811,479
37.877358,-41.702811,488
37.877358,-42.702811,492
36.877358,-42.702811,494
36.877358,-43.702811,506
35.877358,-43.702811,508
35.877358,-44.702811,522
35.877358,-45.702811,538
34.877358,-45.702811,542
34.877358,-46.702811,544
32.877358,-46.702811,556
32.877358,-47.702811,558
31.877358,-48.702811,564
31.877358,-49.702811,571
31.877358,-49.702811,575
31.877358,-50.702811,577
31.877358,-51.702811,591
31.877358,-52.702811,600
31.877358,-53.702811,604
31.877358,-54.702811,608
31.877358,-55.702811,615
31.877358,-55.702811,619
31.877358,-56.702811,623
31.877358,-57.702811,625
30.877358,-57.702811,628
30.877358,-58.702811,636
30.877358,-59.702811,647
30.877358,-60.702811,651
30.877358,-61.702811,654
30.877358,-62.702811,664
30.877358,-63.702811,675
30.877358,-64.702811,677
30.877358,-64.702811,680
30.877358,-65.702811,689
30.877358,-66.702811,693
30.877358,-67.702811,703
30.877358,-68.702811,709
31.877358,-68.702811,711
31.877358,-70.702811,713
31.877358,-71.702811,720
32.877358,-71.702811,722
33.877358,-71.702811,724
33.877358,-72.702811,728
34.877358,-72.702811,732
34.877358,-73.702811,734
34.877358,-73.702811,736
35.877358,-74.702811,744
36.877358,-74.702811,746
37.877358,-74.702811,753
38.877358,-74.702811,755
38.877358,-75.702811,757
39.877358,-76.702811,759
39.877358,-77.702811,766
40.877358,-77.702811,770
40.877358,-79.702811,772
41.877358,-79.702811,778
42.877358,-79.702811,782
42.877358,-80.702811,788
43.877358,-80.702811,792
44.877358,-80.702811,798
45.877358,-80.702811,804
45.877358,-81.702811,806
46.877358,-81.702811,812
46.877358,-82.702811,817
47.877358,-82.702811,819
48.877358,-82.702811,838
49.877358,-82.702811,847
49.877358,-82.702811,855
50.877358,-82.702811,860
51.877358,-82.702811,874
52.877358,-82.702811,880
53.877358,-82.702811,888
54.877358,-82.702811,892
55.877358,-82.702811,896
56.877358,-82.702811,907
57.877358,-82.702811,916
58.877358,-82.702811,921
58.877358,-82.702811,927
59.877358,-82.702811,937
60.877358,-82.702811,944
61.877358,-82.702811,951
62.877358,-82.702811,968
63.877358,-82.702811,972
64.877358,-82.702811,993
65.877358,-81.702811,1002
66.877358,-81.702811,1004
67.877358,-81.702811,1010
67.877358,-81.702811,1015
68.877358,-80.702811,1020
69.877358,-80.702811,1024
70.877358,-80.702811,1028
70.877358,-79.702811,1031
70.877358,-78.702811,1038
71.877358,-78.702811,1040
72.877358,-78.702811,1047
72.877358,-77.702811,1049
72.877358,-76.702811,1053
73.877358,-76.702811,1055
74.877358,-76.702811,1058
75.877358,-76.702811,1064
75.877358,-75.702811,1066
75.877358,-74.702811,1072
76.877358,-74.702811,1074
76.877358,-73.702811,1076
76.877358,-73.702811,1081
76.877358,-73.702811,1083
77.877358,-73.702811,1085
77.877358,-72.702811,1087
78.877358,-72.702811,1089
78.877358,-71.702811,1097
78.877358,-70.702811,1100
78.877358,-69.702811,1108
78.877358,-68.702811,1110
79.877358,-68.702811,1116
79.877358,-67.702811,1122
80.877358,-67.702811,1124
80.877358,-66.702811,1126
80.877358,-65.702811,1133
80.877358,-64.702811,1135
80.877358,-64.702811,1142
81.877358,-62.702811,1152
81.877358,-61.702811,1155
81.877358,-60.702811,1163
81.877358,-59.702811,1170
81.877358,-58.702811,1174
81.877358,-57.702811,1182
81.877358,-56.702811,1185
81.877358,-55.702811,1189
81.877358,-55.702811,1202
80.877358,-55.702811,1205
80.877358,-54.702811,1210
80.877358,-53.702811,1215
80.877358,-52.702811,1221
80.877358,-51.702811,1226
80.877358,-50.702811,1234
80.877358,-49.702811,1239
79.877358,-48.702811,1241
79.877358,-47.702811,1246
78.877358,-47.702811,1249
77.877358,-47.702811,1252
77.877358,-46.702811,1256
77.877358,-46.702811,1261
77.877358,-45.702811,1265
77.877358,-44.702811,1270
76.877358,-44.702811,1280
76.877358,-43.702811,1282
76.877358,-42.702811,1286
76.877358,-41.702811,1296
76.877358,-40.702811,1300
76.877358,-39.702811,1302
76.877358,-38.702811,1309
75.877358,-38.702811,1311
75.877358,-37.702811,1314
74.877358,-37.702811,1315
74.877358,-37.702811,1319
73.877358,-37.702811,1328
73.877358,-36.702811,1331
72.877358,-36.702811,1333
72.877358,-35.702811,1338
71.877358,-35.702811,1351
70.877358,-35.702811,1353
69.877358,-35.702811,1366
69.877358,-34.702811,1370
68.877358,-34.702811,1372
68.877358,-33.702811,1376
67.877358,-33.702811,1389
67.877358,-32.702811,1398
67.877358,-32.702811,1400
67.877358,-31.702811,1404
66.877358,-31.702811,1416
65.877358,-31.702811,1423
64.877358,-31.702811,1445
64.877358,-30.702811,1447
64.877358,-29.702811,1456
63.877358,-29.702811,1458
63.877358,-28.702811,1462
62.877358,-28.702811,1466
61.877358,-28.702811,1476
61.877358,-28.702811,1480
60.877358,-28.702811,1482
59.877358,-28.702811,1515
58.877358,-28.702811,1622
58.877358,-27.702811,1633
BREAK
58.877358,-5.7028112,2208
58.877358,-6.7028112,2303
58.877358,-7.7028112,2316
58.877358,-8.7028112,2326
58.877358,-9.7028112,2331
58.877358,-10.702811,2335
58.877358,-10.702811,2339
58.877358,-11.702811,2345
58.877358,-12.702811,2348
58.877358,-13.702811,2350
58.877358,-14.702811,2356
58.877358,-15.702811,2358
58.877358,-15.702811,2360
58.877358,-16.702811,2365
58.877358,-17.702811,2367
58.877358,-18.702811,2371
58.877358,-19.702811,2373
58.877358,-19.702811,2382
58.877358,-20.702811,2386
58.877358,-21.702811,2390
58.877358,-22.702811,2392
58.877358,-23.702811,2398
58.877358,-24.702811,2406
58.877358,-25.702811,2408
58.877358,-26.702811,2413
58.877358,-27.702811,2415
58.877358,-28.702811,2425
58.877358,-28.702811,2432
58.877358,-29.702811,2434
58.877358,-30.702811,2440
58.877358,-31.702811,2443
58.877358,-32.702811,2453
58.877358,-33.702811,2456
58.877358,-34.702811,2462
58.877358,-35.702811,2467
58.877358,-36.702811,2476
58.877358,-37.702811,2479
58.877358,-37.702811,2483
58.877358,-38.702811,2488
58.877358,-39.702811,2495
58.877358,-40.702811,2498
58.877358,-41.702811,2500
58.877358,-42.702811,2508
58.877358,-43.702811,2510
58.877358,-44.702811,2520
58.877358,-45.702811,2525
58.877358,-46.702811,2542
58.877358,-46.702811,2547
58.877358,-47.702811,2554
58.877358,-48.702811,2567
58.877358,-49.702811,2575
58.877358,-50.702811,2579
58.877358,-51.702811,2587
58.877358,-52.702811,2597
58.877358,-53.702811,2603
58.877358,-54.702811,2609
58.877358,-55.702811,2613
58.877358,-55.702811,2617
58.877358,-56.702811,2628
58.877358,-57.702811,2633
58.877358,-58.702811,2636
58.877358,-59.702811,2645
58.877358,-60.702811,2652
58.877358,-61.702811,2662
57.877358,-61.702811,2664
56.877358,-61.702811,2666
56.877358,-62.702811,2668
56.877358,-63.702811,2674
56.877358,-64.702811,2684
56.877358,-64.702811,2701
56.877358,-65.702811,2707
56.877358,-66.702811,2710
56.877358,-67.702811,2718
56.877358,-68.702811,2725
56.877358,-69.702811,2728
56.877358,-70.702811,2735
56.877358,-71.702811,2737
54.877358,-72.702811,2745
54.877358,-73.702811,2747
54.877358,-74.702811,2752
54.877358,-75.702811,2754
54.877358,-76.702811,2764
54.877358,-77.702811,2766
54.877358,-78.702811,2777
54.877358,-79.702811,2779
54.877358,-80.702811,2787
54.877358,-81.702811,2794
54.877358,-82.702811,2804
54.877358,-82.702811,2810
53.877358,-82.702811,2815
52.877358,-82.702811,2818
52.877358,-84.702811,2820
52.877358,-85.702811,2830
52.877358,-86.702811,2833
52.877358,-87.702811,2848
52.877358,-88.702811,2857
52.877358,-89.702811,2861
52.877358,-90.702811,2865
52.877358,-91.702811,2879
52.877358,-91.702811,2889
52.877358,-92.702811,2898
52.877358,-93.702811,2917
BREAK
