START
53.877358,-15.702811,0
53.877358,-20.702811,136
53.877358,-21.702811,151
53.877358,-22.702811,160
53.877358,-24.702811,175
53.877358,-25.702811,191
53.877358,-26.702811,208
51.877358,-26.702811,223
51.877358,-27.702811,231
51.877358,-28.702811,239
51.877358,-29.702811,248
51.877358,-30.702811,263
51.877358,-32.702811,292
51.877358,-33.702811,304
51.877358,-35.702811,320
51.877358,-36.702811,336
51.877358,-37.702811,352
51.877358,-38.702811,367
51.877358,-39.702811,376
51.877358,-40.702811,392
51.877358,-41.702811,407
51.877358,-43.702811,416
51.877358,-44.702811,431
51.877358,-45.702811,439
51.877358,-46.702811,456
51.877358,-47.702811,463
51.877358,-48.702811,471
51.877358,-49.702811,487
51.877358,-51.702811,496
51.877358,-52.702811,503
51.877358,-53.702811,511
51.877358,-54.702811,527
51.877358,-55.702811,536
51.877358,-56.702811,544
51.877358,-57.702811,551
51.877358,-58.702811,567
51.877358,-60.702811,576
51.877358,-61.702811,592
51.877358,-62.702811,600
51.877358,-63.702811,615
51.877358,-64.702811,624
51.877358,-65.702811,631
51.877358,-66.702811,640
51.877358,-68.702811,655
51.877358,-69.702811,664
51.877358,-70.702811,671
51.877358,-71.702811,687
51.877358,-72.702811,695
51.877358,-73.702811,720
51.877358,-74.702811,744
51.877358,-76.702811,776
51.877358,-77.702811,856
51.877358,-78.702811,888
51.877358,-76.702811,1016
52.877358,-76.702811,1024
52.877358,-74.702811,1032
BREAK
59.877358,-21.702811,2056
54.877358,-21.702811,2624
53.877358,-21.702811,2664
52.877358,-21.702811,2696
51.877358,-21.702811,2720
49.877358,-21.702811,2736
48.877358,-21.702811,2768
47.877358,-21.702811,2808
46.877358,-21.702811,2832
45.877358,-21.702811,2856
44.877358,-21.702811,2880
43.877358,-21.702811,2903
43.877358,-22.702811,2920
41.877358,-22.702811,2936
40.877358,-22.702811,2968
39.877358,-22.702811,3008
39.877358,-23.702811,3016
37.877358,-23.702811,3040
36.877358,-23.702811,3064
36.877358,-24.702811,3071
34.877358,-24.702811,3112
34.877358,-25.702811,3128
32.877358,-25.702811,3152
32.877358,-26.702811,3176
30.877358,-26.702811,3184
30.877358,-27.702811,3216
28.877358,-27.702811,3224
28.877358,-28.702811,3240
26.877358,-28.702811,3256
26.877358,-29.702811,3292
26.877358,-30.702811,3304
24.877358,-30.702811,3312
24.877358,-31.702811,3328
24.877358,-32.702811,3360
24.877358,-33.702811,3376
24.877358,-34.702811,3392
22.877358,-34.702811,3400
22.877358,-35.702811,3416
22.877358,-36.702811,3440
22.877358,-37.702811,3455
22.877358,-38.702811,3472
22.877358,-39.702811,3488
22.877358,-40.702811,3512
22.877358,-41.702811,3528
23.877358,-41.702811,3535
23.877358,-42.702811,3552
23.877358,-43.702811,3576
24.877358,-43.702811,3592
24.877358,-44.702811,3600
24.877358,-45.702811,3616
24.877358,-46.702811,3648
25.877358,-46.702811,3656
25.877358,-47.702811,3680
26.877358,-47.702811,3704
26.877358,-48.702811,3712
26.877358,-49.702811,3720
27.877358,-49.702811,3744
27.877358,-50.702811,3752
27.877358,-51.702811,3768
28.877358,-51.702811,3784
28.877358,-52.702811,3800
29.877358,-52.702811,3832
29.877358,-53.702811,3840
30.877358,-53.702811,3888
30.877358,-54.702811,3896
31.877358,-54.702811,3912
31.877358,-55.702811,3920
32.877358,-55.702811,3944
32.877358,-56.702811,3952
33.877358,-56.702811,3968
33.877358,-57.702811,3976
34.877358,-57.702811,4008
34.877358,-58.702811,4016
35.877358,-58.702811,4048
35.877358,-59.702811,4064
36.877358,-59.702811,4072
37.877358,-59.702811,4104
37.877358,-60.702811,4112
38.877358,-60.702811,4128
39.877358,-60.702811,4152
39.877358,-61.702811,4160
40.877358,-61.702811,4168
41.877358,-61.702811,4184
41.877358,-62.702811,4208
42.877358,-62.702811,4216
43.877358,-62.702811,4224
44.877358,-62.702811,4240
45.877358,-62.702811,4256
47.877358,-63.702811,4292
48.877358,-63.702811,4304
49.877358,-63.702811,4320
50.877358,-63.702811,4328
51.877358,-63.702811,4344
52.877358,-63.702811,4352
53.877358,-63.702811,4368
55.877358,-63.702811,4392
56.877358,-63.702811,4424
57.877358,-63.702811,4440
58.877358,-63.702811,4456
59.877358,-63.702811,4472
60.877358,-63.702811,4496
61.877358,-63.702811,4528
63.877358,-63.702811,4544
64.877358,-63.702811,4560
65.877358,-63.702811,4576
66.877358,-63.702811,4608
67.877358,-63.702811,4624
67.877358,-61.702811,4632
68.877358,-61.702811,4640
69.877358,-61.702811,4688
69.877358,-59.702811,4696
70.877358,-59.702811,4712
71.877358,-59.702811,4728
71.877358,-57.702811,4736
72.877358,-57.702811,4752
72.877358,-55.702811,4768
73.877358,-55.702811,4776
73.877358,-53.702811,4800
74.877358,-53.702811,4808
74.877358,-51.702811,4816
75.877358,-51.702811,4832
75.877358,-49.702811,4840
76.877358,-49.702811,4872
76.877358,-47.702811,4880
76.877358,-46.702811,4904
77.877358,-46.702811,4920
77.877358,-44.702811,4928
78.877358,-44.702811,4952
78.877358,-42.702811,4960
78.877358,-41.702811,4984
79.877358,-41.702811,5016
79.877358,-39.702811,5024
79.877358,-38.702811,5048
79.877358,-37.702811,5072
79.877358,-36.702811,5096
79.877358,-35.702811,5120
79.877358,-34.702811,5144
79.877358,-33.702811,5168
79.877358,-31.702811,5184
79.877358,-30.702811,5248
77.877358,-30.702811,5292
77.877358,-28.702811,5296
75.877358,-28.702811,5304
75.877358,-26.702811,5320
73.877358,-26.702811,5328
73.877358,-24.702811,5352
71.877358,-24.702811,5360
70.877358,-24.702811,5400
69.877358,-24.702811,5424
69.877358,-22.702811,5432
67.877358,-22.702811,5440
66.877358,-22.702811,5472
65.877358,-22.702811,5512
64.877358,-22.702811,5696
63.877358,-22.702811,5720
62.877358,-22.702811,5736
61.877358,-22.702811,5760
59.877358,-22.702811,5784
59.877358,-20.702811,5800
57.877358,-20.702811,5824
56.877358,-20.702811,5848
55.877358,-20.702811,5896
BREAK
