START
17.383619,-51.388879,0
17.383619,-50.603425,56
18.169074,-50.603425,64
18.169074,-49.032516,72
18.169074,-48.247061,80
18.954528,-47.461606,88
18.954528,-46.676152,96
19.739983,-45.890697,104
19.739983,-45.105243,112
20.525437,-45.105243,120
20.525437,-43.534334,129
21.310892,-43.534334,136
21.310892,-42.748879,144
22.096346,-41.963425,152
22.096346,-41.17797,160
22.881801,-41.17797,168
23.667256,-41.17797,184
23.667256,-40.392516,192
24.45271,-40.392516,200
25.238165,-40.392516,232
26.023619,-40.392516,272
26.809074,-40.392516,288
27.594528,-40.392516,296
28.379983,-40.392516,312
28.379983,-41.17797,328
29.165437,-41.963425,336
29.165437,-42.748879,352
29.165437,-44.319788,360
29.165437,-45.890697,368
29.165437,-47.461606,384
29.950892,-49.032516,392
29.950892,-50.603425,408
29.950892,-51.388879,416
29.950892,-52.174334,424
29.950892,-52.959788,432
29.165437,-52.959788,440
29.165437,-53.745243,448
29.165437,-54.530697,456
29.165437,-56.101606,464
29.165437,-56.887061,480
29.165437,-57.672516,488
29.165437,-59.243425,504
29.165437,-60.028879,520
28.379983,-61.599788,537
28.379983,-63.170697,552
28.379983,-63.956152,560
28.379983,-64.741606,576
28.379983,-65.527061,584
28.379983,-67.09797,592
28.379983,-67.883425,608
28.379983,-68.668879,624
28.379983,-69.454334,632
28.379983,-70.239788,648
28.379983,-71.025243,664
29.165437,-71.025243,800
29.950892,-71.025243,808
30.736346,-71.025243,816
31.521801,-71.025243,824
32.307256,-71.025243,832
33.09271,-71.025243,856
33.878165,-71.025243,880
34.663619,-71.025243,888
35.449074,-71.025243,904
36.234528,-71.025243,928
37.019983,-71.025243,944
37.805437,-71.025243,953
38.590892,-71.025243,985
39.376346,-71.025243,1008
40.161801,-71.025243,1016
40.947256,-71.025243,1041
41.73271,-70.239788,1072
42.518165,-70.239788,1096
43.303619,-70.239788,1112
43.303619,-68.668879,1130
44.089074,-68.668879,1152
44.089074,-67.883425,1160
44.089074,-67.09797,1177
44.874528,-66.312516,1185
45.659983,-65.527061,1192
45.659983,-64.741606,1209
45.659983,-63.170697,1217
46.445437,-62.385243,1233
46.445437,-61.599788,1241
46.445437,-60.814334,1249
46.445437,-60.028879,1273
47.230892,-59.243425,1289
47.230892,-58.45797,1297
47.230892,-56.887061,1313
48.016346,-56.101606,1329
48.016346,-55.316152,1345
48.016346,-54.530697,1361
48.016346,-52.959788,1377
48.016346,-52.174334,1385
48.016346,-51.388879,1401
48.016346,-50.603425,1409
48.016346,-49.81797,1417
48.016346,-49.032516,1425
48.016346,-48.247061,1441
48.016346,-47.461606,1449
48.016346,-46.676152,1457
48.016346,-45.890697,1473
48.016346,-45.105243,1481
48.016346,-44.319788,1497
48.016346,-43.534334,1505
48.016346,-42.748879,1513
48.016346,-41.963425,1529
48.016346,-41.17797,1537
48.016346,-40.392516,1553
48.016346,-39.607061,1585
48.016346,-38.821606,1609
48.016346,-38.036152,1617
48.801801,-38.036152,2009
49.587256,-38.036152,2089
50.37271,-38.036152,2105
51.158165,-38.036152,2137
51.943619,-38.036152,2169
52.729074,-38.036152,2185
53.514528,-38.036152,2217
54.299983,-38.036152,2265
55.085437,-38.036152,2289
55.870892,-38.036152,2305
55.870892,-38.821606,2337
56.656346,-39.607061,2393
56.656346,-40.392516,2409
56.656346,-41.17797,2417
57.441801,-41.17797,2425
57.441801,-41.963425,2433
57.441801,-42.748879,2441
58.227256,-43.534334,2449
58.227256,-44.319788,2457
58.227256,-45.105243,2465
58.227256,-46.676152,2472
58.227256,-48.247061,2479
58.227256,-49.032516,2495
58.227256,-49.81797,2503
58.227256,-50.603425,2511
58.227256,-52.174334,2537
59.01271,-52.959788,2545
59.01271,-53.745243,2553
59.01271,-55.316152,2561
59.01271,-56.101606,2569
59.01271,-56.887061,2577
59.01271,-57.672516,2585
59.01271,-58.45797,2593
59.01271,-59.243425,2601
59.01271,-60.028879,2609
59.01271,-61.599788,2625
59.01271,-62.385243,2633
59.01271,-63.170697,2649
59.01271,-63.956152,2657
59.01271,-65.527061,2673
59.798165,-65.527061,2681
59.798165,-66.312516,2689
59.798165,-67.09797,2697
59.798165,-67.883425,2705
59.798165,-68.668879,2712
59.798165,-69.454334,2719
59.798165,-71.025243,2727
59.798165,-72.596152,2736
59.798165,-73.381606,2751
59.798165,-74.167061,2768
59.798165,-74.952516,2775
59.798165,-75.73797,2792
59.798165,-76.523425,2817
59.798165,-77.308879,2833
60.583619,-78.094334,2841
BREAK
