START
27.594528,-48.247061,0
28.379983,-40.392516,75
33.09271,-36.465243,145
37.019983,-35.679788,214
39.376346,-35.679788,282
40.947256,-37.250697,351
40.947256,-42.748879,420
40.947256,-49.032516,490
39.376346,-58.45797,561
39.376346,-63.170697,630
44.089074,-65.527061,700
54.299983,-67.09797,771
60.583619,-67.09797,841
64.510892,-61.599788,910
66.867256,-50.603425,980
66.867256,-42.748879,1050
66.867256,-36.465243,1120
66.867256,-35.679788,1189
67.65271,-36.465243,1257
74.721801,-52.174334,1327
76.29271,-55.316152,1396
BREAK
