START
31.877358,-22.859438,0
31.877358,-24.859438,96
31.877358,-25.859438,103
31.877358,-26.859438,112
31.877358,-28.859438,120
31.877358,-30.859438,143
31.877358,-32.859438,152
31.877358,-34.859438,168
31.877358,-36.859438,199
31.877358,-37.859438,208
31.877358,-38.859438,232
31.877358,-39.859438,240
31.877358,-40.859438,248
31.877358,-41.859438,256
31.877358,-42.859438,280
31.877358,-43.859438,296
31.877358,-44.859438,319
31.877358,-45.859438,343
31.877358,-47.859438,368
31.877358,-48.859438,383
31.877358,-49.859438,392
31.877358,-50.859438,408
31.877358,-51.859438,423
31.877358,-53.859438,440
32.877358,-53.859438,464
32.877358,-54.859438,472
34.877358,-57.859438,480
34.877358,-58.859438,504
35.877358,-58.859438,512
35.877358,-60.859438,528
36.877358,-60.859438,544
36.877358,-61.859438,560
36.877358,-63.859438,576
36.877358,-64.859438,600
37.877358,-65.859438,608
37.877358,-66.859438,632
37.877358,-67.859438,648
38.877358,-68.859438,672
39.877358,-69.859438,696
39.877358,-70.859438,704
40.877358,-70.859438,712
41.877358,-71.859438,728
42.877358,-72.859438,745
43.877358,-72.859438,752
44.877358,-72.859438,768
45.877358,-72.859438,800
46.877358,-72.859438,832
47.877358,-72.859438,840
48.877358,-72.859438,848
50.877358,-72.859438,856
52.877358,-72.859438,872
53.877358,-72.859438,880
54.877358,-71.859438,888
56.877358,-71.859438,896
58.877358,-71.859438,904
59.877358,-70.859438,928
60.877358,-70.859438,944
61.877358,-70.859438,952
61.877358,-69.859438,968
62.877358,-68.859438,984
63.877358,-68.859438,992
64.877358,-67.859438,1008
65.877358,-67.859438,1016
66.877358,-66.859438,1032
67.877358,-65.859438,1040
67.877358,-62.859438,1064
67.877358,-61.859438,1072
67.877358,-60.859438,1080
67.877358,-59.859438,1088
66.877358,-57.859438,1096
66.877358,-56.859438,1112
66.877358,-54.859438,1144
66.877358,-53.859438,1152
66.877358,-52.859438,1160
66.877358,-51.859438,1176
66.877358,-50.859438,1200
65.877358,-48.859438,1224
64.877358,-47.859438,1256
63.877358,-46.859438,1288
62.877358,-45.859438,1296
62.877358,-44.859438,1312
61.877358,-44.859438,1320
61.877358,-43.859438,1344
60.877358,-43.859438,1352
59.877358,-42.859438,1368
58.877358,-41.859438,1408
56.877358,-40.859438,1424
55.877358,-40.859438,1456
54.877358,-39.859438,1472
53.877358,-39.859438,1512
52.877358,-39.859438,1536
51.877358,-39.859438,1552
50.877358,-40.859438,1560
49.877358,-40.859438,1576
47.877358,-41.859438,1584
45.877358,-42.859438,1592
43.877358,-42.859438,1608
42.877358,-42.859438,1688
42.877358,-43.859438,1712
41.877358,-43.859438,1720
40.877358,-43.859438,1744
39.877358,-44.859438,1760
38.877358,-45.859438,1792
37.877358,-46.859438,1832
37.877358,-47.859438,1864
36.877358,-48.859438,1880
36.877358,-49.859438,1912
35.877358,-49.859438,1928
35.877358,-50.859438,1952
35.877358,-51.859438,1976
35.877358,-52.859438,1984
35.877358,-54.859438,2008
35.877358,-55.859438,2032
35.877358,-56.859438,2048
35.877358,-57.859438,2088
35.877358,-58.859438,2208
36.877358,-58.859438,2216
37.877358,-58.859438,2224
39.877358,-58.859438,2240
BREAK
66.877358,-50.859438,3751
66.877358,-51.859438,3863
66.877358,-52.859438,3879
66.877358,-53.859438,3895
66.877358,-54.859438,3903
66.877358,-55.859438,3911
66.877358,-56.859438,3919
66.877358,-58.859438,3927
66.877358,-59.859438,3951
66.877358,-60.859438,3959
66.877358,-61.859438,3967
66.877358,-62.859438,3975
66.877358,-63.859438,4015
66.877358,-64.859438,4047
66.877358,-65.859438,4087
66.877358,-66.859438,4103
66.877358,-67.859438,4127
66.877358,-68.859438,4135
66.877358,-69.859438,4143
66.877358,-70.859438,4151
66.877358,-71.859438,4167
66.877358,-73.859438,4183
66.877358,-74.859438,4191
66.877358,-75.859438,4231
66.877358,-77.859438,4303
66.877358,-78.859438,4335
66.877358,-79.859438,4367
66.877358,-80.859438,4447
66.877358,-81.859438,4471
66.877358,-82.859438,4479
66.877358,-83.859438,4495
66.877358,-84.859438,4527
66.877358,-85.859438,4647
66.877358,-86.859438,4671
66.877358,-87.859438,4695
66.877358,-86.859438,4943
66.877358,-85.859438,4959
BREAK
