START
37.877358,-18.859438,0
37.877358,-18.859438,451
37.877358,-19.859438,463
37.877358,-20.859438,474
37.877358,-21.859438,512
37.877358,-21.859438,524
37.877358,-22.859438,548
37.877358,-23.859438,584
37.877358,-24.859438,610
37.877358,-24.859438,658
37.877358,-25.859438,683
37.877358,-26.859438,694
37.877358,-27.859438,730
37.877358,-27.859438,754
37.877358,-28.859438,780
37.877358,-29.859438,814
37.877358,-30.859438,828
37.877358,-30.859438,852
37.877358,-31.859438,876
37.877358,-32.859438,888
37.877358,-33.859438,923
37.877358,-33.859438,938
37.877358,-34.859438,962
37.877358,-35.859438,999
37.877358,-36.859438,1034
37.877358,-36.859438,1061
37.877358,-37.859438,1120
37.877358,-38.859438,1169
37.877358,-39.859438,1229
37.877358,-39.859438,1256
37.877358,-40.859438,1315
37.877358,-41.859438,1399
37.877358,-42.859438,1425
37.877358,-42.859438,1438
37.877358,-43.859438,1472
37.877358,-44.859438,1484
37.877358,-45.859438,1545
37.877358,-45.859438,1572
37.877358,-46.859438,1801
37.877358,-47.859438,1862
37.877358,-48.859438,1874
38.877358,-48.859438,1888
38.877358,-48.859438,1897
38.877358,-49.859438,2044
BREAK
37.877358,-49.859438,4480
37.877358,-50.859438,4550
37.877358,-51.859438,4808
37.877358,-51.859438,4831
37.877358,-52.859438,4856
37.877358,-53.859438,4903
37.877358,-54.859438,4930
37.877358,-54.859438,4939
37.877358,-55.859438,4990
37.877358,-56.859438,5015
37.877358,-57.859438,5088
37.877358,-57.859438,5124
37.877358,-57.859438,5147
37.877358,-58.859438,5161
38.877358,-59.859438,5220
38.877358,-60.859438,5269
38.877358,-60.859438,5293
39.877358,-60.859438,5305
39.877358,-61.859438,5392
39.877358,-62.859438,5440
40.877358,-62.859438,5453
40.877358,-63.859438,5490
41.877358,-63.859438,5527
41.877358,-64.859438,5562
42.877358,-64.859438,5600
43.877358,-64.859438,5646
43.877358,-65.859438,5660
43.877358,-66.859438,5731
43.877358,-66.859438,6133
44.877358,-66.859438,6145
45.877358,-66.859438,6169
46.877358,-66.859438,6217
46.877358,-66.859438,6241
47.877358,-66.859438,6291
48.877358,-66.859438,6437
48.877358,-66.859438,6461
49.877358,-66.859438,6473
49.877358,-66.859438,6547
50.877358,-66.859438,6575
51.877358,-66.859438,6607
51.877358,-67.859438,6621
51.877358,-68.859438,6682
52.877358,-68.859438,6693
52.877358,-68.859438,6740
53.877358,-68.859438,6767
54.877358,-68.859438,6840
55.877358,-68.859438,6864
55.877358,-68.859438,6887
56.877358,-68.859438,6938
57.877358,-68.859438,6973
58.877358,-68.859438,7010
58.877358,-68.859438,7033
59.877358,-68.859438,7058
60.877358,-68.859438,7108
61.877358,-68.859438,7118
61.877358,-68.859438,7144
62.877358,-68.859438,7182
62.877358,-67.859438,7204
63.877358,-67.859438,7217
64.877358,-67.859438,7266
64.877358,-66.859438,7303
65.877358,-66.859438,7326
65.877358,-65.859438,7363
66.877358,-65.859438,7374
67.877358,-65.859438,7400
67.877358,-64.859438,7423
67.877358,-63.859438,7435
67.877358,-63.859438,7460
68.877358,-63.859438,7471
69.877358,-63.859438,7484
69.877358,-62.859438,7507
69.877358,-61.859438,7532
70.877358,-61.859438,7545
70.877358,-60.859438,7594
70.877358,-60.859438,7631
71.877358,-60.859438,7643
71.877358,-59.859438,7655
71.877358,-58.859438,7716
71.877358,-57.859438,7740
71.877358,-57.859438,7765
71.877358,-56.859438,7799
71.877358,-55.859438,7824
71.877358,-54.859438,7848
71.877358,-54.859438,7861
71.877358,-53.859438,7885
71.877358,-52.859438,7911
71.877358,-51.859438,7934
71.877358,-51.859438,7945
71.877358,-50.859438,7970
71.877358,-49.859438,7983
71.877358,-48.859438,8008
71.877358,-48.859438,8018
71.877358,-47.859438,8032
71.877358,-46.859438,8056
71.877358,-45.859438,8067
71.877358,-45.859438,8080
71.877358,-44.859438,8116
71.877358,-43.859438,8128
71.877358,-42.859438,8165
70.877358,-42.859438,8214
70.877358,-41.859438,8239
70.877358,-41.859438,8251
69.877358,-41.859438,8299
68.877358,-40.859438,8336
68.877358,-39.859438,8373
67.877358,-39.859438,8399
67.877358,-39.859438,8420
67.877358,-39.859438,8434
66.877358,-39.859438,8457
65.877358,-38.859438,8542
64.877358,-38.859438,8567
64.877358,-37.859438,8580
64.877358,-37.859438,8591
63.877358,-37.859438,8664
62.877358,-37.859438,8690
61.877358,-37.859438,8762
61.877358,-36.859438,8776
61.877358,-36.859438,8788
60.877358,-36.859438,8811
59.877358,-36.859438,8859
58.877358,-36.859438,8896
58.877358,-36.859438,8920
57.877358,-36.859438,8958
56.877358,-36.859438,8983
55.877358,-35.859438,9041
55.877358,-35.859438,9066
54.877358,-35.859438,9090
53.877358,-35.859438,9150
52.877358,-35.859438,9214
52.877358,-35.859438,9236
51.877358,-35.859438,9372
50.877358,-35.859438,9382
49.877358,-35.859438,9407
49.877358,-36.859438,9458
48.877358,-36.859438,9481
48.877358,-36.859438,9492
48.877358,-37.859438,9540
47.877358,-37.859438,9554
47.877358,-38.859438,9566
46.877358,-38.859438,9578
46.877358,-39.859438,9601
46.877358,-39.859438,9625
46.877358,-40.859438,9649
46.877358,-41.859438,9699
45.877358,-42.859438,9711
45.877358,-42.859438,9724
44.877358,-42.859438,9733
44.877358,-43.859438,9750
43.877358,-44.859438,9773
43.877358,-45.859438,9796
43.877358,-45.859438,9807
43.877358,-46.859438,9832
42.877358,-47.859438,9894
42.877358,-48.859438,9904
42.877358,-48.859438,9929
41.877358,-48.859438,9955
41.877358,-49.859438,9965
41.877358,-50.859438,10015
40.877358,-50.859438,10054
BREAK
70.877358,-56.859438,11850
70.877358,-57.859438,12230
70.877358,-57.859438,12240
70.877358,-58.859438,12254
70.877358,-59.859438,12277
70.877358,-60.859438,12303
70.877358,-60.859438,12327
70.877358,-61.859438,12377
70.877358,-62.859438,12398
70.877358,-63.859438,12449
70.877358,-63.859438,12475
70.877358,-64.859438,12497
70.877358,-65.859438,12558
70.877358,-66.859438,12582
70.877358,-66.859438,12644
70.877358,-67.859438,12704
70.877358,-68.859438,12730
70.877358,-69.859438,12765
70.877358,-69.859438,12802
70.877358,-70.859438,12813
70.877358,-71.859438,12851
70.877358,-72.859438,12874
70.877358,-72.859438,12887
70.877358,-73.859438,12936
70.877358,-74.859438,12973
70.877358,-75.859438,13008
70.877358,-75.859438,13021
70.877358,-76.859438,13056
70.877358,-77.859438,13105
70.877358,-78.859438,13153
70.877358,-78.859438,13203
70.877358,-79.859438,13312
70.877358,-80.859438,13324
70.877358,-81.859438,13435
70.877358,-81.859438,13519
71.877358,-82.859438,13618
71.877358,-83.859438,13849
71.877358,-84.859438,13859
71.877358,-84.859438,13884
71.877358,-85.859438,13933
71.877358,-86.859438,13982
71.877358,-87.859438,14396
BREAK
