START
30.877358,-20.859438,0
30.877358,-21.859438,172
30.877358,-23.859438,182
30.877358,-25.859438,192
30.877358,-27.859438,203
30.877358,-29.859438,214
30.877358,-31.859438,225
31.877358,-33.859438,236
31.877358,-35.859438,256
31.877358,-36.859438,266
31.877358,-38.859438,286
31.877358,-39.859438,306
31.877358,-40.859438,326
31.877358,-41.859438,346
31.877358,-42.859438,356
31.877358,-43.859438,366
31.877358,-44.859438,386
31.877358,-45.859438,396
31.877358,-46.859438,416
31.877358,-47.859438,436
31.877358,-48.859438,446
31.877358,-49.859438,456
32.877358,-51.859438,466
32.877358,-52.859438,476
32.877358,-53.859438,486
32.877358,-54.859438,496
33.877358,-55.859438,506
33.877358,-56.859438,516
34.877358,-56.859438,536
34.877358,-57.859438,546
34.877358,-58.859438,575
35.877358,-59.859438,595
35.877358,-60.859438,605
35.877358,-61.859438,625
36.877358,-61.859438,635
36.877358,-62.859438,645
36.877358,-63.859438,675
36.877358,-64.859438,685
37.877358,-65.859438,695
38.877358,-67.859438,716
38.877358,-68.859438,737
38.877358,-69.859438,746
39.877358,-70.859438,756
39.877358,-71.859438,786
40.877358,-71.859438,806
40.877358,-72.859438,816
41.877358,-72.859438,836
42.877358,-73.859438,857
43.877358,-74.859438,888
44.877358,-74.859438,898
45.877358,-74.859438,908
46.877358,-74.859438,918
47.877358,-74.859438,928
48.877358,-74.859438,938
50.877358,-74.859438,948
51.877358,-74.859438,957
53.877358,-74.859438,978
54.877358,-74.859438,998
55.877358,-74.859438,1008
56.877358,-74.859438,1019
57.877358,-74.859438,1028
58.877358,-74.859438,1038
59.877358,-73.859438,1048
60.877358,-72.859438,1068
61.877358,-72.859438,1088
62.877358,-71.859438,1098
63.877358,-70.859438,1128
63.877358,-69.859438,1148
64.877358,-69.859438,1158
64.877358,-68.859438,1168
64.877358,-67.859438,1188
65.877358,-66.859438,1208
66.877358,-65.859438,1218
66.877358,-63.859438,1228
67.877358,-61.859438,1248
68.877358,-60.859438,1258
68.877358,-59.859438,1268
68.877358,-58.859438,1278
68.877358,-56.859438,1298
68.877358,-55.859438,1318
68.877358,-54.859438,1328
68.877358,-53.859438,1338
68.877358,-52.859438,1349
68.877358,-51.859438,1359
68.877358,-50.859438,1369
68.877358,-48.859438,1380
68.877358,-47.859438,1391
68.877358,-46.859438,1402
68.877358,-45.859438,1413
68.877358,-44.859438,1433
67.877358,-42.859438,1443
66.877358,-42.859438,1454
66.877358,-41.859438,1463
66.877358,-40.859438,1472
65.877358,-40.859438,1483
65.877358,-39.859438,1494
64.877358,-39.859438,1506
63.877358,-38.859438,1515
62.877358,-37.859438,1535
61.877358,-36.859438,1555
60.877358,-36.859438,1565
59.877358,-36.859438,1575
58.877358,-36.859438,1605
57.877358,-36.859438,1624
56.877358,-36.859438,1635
55.877358,-36.859438,1644
54.877358,-36.859438,1654
53.877358,-36.859438,1664
52.877358,-36.859438,1674
51.877358,-36.859438,1685
50.877358,-36.859438,1696
49.877358,-36.859438,1715
48.877358,-36.859438,1738
48.877358,-37.859438,1759
47.877358,-37.859438,1769
46.877358,-37.859438,1779
46.877358,-38.859438,1800
45.877358,-38.859438,1828
45.877358,-39.859438,1838
44.877358,-40.859438,1861
44.877358,-41.859438,1870
43.877358,-41.859438,1890
43.877358,-42.859438,1900
42.877358,-42.859438,1920
42.877358,-43.859438,1941
42.877358,-44.859438,1975
41.877358,-45.859438,1985
41.877358,-46.859438,2006
40.877358,-46.859438,2025
40.877358,-47.859438,2035
40.877358,-48.859438,2064
40.877358,-49.859438,2084
39.877358,-49.859438,2106
39.877358,-50.859438,2114
38.877358,-50.859438,2134
38.877358,-51.859438,2144
38.877358,-52.859438,2204
38.877358,-53.859438,2224
38.877358,-54.859438,2274
38.877358,-55.859438,2304
BREAK
71.877358,-41.859438,3386
72.877358,-41.859438,3408
72.877358,-42.859438,3529
72.877358,-43.859438,3539
72.877358,-44.859438,3549
72.877358,-46.859438,3560
72.877358,-48.859438,3571
72.877358,-49.859438,3592
72.877358,-51.859438,3603
72.877358,-53.859438,3623
72.877358,-54.859438,3633
72.877358,-55.859438,3652
72.877358,-56.859438,3662
72.877358,-57.859438,3672
72.877358,-58.859438,3683
72.877358,-59.859438,3694
72.877358,-60.859438,3715
72.877358,-61.859438,3735
72.877358,-62.859438,3745
72.877358,-63.859438,3755
72.877358,-64.859438,3765
72.877358,-65.859438,3785
72.877358,-66.859438,3805
72.877358,-67.859438,3835
72.877358,-68.859438,3845
72.877358,-69.859438,3856
72.877358,-70.859438,3868
72.877358,-71.859438,3879
72.877358,-72.859438,3898
72.877358,-73.859438,3908
72.877358,-74.859438,3937
72.877358,-75.859438,3957
72.877358,-76.859438,3967
72.877358,-77.859438,3977
72.877358,-78.859438,3987
72.877358,-80.859438,4007
72.877358,-81.859438,4027
72.877358,-82.859438,4049
72.877358,-84.859438,4072
72.877358,-85.859438,4083
72.877358,-86.859438,4093
72.877358,-87.859438,4103
72.877358,-88.859438,4123
72.877358,-89.859438,4153
72.877358,-90.859438,4183
72.877358,-91.859438,4214
72.877358,-92.859438,4267
73.877358,-92.859438,4306
73.877358,-93.859438,4326
73.877358,-94.859438,4347
73.877358,-95.859438,4369
73.877358,-97.859438,4382
73.877358,-99.859438,4394
73.877358,-100.85944,4405
73.877358,-101.85944,4417
BREAK
