START
41.023585,-14.702811,0
42.023585,-14.702811,104
42.023585,-15.702811,113
43.023585,-15.702811,123
44.023585,-16.702811,133
44.023585,-17.702811,143
45.023585,-17.702811,153
46.023585,-17.702811,176
46.023585,-18.702811,186
47.023585,-18.702811,228
48.023585,-18.702811,249
49.023585,-18.702811,277
50.023585,-18.702811,304
50.023585,-19.702811,569
50.023585,-20.702811,589
50.023585,-21.702811,609
49.023585,-22.702811,629
48.023585,-23.702811,649
47.023585,-23.702811,670
47.023585,-24.702811,694
47.023585,-25.702811,723
46.023585,-25.702811,738
46.023585,-26.702811,758
45.023585,-26.702811,779
45.023585,-27.702811,799
45.023585,-28.702811,820
44.023585,-28.702811,830
44.023585,-29.702811,840
44.023585,-30.702811,862
43.023585,-30.702811,872
43.023585,-31.702811,892
42.023585,-31.702811,912
42.023585,-32.702811,934
42.023585,-33.702811,974
41.023585,-33.702811,983
41.023585,-34.702811,1010
41.023585,-35.702811,1048
41.023585,-36.702811,1099
41.023585,-37.702811,1120
41.023585,-38.702811,1590
41.023585,-39.702811,1619
42.023585,-39.702811,1751
43.023585,-39.702811,1771
44.023585,-39.702811,1781
45.023585,-39.702811,1801
46.023585,-39.702811,1811
47.023585,-39.702811,1821
48.023585,-39.702811,1842
50.023585,-39.702811,1862
51.023585,-39.702811,1892
52.023585,-39.702811,1914
53.023585,-39.702811,1935
54.023585,-39.702811,1955
55.023585,-39.702811,1965
56.023585,-39.702811,1975
57.023585,-39.702811,1995
58.023585,-39.702811,2005
59.023585,-39.702811,2015
60.023585,-39.702811,2025
61.023585,-39.702811,2036
62.023585,-39.702811,2056
63.023585,-39.702811,2076
64.023585,-39.702811,2096
65.023585,-39.702811,2106
66.023585,-39.702811,2142
67.023585,-39.702811,2248
68.023585,-39.702811,2269
69.023585,-39.702811,2289
70.023585,-39.702811,2309
71.023585,-39.702811,2330
72.023585,-39.702811,3342
73.023585,-40.702811,3362
74.023585,-40.702811,3393
73.023585,-40.702811,3465
73.023585,-41.702811,3535
73.023585,-42.702811,3576
73.023585,-43.702811,3596
73.023585,-44.702811,3705
73.023585,-45.702811,3725
73.023585,-46.702811,3735
73.023585,-47.702811,3745
73.023585,-48.702811,3765
73.023585,-49.702811,3780
73.023585,-50.702811,3800
73.023585,-51.702811,3810
73.023585,-52.702811,3894
73.023585,-53.702811,3915
73.023585,-54.702811,3937
73.023585,-55.702811,3961
72.023585,-55.702811,3972
72.023585,-56.702811,3982
71.023585,-57.702811,4002
70.023585,-58.702811,4022
70.023585,-59.702811,4044
69.023585,-59.702811,4064
69.023585,-60.702811,4084
67.023585,-61.702811,4104
67.023585,-62.702811,4114
66.023585,-62.702811,4124
66.023585,-63.702811,4135
65.023585,-63.702811,4147
64.023585,-64.702811,4166
64.023585,-65.702811,4177
63.023585,-66.702811,4202
62.023585,-67.702811,4227
62.023585,-68.702811,4247
61.023585,-69.702811,4267
60.023585,-70.702811,4288
60.023585,-71.702811,4319
59.023585,-71.702811,4328
59.023585,-72.702811,4361
58.023585,-72.702811,4382
58.023585,-73.702811,4404
58.023585,-74.702811,4429
57.023585,-74.702811,4438
57.023585,-75.702811,4460
56.023585,-75.702811,4470
55.023585,-76.702811,4492
55.023585,-77.702811,4620
55.023585,-78.702811,4640
54.023585,-78.702811,4651
53.023585,-79.702811,4661
53.023585,-80.702811,4770
53.023585,-81.702811,4789
52.023585,-81.702811,4800
51.023585,-81.702811,4820
51.023585,-82.702811,5325
51.023585,-83.702811,5348
51.023585,-84.702811,5398
51.023585,-85.702811,5421
51.023585,-86.702811,5463
51.023585,-87.702811,5494
51.023585,-88.702811,5642
52.023585,-88.702811,5652
52.023585,-89.702811,5662
53.023585,-89.702811,5682
53.023585,-90.702811,5713
BREAK
