START
24.189584,-44.376174,0
24.767135,-44.376174,136
25.344686,-44.376174,159
25.922237,-44.376174,175
26.499788,-44.376174,199
27.077339,-44.376174,215
27.077339,-43.798623,264
27.077339,-43.221072,287
27.077339,-42.643521,295
27.65489,-42.643521,320
27.65489,-42.06597,327
27.65489,-41.488419,343
27.65489,-40.910868,361
27.65489,-40.333317,375
27.65489,-39.755766,392
27.65489,-39.178215,415
27.65489,-38.600664,432
27.65489,-38.023113,449
27.65489,-37.445562,456
27.65489,-36.868011,488
27.65489,-36.29046,623
27.077339,-36.29046,640
27.077339,-35.712909,648
26.499788,-35.712909,656
25.922237,-35.135358,663
25.922237,-34.557807,671
25.344686,-34.557807,816
24.767135,-34.557807,848
24.189584,-34.557807,864
23.612033,-34.557807,871
23.034482,-34.557807,888
22.456931,-34.557807,984
21.87938,-34.557807,1024
21.301829,-34.557807,1031
20.724278,-35.135358,1047
20.146727,-35.712909,1064
19.569176,-35.712909,1079
18.991625,-36.29046,1096
18.414074,-36.868011,1112
18.414074,-37.445562,1128
17.836523,-37.445562,1136
17.836523,-38.023113,1144
17.258972,-38.600664,1152
17.258972,-39.178215,1167
17.258972,-39.755766,1184
17.258972,-40.333317,1199
17.258972,-40.910868,1208
17.258972,-41.488419,1264
17.258972,-42.06597,1287
17.836523,-42.06597,1296
17.836523,-42.643521,1304
18.414074,-42.643521,1312
19.569176,-43.221072,1327
20.146727,-43.221072,1344
20.724278,-43.221072,1361
20.724278,-43.798623,1440
21.301829,-43.798623,1455
21.301829,-44.376174,1464
21.87938,-44.376174,1472
22.456931,-44.376174,1480
23.034482,-44.376174,1488
23.612033,-44.376174,1495
24.189584,-44.376174,1504
24.767135,-44.376174,1512
25.344686,-44.376174,1520
25.922237,-44.376174,1528
26.499788,-44.376174,1632
27.077339,-44.376174,1648
27.65489,-44.376174,1663
28.232441,-44.376174,1672
28.809992,-44.376174,1688
29.387543,-44.376174,1703
30.542645,-44.376174,1720
31.120196,-44.376174,1736
32.275298,-44.376174,1752
32.852849,-44.376174,1768
39.205911,-44.376174,1900
40.361013,-44.376174,1905
43.248768,-44.376174,1911
43.826319,-44.376174,1920
44.40387,-44.376174,1928
45.558972,-44.376174,1936
46.136523,-44.376174,1951
46.136523,-43.798623,2016
46.714074,-43.798623,2031
46.714074,-43.221072,2039
46.714074,-42.643521,2048
47.291625,-42.643521,2056
47.291625,-42.06597,2064
47.291625,-41.488419,2080
47.291625,-40.910868,2128
47.291625,-40.333317,2144
47.291625,-39.755766,2176
47.291625,-39.178215,2207
47.291625,-38.600664,2224
46.714074,-38.600664,2232
46.714074,-38.023113,2240
46.136523,-38.023113,2247
46.136523,-37.445562,2304
45.558972,-37.445562,2312
45.558972,-36.868011,2320
44.981421,-36.868011,2328
44.981421,-36.29046,2336
44.40387,-35.712909,2344
43.826319,-35.712909,2352
43.826319,-35.135358,2361
43.248768,-35.135358,2520
42.671217,-35.135358,2528
42.093666,-35.135358,2544
40.938564,-35.135358,2552
40.361013,-35.135358,2560
39.783462,-35.135358,2568
39.205911,-35.135358,2575
38.62836,-35.135358,2640
38.62836,-35.712909,2656
38.050809,-35.712909,2664
38.050809,-36.29046,2672
37.473258,-36.29046,2696
37.473258,-36.868011,2712
37.473258,-37.445562,2737
37.473258,-38.023113,2760
37.473258,-38.600664,2792
37.473258,-39.178215,2831
37.473258,-39.755766,2856
37.473258,-40.333317,2880
37.473258,-41.488419,3028
38.050809,-41.488419,3152
38.050809,-42.06597,3159
38.62836,-42.06597,3296
39.783462,-42.06597,3320
40.361013,-42.06597,3327
42.093666,-42.643521,3336
43.248768,-42.643521,3344
43.826319,-42.643521,3352
44.40387,-42.643521,3360
45.558972,-42.643521,3369
46.136523,-42.643521,3552
47.291625,-42.643521,3568
48.446727,-42.643521,3575
49.024278,-42.643521,3584
50.17938,-42.643521,3592
50.756931,-42.643521,3600
51.912033,-42.643521,3608
53.067135,-42.643521,3615
53.644686,-42.643521,3624
54.222237,-42.643521,3640
54.799788,-42.643521,3720
55.377339,-42.643521,3736
55.95489,-42.643521,3743
56.532441,-42.643521,3752
57.109992,-42.643521,3768
57.109992,-43.221072,4024
57.109992,-43.798623,4040
57.109992,-44.376174,4048
57.109992,-44.953725,4056
57.109992,-45.531276,4176
57.109992,-46.108827,4192
57.109992,-47.263929,4208
57.109992,-47.84148,4224
57.109992,-48.419031,4232
57.109992,-48.996582,4239
57.109992,-49.574133,4248
57.109992,-50.151684,4264
57.109992,-50.729235,4280
57.109992,-51.306786,4287
57.109992,-51.884337,4304
57.109992,-53.039439,4320
57.109992,-53.61699,4336
57.109992,-54.194541,4360
57.109992,-54.772092,4384
57.109992,-55.349643,4392
57.109992,-55.927194,4416
57.109992,-56.504746,4424
57.687543,-56.504746,4432
57.687543,-57.082297,4440
57.687543,-57.659848,4448
57.687543,-58.237399,4464
58.265094,-58.81495,4480
58.842645,-59.970052,4495
58.842645,-60.547603,4520
59.420196,-60.547603,4528
59.420196,-61.125154,4536
59.997747,-61.125154,4544
60.575298,-61.702705,4560
61.152849,-61.702705,4568
61.7304,-61.702705,4576
62.307951,-61.702705,4584
62.885503,-61.702705,4592
63.463054,-61.702705,4600
64.040605,-61.702705,4608
64.618156,-61.702705,4616
64.618156,-61.125154,4624
64.618156,-60.547603,4632
64.618156,-59.970052,4649
64.618156,-59.392501,4712
64.618156,-58.81495,4736
64.618156,-58.237399,4760
64.618156,-57.659848,4795
64.618156,-57.082297,4906
64.618156,-56.504746,4923
64.618156,-55.927194,4940
64.618156,-56.504746,5147
BREAK
79.634482,-75.563929,5843
79.634482,-74.986378,6018
79.634482,-74.408827,6026
79.634482,-73.831276,6042
79.634482,-73.253725,6050
79.634482,-72.676174,6058
79.634482,-72.098623,6073
79.634482,-71.521072,6082
79.634482,-70.36597,6098
79.634482,-69.788419,6113
79.634482,-68.633317,6122
79.634482,-68.055766,6130
79.634482,-67.478215,6138
79.634482,-66.323113,6146
79.634482,-65.745562,6153
79.634482,-65.168011,6162
79.634482,-64.012909,6170
79.634482,-63.435358,6178
79.634482,-62.857807,6186
79.634482,-62.280256,6193
79.634482,-61.125154,6202
79.634482,-59.970052,6218
79.634482,-58.81495,6226
79.634482,-58.237399,6234
79.634482,-57.659848,6242
79.634482,-56.504746,6250
79.634482,-55.927194,6258
79.634482,-55.349643,6266
79.634482,-54.772092,6274
79.634482,-53.61699,6282
79.634482,-53.039439,6290
79.634482,-52.461888,6298
79.634482,-50.729235,6306
79.634482,-49.574133,6315
79.634482,-48.996582,6322
79.634482,-47.84148,6330
79.634482,-47.263929,6338
79.634482,-46.108827,6346
79.634482,-45.531276,6354
79.634482,-44.953725,6362
79.634482,-43.798623,6370
79.634482,-43.221072,6378
79.634482,-42.643521,6386
79.634482,-42.06597,6394
79.634482,-40.910868,6402
79.634482,-39.755766,6410
79.634482,-39.178215,6418
79.634482,-38.023113,6426
79.634482,-37.445562,6435
79.634482,-36.29046,6450
79.634482,-35.712909,6458
79.634482,-34.557807,6466
79.634482,-33.980256,6474
79.634482,-32.825154,6482
79.634482,-32.247603,6490
80.212033,-32.247603,6634
80.212033,-31.670052,6642
80.789584,-31.092501,6651
81.944686,-31.092501,6658
83.099788,-30.51495,6674
83.099788,-29.937399,6682
83.677339,-29.937399,6834
84.25489,-29.937399,6850
84.832441,-29.937399,6859
85.409992,-29.937399,6866
86.565094,-29.937399,6874
87.142645,-29.937399,6882
94.073258,-31.092501,7148
94.073258,-31.670052,7226
94.650809,-31.670052,7242
94.650809,-32.247603,7250
95.22836,-32.247603,7258
95.805911,-32.825154,7266
96.383462,-33.402705,7275
97.538564,-33.402705,7282
98.116115,-33.980256,7298
98.116115,-34.557807,7401
98.116115,-35.135358,7418
98.116115,-36.29046,7434
98.116115,-36.868011,7450
98.116115,-37.445562,7458
98.116115,-38.023113,7466
98.116115,-38.600664,7482
98.116115,-39.178215,7554
98.116115,-39.755766,7570
98.116115,-40.333317,7586
98.116115,-41.488419,7602
98.116115,-42.06597,7610
98.116115,-42.643521,7618
98.116115,-43.221072,7626
98.116115,-43.798623,7642
98.116115,-44.376174,7658
98.116115,-44.953725,7666
98.116115,-45.531276,7754
98.116115,-46.108827,7762
98.116115,-46.686378,7770
98.116115,-47.84148,7778
98.116115,-48.419031,7786
98.116115,-49.574133,7802
BREAK
