START
75.641509,-27.859438,0
75.641509,-28.859438,128
75.641509,-30.859438,138
75.641509,-33.859438,149
75.641509,-37.859438,159
75.641509,-42.859438,170
75.641509,-48.859438,180
75.641509,-52.859438,189
75.641509,-55.859438,199
75.641509,-57.859438,209
75.641509,-58.859438,230
75.641509,-59.859438,240
75.641509,-60.859438,261
75.641509,-61.859438,271
75.641509,-63.859438,282
75.641509,-64.859438,293
75.641509,-66.859438,304
75.641509,-67.859438,316
75.641509,-68.859438,328
75.641509,-69.859438,349
75.641509,-70.859438,359
75.641509,-72.859438,379
75.641509,-74.859438,389
75.641509,-75.859438,399
75.641509,-76.859438,409
75.641509,-77.859438,420
75.641509,-78.859438,431
75.641509,-79.859438,443
76.641509,-79.859438,466
76.641509,-80.859438,508
76.641509,-81.859438,558
BREAK
73.641509,-53.859438,1305
72.641509,-53.859438,1346
71.641509,-53.859438,1396
70.641509,-53.859438,1416
69.641509,-53.859438,1446
68.641509,-53.859438,1476
67.641509,-53.859438,1516
66.641509,-53.859438,1526
65.641509,-53.859438,1556
64.641509,-53.859438,1586
63.641509,-53.859438,1606
62.641509,-53.859438,1626
61.641509,-53.859438,1646
60.641509,-53.859438,1666
59.641509,-53.859438,1686
58.641509,-53.859438,1696
57.641509,-53.859438,1707
56.641509,-53.859438,1717
55.641509,-53.859438,1727
53.641509,-53.859438,1738
52.641509,-53.859438,1761
51.641509,-53.859438,1800
BREAK
75.641509,-26.859438,2769
75.641509,-25.859438,2818
74.641509,-25.859438,2948
73.641509,-25.859438,2968
73.641509,-24.859438,2978
72.641509,-24.859438,2988
72.641509,-23.859438,2998
70.641509,-22.859438,3008
69.641509,-21.859438,3028
69.641509,-20.859438,3048
68.641509,-20.859438,3058
67.641509,-19.859438,3078
66.641509,-19.859438,3098
66.641509,-18.859438,3108
65.641509,-18.859438,3128
64.641509,-18.859438,3158
63.641509,-18.859438,3208
BREAK
