START
14.641509,-39.859438,0
15.641509,-39.859438,49
17.641509,-41.859438,65
20.641509,-41.859438,82
28.641509,-43.859438,100
36.641509,-44.859438,115
42.641509,-45.859438,132
50.641509,-45.859438,148
58.641509,-46.859438,165
65.641509,-46.859438,182
68.641509,-46.859438,198
70.641509,-46.859438,215
71.641509,-46.859438,250
72.641509,-46.859438,347
73.641509,-46.859438,364
75.641509,-48.859438,386
76.641509,-48.859438,399
BREAK
48.641509,-17.859438,1135
49.641509,-17.859438,1227
55.641509,-17.859438,1244
59.641509,-18.859438,1261
64.641509,-19.859438,1277
71.641509,-21.859438,1293
75.641509,-21.859438,1310
76.641509,-21.859438,1327
76.641509,-22.859438,1509
76.641509,-23.859438,1544
76.641509,-24.859438,1559
76.641509,-25.859438,1592
76.641509,-26.859438,1609
76.641509,-27.859438,1627
76.641509,-36.859438,1738
76.641509,-37.859438,1762
76.641509,-39.859438,1780
76.641509,-40.859438,1792
76.641509,-41.859438,1808
76.641509,-42.859438,1841
76.641509,-43.859438,1862
76.641509,-44.859438,1875
76.641509,-45.859438,1908
76.641509,-46.859438,1924
76.641509,-48.859438,1942
76.641509,-50.859438,1958
76.641509,-52.859438,1974
76.641509,-53.859438,1991
76.641509,-54.859438,2007
76.641509,-56.859438,2041
76.641509,-58.859438,2061
76.641509,-59.859438,2074
76.641509,-60.859438,2090
76.641509,-61.859438,2142
76.641509,-62.859438,2157
76.641509,-63.859438,2174
76.641509,-64.859438,2207
76.641509,-65.859438,2240
76.641509,-67.859438,2261
76.641509,-68.859438,2273
76.641509,-69.859438,2290
78.641509,-69.859438,2307
78.641509,-70.859438,2323
78.641509,-71.859438,2340
78.641509,-72.859438,2389
78.641509,-73.859438,2406
78.641509,-74.859438,2439
78.641509,-75.859438,2461
78.641509,-76.859438,2472
78.641509,-77.859438,2505
78.641509,-78.859438,2539
78.641509,-79.859438,2659
78.641509,-80.859438,2705
78.641509,-81.859438,2721
78.641509,-82.859438,2741
76.641509,-82.859438,2754
BREAK
