START
28.335239,-54.113849,0
27.506956,-54.113849,182
25.850391,-52.457284,195
24.193825,-51.629001,212
22.537259,-50.800718,227
20.880694,-49.144152,244
20.052411,-48.31587,261
19.224128,-47.487587,277
17.567562,-46.659304,293
17.567562,-45.831021,310
16.73928,-45.002738,343
16.73928,-44.174455,358
15.910997,-44.174455,375
15.910997,-43.346173,392
15.082714,-42.51789,407
14.254431,-41.689607,439
14.254431,-40.861324,457
14.254431,-40.033041,506
14.254431,-39.204758,521
14.254431,-38.376476,538
14.254431,-36.71991,561
14.254431,-35.891627,570
14.254431,-35.063344,587
15.082714,-34.235061,603
15.910997,-34.235061,620
16.73928,-33.406779,636
17.567562,-33.406779,652
18.395845,-32.578496,669
19.224128,-31.750213,701
20.052411,-31.750213,718
20.880694,-31.750213,734
20.880694,-30.92193,750
21.708977,-30.92193,767
22.537259,-30.92193,782
23.365542,-30.92193,815
24.193825,-30.92193,832
25.022108,-30.92193,864
25.850391,-30.92193,881
26.678674,-30.92193,913
27.506956,-30.92193,946
28.335239,-30.92193,978
29.991805,-30.92193,995
30.820088,-30.92193,1011
31.64837,-31.750213,1027
33.304936,-33.406779,1109
34.133219,-34.235061,1126
34.961502,-35.063344,1142
35.789785,-35.891627,1175
35.789785,-36.71991,1338
35.789785,-37.548193,1439
35.789785,-38.376476,1469
35.789785,-39.204758,1501
35.789785,-40.033041,1615
35.789785,-40.861324,1647
35.789785,-41.689607,1696
35.789785,-42.51789,1762
35.789785,-43.346173,1794
BREAK
35.789785,-34.235061,3654
35.789785,-33.406779,3882
35.789785,-32.578496,3979
35.789785,-31.750213,4029
36.618067,-31.750213,4078
36.618067,-30.92193,4096
37.44635,-30.92193,4110
38.274633,-30.093647,4160
38.274633,-29.265364,4192
39.102916,-29.265364,4227
39.931199,-29.265364,4241
41.587764,-28.437082,4258
42.416047,-28.437082,4307
43.24433,-28.437082,4355
44.072613,-28.437082,4372
44.900896,-28.437082,4404
45.729179,-28.437082,4436
46.557461,-28.437082,4474
48.214027,-28.437082,4486
49.870593,-28.437082,4502
50.698876,-28.437082,4519
51.527158,-28.437082,4535
52.355441,-28.437082,4569
53.183724,-29.265364,4616
54.012007,-30.093647,4633
55.668573,-30.92193,4649
55.668573,-31.750213,4697
56.496855,-32.578496,4714
57.325138,-33.406779,4730
58.153421,-34.235061,4747
60.638269,-35.891627,4764
61.466552,-36.71991,4779
62.294835,-36.71991,4959
62.294835,-37.548193,5107
62.294835,-38.376476,5139
62.294835,-39.204758,5204
62.294835,-40.861324,5220
62.294835,-41.689607,5237
62.294835,-42.51789,5253
63.123118,-44.174455,5269
63.123118,-45.002738,5285
63.123118,-45.831021,5301
63.123118,-46.659304,5334
63.123118,-47.487587,5383
63.123118,-48.31587,5399
63.123118,-49.144152,5465
63.123118,-49.972435,5497
63.123118,-51.629001,5530
63.123118,-52.457284,5562
63.123118,-53.285567,5596
63.123118,-54.113849,5628
62.294835,-54.113849,5644
61.466552,-54.942132,5660
60.638269,-55.770415,5677
59.809987,-56.598698,5742
58.981704,-56.598698,5758
58.153421,-56.598698,5824
57.325138,-56.598698,5840
56.496855,-56.598698,5861
55.668573,-56.598698,5889
54.84029,-56.598698,5971
53.183724,-56.598698,6003
52.355441,-56.598698,6019
50.698876,-56.598698,6036
49.870593,-56.598698,6068
49.04231,-56.598698,6134
BREAK
67.264532,-56.598698,8107
69.749381,-56.598698,8319
70.577663,-56.598698,8335
71.405946,-56.598698,8352
72.234229,-56.598698,8368
73.062512,-56.598698,8400
73.890795,-56.598698,8434
74.719078,-56.598698,8482
75.54736,-56.598698,8563
76.375643,-56.598698,8688
77.203926,-56.598698,8776
78.032209,-56.598698,8809
78.860492,-56.598698,8824
79.688775,-56.598698,8906
79.688775,-55.770415,8939
80.517057,-54.942132,9005
81.34534,-54.942132,9024
81.34534,-54.113849,9053
82.173623,-54.113849,9069
82.173623,-53.285567,9266
82.173623,-52.457284,9400
82.173623,-51.629001,9461
82.173623,-50.800718,9559
82.173623,-49.972435,9641
81.34534,-49.972435,9657
81.34534,-49.144152,9673
80.517057,-48.31587,9706
79.688775,-48.31587,9787
BREAK
