START
63.108491,-26.281124,0
63.108491,-27.281124,233
63.108491,-29.281124,260
63.108491,-30.281124,271
64.108491,-31.281124,282
64.108491,-33.281124,298
64.108491,-34.281124,321
64.108491,-35.281124,358
64.108491,-36.281124,408
65.108491,-38.281124,419
65.108491,-39.281124,431
65.108491,-40.281124,443
66.108491,-42.281124,456
66.108491,-43.281124,480
66.108491,-44.281124,543
66.108491,-45.281124,555
66.108491,-47.281124,568
66.108491,-48.281124,580
67.108491,-50.281124,591
67.108491,-51.281124,605
67.108491,-52.281124,632
67.108491,-53.281124,643
67.108491,-54.281124,704
67.108491,-55.281124,728
67.108491,-56.281124,741
67.108491,-57.281124,753
67.108491,-58.281124,826
67.108491,-59.281124,1013
67.108491,-60.281124,1025
67.108491,-61.281124,1187
67.108491,-63.281124,1200
67.108491,-64.281124,1211
67.108491,-66.281124,1228
67.108491,-67.281124,1252
66.108491,-69.281124,1431
65.108491,-71.281124,1443
65.108491,-72.281124,1457
65.108491,-73.281124,1470
64.108491,-73.281124,1482
64.108491,-74.281124,1531
63.108491,-74.281124,1633
63.108491,-75.281124,1645
62.108491,-76.281124,1766
62.108491,-77.281124,1776
61.108491,-77.281124,1830
60.108491,-77.281124,1950
59.108491,-78.281124,1988
58.108491,-78.281124,2186
57.108491,-78.281124,2227
57.108491,-79.281124,2239
56.108491,-79.281124,2322
55.108491,-79.281124,2372
55.108491,-78.281124,2432
54.108491,-78.281124,2445
53.108491,-77.281124,2457
53.108491,-76.281124,2543
52.108491,-76.281124,2557
52.108491,-75.281124,2580
52.108491,-74.281124,2642
51.108491,-73.281124,2656
51.108491,-72.281124,2680
50.108491,-71.281124,2693
49.108491,-70.281124,2864
49.108491,-69.281124,2876
49.108491,-68.281124,2892
48.108491,-68.281124,2905
48.108491,-67.281124,2928
48.108491,-65.281124,3116
47.108491,-65.281124,3128
46.108491,-64.281124,3139
BREAK
40.108491,-39.281124,4968
40.108491,-40.281124,5200
40.108491,-41.281124,5228
40.108491,-42.281124,5251
41.108491,-43.281124,5360
42.108491,-43.281124,5398
42.108491,-44.281124,5423
43.108491,-44.281124,5533
43.108491,-45.281124,5558
44.108491,-45.281124,5718
45.108491,-45.281124,5756
46.108491,-45.281124,5879
47.108491,-45.281124,5916
48.108491,-44.281124,5929
49.108491,-44.281124,6118
49.108491,-43.281124,6139
49.108491,-42.281124,6353
49.108491,-41.281124,6435
49.108491,-40.281124,6845
49.108491,-39.281124,6867
49.108491,-37.281124,7004
49.108491,-36.281124,7027
49.108491,-35.281124,7239
49.108491,-34.281124,7251
49.108491,-33.281124,7487
48.108491,-32.281124,7552
47.108491,-31.281124,7563
48.108491,-31.281124,8143
49.108491,-31.281124,8315
50.108491,-31.281124,8436
51.108491,-31.281124,8488
52.108491,-31.281124,8540
53.108491,-31.281124,8586
53.108491,-30.281124,8625
54.108491,-30.281124,8639
55.108491,-30.281124,8658
55.108491,-29.281124,8686
56.108491,-29.281124,8733
56.108491,-28.281124,8760
57.108491,-27.281124,8794
58.108491,-27.281124,9018
58.108491,-26.281124,9031
59.108491,-26.281124,9043
59.108491,-25.281124,9179
60.108491,-25.281124,9193
60.108491,-24.281124,9209
61.108491,-24.281124,9352
62.108491,-24.281124,9364
62.108491,-23.281124,9376
63.108491,-23.281124,9401
BREAK
