START
41.516115,-46.686378,0
41.516115,-47.263929,174
41.516115,-47.84148,204
41.516115,-48.419031,214
41.516115,-48.996582,232
41.516115,-48.996582,260
41.516115,-49.574133,262
40.938564,-49.574133,285
40.938564,-49.574133,292
40.938564,-50.151684,296
40.938564,-50.729235,309
40.361013,-50.729235,317
40.361013,-51.306786,325
39.783462,-51.306786,354
39.783462,-51.884337,359
39.205911,-52.461888,373
39.205911,-53.039439,402
38.62836,-53.039439,414
38.62836,-53.61699,417
38.050809,-53.61699,420
38.050809,-54.194541,432
37.473258,-54.194541,447
37.473258,-54.772092,488
36.895707,-54.772092,492
36.318156,-54.772092,506
36.318156,-54.772092,533
35.740605,-54.772092,561
35.163054,-54.772092,687
34.585503,-54.772092,716
34.007951,-54.772092,728
34.007951,-54.194541,751
33.4304,-54.194541,766
33.4304,-53.61699,773
33.4304,-53.039439,787
33.4304,-52.461888,790
33.4304,-51.884337,853
32.852849,-51.884337,878
32.852849,-51.306786,883
32.852849,-50.729235,890
32.852849,-50.151684,911
32.852849,-49.574133,917
32.852849,-49.574133,944
32.852849,-48.996582,952
32.852849,-48.419031,981
32.852849,-47.84148,1001
32.852849,-47.263929,1036
32.275298,-47.263929,1038
32.275298,-46.686378,1046
31.697747,-46.686378,1058
31.697747,-46.108827,1061
31.697747,-45.531276,1067
31.697747,-44.953725,1086
31.120196,-43.221072,1230
31.120196,-42.643521,2132
31.120196,-42.06597,2201
31.120196,-42.06597,2290
31.120196,-41.488419,2304
31.120196,-40.910868,2317
31.120196,-40.333317,2411
31.120196,-39.755766,2460
31.120196,-39.178215,2473
30.542645,-39.178215,2766
29.965094,-39.178215,2776
29.387543,-39.178215,2796
28.809992,-39.178215,2812
28.232441,-39.178215,2875
27.65489,-39.178215,2904
27.077339,-39.178215,2924
26.499788,-39.178215,2933
25.922237,-39.178215,2966
25.922237,-39.178215,2998
25.344686,-39.178215,3018
24.767135,-39.178215,3034
24.189584,-39.178215,3042
23.612033,-39.178215,3057
23.034482,-39.178215,3065
22.456931,-39.178215,3081
21.87938,-39.178215,3085
21.301829,-39.178215,3097
20.724278,-39.178215,3106
20.724278,-39.178215,3135
20.146727,-39.178215,3150
20.146727,-39.755766,3167
19.569176,-39.755766,3178
18.991625,-39.755766,3208
18.414074,-39.755766,3236
17.836523,-39.755766,3289
17.258972,-39.755766,3317
16.681421,-39.755766,3417
16.10387,-39.755766,3467
15.526319,-39.755766,3509
15.526319,-39.755766,3526
14.948768,-39.755766,3594
14.371217,-39.755766,3664
13.793666,-39.755766,3695
13.216115,-39.755766,3699
12.638564,-39.755766,3716
12.638564,-39.178215,3876
12.638564,-39.178215,3880
12.061013,-39.178215,3884
12.061013,-38.600664,3908
12.061013,-38.023113,3927
11.483462,-38.023113,3936
11.483462,-37.445562,3951
11.483462,-36.868011,3954
10.905911,-36.868011,3964
10.905911,-36.29046,3968
10.905911,-35.712909,3972
10.905911,-35.135358,3986
10.905911,-34.557807,3990
10.905911,-33.980256,3995
10.905911,-33.980256,3998
10.32836,-33.980256,4004
10.32836,-33.402705,4006
10.32836,-32.825154,4009
10.32836,-32.247603,4017
10.32836,-31.670052,4021
10.32836,-31.092501,4035
10.32836,-30.51495,4041
10.32836,-29.937399,4047
10.32836,-29.359848,4059
10.32836,-28.782297,4098
10.905911,-28.782297,4108
10.905911,-28.782297,4142
11.483462,-28.782297,4172
11.483462,-28.204746,4195
12.061013,-28.204746,4197
12.061013,-27.627194,4208
12.638564,-27.627194,4224
12.638564,-27.049643,4240
13.216115,-27.049643,4248
13.793666,-27.049643,4255
14.371217,-27.049643,4271
14.371217,-26.472092,4298
14.948768,-26.472092,4327
15.526319,-26.472092,4342
15.526319,-26.472092,4359
15.526319,-25.894541,4363
16.10387,-25.894541,4375
16.681421,-25.894541,4390
17.258972,-25.894541,4429
17.836523,-25.894541,4452
18.414074,-25.894541,4484
18.991625,-25.894541,4502
18.991625,-26.472092,4522
18.991625,-27.049643,4538
19.569176,-27.049643,4541
20.146727,-27.049643,4548
20.724278,-27.049643,4556
20.724278,-27.627194,4561
20.724278,-28.204746,4563
20.724278,-28.782297,4567
20.724278,-28.782297,4573
21.301829,-28.782297,4588
21.87938,-28.782297,4593
21.87938,-29.359848,4600
22.456931,-29.937399,4604
22.456931,-30.51495,4612
22.456931,-31.092501,4618
23.034482,-31.092501,4620
23.034482,-31.670052,4625
23.034482,-32.247603,4628
23.034482,-32.825154,4637
23.034482,-33.402705,4640
23.612033,-33.402705,4642
23.612033,-33.980256,4644
24.189584,-33.980256,4659
24.189584,-33.980256,4663
24.189584,-34.557807,4669
24.189584,-35.135358,4684
24.189584,-35.712909,4698
24.189584,-36.29046,4723
24.189584,-36.868011,4734
24.189584,-37.445562,4756
24.189584,-38.023113,4768
23.612033,-38.023113,4778
23.034482,-38.600664,4815
22.456931,-38.600664,4825
22.456931,-39.178215,4830
BREAK
60.575298,-73.831276,6927
60.575298,-73.253725,7033
60.575298,-72.676174,7054
60.575298,-72.098623,7056
60.575298,-71.521072,7069
60.575298,-70.943521,7074
60.575298,-70.36597,7085
59.997747,-70.36597,7091
59.997747,-69.788419,7100
59.420196,-69.788419,7102
59.420196,-68.633317,7104
59.420196,-68.055766,7110
59.420196,-67.478215,7124
59.420196,-66.900664,7127
59.420196,-66.323113,7129
59.420196,-65.745562,7142
58.842645,-65.745562,7144
58.842645,-65.168011,7156
58.842645,-65.168011,7162
58.842645,-64.59046,7166
58.842645,-64.012909,7169
58.265094,-63.435358,7178
58.265094,-62.857807,7183
58.265094,-62.280256,7189
58.265094,-61.702705,7191
57.687543,-61.702705,7193
57.687543,-61.125154,7201
57.687543,-60.547603,7216
57.687543,-59.970052,7224
57.687543,-59.970052,7227
57.687543,-59.392501,7237
57.687543,-58.81495,7247
57.687543,-58.237399,7252
57.687543,-57.659848,7254
57.687543,-57.082297,7262
57.687543,-56.504746,7266
57.687543,-55.927194,7281
57.687543,-55.349643,7286
57.687543,-54.772092,7295
57.687543,-54.772092,7299
57.687543,-54.194541,7313
57.687543,-53.61699,7324
57.687543,-53.039439,7330
57.687543,-52.461888,7335
57.687543,-51.884337,7343
57.687543,-51.306786,7360
57.687543,-50.729235,7368
57.687543,-50.151684,7374
57.687543,-49.574133,7384
57.687543,-49.574133,7405
57.687543,-48.996582,7415
57.687543,-48.419031,7430
57.687543,-47.84148,7439
57.687543,-47.263929,7459
57.687543,-46.686378,7461
57.687543,-46.108827,7466
58.265094,-46.108827,7480
58.842645,-46.108827,7484
58.842645,-45.531276,7486
58.842645,-44.953725,7492
58.842645,-44.376174,7497
58.265094,-44.376174,7514
58.265094,-43.798623,7517
58.265094,-43.221072,7533
58.265094,-42.643521,7542
58.265094,-42.06597,7562
58.265094,-41.488419,7568
58.265094,-40.910868,7584
58.842645,-40.910868,7589
58.842645,-40.333317,7593
58.842645,-39.755766,7606
58.842645,-39.178215,7625
59.420196,-39.178215,7631
59.420196,-39.178215,7634
59.420196,-38.600664,7647
59.420196,-38.023113,7653
59.997747,-38.023113,7655
59.997747,-37.445562,7673
60.575298,-37.445562,7684
60.575298,-36.868011,7686
60.575298,-36.29046,7692
60.575298,-35.712909,7694
61.152849,-35.712909,7696
61.152849,-35.135358,7712
61.152849,-34.557807,7719
61.7304,-34.557807,7724
61.7304,-33.980256,7731
62.307951,-33.980256,7740
62.307951,-33.980256,7747
62.307951,-33.980256,7755
62.307951,-33.402705,7762
62.885503,-33.402705,7795
62.885503,-32.825154,7807
63.463054,-32.825154,7815
64.040605,-32.825154,7822
64.618156,-32.825154,7828
65.195707,-32.825154,7837
65.195707,-32.247603,7844
65.773258,-32.247603,7855
65.773258,-31.670052,7861
66.350809,-31.670052,7863
66.92836,-31.670052,7872
67.505911,-31.670052,7877
67.505911,-31.092501,7893
67.505911,-31.092501,7895
68.083462,-31.092501,7906
68.661013,-31.092501,7925
69.238564,-31.092501,7945
69.816115,-31.092501,7965
70.393666,-31.092501,7987
70.971217,-31.092501,7995
71.548768,-31.092501,7999
72.126319,-31.092501,8011
72.70387,-31.092501,8024
72.70387,-31.092501,8035
73.281421,-31.092501,8042
73.858972,-31.092501,8055
74.436523,-31.092501,8066
75.014074,-31.092501,8091
75.591625,-31.092501,8100
76.169176,-31.092501,8103
76.169176,-30.51495,8105
76.746727,-30.51495,8109
77.324278,-30.51495,8125
77.901829,-30.51495,8137
77.901829,-30.51495,8141
78.47938,-30.51495,8143
78.47938,-31.092501,8160
79.634482,-31.670052,8166
80.212033,-31.670052,8175
80.789584,-31.670052,8185
80.789584,-32.247603,8193
81.367135,-32.247603,8198
81.367135,-32.825154,8201
81.944686,-32.825154,8203
81.944686,-33.402705,8207
82.522237,-33.402705,8226
83.099788,-33.980256,8235
83.099788,-33.980256,8242
83.677339,-33.980256,8249
83.677339,-33.980256,8251
83.677339,-34.557807,8257
84.25489,-35.135358,8279
84.832441,-35.135358,8293
84.832441,-35.712909,8296
85.409992,-35.712909,8314
85.409992,-36.29046,8319
85.409992,-36.868011,8327
85.409992,-37.445562,8333
85.987543,-37.445562,8344
85.987543,-38.023113,8348
85.987543,-38.600664,8355
85.987543,-39.178215,8364
85.987543,-39.178215,8368
85.987543,-39.755766,8375
85.987543,-40.333317,8384
86.565094,-40.333317,8386
86.565094,-40.910868,8390
86.565094,-41.488419,8398
86.565094,-42.06597,8416
86.565094,-42.643521,8439
86.565094,-43.221072,8450
86.565094,-43.798623,8458
86.565094,-44.376174,8467
86.565094,-44.376174,8473
85.987543,-44.376174,8477
85.409992,-44.376174,8488
85.409992,-44.953725,8516
BREAK
