START
25.344686,-36.868011,0
25.344686,-35.712909,78
27.077339,-33.980256,103
27.077339,-33.402705,108
27.65489,-32.825154,131
28.232441,-32.247603,133
28.232441,-31.092501,159
28.232441,-30.51495,164
28.809992,-29.359848,188
28.809992,-28.782297,196
28.809992,-28.204746,218
28.809992,-27.627194,220
28.809992,-27.049643,245
28.809992,-26.472092,272
28.809992,-25.894541,276
27.65489,-25.894541,300
25.922237,-25.894541,329
24.767135,-25.894541,356
23.612033,-25.894541,384
23.034482,-26.472092,388
21.87938,-27.049643,412
20.146727,-28.204746,439
20.146727,-28.782297,444
18.991625,-29.359848,466
18.991625,-29.937399,469
18.414074,-30.51495,492
17.258972,-32.247603,518
16.681421,-33.402705,546
16.681421,-33.980256,575
16.681421,-34.557807,603
16.681421,-35.135358,605
16.681421,-35.712909,630
17.836523,-36.29046,658
19.569176,-36.868011,686
20.146727,-36.868011,692
21.301829,-36.868011,714
21.87938,-36.868011,717
24.767135,-36.868011,743
25.922237,-36.868011,748
27.65489,-36.868011,770
28.809992,-36.868011,773
30.542645,-36.868011,798
31.120196,-36.868011,804
33.4304,-36.868011,826
38.62836,-35.712909,1419
38.62836,-36.29046,1693
38.62836,-36.868011,1700
38.62836,-38.023113,1723
38.62836,-38.600664,1732
38.62836,-39.755766,1756
38.62836,-40.333317,1764
38.62836,-40.910868,1788
38.62836,-41.488419,1815
38.62836,-42.643521,1840
38.62836,-43.798623,1866
38.62836,-44.376174,1893
38.62836,-44.953725,1924
38.62836,-45.531276,1932
39.205911,-46.108827,1955
39.205911,-46.686378,1982
40.361013,-46.686378,2009
40.938564,-46.686378,2012
42.093666,-46.686378,2035
42.671217,-46.686378,2059
43.248768,-46.686378,2062
43.826319,-46.686378,2086
44.40387,-46.686378,2113
44.981421,-45.531276,2143
46.136523,-43.798623,2172
46.714074,-42.06597,2201
46.714074,-41.488419,2204
46.714074,-40.333317,2228
46.714074,-39.755766,2254
BREAK
79.634482,-42.06597,3204
79.634482,-40.910868,3283
79.056931,-38.023113,3306
77.901829,-36.868011,3308
77.324278,-33.980256,3333
75.014074,-31.670052,3360
75.014074,-31.092501,3363
73.858972,-30.51495,3387
72.70387,-29.359848,3389
70.971217,-28.782297,3415
70.393666,-28.782297,3419
68.661013,-28.204746,3443
68.083462,-28.204746,3447
66.350809,-27.049643,3470
65.773258,-27.049643,3499
64.040605,-27.627194,3525
62.307951,-30.51495,3552
61.7304,-31.092501,3556
61.152849,-33.402705,3579
60.575298,-33.980256,3581
60.575298,-38.023113,3606
60.575298,-39.178215,3612
60.575298,-41.488419,3635
60.575298,-42.643521,3638
60.575298,-45.531276,3664
60.575298,-46.108827,3668
60.575298,-48.996582,3692
60.575298,-51.306786,3718
60.575298,-55.349643,3743
59.997747,-58.81495,3769
59.997747,-59.392501,3772
59.997747,-61.702705,3797
59.997747,-62.280256,3804
59.420196,-64.012909,3827
59.420196,-64.59046,3829
59.420196,-66.900664,3856
59.420196,-68.055766,3860
59.420196,-68.633317,3883
59.420196,-69.210868,3885
59.420196,-69.788419,3963
59.420196,-70.36597,3993
BREAK
