START
65.75,-28.859438,0
64.75,-28.859438,136
63.75,-26.859438,144
62.75,-25.859438,160
61.75,-24.859438,169
60.75,-23.859438,184
59.75,-23.859438,200
58.75,-23.859438,360
57.75,-23.859438,369
56.75,-23.859438,376
55.75,-23.859438,384
54.75,-23.859438,392
53.75,-23.859438,400
52.75,-23.859438,408
51.75,-24.859438,424
50.75,-24.859438,432
49.75,-25.859438,440
48.75,-25.859438,456
46.75,-25.859438,464
45.75,-25.859438,480
45.75,-26.859438,488
43.75,-27.859438,496
42.75,-27.859438,512
41.75,-27.859438,528
40.75,-27.859438,552
40.75,-28.859438,560
40.75,-29.859438,576
40.75,-30.859438,584
40.75,-31.859438,608
40.75,-32.859438,616
39.75,-33.859438,632
39.75,-34.859438,640
39.75,-35.859438,656
39.75,-36.859438,664
39.75,-37.859438,672
39.75,-38.859438,680
39.75,-39.859438,688
39.75,-40.859438,696
40.75,-41.859438,704
40.75,-42.859438,712
40.75,-43.859438,721
40.75,-44.859438,737
41.75,-45.859438,753
42.75,-46.859438,776
43.75,-46.859438,784
44.75,-46.859438,815
44.75,-47.859438,887
45.75,-47.859438,895
46.75,-47.859438,903
47.75,-47.859438,927
48.75,-47.859438,943
49.75,-48.859438,983
50.75,-48.859438,999
51.75,-49.859438,1015
51.75,-50.859438,1023
52.75,-50.859438,1031
54.75,-51.859438,1047
52.75,-51.859438,1055
52.75,-52.859438,1071
52.75,-53.859438,1087
53.75,-53.859438,1095
53.75,-54.859438,1127
54.75,-54.859438,1136
54.75,-55.859438,1143
55.75,-55.859438,1175
55.75,-56.859438,1183
56.75,-57.859438,1191
57.75,-58.859438,1207
58.75,-58.859438,1215
58.75,-59.859438,1231
58.75,-60.859438,1263
58.75,-61.859438,1279
59.75,-62.859438,1295
60.75,-62.859438,1303
60.75,-63.859438,1311
61.75,-63.859438,1319
61.75,-64.859438,1327
61.75,-65.859438,1367
61.75,-66.859438,1383
61.75,-67.859438,1407
61.75,-68.859438,1431
61.75,-69.859438,1439
61.75,-70.859438,1455
60.75,-70.859438,1463
59.75,-71.859438,1479
59.75,-72.859438,1495
59.75,-73.859438,1503
59.75,-74.859438,1520
59.75,-75.859438,1527
59.75,-76.859438,1543
58.75,-76.859438,1552
57.75,-77.859438,1559
56.75,-78.859438,1583
55.75,-78.859438,1599
55.75,-79.859438,1608
53.75,-79.859438,1615
53.75,-80.859438,1624
52.75,-80.859438,1631
52.75,-81.859438,1640
51.75,-81.859438,1656
50.75,-81.859438,1679
49.75,-81.859438,1688
48.75,-81.859438,1704
47.75,-81.859438,1720
46.75,-81.859438,1728
45.75,-81.859438,1744
44.75,-81.859438,1752
43.75,-81.859438,1767
42.75,-81.859438,1778
41.75,-81.859438,1784
40.75,-81.859438,1800
39.75,-81.859438,1824
BREAK
