START
62.869124,-26.810939,0
62.869124,-27.77704,208
62.869124,-28.743142,224
62.869124,-29.709244,248
62.869124,-30.675345,264
62.869124,-31.641447,319
62.869124,-32.607549,336
62.869124,-33.573651,367
62.869124,-34.539752,376
62.869124,-35.505854,407
62.869124,-36.471956,416
62.869124,-37.438057,464
62.869124,-38.404159,472
62.869124,-39.370261,487
62.869124,-40.336362,495
62.869124,-41.302464,520
62.869124,-42.268566,527
62.869124,-43.234667,552
62.869124,-44.200769,560
62.869124,-45.166871,584
62.869124,-46.132973,592
62.869124,-47.099074,607
62.869124,-48.065176,615
62.869124,-49.031278,632
62.869124,-50.963481,640
62.869124,-51.929583,655
62.869124,-52.895684,663
62.869124,-54.827888,680
62.869124,-55.79399,712
62.869124,-56.760091,720
62.869124,-57.726193,743
62.869124,-58.692295,752
62.869124,-59.658396,775
62.869124,-60.624498,783
62.869124,-61.5906,800
62.869124,-62.556701,815
62.869124,-63.522803,848
62.869124,-64.488905,855
62.869124,-65.455006,880
62.869124,-66.421108,888
62.869124,-67.38721,911
62.869124,-68.353312,928
62.869124,-69.319413,951
62.869124,-70.285515,968
62.869124,-71.251617,1008
62.869124,-72.217718,1016
62.869124,-73.18382,1031
62.869124,-74.149922,1064
62.869124,-75.116023,1072
62.869124,-76.082125,1119
62.869124,-77.048227,1144
62.869124,-78.014329,1176
62.869124,-78.98043,1199
BREAK
63.835225,-26.810939,2615
64.801327,-26.810939,3119
65.767429,-26.810939,3144
66.733531,-26.810939,3279
67.699632,-26.810939,3287
68.665734,-26.810939,3303
69.631836,-26.810939,3312
70.597937,-26.810939,3352
71.564039,-26.810939,3384
72.530141,-26.810939,3407
73.496242,-26.810939,3415
74.462344,-26.810939,3423
75.428446,-26.810939,3439
76.394547,-26.810939,3447
77.360649,-26.810939,3471
78.326751,-26.810939,3487
79.292853,-26.810939,3520
80.258954,-26.810939,3527
81.225056,-26.810939,3560
82.191158,-26.810939,3591
83.157259,-26.810939,3655
84.123361,-26.810939,3663
85.089463,-26.810939,3719
86.055564,-26.810939,4079
87.021666,-26.810939,4199
87.987768,-26.810939,4224
88.95387,-26.810939,4231
BREAK
27.123361,-38.404159,7295
27.123361,-37.438057,7423
27.123361,-36.471956,7455
27.123361,-35.505854,7486
27.123361,-34.539752,7503
28.089463,-33.573651,7526
29.055564,-33.573651,7559
30.021666,-33.573651,7591
30.021666,-32.607549,7599
30.987768,-32.607549,7647
30.987768,-31.641447,7654
31.95387,-31.641447,7694
32.919971,-31.641447,7702
32.919971,-30.675345,7719
33.886073,-30.675345,7751
34.852175,-29.709244,7767
34.852175,-28.743142,7799
35.818276,-28.743142,7823
36.784378,-28.743142,7839
36.784378,-27.77704,7855
37.75048,-27.77704,7871
37.75048,-26.810939,7879
39.682683,-26.810939,7895
40.648785,-26.810939,7910
41.614886,-26.810939,7919
42.580988,-26.810939,7927
43.54709,-26.810939,7935
45.479293,-26.810939,7950
46.445395,-26.810939,7959
47.411497,-26.810939,7982
48.377598,-26.810939,7999
49.3437,-26.810939,8047
50.309802,-26.810939,8063
51.275903,-26.810939,8087
52.242005,-26.810939,8103
52.242005,-27.77704,8167
53.208107,-27.77704,8183
54.174209,-27.77704,8215
54.174209,-28.743142,8238
55.14031,-28.743142,8263
56.106412,-28.743142,8351
57.072514,-29.709244,8366
58.038615,-29.709244,8406
59.004717,-29.709244,8463
59.970819,-29.709244,8471
60.93692,-29.709244,8519
61.903022,-30.675345,8543
61.903022,-31.641447,8574
BREAK
59.004717,-42.268566,20092
58.038615,-43.234667,20420
57.072514,-43.234667,20452
56.106412,-44.200769,20476
55.14031,-44.200769,20492
54.174209,-44.200769,20508
54.174209,-45.166871,20532
53.208107,-46.132973,20540
52.242005,-46.132973,20556
51.275903,-46.132973,20588
50.309802,-47.099074,20604
49.3437,-47.099074,20628
48.377598,-47.099074,20644
47.411497,-47.099074,20660
46.445395,-47.099074,20676
45.479293,-47.099074,20692
44.513192,-47.099074,20708
43.54709,-48.065176,20724
42.580988,-48.065176,20748
41.614886,-48.065176,20771
40.648785,-48.065176,20804
39.682683,-48.065176,20828
39.682683,-49.031278,20868
38.716581,-49.031278,20884
37.75048,-49.031278,20924
36.784378,-49.997379,20972
36.784378,-50.963481,21012
35.818276,-50.963481,21028
34.852175,-50.963481,21092
33.886073,-51.929583,21124
32.919971,-52.895684,21172
31.95387,-52.895684,21252
BREAK
27.123361,-36.471956,22396
28.089463,-36.471956,22580
29.055564,-36.471956,22636
30.021666,-36.471956,22691
30.987768,-36.471956,22700
31.95387,-36.471956,22756
32.919971,-36.471956,22771
33.886073,-36.471956,22796
34.852175,-36.471956,22804
35.818276,-36.471956,22819
36.784378,-36.471956,22836
37.75048,-36.471956,22852
38.716581,-36.471956,22859
39.682683,-36.471956,22892
40.648785,-36.471956,22908
41.614886,-36.471956,22964
42.580988,-36.471956,22979
42.580988,-37.438057,23188
42.580988,-38.404159,23204
42.580988,-39.370261,23276
42.580988,-40.336362,23309
42.580988,-41.302464,23348
42.580988,-42.268566,23364
42.580988,-43.234667,23404
42.580988,-44.200769,23420
42.580988,-45.166871,23477
41.614886,-46.132973,23509
40.648785,-46.132973,23532
39.682683,-46.132973,23588
39.682683,-47.099074,23628
38.716581,-47.099074,23645
37.75048,-47.099074,23677
36.784378,-47.099074,23724
35.818276,-47.099074,23771
35.818276,-48.065176,23819
34.852175,-48.065176,23827
33.886073,-48.065176,23884
33.886073,-49.031278,23932
32.919971,-49.031278,23956
31.95387,-49.031278,24060
31.95387,-49.997379,24147
BREAK
