START
77.360649,-27.77704,0
77.360649,-28.743142,155
77.360649,-29.709244,159
77.360649,-30.675345,199
77.360649,-31.641447,240
77.360649,-32.607549,327
77.360649,-33.573651,352
77.360649,-34.539752,399
77.360649,-35.505854,431
77.360649,-36.471956,439
77.360649,-37.438057,464
77.360649,-38.404159,495
77.360649,-39.370261,512
77.360649,-40.336362,528
77.360649,-41.302464,559
77.360649,-42.268566,576
77.360649,-43.234667,583
78.326751,-44.200769,599
78.326751,-45.166871,624
78.326751,-47.099074,656
78.326751,-48.065176,680
78.326751,-49.031278,696
78.326751,-49.997379,712
77.360649,-50.963481,728
77.360649,-51.929583,737
78.326751,-51.929583,752
78.326751,-53.861786,760
78.326751,-54.827888,784
78.326751,-55.79399,792
78.326751,-56.760091,800
78.326751,-57.726193,807
78.326751,-58.692295,832
78.326751,-59.658396,864
78.326751,-60.624498,912
78.326751,-61.5906,919
78.326751,-62.556701,936
78.326751,-63.522803,968
78.326751,-64.488905,992
78.326751,-65.455006,1016
78.326751,-66.421108,1048
78.326751,-67.38721,1064
78.326751,-68.353312,1072
78.326751,-69.319413,1096
78.326751,-70.285515,1128
78.326751,-71.251617,1160
78.326751,-72.217718,1168
78.326751,-73.18382,1184
78.326751,-74.149922,1232
78.326751,-75.116023,1240
78.326751,-76.082125,1248
78.326751,-78.014329,1280
78.326751,-78.98043,1328
78.326751,-79.946532,1352
78.326751,-80.912634,1376
78.326751,-81.878735,1448
77.360649,-81.878735,1464
77.360649,-82.844837,1528
77.360649,-83.810939,1552
77.360649,-84.77704,1560
77.360649,-85.743142,1592
77.360649,-86.709244,1624
77.360649,-87.675345,1648
77.360649,-88.641447,1744
77.360649,-87.675345,1920
BREAK
78.326751,-28.743142,3016
79.292853,-28.743142,3295
79.292853,-29.709244,3351
80.258954,-29.709244,3376
81.225056,-29.709244,3391
82.191158,-29.709244,3423
83.157259,-29.709244,3455
84.123361,-29.709244,3471
85.089463,-29.709244,3480
86.055564,-29.709244,3551
87.021666,-29.709244,3584
87.987768,-29.709244,3679
88.95387,-29.709244,3968
BREAK
35.818276,-46.132973,7088
36.784378,-44.200769,7407
37.75048,-43.234667,7444
37.75048,-42.268566,7447
38.716581,-42.268566,7456
38.716581,-41.302464,7503
39.682683,-41.302464,7511
39.682683,-40.336362,7519
40.648785,-40.336362,7527
41.614886,-39.370261,7536
41.614886,-38.404159,7543
42.580988,-38.404159,7560
45.479293,-35.505854,7678
45.479293,-34.539752,7703
46.445395,-33.573651,7712
46.445395,-32.607549,7743
47.411497,-32.607549,7760
48.377598,-32.607549,7792
49.3437,-32.607549,7807
49.3437,-31.641447,7816
50.309802,-31.641447,7823
51.275903,-31.641447,7832
52.242005,-31.641447,7880
53.208107,-30.675345,7904
54.174209,-30.675345,7920
55.14031,-30.675345,7928
56.106412,-30.675345,7960
57.072514,-30.675345,7984
58.038615,-30.675345,7992
59.004717,-30.675345,8024
59.970819,-30.675345,8072
60.93692,-30.675345,8112
61.903022,-30.675345,8184
62.869124,-30.675345,8224
63.835225,-30.675345,8256
64.801327,-30.675345,8272
65.767429,-30.675345,8328
66.733531,-31.641447,8352
66.733531,-32.607549,8376
67.699632,-32.607549,8384
68.665734,-32.607549,8400
68.665734,-33.573651,8432
69.631836,-33.573651,8456
69.631836,-34.539752,8520
70.597937,-34.539752,8536
70.597937,-35.505854,8568
71.564039,-35.505854,8576
71.564039,-36.471956,8592
72.530141,-37.438057,8616
73.496242,-38.404159,8640
74.462344,-38.404159,8648
74.462344,-39.370261,8696
74.462344,-40.336362,8760
75.428446,-40.336362,8800
BREAK
77.360649,-49.031278,12072
77.360649,-49.997379,12504
76.394547,-50.963481,12512
75.428446,-50.963481,12544
74.462344,-50.963481,12584
74.462344,-51.929583,12592
73.496242,-51.929583,12656
72.530141,-51.929583,12688
72.530141,-52.895684,12720
71.564039,-52.895684,12744
70.597937,-52.895684,12769
69.631836,-52.895684,12832
69.631836,-53.861786,12840
68.665734,-53.861786,12864
67.699632,-54.827888,12896
66.733531,-54.827888,12936
65.767429,-54.827888,12960
65.767429,-55.79399,13000
64.801327,-55.79399,13008
64.801327,-56.760091,13016
63.835225,-56.760091,13072
62.869124,-56.760091,13104
61.903022,-57.726193,13112
60.93692,-57.726193,13160
59.970819,-57.726193,13168
59.970819,-58.692295,13176
59.004717,-58.692295,13184
58.038615,-58.692295,13216
57.072514,-58.692295,13232
56.106412,-59.658396,13248
55.14031,-59.658396,13280
54.174209,-59.658396,13288
53.208107,-59.658396,13336
52.242005,-59.658396,13352
51.275903,-59.658396,13368
51.275903,-60.624498,13376
50.309802,-60.624498,13448
49.3437,-60.624498,13488
48.377598,-60.624498,13536
47.411497,-60.624498,13560
46.445395,-60.624498,13632
45.479293,-60.624498,13680
45.479293,-61.5906,13688
44.513192,-61.5906,13712
43.54709,-61.5906,13744
42.580988,-62.556701,13760
41.614886,-62.556701,13808
40.648785,-62.556701,13832
39.682683,-62.556701,13856
38.716581,-62.556701,13880
38.716581,-63.522803,13888
37.75048,-63.522803,13928
BREAK
35.818276,-45.166871,15760
36.784378,-45.166871,15816
37.75048,-45.166871,15831
38.716581,-45.166871,15839
39.682683,-45.166871,15880
40.648785,-45.166871,15895
41.614886,-45.166871,15903
42.580988,-45.166871,15927
43.54709,-45.166871,15935
44.513192,-45.166871,15960
45.479293,-45.166871,15968
46.445395,-45.166871,15975
47.411497,-45.166871,15984
48.377598,-45.166871,15992
49.3437,-45.166871,16000
51.275903,-45.166871,16007
51.275903,-46.132973,16144
51.275903,-47.099074,16152
51.275903,-48.065176,16183
51.275903,-49.031278,16199
51.275903,-49.997379,16263
51.275903,-50.963481,16295
50.309802,-50.963481,16351
49.3437,-52.895684,16408
47.411497,-53.861786,16424
46.445395,-54.827888,16448
46.445395,-55.79399,16472
45.479293,-55.79399,16480
44.513192,-55.79399,16488
44.513192,-56.760091,16520
43.54709,-56.760091,16528
43.54709,-57.726193,16560
42.580988,-57.726193,16584
40.648785,-58.692295,16592
39.682683,-59.658396,16616
38.716581,-59.658396,16648
BREAK
