START
64.801327,-16.18382,0
74.462344,-14.251617,526
75.428446,-14.251617,545
76.394547,-14.251617,552
77.360649,-14.251617,566
78.326751,-14.251617,630
BREAK
66.733531,-12.319413,2030
66.733531,-13.285515,2125
66.733531,-14.251617,2181
66.733531,-15.217718,2205
66.733531,-16.18382,2229
66.733531,-17.149922,2245
66.733531,-18.116023,2445
66.733531,-19.082125,2453
66.733531,-20.048227,2461
66.733531,-21.014329,2469
66.733531,-21.98043,2477
66.733531,-22.946532,2485
66.733531,-23.912634,2493
66.733531,-24.878735,2501
66.733531,-25.844837,2509
66.733531,-26.810939,2525
66.733531,-27.77704,2533
66.733531,-28.743142,2542
66.733531,-30.675345,2550
66.733531,-31.641447,2558
66.733531,-33.573651,2566
66.733531,-35.505854,2574
66.733531,-37.438057,2582
66.733531,-39.370261,2590
66.733531,-41.302464,2598
66.733531,-43.234667,2606
66.733531,-45.166871,2614
66.733531,-46.132973,2622
66.733531,-48.065176,2630
66.733531,-49.031278,2637
66.733531,-49.997379,2645
66.733531,-50.963481,2654
66.733531,-51.929583,2669
66.733531,-52.895684,2678
66.733531,-53.861786,2686
66.733531,-54.827888,2694
66.733531,-55.79399,2702
66.733531,-57.726193,2718
66.733531,-58.692295,2726
66.733531,-60.624498,2734
66.733531,-62.556701,2742
66.733531,-63.522803,2750
66.733531,-65.455006,2758
66.733531,-67.38721,2766
66.733531,-68.353312,2950
66.733531,-69.319413,2957
67.699632,-70.285515,2966
67.699632,-71.251617,2974
67.699632,-72.217718,2982
67.699632,-74.149922,2990
68.665734,-74.149922,2998
68.665734,-75.116023,3006
68.665734,-76.082125,3014
68.665734,-77.048227,3022
68.665734,-78.014329,3029
68.665734,-78.98043,3102
69.631836,-78.98043,3110
69.631836,-79.946532,3118
69.631836,-80.912634,3126
69.631836,-81.878735,3134
69.631836,-82.844837,3142
69.631836,-83.810939,3158
69.631836,-84.77704,3270
70.597937,-84.77704,3310
BREAK
64.801327,-27.77704,6758
60.93692,-25.844837,7800
59.004717,-24.878735,7819
58.038615,-22.946532,7867
56.106412,-21.98043,7896
55.14031,-21.014329,7932
54.174209,-21.014329,7951
54.174209,-20.048227,7991
52.242005,-20.048227,8135
52.242005,-19.082125,8199
51.275903,-19.082125,8212
50.309802,-19.082125,8254
49.3437,-19.082125,8294
48.377598,-19.082125,8325
47.411497,-19.082125,8381
46.445395,-19.082125,8405
45.479293,-19.082125,8430
45.479293,-18.116023,8437
43.54709,-18.116023,8469
42.580988,-19.082125,8486
41.614886,-19.082125,8509
40.648785,-19.082125,8542
40.648785,-20.048227,8565
38.716581,-20.048227,8598
36.784378,-21.014329,8694
35.818276,-21.014329,8702
35.818276,-21.98043,8710
33.886073,-21.98043,8726
33.886073,-22.946532,8734
31.95387,-23.912634,8742
30.987768,-24.878735,8758
30.021666,-24.878735,8766
30.021666,-25.844837,8774
29.055564,-25.844837,8781
28.089463,-26.810939,8798
28.089463,-27.77704,8813
27.123361,-28.743142,9126
26.157259,-28.743142,9134
26.157259,-29.709244,9141
25.191158,-30.675345,9150
25.191158,-31.641447,9166
24.225056,-32.607549,9181
24.225056,-33.573651,9197
BREAK
24.225056,-32.607549,9670
25.191158,-32.607549,9765
26.157259,-32.607549,9861
27.123361,-32.607549,9902
27.123361,-31.641447,9925
28.089463,-31.641447,9949
29.055564,-31.641447,9973
30.021666,-31.641447,10005
30.987768,-31.641447,10053
31.95387,-31.641447,10101
31.95387,-30.675345,10118
32.919971,-30.675345,10133
33.886073,-30.675345,10189
34.852175,-30.675345,10253
35.818276,-30.675345,10277
36.784378,-30.675345,10301
37.75048,-30.675345,10358
38.716581,-30.675345,10397
38.716581,-31.641447,10405
39.682683,-31.641447,10413
40.648785,-31.641447,10445
40.648785,-32.607549,10453
41.614886,-32.607549,10494
41.614886,-33.573651,10581
42.580988,-33.573651,10605
42.580988,-34.539752,10645
42.580988,-35.505854,10709
42.580988,-36.471956,10757
42.580988,-37.438057,10797
42.580988,-38.404159,10805
43.54709,-38.404159,10821
43.54709,-39.370261,10829
43.54709,-40.336362,10861
43.54709,-41.302464,11101
42.580988,-42.268566,11182
41.614886,-43.234667,11190
40.648785,-44.200769,11206
39.682683,-45.166871,11214
38.716581,-46.132973,11222
38.716581,-47.099074,11230
38.716581,-48.065176,11238
37.75048,-49.031278,11254
36.784378,-49.031278,11262
36.784378,-49.997379,11278
BREAK
30.987768,-49.031278,11918
30.021666,-49.031278,11949
30.987768,-49.031278,12077
31.95387,-49.031278,12085
32.919971,-49.031278,12101
33.886073,-49.031278,12109
34.852175,-49.031278,12134
34.852175,-49.997379,12157
35.818276,-49.997379,12173
36.784378,-49.997379,12197
37.75048,-49.997379,12213
38.716581,-49.997379,12229
39.682683,-49.997379,12253
40.648785,-49.997379,12261
41.614886,-49.997379,12277
42.580988,-49.997379,12317
43.54709,-49.997379,12333
44.513192,-49.997379,12341
44.513192,-49.031278,12349
45.479293,-49.031278,12357
46.445395,-49.031278,12373
47.411497,-49.031278,12381
48.377598,-48.065176,12389
49.3437,-48.065176,12405
49.3437,-47.099074,12429
50.309802,-47.099074,12437
51.275903,-47.099074,12453
52.242005,-47.099074,12485
53.208107,-47.099074,12510
54.174209,-47.099074,12517
54.174209,-46.132973,12525
55.14031,-46.132973,12550
55.14031,-45.166871,12566
56.106412,-44.200769,12574
57.072514,-44.200769,12645
57.072514,-43.234667,12653
58.038615,-43.234667,12709
58.038615,-42.268566,12717
58.038615,-41.302464,12749
59.004717,-41.302464,12757
59.004717,-40.336362,12773
59.970819,-40.336362,12781
60.93692,-40.336362,12789
60.93692,-39.370261,12797
60.93692,-38.404159,12805
61.903022,-38.404159,12821
61.903022,-37.438057,12829
62.869124,-37.438057,12853
62.869124,-36.471956,12861
62.869124,-35.505854,13078
63.835225,-35.505854,13086
63.835225,-34.539752,13118
BREAK
