START
32.061321,-25.718876,0
33.061321,-25.718876,88
34.061321,-25.718876,96
35.061321,-25.718876,104
37.061321,-25.718876,114
38.061321,-25.718876,128
39.061321,-25.718876,150
40.061321,-25.718876,192
41.061321,-25.718876,208
41.061321,-26.718876,216
41.061321,-27.718876,248
41.061321,-28.718876,256
42.061321,-29.718876,266
42.061321,-30.718876,272
42.061321,-31.718876,280
42.061321,-33.718876,288
42.061321,-34.718876,296
42.061321,-35.718876,306
42.061321,-36.718876,312
42.061321,-37.718876,320
42.061321,-38.718876,328
42.061321,-39.718876,336
42.061321,-40.718876,344
42.061321,-41.718876,354
42.061321,-42.718876,360
42.061321,-43.718876,368
42.061321,-45.718876,389
42.061321,-46.718876,400
42.061321,-47.718876,408
42.061321,-48.718876,416
42.061321,-49.718876,426
42.061321,-50.718876,440
42.061321,-51.718876,456
42.061321,-52.718876,470
42.061321,-53.718876,480
43.061321,-53.718876,488
44.061321,-53.718876,506
44.061321,-54.718876,520
45.061321,-54.718876,536
45.061321,-55.718876,552
46.061321,-55.718876,560
47.061321,-55.718876,568
48.061321,-55.718876,576
49.061321,-55.718876,592
50.061321,-55.718876,600
51.061321,-55.718876,616
52.061321,-55.718876,640
53.061321,-55.718876,656
54.061321,-55.718876,672
54.061321,-54.718876,680
55.061321,-54.718876,688
56.061321,-53.718876,706
57.061321,-53.718876,720
57.061321,-52.718876,736
58.061321,-52.718876,750
58.061321,-51.718876,752
59.061321,-50.718876,768
59.061321,-49.718876,790
60.061321,-49.718876,792
60.061321,-48.718876,800
61.061321,-48.718876,808
61.061321,-47.718876,816
62.061321,-47.718876,856
62.061321,-46.718876,870
62.061321,-45.718876,880
62.061321,-44.718876,888
63.061321,-44.718876,896
63.061321,-43.718876,904
63.061321,-42.718876,920
63.061321,-40.718876,936
64.061321,-39.718876,954
64.061321,-38.718876,968
64.061321,-37.718876,976
64.061321,-36.718876,990
64.061321,-35.718876,992
64.061321,-34.718876,1000
64.061321,-32.718876,1008
64.061321,-30.718876,1024
64.061321,-29.718876,1040
65.061321,-29.718876,1048
65.061321,-28.718876,1056
65.061321,-27.718876,1074
65.061321,-26.718876,1080
65.061321,-25.718876,1096
65.061321,-24.718876,1106
65.061321,-23.718876,1112
65.061321,-22.718876,1128
65.061321,-21.718876,1200
64.061321,-21.718876,1320
64.061321,-22.718876,1336
63.061321,-22.718876,1347
62.061321,-22.718876,1368
62.061321,-23.718876,1376
61.061321,-23.718876,1392
BREAK
62.061321,-46.718876,1872
63.061321,-46.718876,1950
63.061321,-47.718876,1960
64.061321,-48.718876,1976
65.061321,-48.718876,1991
66.061321,-49.718876,2008
67.061321,-49.718876,2016
69.061321,-50.718876,2031
71.061321,-51.718876,2032
72.061321,-51.718876,2040
73.061321,-52.718876,2048
75.061321,-52.718876,2056
76.061321,-52.718876,2074
77.061321,-52.718876,2112
BREAK
