START
17.829897,-18.37012,0
18.737113,-18.37012,38
23.273196,-17.462903,55
26.902062,-17.462903,71
32.345361,-17.462903,88
37.78866,-16.555687,105
45.046392,-15.64847,122
48.675258,-15.64847,138
51.396907,-15.64847,155
53.21134,-15.64847,172
55.025773,-14.741254,188
55.93299,-14.741254,206
BREAK
47.768041,-16.555687,760
47.768041,-18.37012,874
45.953608,-20.184553,892
45.046392,-21.998986,908
45.046392,-22.906202,925
44.139175,-22.906202,941
44.139175,-23.813419,958
43.231959,-24.720635,992
42.324742,-24.720635,1009
40.510309,-26.535068,1025
38.695876,-27.442285,1041
37.78866,-28.349501,1059
35.974227,-28.349501,1075
35.974227,-29.256718,1109
35.06701,-29.256718,1159
34.159794,-29.256718,1209
33.252577,-29.256718,1360
32.345361,-29.256718,1377
31.438144,-29.256718,1392
30.530928,-29.256718,1410
30.530928,-30.163934,1661
31.438144,-30.163934,1677
31.438144,-31.071151,1710
32.345361,-31.978367,1744
32.345361,-32.885584,1760
32.345361,-33.7928,1777
33.252577,-35.607233,1795
33.252577,-37.421666,1811
33.252577,-39.236099,1828
33.252577,-41.050532,1844
33.252577,-41.957749,1860
33.252577,-42.864965,1895
33.252577,-44.679398,1929
34.159794,-45.586614,1944
34.159794,-46.493831,1962
34.159794,-48.308264,1978
34.159794,-50.122697,2011
34.159794,-51.029913,2029
34.159794,-52.844346,2063
34.159794,-53.751563,2096
34.159794,-54.658779,2113
34.159794,-55.565996,2130
34.159794,-57.380429,2145
33.252577,-59.194862,2163
33.252577,-60.102078,2179
31.438144,-60.102078,2196
31.438144,-61.009295,2213
31.438144,-61.916511,2229
31.438144,-63.730944,2246
31.438144,-64.638161,2262
30.530928,-65.545377,2278
30.530928,-66.452594,2314
30.530928,-67.35981,2346
29.623711,-70.08146,2363
28.716495,-72.803109,2380
28.716495,-73.710326,2414
24.180412,-74.617542,2664
18.737113,-76.431975,2680
16.015464,-77.339192,2697
15.108247,-77.339192,2715
15.108247,-79.153625,2732
16.015464,-79.153625,2882
17.829897,-79.153625,2898
18.737113,-79.153625,2916
22.365979,-78.246408,2931
24.180412,-77.339192,2949
27.809278,-76.431975,2965
30.530928,-75.524759,2983
35.974227,-74.617542,2999
37.78866,-74.617542,3015
38.695876,-74.617542,3050
39.603093,-74.617542,3065
40.510309,-74.617542,3082
41.417526,-74.617542,3099
43.231959,-74.617542,3116
44.139175,-74.617542,3166
45.953608,-74.617542,3200
BREAK
64.097938,-47.401047,4032
65.912371,-46.493831,4253
68.634021,-42.864965,4269
70.448454,-40.143316,4287
71.35567,-43.772182,4403
71.35567,-47.401047,4421
71.35567,-48.308264,4438
71.35567,-50.122697,4454
71.35567,-51.029913,4487
70.448454,-51.029913,4504
70.448454,-51.93713,4521
69.541237,-51.93713,4572
68.634021,-51.93713,4587
66.819588,-51.029913,4604
64.097938,-50.122697,4622
63.190722,-50.122697,4637
66.819588,-47.401047,4739
72.262887,-44.679398,4756
74.984536,-42.864965,4771
76.798969,-41.957749,4788
BREAK
68.634021,-21.998986,5694
69.541237,-21.998986,5725
73.170103,-21.998986,5742
76.798969,-23.813419,5758
80.427835,-25.627852,5775
84.056701,-27.442285,5791
86.778351,-30.163934,5810
88.592784,-32.885584,5826
90.407216,-35.607233,5841
92.221649,-37.421666,5859
94.036082,-40.143316,5875
94.943299,-42.864965,5893
94.943299,-46.493831,5908
94.943299,-48.308264,5926
94.943299,-50.122697,5942
94.036082,-51.93713,5959
93.128866,-53.751563,5993
92.221649,-55.565996,6009
92.221649,-57.380429,6027
90.407216,-58.287645,6042
BREAK
