START
25.994845,-16.555687,0
26.902062,-16.555687,117
30.530928,-16.555687,133
33.252577,-16.555687,150
35.06701,-16.555687,168
38.695876,-17.462903,185
40.510309,-17.462903,201
45.046392,-18.37012,217
50.489691,-18.37012,235
55.93299,-18.37012,251
60.469072,-18.37012,268
63.190722,-18.37012,285
65.912371,-18.37012,301
67.726804,-18.37012,318
69.541237,-18.37012,334
70.448454,-18.37012,352
71.35567,-18.37012,369
72.262887,-18.37012,419
BREAK
50.489691,-14.741254,1463
49.582474,-14.741254,1611
49.582474,-15.64847,1626
48.675258,-16.555687,1644
48.675258,-17.462903,1661
46.860825,-17.462903,1678
46.860825,-19.277336,1694
45.953608,-21.091769,1710
45.046392,-22.906202,1727
43.231959,-27.442285,1761
43.231959,-28.349501,1777
41.417526,-30.163934,1795
41.417526,-31.071151,1812
40.510309,-31.978367,1828
40.510309,-32.885584,1845
38.695876,-32.885584,1879
38.695876,-33.7928,1912
37.78866,-34.700017,2482
38.695876,-34.700017,2532
38.695876,-35.607233,2583
38.695876,-36.51445,2600
39.603093,-36.51445,2633
39.603093,-38.328883,2700
40.510309,-38.328883,2785
41.417526,-38.328883,3035
42.324742,-39.236099,3070
42.324742,-40.143316,3102
43.231959,-41.050532,3120
43.231959,-41.957749,3136
44.139175,-42.864965,3153
44.139175,-43.772182,3186
44.139175,-44.679398,3203
45.046392,-45.586614,3254
45.046392,-46.493831,3270
45.046392,-47.401047,3305
45.046392,-48.308264,3321
45.046392,-49.21548,3338
45.046392,-50.122697,3355
45.046392,-51.029913,3372
45.046392,-51.93713,3389
45.046392,-52.844346,3422
45.046392,-53.751563,3438
45.046392,-54.658779,3454
45.046392,-55.565996,3473
45.046392,-57.380429,3488
44.139175,-59.194862,3506
44.139175,-60.102078,3522
44.139175,-61.916511,3540
43.231959,-63.730944,3555
41.417526,-66.452594,3573
39.603093,-68.267027,3589
38.695876,-70.08146,3607
38.695876,-71.895893,3624
37.78866,-71.895893,3639
36.881443,-72.803109,3656
35.974227,-72.803109,3691
BREAK
25.087629,-72.803109,4872
25.994845,-72.803109,4914
26.902062,-72.803109,4999
27.809278,-72.803109,5031
28.716495,-72.803109,5049
29.623711,-72.803109,5083
30.530928,-72.803109,5116
31.438144,-72.803109,5183
32.345361,-72.803109,5217
34.159794,-72.803109,5233
35.06701,-72.803109,5250
36.881443,-72.803109,5266
37.78866,-72.803109,5283
39.603093,-72.803109,5300
41.417526,-72.803109,5333
42.324742,-72.803109,5350
43.231959,-72.803109,5368
44.139175,-72.803109,5383
45.953608,-72.803109,5400
47.768041,-72.803109,5417
49.582474,-72.803109,5434
51.396907,-72.803109,5451
52.304124,-72.803109,5468
53.21134,-72.803109,5484
54.118557,-72.803109,5502
55.025773,-72.803109,5535
55.93299,-72.803109,5551
56.840206,-72.803109,5602
56.840206,-71.895893,5618
57.747423,-71.895893,5652
58.654639,-71.895893,5720
BREAK
65.005155,-47.401047,7799
65.005155,-48.308264,7967
65.005155,-49.21548,8018
65.005155,-50.122697,8102
65.005155,-51.029913,8169
65.005155,-51.93713,8186
65.005155,-52.844346,8219
65.005155,-53.751563,8236
64.097938,-53.751563,8270
64.097938,-54.658779,8285
63.190722,-54.658779,8320
62.283505,-54.658779,8336
60.469072,-54.658779,8353
59.561856,-53.751563,8370
57.747423,-53.751563,8403
57.747423,-52.844346,8419
55.93299,-52.844346,8436
55.93299,-51.93713,8521
55.93299,-51.029913,8554
55.93299,-50.122697,8621
56.840206,-50.122697,8706
57.747423,-49.21548,8739
58.654639,-49.21548,8773
59.561856,-49.21548,8805
60.469072,-49.21548,8840
61.376289,-49.21548,8873
61.376289,-48.308264,8889
62.283505,-48.308264,8923
62.283505,-46.493831,8941
63.190722,-46.493831,9024
BREAK
64.097938,-30.163934,10256
65.005155,-30.163934,10399
65.912371,-30.163934,10432
66.819588,-30.163934,10449
67.726804,-30.163934,10466
68.634021,-30.163934,10484
69.541237,-30.163934,10499
70.448454,-30.163934,10533
71.35567,-30.163934,10550
72.262887,-30.163934,10584
73.170103,-30.163934,10600
74.07732,-30.163934,10617
74.984536,-30.163934,10634
75.891753,-30.163934,10667
75.891753,-31.071151,10718
76.798969,-31.071151,10734
76.798969,-31.978367,10768
77.706186,-32.885584,10785
77.706186,-34.700017,10801
77.706186,-36.51445,10818
78.613402,-38.328883,10836
78.613402,-39.236099,10852
78.613402,-40.143316,10868
78.613402,-41.050532,10903
78.613402,-41.957749,10936
79.520619,-41.957749,10952
79.520619,-42.864965,10987
79.520619,-43.772182,11020
79.520619,-44.679398,11036
79.520619,-45.586614,11054
79.520619,-47.401047,11087
79.520619,-48.308264,11103
79.520619,-49.21548,11121
79.520619,-50.122697,11155
79.520619,-51.029913,11187
79.520619,-51.93713,11221
79.520619,-52.844346,11237
79.520619,-53.751563,11271
79.520619,-54.658779,11289
79.520619,-55.565996,11321
79.520619,-56.473212,11338
79.520619,-58.287645,11356
79.520619,-59.194862,11373
79.520619,-61.009295,11406
79.520619,-61.916511,11439
79.520619,-62.823728,11473
BREAK
