START
33.124365,-40.14834,0
33.124365,-41.051893,72
33.124365,-41.955446,80
33.124365,-43.762553,96
33.124365,-45.569659,104
32.220812,-46.473213,112
31.317259,-48.280319,120
30.413706,-50.087426,128
30.413706,-50.990979,136
29.510152,-51.894532,144
29.510152,-52.798086,152
28.606599,-54.605192,160
28.606599,-56.412299,168
27.703046,-58.219406,176
27.703046,-59.122959,184
27.703046,-60.930065,192
27.703046,-61.833619,200
27.703046,-62.737172,208
27.703046,-63.640725,216
27.703046,-65.447832,224
27.703046,-66.351385,240
27.703046,-67.254939,256
27.703046,-68.158492,280
28.606599,-68.158492,288
29.510152,-68.158492,296
30.413706,-69.062045,304
31.317259,-69.062045,312
33.124365,-69.062045,320
34.027919,-69.965598,328
36.738579,-69.965598,336
38.545685,-69.965598,344
41.256345,-69.965598,352
42.159898,-69.965598,360
43.967005,-69.965598,368
44.870558,-69.965598,376
45.774112,-69.965598,384
47.581218,-69.062045,392
49.388325,-69.062045,408
50.291878,-68.158492,416
51.195431,-66.351385,432
52.098985,-65.447832,440
53.002538,-65.447832,448
53.906091,-63.640725,456
53.906091,-61.833619,464
54.809645,-59.122959,480
54.809645,-56.412299,496
55.713198,-54.605192,512
55.713198,-52.798086,520
55.713198,-51.894532,528
55.713198,-50.087426,536
55.713198,-48.280319,544
55.713198,-47.376766,560
55.713198,-46.473213,568
55.713198,-45.569659,576
55.713198,-44.666106,584
55.713198,-42.858999,600
55.713198,-41.051893,608
55.713198,-40.14834,624
55.713198,-39.244786,640
54.809645,-39.244786,800
54.809645,-40.14834,856
54.809645,-41.051893,864
54.809645,-42.858999,872
54.809645,-44.666106,888
54.809645,-47.376766,896
54.809645,-48.280319,904
55.713198,-50.087426,912
56.616751,-52.798086,920
56.616751,-55.508746,928
56.616751,-58.219406,936
56.616751,-59.122959,944
57.520305,-61.833619,952
57.520305,-65.447832,960
58.423858,-67.254939,968
59.327411,-69.062045,976
59.327411,-71.772705,984
60.230964,-74.483365,992
60.230964,-76.290472,1000
61.134518,-78.097578,1008
61.134518,-79.904685,1016
62.038071,-81.711791,1024
62.941624,-82.615345,1032
63.845178,-84.422451,1040
64.748731,-86.229558,1048
65.652284,-87.133111,1056
67.459391,-88.036664,1072
69.266497,-88.036664,1128
70.170051,-88.036664,1144
71.977157,-88.036664,1160
73.784264,-88.036664,1168
74.687817,-88.036664,1176
75.591371,-87.133111,1184
77.398477,-87.133111,1192
77.398477,-86.229558,1200
79.205584,-86.229558,1208
81.01269,-85.326005,1224
81.01269,-84.422451,1240
81.01269,-82.615345,1320
BREAK
