START
49.388325,-33.823466,0
49.388325,-32.919913,68
47.581218,-32.01636,109
46.677665,-32.01636,129
44.870558,-31.112807,193
43.967005,-31.112807,235
43.063452,-31.112807,258
42.159898,-31.112807,276
41.256345,-31.112807,306
40.352792,-31.112807,333
39.449239,-31.112807,361
38.545685,-31.112807,386
37.642132,-31.112807,417
35.835025,-31.112807,431
34.027919,-31.112807,455
33.124365,-31.112807,482
32.220812,-32.01636,512
31.317259,-32.01636,548
30.413706,-32.919913,561
30.413706,-33.823466,590
29.510152,-34.72702,610
29.510152,-35.630573,630
28.606599,-36.534126,652
28.606599,-37.43768,670
28.606599,-38.341233,718
28.606599,-39.244786,783
28.606599,-41.051893,823
28.606599,-43.762553,841
28.606599,-44.666106,870
28.606599,-45.569659,911
28.606599,-46.473213,945
28.606599,-47.376766,968
28.606599,-48.280319,979
28.606599,-49.183873,993
28.606599,-50.087426,1022
29.510152,-50.990979,1041
29.510152,-52.798086,1059
29.510152,-53.701639,1097
30.413706,-53.701639,1109
30.413706,-54.605192,1122
31.317259,-56.412299,1159
32.220812,-57.315852,1196
33.124365,-57.315852,1213
33.124365,-59.122959,1226
34.027919,-59.122959,1243
34.931472,-60.026512,1261
35.835025,-60.930065,1280
36.738579,-60.930065,1316
38.545685,-61.833619,1337
39.449239,-62.737172,1358
41.256345,-62.737172,1378
42.159898,-62.737172,1399
43.063452,-62.737172,1417
43.967005,-62.737172,1434
44.870558,-62.737172,1454
45.774112,-63.640725,1476
47.581218,-63.640725,1497
49.388325,-63.640725,1520
51.195431,-63.640725,1541
52.098985,-63.640725,1563
53.002538,-62.737172,1582
54.809645,-62.737172,1603
54.809645,-61.833619,1625
56.616751,-61.833619,1644
58.423858,-60.930065,1666
59.327411,-60.026512,1686
60.230964,-60.026512,1707
61.134518,-60.026512,1728
62.941624,-58.219406,1751
63.845178,-57.315852,1768
64.748731,-55.508746,1782
65.652284,-55.508746,1799
65.652284,-54.605192,1814
66.555838,-54.605192,1835
66.555838,-53.701639,1857
67.459391,-52.798086,1899
67.459391,-51.894532,1917
68.362944,-51.894532,1941
68.362944,-50.990979,1993
BREAK
69.266497,-20.270167,3167
69.266497,-21.17372,3225
69.266497,-22.077274,3310
69.266497,-22.980827,3377
69.266497,-23.88438,3400
69.266497,-24.787933,3420
69.266497,-26.59504,3440
69.266497,-27.498593,3460
69.266497,-29.3057,3483
69.266497,-32.01636,3498
69.266497,-32.919913,3515
69.266497,-33.823466,3537
69.266497,-34.72702,3556
69.266497,-36.534126,3573
69.266497,-37.43768,3612
69.266497,-38.341233,3652
69.266497,-39.244786,3666
69.266497,-40.14834,3679
69.266497,-41.051893,3694
68.362944,-41.955446,3706
68.362944,-42.858999,3719
68.362944,-43.762553,3728
68.362944,-44.666106,3739
68.362944,-45.569659,3752
68.362944,-46.473213,3766
68.362944,-47.376766,3798
68.362944,-49.183873,3819
67.459391,-51.894532,3841
67.459391,-53.701639,3861
67.459391,-54.605192,3882
67.459391,-55.508746,3903
67.459391,-57.315852,3926
67.459391,-58.219406,3947
67.459391,-59.122959,3986
67.459391,-60.026512,4004
67.459391,-60.930065,4044
67.459391,-61.833619,4103
67.459391,-62.737172,4165
67.459391,-63.640725,4177
67.459391,-64.544279,4225
67.459391,-65.447832,4261
67.459391,-66.351385,4321
67.459391,-67.254939,4330
67.459391,-68.158492,4370
68.362944,-68.158492,4383
68.362944,-69.062045,4411
69.266497,-69.062045,4433
70.170051,-69.062045,4481
70.170051,-69.965598,4500
71.073604,-69.965598,4556
71.977157,-69.965598,4625
71.977157,-70.869152,4645
72.880711,-71.772705,4697
73.784264,-71.772705,4759
74.687817,-71.772705,4850
75.591371,-71.772705,4925
76.494924,-71.772705,4993
76.494924,-70.869152,5020
76.494924,-69.965598,5064
77.398477,-69.965598,5114
77.398477,-69.062045,5224
BREAK
