START
48.835056,-13.383289,0
47.845666,-13.383289,90
46.856276,-13.383289,123
45.866886,-13.383289,140
44.877496,-13.383289,157
44.877496,-14.372679,173
43.888106,-14.372679,190
43.888106,-15.362069,223
41.909326,-15.362069,257
41.909326,-16.351459,290
40.919936,-16.351459,307
40.919936,-18.330239,324
39.930547,-19.319629,341
39.930547,-20.309019,357
39.930547,-21.298408,374
39.930547,-22.287798,408
39.930547,-23.277188,424
39.930547,-24.266578,458
39.930547,-25.255968,491
39.930547,-26.245358,525
39.930547,-27.234748,558
40.919936,-27.234748,575
40.919936,-28.224138,592
41.909326,-29.213528,625
42.898716,-29.213528,642
43.888106,-31.192308,675
44.877496,-31.192308,709
45.866886,-32.181698,725
46.856276,-32.181698,759
47.845666,-32.181698,776
48.835056,-33.171088,792
49.824446,-33.171088,809
50.813836,-33.171088,826
51.803226,-33.171088,859
52.792615,-33.171088,893
BREAK
70.601634,-27.234748,1456
69.612244,-27.234748,1512
68.622854,-27.234748,1545
67.633464,-27.234748,1578
66.644074,-28.224138,1595
65.654684,-28.224138,1612
64.665295,-28.224138,1629
63.675905,-29.213528,1645
62.686515,-29.213528,1679
61.697125,-30.202918,1712
60.707735,-31.192308,1729
60.707735,-32.181698,1746
58.728955,-32.181698,1762
57.739565,-32.181698,1779
57.739565,-33.171088,1813
56.750175,-33.171088,1829
55.760785,-33.171088,1863
55.760785,-35.149867,1880
54.771395,-35.149867,1896
53.782005,-36.139257,1913
52.792615,-37.128647,1946
52.792615,-38.118037,1963
51.803226,-38.118037,1980
51.803226,-39.107427,1997
50.813836,-39.107427,2013
50.813836,-40.096817,2030
49.824446,-40.096817,2064
49.824446,-42.075597,2097
49.824446,-43.064987,2130
47.845666,-43.064987,2147
47.845666,-44.054377,2164
46.856276,-45.043767,2181
46.856276,-47.022546,2197
46.856276,-48.011936,2214
46.856276,-49.990716,2231
46.856276,-50.980106,2248
46.856276,-51.969496,2281
46.856276,-52.958886,2314
46.856276,-53.948276,2331
46.856276,-54.937666,2365
46.856276,-55.927056,2381
46.856276,-56.916446,2415
46.856276,-57.905836,2432
46.856276,-59.884615,2448
46.856276,-61.863395,2482
46.856276,-62.852785,2498
46.856276,-63.842175,2515
47.845666,-64.831565,2532
47.845666,-65.820955,2565
48.835056,-66.810345,2599
49.824446,-66.810345,2616
49.824446,-67.799735,2649
50.813836,-67.799735,2666
50.813836,-68.789125,2683
52.792615,-68.789125,2699
53.782005,-68.789125,2716
53.782005,-69.778515,2733
54.771395,-69.778515,2749
55.760785,-69.778515,2783
56.750175,-70.767905,2800
57.739565,-70.767905,2816
58.728955,-70.767905,2833
59.718345,-70.767905,2850
60.707735,-70.767905,2883
61.697125,-71.757294,2900
62.686515,-71.757294,2917
63.675905,-71.757294,2933
64.665295,-71.757294,2950
65.654684,-71.757294,2967
66.644074,-71.757294,2984
67.633464,-71.757294,3000
68.622854,-70.767905,3017
69.612244,-70.767905,3034
70.601634,-70.767905,3051
71.591024,-70.767905,3067
72.580414,-69.778515,3101
73.569804,-69.778515,3117
73.569804,-68.789125,3134
75.548584,-67.799735,3168
76.537974,-67.799735,3184
77.527363,-67.799735,3201
77.527363,-65.820955,3218
78.516753,-65.820955,3235
79.506143,-65.820955,3251
BREAK
