START
61.697125,-12.393899,0
60.707735,-13.383289,14
59.718345,-13.383289,41
58.728955,-14.372679,124
57.739565,-15.362069,151
56.750175,-15.362069,166
56.750175,-16.351459,180
55.760785,-16.351459,193
54.771395,-16.351459,220
53.782005,-16.351459,234
53.782005,-17.340849,248
52.792615,-17.340849,262
51.803226,-17.340849,275
50.813836,-18.330239,304
49.824446,-18.330239,331
49.824446,-19.319629,358
48.835056,-20.309019,387
47.845666,-20.309019,414
46.856276,-20.309019,427
46.856276,-21.298408,442
45.866886,-21.298408,456
45.866886,-22.287798,469
44.877496,-22.287798,483
44.877496,-23.277188,497
44.877496,-24.266578,524
43.888106,-25.255968,538
43.888106,-26.245358,566
43.888106,-27.234748,580
43.888106,-28.224138,594
43.888106,-29.213528,607
43.888106,-30.202918,635
43.888106,-31.192308,649
43.888106,-32.181698,662
43.888106,-33.171088,704
43.888106,-34.160477,718
43.888106,-35.149867,731
44.877496,-36.139257,759
45.866886,-36.139257,787
46.856276,-36.139257,815
47.845666,-36.139257,856
48.835056,-36.139257,883
50.813836,-36.139257,912
51.803226,-36.139257,938
53.782005,-36.139257,953
54.771395,-36.139257,980
56.750175,-36.139257,993
57.739565,-36.139257,1021
58.728955,-36.139257,1049
59.718345,-36.139257,1076
BREAK
68.622854,-25.255968,2815
67.633464,-25.255968,2870
67.633464,-26.245358,2911
66.644074,-26.245358,2952
65.654684,-27.234748,2981
64.665295,-27.234748,2994
64.665295,-28.224138,3008
63.675905,-28.224138,3022
62.686515,-29.213528,3036
62.686515,-30.202918,3063
61.697125,-31.192308,3077
60.707735,-31.192308,3090
60.707735,-32.181698,3118
59.718345,-32.181698,3132
59.718345,-33.171088,3146
58.728955,-33.171088,3160
57.739565,-33.171088,3187
57.739565,-34.160477,3214
56.750175,-34.160477,3229
55.760785,-35.149867,3242
55.760785,-36.139257,3255
54.771395,-37.128647,3270
53.782005,-38.118037,3283
52.792615,-39.107427,3311
51.803226,-40.096817,3339
50.813836,-41.086207,3367
49.824446,-42.075597,3394
48.835056,-43.064987,3407
48.835056,-44.054377,3422
47.845666,-45.043767,3436
46.856276,-46.033156,3450
45.866886,-46.033156,3464
45.866886,-47.022546,3478
44.877496,-47.022546,3491
43.888106,-47.022546,3504
43.888106,-48.011936,3520
42.898716,-49.001326,3532
41.909326,-49.001326,3546
41.909326,-49.990716,3560
40.919936,-50.980106,3575
39.930547,-51.969496,3601
39.930547,-52.958886,3615
38.941157,-52.958886,3629
37.951767,-53.948276,3711
37.951767,-54.937666,3725
36.962377,-54.937666,3739
36.962377,-56.916446,3753
36.962377,-57.905836,3781
35.972987,-57.905836,3795
35.972987,-58.895225,3808
35.972987,-59.884615,3822
35.972987,-60.874005,3849
35.972987,-61.863395,3863
35.972987,-62.852785,3892
35.972987,-63.842175,3905
35.972987,-64.831565,3932
35.972987,-65.820955,3961
35.972987,-66.810345,3974
35.972987,-67.799735,3988
35.972987,-68.789125,4001
35.972987,-69.778515,4029
35.972987,-70.767905,4044
36.962377,-71.757294,4085
36.962377,-72.746684,4112
37.951767,-72.746684,4126
38.941157,-73.736074,4140
38.941157,-74.725464,4153
39.930547,-74.725464,4169
40.919936,-74.725464,4181
40.919936,-75.714854,4197
41.909326,-75.714854,4209
42.898716,-75.714854,4223
43.888106,-76.704244,4236
44.877496,-76.704244,4263
45.866886,-76.704244,4277
46.856276,-77.693634,4292
48.835056,-77.693634,4305
50.813836,-77.693634,4318
52.792615,-78.683024,4333
54.771395,-79.672414,4346
55.760785,-79.672414,4361
57.739565,-79.672414,4374
59.718345,-79.672414,4389
60.707735,-79.672414,4402
64.665295,-79.672414,4416
67.633464,-79.672414,4430
71.591024,-79.672414,4443
73.569804,-79.672414,4457
76.537974,-79.672414,4470
77.527363,-79.672414,4485
78.516753,-79.672414,4499
79.506143,-79.672414,4512
80.495533,-79.672414,4526
82.474313,-78.683024,4541
84.453093,-77.693634,4554
86.431873,-77.693634,4567
88.410653,-76.704244,4582
BREAK
