START
38.545685,-21.17372,0
39.449239,-21.17372,112
40.352792,-21.17372,160
41.256345,-21.17372,176
42.159898,-21.17372,192
43.063452,-21.17372,224
43.967005,-21.17372,240
44.870558,-21.17372,272
45.774112,-21.17372,280
46.677665,-21.17372,296
46.677665,-20.270167,320
47.581218,-21.17372,328
48.484772,-21.17372,336
49.388325,-21.17372,344
50.291878,-21.17372,360
51.195431,-21.17372,368
52.098985,-21.17372,392
53.002538,-21.17372,424
54.809645,-21.17372,433
55.713198,-21.17372,448
56.616751,-22.077274,456
58.423858,-22.077274,464
59.327411,-22.077274,472
60.230964,-22.077274,480
61.134518,-22.077274,488
62.038071,-22.980827,504
62.941624,-22.980827,520
63.845178,-23.88438,600
63.845178,-24.787933,624
64.748731,-24.787933,632
64.748731,-25.691487,648
65.652284,-26.59504,664
65.652284,-27.498593,672
66.555838,-27.498593,680
66.555838,-28.402147,688
66.555838,-29.3057,704
67.459391,-30.209253,736
67.459391,-31.112807,752
67.459391,-32.01636,768
67.459391,-32.919913,784
66.555838,-33.823466,792
66.555838,-34.72702,800
66.555838,-35.630573,808
65.652284,-36.534126,817
65.652284,-37.43768,824
64.748731,-38.341233,832
64.748731,-39.244786,848
64.748731,-40.14834,856
63.845178,-40.14834,864
63.845178,-41.051893,880
62.941624,-41.051893,904
62.941624,-41.955446,912
62.038071,-41.955446,920
61.134518,-41.955446,936
61.134518,-42.858999,945
60.230964,-42.858999,952
58.423858,-42.858999,960
58.423858,-43.762553,968
57.520305,-43.762553,976
56.616751,-43.762553,984
55.713198,-44.666106,992
54.809645,-44.666106,1001
53.906091,-44.666106,1008
53.002538,-45.569659,1024
52.098985,-45.569659,1037
52.098985,-46.473213,1080
51.195431,-45.569659,1088
51.195431,-46.473213,1096
50.291878,-46.473213,1112
49.388325,-46.473213,1128
48.484772,-46.473213,1152
49.388325,-46.473213,1704
51.195431,-46.473213,1736
53.002538,-46.473213,1744
54.809645,-46.473213,1752
55.713198,-46.473213,1760
56.616751,-46.473213,1768
57.520305,-46.473213,1928
57.520305,-47.376766,1936
58.423858,-47.376766,1952
59.327411,-47.376766,1968
60.230964,-48.280319,1985
61.134518,-49.183873,2136
61.134518,-50.087426,2152
62.038071,-50.087426,2160
62.038071,-50.990979,2176
62.941624,-51.894532,2208
62.941624,-52.798086,2240
63.845178,-53.701639,2272
63.845178,-54.605192,2320
64.748731,-54.605192,2328
64.748731,-55.508746,2336
64.748731,-56.412299,2344
64.748731,-57.315852,2352
64.748731,-58.219406,2360
65.652284,-59.122959,2369
65.652284,-60.026512,2376
64.748731,-60.930065,2385
64.748731,-61.833619,2401
64.748731,-63.640725,2408
64.748731,-64.544279,2416
64.748731,-65.447832,2424
63.845178,-65.447832,2432
63.845178,-66.351385,2440
63.845178,-67.254939,2464
63.845178,-68.158492,2496
63.845178,-69.062045,2528
63.845178,-69.965598,2552
62.941624,-70.869152,2584
63.845178,-70.869152,2592
62.941624,-70.869152,2601
62.941624,-71.772705,2624
62.941624,-72.676258,2664
62.038071,-72.676258,2672
62.038071,-73.579812,2680
61.134518,-73.579812,2688
61.134518,-74.483365,2704
61.134518,-75.386918,2720
60.230964,-74.483365,2728
61.134518,-75.386918,2736
60.230964,-74.483365,2744
60.230964,-75.386918,2768
59.327411,-75.386918,2800
59.327411,-76.290472,2808
58.423858,-76.290472,2824
57.520305,-76.290472,2848
57.520305,-77.194025,2864
56.616751,-77.194025,2872
55.713198,-77.194025,2888
54.809645,-77.194025,2896
54.809645,-78.097578,2904
53.906091,-78.097578,2912
53.906091,-79.001131,2920
53.002538,-79.001131,2928
52.098985,-79.001131,2946
51.195431,-79.001131,2952
51.195431,-79.904685,2969
50.291878,-79.904685,2976
49.388325,-79.904685,2992
48.484772,-79.904685,3113
48.484772,-81.711791,3120
47.581218,-80.808238,3128
48.484772,-81.711791,3144
47.581218,-80.808238,3160
48.484772,-81.711791,3176
47.581218,-80.808238,3192
48.484772,-81.711791,3208
47.581218,-80.808238,3216
BREAK
47.581218,-80.808238,4504
46.677665,-80.808238,4512
45.774112,-81.711791,4520
44.870558,-81.711791,4536
43.967005,-82.615345,4544
43.063452,-82.615345,4553
42.159898,-82.615345,4560
41.256345,-82.615345,4576
40.352792,-82.615345,4584
39.449239,-82.615345,4592
38.545685,-82.615345,4608
36.738579,-82.615345,4616
35.835025,-81.711791,4624
34.931472,-81.711791,4632
34.027919,-81.711791,4648
34.027919,-80.808238,4656
33.124365,-80.808238,4680
32.220812,-79.904685,4688
31.317259,-79.904685,4696
30.413706,-79.001131,4704
29.510152,-79.001131,4712
28.606599,-79.001131,4728
27.703046,-78.097578,4737
26.799492,-77.194025,4768
25.895939,-77.194025,4776
24.992386,-76.290472,4784
24.088832,-75.386918,4792
23.185279,-75.386918,4800
22.281726,-74.483365,4808
21.378173,-73.579812,4816
20.474619,-73.579812,4832
20.474619,-72.676258,4848
19.571066,-71.772705,4856
19.571066,-70.869152,4872
18.667513,-70.869152,4880
18.667513,-69.965598,4888
17.763959,-70.869152,4896
17.763959,-69.062045,4904
16.860406,-69.062045,4912
16.860406,-68.158492,4920
15.956853,-67.254939,4937
15.956853,-66.351385,4944
15.956853,-65.447832,4960
15.956853,-64.544279,4968
15.053299,-62.737172,4976
15.053299,-61.833619,4984
15.053299,-60.930065,4992
14.149746,-60.026512,5000
14.149746,-59.122959,5008
14.149746,-58.219406,5016
14.149746,-57.315852,5024
14.149746,-56.412299,5032
14.149746,-55.508746,5043
14.149746,-54.605192,5048
14.149746,-53.701639,5064
14.149746,-52.798086,5072
14.149746,-51.894532,5080
14.149746,-50.990979,5088
14.149746,-50.087426,5096
15.053299,-49.183873,5104
15.053299,-48.280319,5112
15.053299,-46.473213,5121
15.956853,-45.569659,5128
15.956853,-44.666106,5137
15.956853,-43.762553,5144
15.956853,-42.858999,5153
15.956853,-41.955446,5168
15.956853,-41.051893,5192
16.860406,-41.051893,5216
16.860406,-40.14834,5224
16.860406,-39.244786,5232
16.860406,-38.341233,5240
16.860406,-37.43768,5256
17.763959,-37.43768,5264
17.763959,-36.534126,5272
17.763959,-35.630573,5280
18.667513,-35.630573,5288
18.667513,-34.72702,5296
18.667513,-33.823466,5304
19.571066,-33.823466,5312
19.571066,-32.01636,5321
20.474619,-32.01636,5328
20.474619,-31.112807,5337
21.378173,-31.112807,5344
21.378173,-30.209253,5360
22.281726,-29.3057,5376
22.281726,-28.402147,5392
23.185279,-28.402147,5400
23.185279,-27.498593,5408
24.088832,-26.59504,5416
24.088832,-25.691487,5432
24.992386,-24.787933,5448
24.992386,-23.88438,5464
25.895939,-22.980827,5472
25.895939,-22.077274,5480
25.895939,-21.17372,5496
26.799492,-21.17372,5512
26.799492,-20.270167,5552
27.703046,-20.270167,5568
27.703046,-19.366614,5576
27.703046,-18.46306,5592
28.606599,-18.46306,5600
28.606599,-17.559507,5608
29.510152,-17.559507,5664
29.510152,-16.655954,5672
30.413706,-15.7524,5680
30.413706,-14.848847,5688
31.317259,-14.848847,5696
31.317259,-13.945294,5712
31.317259,-13.041741,5760
32.220812,-13.041741,5768
32.220812,-12.138187,5784
33.124365,-12.138187,5801
33.124365,-11.234634,5864
33.124365,-10.331081,5872
34.027919,-10.331081,5880
34.931472,-10.331081,5896
34.931472,-9.4275274,5912
35.835025,-9.4275274,5944
35.835025,-8.5239741,5960
36.738579,-8.5239741,5968
37.642132,-7.6204208,6000
38.545685,-7.6204208,6008
39.449239,-7.6204208,6017
39.449239,-6.7168675,6032
40.352792,-6.7168675,6056
41.256345,-6.7168675,6096
42.159898,-6.7168675,6112
BREAK
37.642132,-6.7168675,8944
38.545685,-6.7168675,8984
39.449239,-6.7168675,9056
40.352792,-6.7168675,9064
41.256345,-6.7168675,9080
42.159898,-6.7168675,9088
43.063452,-6.7168675,9160
43.967005,-6.7168675,9168
44.870558,-6.7168675,9176
45.774112,-6.7168675,9192
46.677665,-6.7168675,9200
47.581218,-6.7168675,9208
48.484772,-6.7168675,9240
49.388325,-6.7168675,9256
50.291878,-7.6204208,9264
51.195431,-7.6204208,9273
52.098985,-7.6204208,9280
53.002538,-7.6204208,9296
53.906091,-7.6204208,9304
54.809645,-7.6204208,9328
55.713198,-7.6204208,9336
56.616751,-7.6204208,9360
57.520305,-8.5239741,9384
58.423858,-8.5239741,9392
59.327411,-8.5239741,9400
60.230964,-8.5239741,9408
61.134518,-8.5239741,9416
62.038071,-8.5239741,9424
62.941624,-8.5239741,9432
63.845178,-8.5239741,9440
64.748731,-9.4275274,9457
65.652284,-9.4275274,9473
66.555838,-9.4275274,9552
67.459391,-9.4275274,9568
67.459391,-10.331081,9608
67.459391,-9.4275274,9624
67.459391,-10.331081,9632
67.459391,-9.4275274,9640
67.459391,-10.331081,9648
68.362944,-10.331081,9664
69.266497,-11.234634,9688
70.170051,-11.234634,9712
70.170051,-12.138187,9720
71.073604,-12.138187,9744
71.073604,-13.041741,9760
71.977157,-13.041741,9768
72.880711,-13.041741,9824
72.880711,-13.945294,9840
73.784264,-13.945294,9896
74.687817,-13.945294,9912
75.591371,-13.945294,9920
75.591371,-14.848847,9960
76.494924,-14.848847,10000
77.398477,-14.848847,10024
78.30203,-15.7524,10044
79.205584,-15.7524,10064
80.109137,-16.655954,10216
81.01269,-17.559507,10240
80.109137,-16.655954,10248
80.109137,-17.559507,10288
80.109137,-16.655954,10304
80.109137,-17.559507,10312
80.109137,-16.655954,10320
80.109137,-17.559507,10328
81.01269,-18.46306,10360
81.01269,-19.366614,10368
82.819797,-20.270167,10376
81.916244,-20.270167,10384
82.819797,-21.17372,10392
83.72335,-22.077274,10408
83.72335,-22.980827,10464
84.626904,-23.88438,10472
85.530457,-24.787933,10496
85.530457,-25.691487,10536
85.530457,-26.59504,10584
86.43401,-27.498593,10592
86.43401,-28.402147,10608
86.43401,-29.3057,10664
87.337563,-30.209253,10680
87.337563,-31.112807,10696
87.337563,-32.01636,10728
88.241117,-33.823466,10744
89.14467,-34.72702,10752
89.14467,-35.630573,10760
89.14467,-36.534126,10768
89.14467,-37.43768,10784
90.048223,-39.244786,10792
90.951777,-40.14834,10800
90.951777,-41.051893,10816
90.951777,-41.955446,10825
91.85533,-42.858999,10832
91.85533,-43.762553,10841
91.85533,-45.569659,10857
92.758883,-46.473213,10872
92.758883,-47.376766,10880
92.758883,-48.280319,10888
92.758883,-49.183873,10920
93.662437,-50.087426,10928
93.662437,-50.990979,10936
93.662437,-51.894532,10944
93.662437,-52.798086,10960
93.662437,-53.701639,10968
93.662437,-54.605192,11008
93.662437,-55.508746,11048
93.662437,-56.412299,11056
93.662437,-57.315852,11064
92.758883,-57.315852,11080
92.758883,-58.219406,11184
92.758883,-59.122959,11192
91.85533,-59.122959,11200
91.85533,-60.026512,11208
90.951777,-60.026512,11225
91.85533,-60.930065,11232
90.951777,-60.930065,11241
90.951777,-61.833619,11320
90.048223,-61.833619,11328
90.048223,-62.737172,11336
89.14467,-62.737172,11400
89.14467,-64.544279,11409
88.241117,-64.544279,11416
88.241117,-65.447832,11425
87.337563,-66.351385,11457
86.43401,-67.254939,11464
85.530457,-68.158492,11472
84.626904,-69.965598,11480
84.626904,-70.869152,11488
83.72335,-70.869152,11496
83.72335,-71.772705,11504
83.72335,-72.676258,11512
83.72335,-73.579812,11960
83.72335,-75.386918,11968
84.626904,-76.290472,11976
84.626904,-77.194025,11992
84.626904,-78.097578,12009
85.530457,-79.001131,12040
85.530457,-79.904685,12049
86.43401,-80.808238,12256
87.337563,-80.808238,12264
88.241117,-81.711791,12272
89.14467,-82.615345,12328
88.241117,-81.711791,12336
89.14467,-82.615345,12344
90.048223,-82.615345,12432
90.951777,-82.615345,12448
91.85533,-82.615345,12504
92.758883,-83.518898,12624
91.85533,-82.615345,12632
92.758883,-82.615345,12824
93.662437,-82.615345,12832
BREAK
