START
50.683962,-20.859438,0
50.683962,-22.859438,178
50.683962,-24.859438,188
50.683962,-27.859438,198
50.683962,-28.859438,208
50.683962,-33.859438,218
50.683962,-35.859438,227
50.683962,-37.859438,238
50.683962,-38.859438,248
50.683962,-41.859438,258
50.683962,-42.859438,267
50.683962,-43.859438,278
50.683962,-44.859438,288
50.683962,-45.859438,298
50.683962,-46.859438,307
50.683962,-47.859438,318
50.683962,-48.859438,328
50.683962,-50.859438,338
50.683962,-51.859438,357
50.683962,-52.859438,378
50.683962,-53.859438,387
50.683962,-54.859438,398
50.683962,-56.859438,418
50.683962,-57.859438,437
50.683962,-59.859438,458
50.683962,-60.859438,477
50.683962,-62.859438,488
50.683962,-63.859438,498
50.683962,-64.859438,508
50.683962,-65.859438,517
50.683962,-66.859438,538
50.683962,-68.859438,558
50.683962,-69.859438,568
50.683962,-71.859438,578
50.683962,-72.859438,588
50.683962,-73.859438,597
50.683962,-74.859438,618
50.683962,-75.859438,628
50.683962,-76.859438,654
50.683962,-77.859438,674
49.683962,-77.859438,683
49.683962,-78.859438,704
49.683962,-79.859438,723
49.683962,-80.859438,733
49.683962,-81.859438,744
49.683962,-82.859438,813
BREAK
68.683962,-27.859438,2264
BREAK
33.683962,-26.859438,3878
BREAK
