START
53.683962,-33.859438,0
53.683962,-34.859438,112
53.683962,-36.859438,121
53.683962,-38.859438,131
53.683962,-40.859438,149
53.683962,-41.859438,159
53.683962,-43.859438,168
53.683962,-45.859438,187
53.683962,-46.859438,206
53.683962,-47.859438,225
53.683962,-49.859438,243
53.683962,-50.859438,262
53.683962,-51.859438,271
53.683962,-52.859438,281
53.683962,-53.859438,300
53.683962,-55.859438,309
53.683962,-56.859438,318
53.683962,-58.859438,337
53.683962,-59.859438,347
53.683962,-60.859438,356
53.683962,-61.859438,375
53.683962,-63.859438,384
53.683962,-64.859438,403
53.683962,-65.859438,412
53.683962,-66.859438,422
53.683962,-67.859438,431
53.683962,-68.859438,450
53.683962,-69.859438,478
53.683962,-70.859438,487
53.683962,-71.859438,506
53.683962,-72.859438,525
53.683962,-73.859438,543
53.683962,-74.859438,553
53.683962,-75.859438,581
53.683962,-76.859438,619
53.683962,-77.859438,647
53.683962,-78.859438,665
53.683962,-79.859438,694
53.683962,-80.859438,722
53.683962,-81.859438,816
53.683962,-82.859438,825
BREAK
40.683962,-38.859438,1820
BREAK
65.683962,-39.859438,2458
BREAK
