START
23.108491,-33.281124,0
24.108491,-33.281124,281
24.108491,-32.281124,295
25.108491,-32.281124,321
25.108491,-31.281124,334
26.108491,-31.281124,348
28.108491,-31.281124,374
29.108491,-30.281124,414
30.108491,-30.281124,446
31.108491,-30.281124,473
32.108491,-30.281124,493
33.108491,-30.281124,532
34.108491,-30.281124,571
35.108491,-30.281124,605
35.108491,-29.281124,624
36.108491,-29.281124,689
36.108491,-28.281124,734
37.108491,-27.281124,806
37.108491,-26.281124,998
37.108491,-25.281124,1082
37.108491,-24.281124,1166
37.108491,-23.281124,1211
37.108491,-22.281124,1237
37.108491,-21.281124,1283
37.108491,-20.281124,1310
37.108491,-19.281124,1336
37.108491,-18.281124,1350
36.108491,-17.281124,1376
35.108491,-17.281124,1415
35.108491,-16.281124,1461
34.108491,-16.281124,1474
33.108491,-16.281124,1486
32.108491,-16.281124,1532
31.108491,-16.281124,1559
30.108491,-15.281124,1586
29.108491,-15.281124,1606
28.108491,-15.281124,1639
27.108491,-15.281124,1671
26.108491,-15.281124,1723
25.108491,-15.281124,1749
24.108491,-15.281124,1795
23.108491,-15.281124,1827
22.108491,-15.281124,1880
21.108491,-15.281124,1906
20.108491,-15.281124,1940
19.108491,-15.281124,1997
18.108491,-15.281124,2030
17.108491,-15.281124,2057
16.108491,-15.281124,2109
15.108491,-15.281124,2129
15.108491,-16.281124,2143
14.108491,-16.281124,2155
13.108491,-16.281124,2188
12.108491,-16.281124,2228
11.108491,-16.281124,2240
9.1084906,-16.281124,2299
8.1084906,-17.281124,2325
8.1084906,-18.281124,2339
8.1084906,-19.281124,2364
7.1084906,-19.281124,2385
7.1084906,-20.281124,2404
7.1084906,-21.281124,2443
7.1084906,-22.281124,2522
7.1084906,-23.281124,2560
7.1084906,-24.281124,2625
7.1084906,-25.281124,2664
7.1084906,-26.281124,2697
7.1084906,-27.281124,2717
7.1084906,-28.281124,2749
7.1084906,-29.281124,2776
7.1084906,-30.281124,2809
7.1084906,-31.281124,2849
7.1084906,-32.281124,2900
7.1084906,-33.281124,2940
7.1084906,-34.281124,3006
7.1084906,-35.281124,3032
7.1084906,-36.281124,3059
6.1084906,-37.281124,3144
6.1084906,-38.281124,3177
6.1084906,-39.281124,3216
7.1084906,-39.281124,3242
7.1084906,-40.281124,3275
8.1084906,-40.281124,3302
9.1084906,-40.281124,3315
9.1084906,-41.281124,3328
10.108491,-41.281124,3342
11.108491,-42.281124,3355
12.108491,-42.281124,3368
12.108491,-43.281124,3381
13.108491,-44.281124,3395
14.108491,-44.281124,3408
15.108491,-44.281124,3421
15.108491,-45.281124,3435
16.108491,-45.281124,3447
16.108491,-46.281124,3663
17.108491,-46.281124,3677
17.108491,-47.281124,3691
18.108491,-47.281124,3703
20.108491,-48.281124,3716
20.108491,-49.281124,3730
21.108491,-49.281124,3743
22.108491,-50.281124,3756
23.108491,-51.281124,3789
24.108491,-52.281124,3828
25.108491,-52.281124,3927
25.108491,-53.281124,3960
25.108491,-54.281124,4076
25.108491,-55.281124,4154
25.108491,-56.281124,4283
25.108491,-57.281124,4342
25.108491,-58.281124,4368
26.108491,-58.281124,4462
26.108491,-59.281124,4475
27.108491,-60.281124,4488
27.108491,-61.281124,4501
27.108491,-62.281124,4515
28.108491,-62.281124,4527
28.108491,-63.281124,4541
29.108491,-64.281124,4554
29.108491,-65.281124,4581
30.108491,-65.281124,4594
30.108491,-66.281124,4607
31.108491,-66.281124,4620
33.108491,-66.281124,4648
34.108491,-66.281124,4687
34.108491,-67.281124,4714
35.108491,-67.281124,4727
35.108491,-68.281124,4799
35.108491,-69.281124,4940
35.108491,-70.281124,4981
36.108491,-70.281124,5025
36.108491,-71.281124,5064
37.108491,-71.281124,5104
37.108491,-72.281124,5130
37.108491,-73.281124,5170
38.108491,-73.281124,5183
38.108491,-74.281124,5196
39.108491,-74.281124,5210
40.108491,-74.281124,5235
40.108491,-75.281124,5249
41.108491,-75.281124,5263
42.108491,-75.281124,5275
43.108491,-76.281124,5302
44.108491,-76.281124,5315
45.108491,-77.281124,5329
46.108491,-77.281124,5356
46.108491,-78.281124,5368
47.108491,-78.281124,5382
47.108491,-79.281124,5396
48.108491,-79.281124,5408
49.108491,-80.281124,5435
50.108491,-80.281124,5448
51.108491,-80.281124,5494
52.108491,-80.281124,5521
53.108491,-80.281124,5547
54.108491,-80.281124,5560
55.108491,-80.281124,5573
56.108491,-80.281124,5587
57.108491,-80.281124,5600
58.108491,-80.281124,5613
60.108491,-80.281124,5640
61.108491,-80.281124,5679
61.108491,-79.281124,5732
61.108491,-78.281124,5744
62.108491,-78.281124,5758
62.108491,-77.281124,5771
62.108491,-76.281124,5797
62.108491,-75.281124,5830
62.108491,-74.281124,5850
62.108491,-73.281124,5883
62.108491,-72.281124,5916
62.108491,-71.281124,5981
62.108491,-70.281124,5994
62.108491,-69.281124,6026
62.108491,-68.281124,6066
62.108491,-67.281124,6099
62.108491,-66.281124,6112
62.108491,-65.281124,6140
62.108491,-64.281124,6190
62.108491,-63.281124,6224
61.108491,-62.281124,6237
60.108491,-61.281124,6282
59.108491,-61.281124,6303
59.108491,-60.281124,6315
58.108491,-60.281124,6329
58.108491,-59.281124,6342
57.108491,-59.281124,6361
57.108491,-58.281124,6375
56.108491,-58.281124,6389
55.108491,-57.281124,6401
54.108491,-57.281124,6428
53.108491,-57.281124,6461
52.108491,-57.281124,6500
51.108491,-57.281124,6552
50.108491,-57.281124,6796
51.108491,-57.281124,6956
52.108491,-57.281124,6989
53.108491,-57.281124,7016
54.108491,-57.281124,7042
55.108491,-57.281124,7055
56.108491,-57.281124,7082
57.108491,-57.281124,7108
58.108491,-57.281124,7121
59.108491,-57.281124,7135
60.108491,-57.281124,7161
61.108491,-57.281124,7175
62.108491,-57.281124,7188
63.108491,-57.281124,7241
64.108491,-57.281124,7268
65.108491,-57.281124,7294
66.108491,-57.281124,7334
67.108491,-57.281124,7399
68.108491,-57.281124,7440
69.108491,-57.281124,7479
70.108491,-57.281124,7505
71.108491,-57.281124,7602
72.108491,-56.281124,7628
72.108491,-55.281124,7667
72.108491,-54.281124,7713
72.108491,-53.281124,7752
72.108491,-52.281124,7778
72.108491,-51.281124,7805
72.108491,-50.281124,7857
71.108491,-50.281124,7869
70.108491,-49.281124,7890
69.108491,-48.281124,7916
68.108491,-47.281124,7929
67.108491,-47.281124,7942
67.108491,-46.281124,7955
66.108491,-46.281124,7969
65.108491,-45.281124,7982
64.108491,-45.281124,7995
63.108491,-45.281124,8009
61.108491,-45.281124,8022
61.108491,-44.281124,8035
60.108491,-44.281124,8048
58.108491,-44.281124,8074
57.108491,-44.281124,8140
56.108491,-44.281124,8307
56.108491,-43.281124,8403
57.108491,-43.281124,8448
58.108491,-43.281124,8488
59.108491,-43.281124,8515
60.108491,-43.281124,8541
61.108491,-43.281124,8554
62.108491,-43.281124,8581
63.108491,-43.281124,8620
64.108491,-43.281124,8652
65.108491,-43.281124,8666
66.108491,-43.281124,8692
67.108491,-43.281124,8732
68.108491,-43.281124,8759
69.108491,-42.281124,8772
70.108491,-42.281124,8798
71.108491,-42.281124,8838
71.108491,-41.281124,8870
72.108491,-41.281124,8897
72.108491,-40.281124,8942
73.108491,-40.281124,9026
73.108491,-39.281124,9053
73.108491,-38.281124,9098
73.108491,-37.281124,9137
73.108491,-36.281124,9177
73.108491,-35.281124,9203
73.108491,-34.281124,9216
73.108491,-33.281124,9243
73.108491,-32.281124,9270
72.108491,-32.281124,9282
72.108491,-30.281124,9296
71.108491,-30.281124,9309
70.108491,-29.281124,9322
70.108491,-28.281124,9348
69.108491,-27.281124,9361
68.108491,-26.281124,9387
67.108491,-25.281124,9401
66.108491,-24.281124,9427
66.108491,-23.281124,9453
65.108491,-23.281124,9467
64.108491,-22.281124,9480
63.108491,-22.281124,9507
63.108491,-21.281124,9520
62.108491,-21.281124,9534
61.108491,-21.281124,9546
60.108491,-20.281124,9573
59.108491,-20.281124,9625
58.108491,-20.281124,9690
BREAK
