START
50.236462,-15.525271,0
50.236462,-16.427798,64
50.236462,-17.330325,88
50.236462,-19.135379,104
50.236462,-20.037906,136
50.236462,-24.550542,152
50.236462,-25.453069,168
50.236462,-26.355596,176
50.236462,-28.16065,208
50.236462,-29.063177,216
50.236462,-29.965704,232
50.236462,-30.868231,240
50.236462,-32.673285,264
50.236462,-33.575812,272
50.236462,-34.478339,280
50.236462,-35.380866,296
50.236462,-37.185921,312
50.236462,-38.088448,328
50.236462,-38.990975,344
50.236462,-39.893502,360
50.236462,-41.698556,368
50.236462,-42.601083,392
50.236462,-43.50361,400
50.236462,-44.406137,416
50.236462,-46.211191,424
50.236462,-47.113718,440
50.236462,-48.016245,464
50.236462,-48.918773,472
50.236462,-50.723827,480
50.236462,-51.626354,488
50.236462,-52.528881,520
50.236462,-53.431408,536
50.236462,-55.236462,552
50.236462,-56.138989,568
50.236462,-57.041516,592
50.236462,-57.944043,608
50.236462,-59.749097,624
50.236462,-60.651625,640
50.236462,-61.554152,656
49.333935,-61.554152,672
49.333935,-62.456679,680
49.333935,-64.261733,696
49.333935,-65.16426,720
48.431408,-65.16426,736
48.431408,-66.066787,744
48.431408,-66.969314,768
48.431408,-71.481949,784
48.431408,-73.287004,800
48.431408,-74.189531,808
48.431408,-75.092058,832
48.431408,-75.994585,848
48.431408,-77.799639,856
48.431408,-78.702166,864
48.431408,-79.604693,880
BREAK
