START
52.211868,-20.166697,0
52.211868,-21.006392,142
52.211868,-21.846087,164
52.211868,-22.685781,194
52.211868,-23.525476,229
52.211868,-24.365171,241
52.211868,-25.204865,268
52.211868,-26.884255,280
52.211868,-27.723949,302
52.211868,-28.563644,325
52.211868,-29.403339,336
51.372173,-30.243033,359
51.372173,-31.082728,382
51.372173,-31.922423,417
50.532479,-32.762117,428
50.532479,-33.601812,451
50.532479,-34.441506,490
50.532479,-35.281201,521
50.532479,-36.120896,546
50.532479,-36.96059,558
50.532479,-37.800285,568
50.532479,-38.63998,595
50.532479,-39.479674,611
50.532479,-40.319369,637
50.532479,-41.159064,666
50.532479,-41.998758,691
50.532479,-42.838453,702
50.532479,-43.678148,728
50.532479,-44.517842,750
50.532479,-45.357537,767
50.532479,-46.197232,783
50.532479,-47.036926,820
50.532479,-47.876621,849
50.532479,-48.716316,877
50.532479,-49.55601,888
50.532479,-50.395705,925
50.532479,-51.2354,951
50.532479,-52.075094,973
50.532479,-52.914789,985
50.532479,-53.754484,1007
50.532479,-54.594178,1030
50.532479,-55.433873,1041
50.532479,-56.273568,1052
50.532479,-57.113262,1075
50.532479,-57.952957,1087
50.532479,-58.792652,1098
50.532479,-59.632346,1126
50.532479,-60.472041,1178
50.532479,-61.311735,1200
50.532479,-62.15143,1248
50.532479,-62.991125,1279
50.532479,-63.830819,1314
50.532479,-64.670514,1346
50.532479,-65.510209,1369
50.532479,-66.349903,1380
50.532479,-67.189598,1392
50.532479,-68.029293,1424
50.532479,-68.868987,1440
50.532479,-69.708682,1479
50.532479,-70.548377,1501
50.532479,-71.388071,1537
50.532479,-72.227766,1574
50.532479,-73.067461,1615
50.532479,-73.907155,1649
50.532479,-74.74685,1671
50.532479,-75.586545,1737
50.532479,-76.426239,1800
50.532479,-77.265934,1915
50.532479,-78.105629,2009
50.532479,-78.945323,2050
50.532479,-79.785018,2069
50.532479,-80.624713,2105
BREAK
36.25767,-26.884255,12977
37.097364,-26.884255,13117
37.937059,-26.884255,13191
38.776754,-26.884255,13222
39.616448,-26.884255,13259
40.456143,-26.884255,13282
41.295838,-26.884255,13293
42.135532,-26.884255,13304
42.975227,-27.723949,13315
43.814922,-27.723949,13338
44.654616,-27.723949,13349
45.494311,-27.723949,13388
46.334005,-27.723949,13417
46.334005,-28.563644,13429
47.1737,-28.563644,13440
48.013395,-28.563644,13467
48.853089,-28.563644,13490
49.692784,-29.403339,13506
50.532479,-29.403339,13522
51.372173,-29.403339,13556
53.051563,-29.403339,13567
53.891257,-29.403339,13591
54.730952,-29.403339,13613
55.570647,-29.403339,13624
56.410341,-29.403339,13643
57.250036,-29.403339,13669
58.929425,-28.563644,13689
59.76912,-28.563644,13712
60.608815,-28.563644,13739
61.448509,-28.563644,13752
62.288204,-28.563644,13776
63.127899,-28.563644,13802
63.127899,-27.723949,13827
63.967593,-27.723949,13845
64.807288,-27.723949,13865
65.646983,-26.884255,13891
66.486677,-26.884255,13924
67.326372,-26.884255,13957
68.166067,-26.884255,13973
69.845456,-25.204865,13995
70.685151,-25.204865,14009
71.524845,-25.204865,14033
72.36454,-25.204865,14059
73.204234,-25.204865,14082
74.043929,-25.204865,14164
74.043929,-24.365171,14285
BREAK
37.097364,-48.716316,15346
37.937059,-48.716316,15401
38.776754,-48.716316,15414
39.616448,-48.716316,15454
40.456143,-48.716316,15477
41.295838,-48.716316,15505
42.135532,-48.716316,15516
42.975227,-48.716316,15528
43.814922,-48.716316,15539
44.654616,-48.716316,15550
46.334005,-48.716316,15561
47.1737,-48.716316,15573
48.013395,-48.716316,15595
48.853089,-48.716316,15607
49.692784,-48.716316,15618
50.532479,-48.716316,15648
51.372173,-48.716316,15659
52.211868,-48.716316,15670
53.051563,-48.716316,15693
53.891257,-48.716316,15704
54.730952,-48.716316,15733
55.570647,-48.716316,15760
57.250036,-48.716316,15784
58.089731,-48.716316,15807
58.929425,-48.716316,15828
59.76912,-48.716316,15866
60.608815,-48.716316,15878
61.448509,-48.716316,15900
62.288204,-48.716316,15923
63.127899,-48.716316,15965
63.967593,-48.716316,16038
64.807288,-49.55601,16097
65.646983,-49.55601,16163
66.486677,-49.55601,16230
67.326372,-49.55601,16282
BREAK
25.341639,-68.029293,18898
26.181334,-68.029293,19098
27.021028,-68.029293,19109
27.860723,-67.189598,19121
28.700418,-67.189598,19132
29.540112,-67.189598,19143
30.379807,-67.189598,19154
31.219502,-67.189598,19177
32.059196,-67.189598,19199
33.738586,-67.189598,19222
34.57828,-67.189598,19244
35.417975,-67.189598,19256
36.25767,-67.189598,19267
37.097364,-67.189598,19280
37.937059,-67.189598,19304
38.776754,-67.189598,19315
39.616448,-67.189598,19338
40.456143,-67.189598,19349
41.295838,-67.189598,19360
42.135532,-67.189598,19383
42.975227,-67.189598,19394
43.814922,-67.189598,19405
44.654616,-67.189598,19419
45.494311,-67.189598,19441
46.334005,-67.189598,19466
47.1737,-67.189598,19477
48.013395,-67.189598,19489
48.853089,-67.189598,19500
49.692784,-67.189598,19511
50.532479,-67.189598,19534
51.372173,-67.189598,19562
52.211868,-67.189598,19600
53.051563,-67.189598,19617
53.891257,-67.189598,19639
55.570647,-67.189598,19650
56.410341,-67.189598,19674
58.089731,-67.189598,19697
58.929425,-67.189598,19719
60.608815,-67.189598,19731
61.448509,-67.189598,19753
63.127899,-67.189598,19775
63.967593,-67.189598,19798
64.807288,-67.189598,19821
65.646983,-68.029293,19832
66.486677,-68.029293,19843
67.326372,-68.029293,19859
67.326372,-68.868987,19870
68.166067,-68.868987,19881
69.005761,-68.868987,19893
69.845456,-68.868987,19906
70.685151,-69.708682,19929
71.524845,-69.708682,19940
72.36454,-69.708682,19952
73.204234,-69.708682,19975
74.043929,-69.708682,20003
74.883624,-69.708682,20031
75.723318,-69.708682,20048
76.563013,-69.708682,20071
77.402708,-69.708682,20082
78.242402,-69.708682,20148
79.082097,-69.708682,20190
79.921792,-69.708682,20318
79.921792,-68.868987,20509
80.761486,-68.868987,20523
BREAK
