START
28.057867,-13.383289,0
28.057867,-14.372679,6
29.047257,-14.372679,22
29.047257,-15.362069,30
30.036647,-15.362069,37
30.036647,-16.351459,41
31.026037,-16.351459,44
31.026037,-17.340849,46
31.026037,-18.330239,51
32.015427,-18.330239,53
32.015427,-19.319629,64
33.004817,-19.319629,65
33.994207,-19.319629,67
33.994207,-20.309019,69
33.994207,-21.298408,71
34.983597,-21.298408,79
34.983597,-22.287798,82
BREAK
23.110918,-40.096817,492
24.100308,-40.096817,527
25.089698,-40.096817,536
26.079088,-40.096817,551
26.079088,-39.107427,565
27.068478,-39.107427,567
28.057867,-39.107427,573
29.047257,-38.118037,582
30.036647,-38.118037,601
31.026037,-37.128647,605
32.015427,-37.128647,611
32.015427,-36.139257,613
33.004817,-36.139257,619
33.994207,-35.149867,634
34.983597,-35.149867,638
35.972987,-35.149867,650
36.962377,-35.149867,659
37.951767,-35.149867,662
38.941157,-35.149867,672
39.930547,-35.149867,680
40.919936,-35.149867,688
41.909326,-35.149867,692
42.898716,-35.149867,700
43.888106,-35.149867,704
44.877496,-35.149867,707
45.866886,-35.149867,713
46.856276,-35.149867,719
47.845666,-35.149867,727
48.835056,-35.149867,731
49.824446,-35.149867,755
50.813836,-35.149867,770
50.813836,-36.139257,773
51.803226,-36.139257,775
51.803226,-37.128647,786
52.792615,-37.128647,788
52.792615,-38.118037,794
53.782005,-38.118037,797
54.771395,-39.107427,805
55.760785,-39.107427,810
56.750175,-39.107427,818
57.739565,-39.107427,819
58.728955,-39.107427,821
59.718345,-39.107427,839
60.707735,-39.107427,846
61.697125,-39.107427,852
62.686515,-39.107427,855
63.675905,-39.107427,864
64.665295,-39.107427,873
65.654684,-39.107427,886
66.644074,-39.107427,895
67.633464,-39.107427,904
67.633464,-38.118037,909
68.622854,-38.118037,912
69.612244,-37.128647,916
69.612244,-38.118037,986
68.622854,-38.118037,988
67.633464,-38.118037,990
67.633464,-39.107427,992
66.644074,-39.107427,994
65.654684,-39.107427,996
65.654684,-40.096817,998
64.665295,-41.086207,1000
62.686515,-41.086207,1004
62.686515,-42.075597,1006
61.697125,-42.075597,1008
61.697125,-43.064987,1012
59.718345,-44.054377,1015
58.728955,-44.054377,1019
58.728955,-45.043767,1021
57.739565,-45.043767,1023
56.750175,-47.022546,1024
55.760785,-47.022546,1027
54.771395,-47.022546,1031
54.771395,-48.011936,1033
53.782005,-48.011936,1035
53.782005,-49.001326,1039
52.792615,-49.001326,1041
52.792615,-49.990716,1044
51.803226,-49.990716,1048
50.813836,-49.990716,1051
50.813836,-50.980106,1056
49.824446,-50.980106,1059
49.824446,-51.969496,1068
48.835056,-51.969496,1071
47.845666,-51.969496,1076
47.845666,-52.958886,1081
46.856276,-53.948276,1085
45.866886,-54.937666,1094
44.877496,-55.927056,1100
43.888106,-55.927056,1103
43.888106,-56.916446,1105
42.898716,-56.916446,1107
41.909326,-57.905836,1112
40.919936,-57.905836,1115
40.919936,-58.895225,1119
39.930547,-58.895225,1121
39.930547,-59.884615,1126
38.941157,-59.884615,1128
38.941157,-60.874005,1133
38.941157,-61.863395,1145
37.951767,-61.863395,1155
37.951767,-62.852785,1158
37.951767,-63.842175,1165
37.951767,-64.831565,1174
37.951767,-65.820955,1182
37.951767,-66.810345,1188
37.951767,-67.799735,1191
37.951767,-68.789125,1197
38.941157,-69.778515,1204
38.941157,-70.767905,1208
38.941157,-71.757294,1213
39.930547,-71.757294,1217
39.930547,-72.746684,1219
39.930547,-73.736074,1222
40.919936,-73.736074,1227
40.919936,-74.725464,1229
41.909326,-74.725464,1231
41.909326,-75.714854,1234
42.898716,-75.714854,1240
42.898716,-77.693634,1242
43.888106,-77.693634,1248
43.888106,-78.683024,1250
44.877496,-78.683024,1252
44.877496,-79.672414,1256
44.877496,-80.661804,1260
45.866886,-80.661804,1262
46.856276,-80.661804,1269
45.866886,-83.629973,1272
46.856276,-83.629973,1277
46.856276,-84.619363,1279
47.845666,-84.619363,1283
48.835056,-84.619363,1287
49.824446,-84.619363,1289
50.813836,-84.619363,1293
51.803226,-84.619363,1296
52.792615,-85.608753,1298
53.782005,-85.608753,1301
54.771395,-85.608753,1305
55.760785,-85.608753,1307
56.750175,-86.598143,1311
57.739565,-86.598143,1315
57.739565,-87.587533,1317
58.728955,-87.587533,1319
59.718345,-87.587533,1322
60.707735,-87.587533,1326
61.697125,-87.587533,1330
62.686515,-87.587533,1332
63.675905,-87.587533,1336
64.665295,-87.587533,1340
65.654684,-87.587533,1342
66.644074,-87.587533,1346
67.633464,-87.587533,1348
68.622854,-87.587533,1352
69.612244,-87.587533,1354
70.601634,-87.587533,1358
71.591024,-87.587533,1362
72.580414,-87.587533,1364
73.569804,-87.587533,1369
74.559194,-87.587533,1376
75.548584,-87.587533,1382
76.537974,-87.587533,1385
77.527363,-87.587533,1391
77.527363,-86.598143,1471
BREAK
