START
46.856276,-23.277188,0
47.845666,-23.277188,25
48.835056,-24.266578,36
50.813836,-25.255968,65
50.813836,-26.245358,155
51.803226,-26.245358,188
51.803226,-25.255968,330
BREAK
34.983597,-44.054377,1292
34.983597,-43.064987,1325
34.983597,-41.086207,1399
35.972987,-41.086207,1523
36.962377,-41.086207,1625
36.962377,-40.096817,1636
37.951767,-40.096817,1675
38.941157,-40.096817,1686
39.930547,-40.096817,1734
40.919936,-40.096817,1814
42.898716,-40.096817,1888
43.888106,-40.096817,1937
44.877496,-40.096817,1970
45.866886,-40.096817,1995
47.845666,-40.096817,2028
48.835056,-40.096817,2054
49.824446,-40.096817,2066
50.813836,-40.096817,2093
51.803226,-40.096817,2105
52.792615,-40.096817,2118
53.782005,-40.096817,2143
55.760785,-40.096817,2169
56.750175,-40.096817,2196
57.739565,-40.096817,2208
58.728955,-40.096817,2234
59.718345,-40.096817,2248
60.707735,-40.096817,2275
61.697125,-40.096817,2286
62.686515,-40.096817,2315
63.675905,-40.096817,2345
64.665295,-40.096817,2378
65.654684,-40.096817,2435
65.654684,-41.086207,2519
63.675905,-41.086207,2669
62.686515,-42.075597,2736
60.707735,-44.054377,2816
59.718345,-44.054377,2890
59.718345,-46.033156,2940
57.739565,-46.033156,2964
57.739565,-47.022546,3009
56.750175,-47.022546,3044
55.760785,-47.022546,3081
55.760785,-48.011936,3106
54.771395,-48.011936,3197
54.771395,-49.001326,3222
54.771395,-49.990716,3249
53.782005,-49.990716,3260
52.792615,-49.990716,3316
51.803226,-50.980106,3329
50.813836,-50.980106,3342
49.824446,-50.980106,3352
48.835056,-51.969496,3380
47.845666,-52.958886,3408
46.856276,-52.958886,3420
45.866886,-52.958886,3457
44.877496,-53.948276,3471
43.888106,-53.948276,3484
41.909326,-54.937666,3508
40.919936,-54.937666,3603
39.930547,-55.927056,3653
39.930547,-56.916446,3677
38.941157,-57.905836,3727
38.941157,-58.895225,3753
38.941157,-59.884615,3766
38.941157,-60.874005,3804
37.951767,-61.863395,3817
37.951767,-62.852785,3830
37.951767,-63.842175,3869
36.962377,-64.831565,3894
36.962377,-65.820955,3904
36.962377,-66.810345,3967
35.972987,-67.799735,3992
35.972987,-68.789125,4019
35.972987,-69.778515,4030
35.972987,-70.767905,4057
35.972987,-71.757294,4067
35.972987,-72.746684,4092
35.972987,-73.736074,4127
35.972987,-74.725464,4138
35.972987,-75.714854,4180
35.972987,-76.704244,4192
35.972987,-77.693634,4203
36.962377,-78.683024,4243
36.962377,-79.672414,4254
36.962377,-80.661804,4285
38.941157,-80.661804,4297
38.941157,-81.651194,4342
39.930547,-81.651194,4368
41.909326,-82.640584,4379
43.888106,-83.629973,4405
44.877496,-83.629973,4417
45.866886,-84.619363,4444
46.856276,-84.619363,4455
48.835056,-85.608753,4482
50.813836,-85.608753,4496
51.803226,-86.598143,4520
52.792615,-86.598143,4532
54.771395,-87.587533,4570
55.760785,-87.587533,4595
56.750175,-87.587533,4622
57.739565,-87.587533,4701
58.728955,-87.587533,4714
59.718345,-87.587533,4728
60.707735,-87.587533,4739
61.697125,-87.587533,4765
61.697125,-88.576923,4791
63.675905,-88.576923,4818
64.665295,-87.587533,4867
65.654684,-87.587533,4907
66.644074,-87.587533,5008
67.633464,-87.587533,5063
68.622854,-87.587533,5112
69.612244,-87.587533,5162
70.601634,-87.587533,5253
71.591024,-87.587533,5320
71.591024,-86.598143,5394
72.580414,-86.598143,5429
BREAK
