START
44.75,-25.859438,0
44.75,-26.859438,399
44.75,-27.859438,417
44.75,-28.859438,426
44.75,-29.859438,436
44.75,-30.859438,446
44.75,-31.859438,456
44.75,-32.859438,648
44.75,-34.859438,658
44.75,-35.859438,675
44.75,-36.859438,701
44.75,-37.859438,711
44.75,-38.859438,777
44.75,-39.859438,786
44.75,-40.859438,825
44.75,-42.859438,843
44.75,-43.859438,852
44.75,-44.859438,867
44.75,-45.859438,885
44.75,-46.859438,895
44.75,-47.859438,905
44.75,-48.859438,914
44.75,-50.859438,923
44.75,-51.859438,933
44.75,-52.859438,942
44.75,-54.859438,952
44.75,-55.859438,961
44.75,-57.859438,971
44.75,-58.859438,980
44.75,-59.859438,993
44.75,-60.859438,1001
44.75,-61.859438,1024
44.75,-62.859438,1053
44.75,-63.859438,1062
44.75,-64.859438,1085
44.75,-66.859438,1095
44.75,-67.859438,1111
44.75,-68.859438,1130
44.75,-69.859438,1140
44.75,-70.859438,1167
44.75,-71.859438,1176
44.75,-72.859438,1209
44.75,-74.859438,1236
44.75,-75.859438,1248
44.75,-76.859438,1286
44.75,-77.859438,1294
44.75,-78.859438,1321
44.75,-79.859438,1345
44.75,-80.859438,1354
44.75,-82.859438,1382
44.75,-83.859438,1392
44.75,-84.859438,1458
44.75,-85.859438,1497
44.75,-86.859438,1528
44.75,-87.859438,1600
44.75,-88.859438,1698
BREAK
26.75,-46.859438,3157
28.75,-47.859438,3541
28.75,-48.859438,3562
29.75,-48.859438,3576
30.75,-48.859438,3602
31.75,-48.859438,3619
32.75,-48.859438,3627
33.75,-48.859438,3643
34.75,-48.859438,3660
35.75,-48.859438,3669
37.75,-48.859438,3709
38.75,-48.859438,3727
38.75,-49.859438,3736
39.75,-50.859438,3746
40.75,-50.859438,3758
41.75,-50.859438,3776
42.75,-50.859438,3785
43.75,-51.859438,3794
44.75,-52.859438,3811
45.75,-52.859438,3830
47.75,-52.859438,3839
48.75,-52.859438,3916
49.75,-52.859438,3925
50.75,-52.859438,3935
52.75,-52.859438,3944
55.75,-52.859438,3954
56.75,-52.859438,3964
57.75,-52.859438,3973
58.75,-52.859438,3983
60.75,-52.859438,3998
61.75,-52.859438,4008
62.75,-52.859438,4052
63.75,-52.859438,4136
64.75,-52.859438,4161
BREAK
