START
48.835056,-32.181698,0
49.824446,-32.181698,120
50.813836,-32.181698,128
51.803226,-32.181698,143
52.792615,-32.181698,168
53.782005,-32.181698,208
54.771395,-32.181698,223
55.760785,-32.181698,240
57.739565,-33.171088,255
58.728955,-33.171088,271
59.718345,-33.171088,295
60.707735,-33.171088,320
60.707735,-34.160477,360
60.707735,-35.149867,383
61.697125,-36.139257,408
62.686515,-36.139257,439
62.686515,-38.118037,471
62.686515,-39.107427,496
62.686515,-40.096817,511
62.686515,-41.086207,528
62.686515,-42.075597,559
62.686515,-44.054377,576
63.675905,-46.033156,608
63.675905,-47.022546,639
63.675905,-48.011936,679
63.675905,-49.990716,711
63.675905,-50.980106,744
63.675905,-51.969496,784
63.675905,-52.958886,839
63.675905,-53.948276,856
63.675905,-54.937666,927
61.697125,-54.937666,1343
60.707735,-54.937666,1368
59.718345,-54.937666,1423
58.728955,-54.937666,1431
57.739565,-54.937666,1463
56.750175,-54.937666,1471
54.771395,-54.937666,1480
53.782005,-54.937666,1488
52.792615,-54.937666,1496
51.803226,-54.937666,1503
50.813836,-54.937666,1511
49.824446,-54.937666,1519
48.835056,-54.937666,1536
47.845666,-54.937666,1544
46.856276,-54.937666,1559
44.877496,-54.937666,1608
43.888106,-54.937666,1624
42.898716,-54.937666,1631
41.909326,-54.937666,1648
40.919936,-54.937666,1664
39.930547,-54.937666,1671
38.941157,-53.948276,1759
37.951767,-52.958886,1784
36.962377,-51.969496,1799
36.962377,-50.980106,1824
36.962377,-49.990716,1887
36.962377,-49.001326,1912
36.962377,-48.011936,1920
36.962377,-47.022546,1936
BREAK
