START
52.792615,-14.372679,0
52.792615,-15.362069,163
52.792615,-16.351459,173
52.792615,-18.330239,184
52.792615,-19.319629,195
52.792615,-20.309019,206
52.792615,-22.287798,224
52.792615,-23.277188,235
52.792615,-24.266578,246
52.792615,-26.245358,256
52.792615,-27.234748,272
52.792615,-29.213528,283
52.792615,-30.202918,293
52.792615,-31.192308,304
52.792615,-32.181698,315
52.792615,-33.171088,326
52.792615,-34.160477,336
52.792615,-35.149867,352
52.792615,-37.128647,373
52.792615,-38.118037,383
52.792615,-39.107427,413
52.792615,-40.096817,443
52.792615,-41.086207,457
52.792615,-42.075597,467
52.792615,-43.064987,478
52.792615,-45.043767,489
52.792615,-46.033156,500
52.792615,-47.022546,515
52.792615,-48.011936,526
52.792615,-49.001326,540
52.792615,-49.990716,550
52.792615,-50.980106,576
52.792615,-51.969496,623
53.782005,-53.948276,833
53.782005,-54.937666,858
53.782005,-55.927056,881
53.782005,-56.916446,1033
53.782005,-57.905836,1043
54.771395,-58.895225,1063
54.771395,-59.884615,1077
54.771395,-61.863395,1087
54.771395,-62.852785,1098
54.771395,-63.842175,1109
54.771395,-64.831565,1128
BREAK
61.697125,-69.778515,1902
59.718345,-69.778515,2003
58.728955,-69.778515,2033
58.728955,-70.767905,2053
56.750175,-71.757294,2070
56.750175,-72.746684,2087
53.782005,-73.736074,2098
53.782005,-74.725464,2115
53.782005,-75.714854,2126
53.782005,-77.693634,2146
53.782005,-78.683024,2158
53.782005,-79.672414,2168
53.782005,-80.661804,2201
53.782005,-81.651194,2211
54.771395,-81.651194,2222
55.760785,-82.640584,2292
56.750175,-82.640584,2310
57.739565,-82.640584,2327
58.728955,-82.640584,2337
59.718345,-82.640584,2351
60.707735,-82.640584,2366
62.686515,-82.640584,2376
63.675905,-82.640584,2387
64.665295,-82.640584,2398
65.654684,-82.640584,2409
63.675905,-82.640584,2723
62.686515,-82.640584,2734
61.697125,-83.629973,2754
60.707735,-83.629973,2765
59.718345,-83.629973,2779
59.718345,-84.619363,2803
56.750175,-84.619363,2814
55.760785,-85.608753,2825
53.782005,-85.608753,2835
50.813836,-85.608753,2846
49.824446,-86.598143,2857
48.835056,-86.598143,2868
47.845666,-86.598143,2940
47.845666,-87.587533,3114
47.845666,-88.576923,3254
45.866886,-88.576923,3267
44.877496,-88.576923,3342
BREAK
