START
56.750175,-13.383289,0
56.750175,-14.372679,175
56.750175,-15.362069,199
56.750175,-16.351459,207
56.750175,-18.330239,217
56.750175,-19.319629,223
56.750175,-21.298408,232
56.750175,-22.287798,239
56.750175,-24.266578,247
56.750175,-25.255968,255
56.750175,-26.245358,263
56.750175,-27.234748,279
56.750175,-28.224138,287
56.750175,-29.213528,295
56.750175,-30.202918,304
56.750175,-31.192308,312
56.750175,-32.181698,320
56.750175,-33.171088,337
56.750175,-34.160477,344
56.750175,-35.149867,352
56.750175,-36.139257,361
56.750175,-37.128647,368
56.750175,-38.118037,377
56.750175,-40.096817,384
56.750175,-42.075597,402
56.750175,-43.064987,415
56.750175,-44.054377,424
56.750175,-45.043767,432
56.750175,-46.033156,447
56.750175,-47.022546,455
57.739565,-48.011936,464
57.739565,-49.001326,487
57.739565,-49.990716,519
57.739565,-50.980106,543
57.739565,-51.969496,568
57.739565,-52.958886,591
57.739565,-53.948276,607
57.739565,-54.937666,631
57.739565,-55.927056,647
57.739565,-56.916446,751
BREAK
59.718345,-68.789125,2151
59.718345,-67.799735,2270
57.739565,-67.799735,2398
56.750175,-67.799735,2446
55.760785,-67.799735,2486
55.760785,-66.810345,2494
53.782005,-66.810345,2719
53.782005,-67.799735,2774
52.792615,-67.799735,2856
52.792615,-68.789125,2863
51.803226,-68.789125,2871
51.803226,-69.778515,2905
50.813836,-69.778515,2951
50.813836,-70.767905,2959
50.813836,-71.757294,2983
50.813836,-72.746684,2991
50.813836,-73.736074,3008
50.813836,-74.725464,3023
50.813836,-75.714854,3031
50.813836,-76.704244,3047
51.803226,-76.704244,3063
51.803226,-77.693634,3087
52.792615,-77.693634,3239
53.782005,-77.693634,3263
54.771395,-77.693634,3289
55.760785,-77.693634,3329
56.750175,-77.693634,3340
57.739565,-77.693634,3350
58.728955,-77.693634,3374
59.718345,-77.693634,3406
60.707735,-77.693634,3486
58.728955,-77.693634,3750
56.750175,-77.693634,3774
56.750175,-78.683024,3790
54.771395,-78.683024,3838
54.771395,-79.672414,3958
53.782005,-79.672414,3966
53.782005,-80.661804,3974
51.803226,-80.661804,4206
BREAK
