START
15.027256,-17.614334,0
15.81271,-19.185243,10
17.383619,-19.970697,21
18.954528,-20.756152,43
19.739983,-20.756152,54
20.525437,-21.541606,65
20.525437,-22.327061,94
20.525437,-23.112516,116
21.310892,-23.89797,127
21.310892,-24.683425,138
21.310892,-25.468879,149
21.310892,-27.039788,178
22.096346,-27.825243,189
22.096346,-28.610697,200
22.096346,-29.396152,211
22.096346,-30.967061,240
BREAK
18.169074,-42.748879,602
19.739983,-40.392516,699
22.881801,-36.465243,710
26.023619,-33.323425,721
27.594528,-31.752516,732
29.165437,-30.181606,743
32.307256,-27.825243,754
32.307256,-27.039788,765
33.878165,-27.039788,776
35.449074,-27.039788,844
37.019983,-26.254334,855
40.161801,-26.254334,866
40.947256,-26.254334,877
42.518165,-25.468879,902
44.089074,-26.254334,946
45.659983,-27.039788,958
48.016346,-27.825243,968
50.37271,-29.396152,979
56.656346,-33.323425,990
62.154528,-35.679788,1001
62.939983,-37.250697,1012
64.510892,-38.036152,1023
66.081801,-39.607061,1034
66.081801,-40.392516,1045
66.081801,-41.17797,1060
66.081801,-44.319788,1082
65.296346,-45.890697,1093
64.510892,-48.247061,1104
62.939983,-50.603425,1126
62.939983,-51.388879,1137
62.154528,-51.388879,1148
59.798165,-52.959788,1159
58.227256,-52.959788,1172
55.870892,-54.530697,1183
54.299983,-55.316152,1194
51.943619,-56.101606,1205
49.587256,-56.887061,1216
49.587256,-57.672516,1227
49.587256,-56.887061,1282
49.587256,-56.101606,1293
49.587256,-51.388879,1304
50.37271,-46.676152,1315
52.729074,-41.17797,1326
56.656346,-34.894334,1337
60.583619,-29.396152,1348
62.939983,-26.254334,1359
66.867256,-23.112516,1370
67.65271,-21.541606,1381
69.223619,-20.756152,1392
70.009074,-20.756152,1421
70.009074,-19.970697,1432
70.794528,-19.970697,1443
71.579983,-19.970697,1459
72.365437,-19.970697,1470
73.150892,-19.970697,1481
76.29271,-20.756152,1492
79.434528,-21.541606,1503
81.790892,-22.327061,1514
81.790892,-23.89797,1597
81.790892,-25.468879,1608
81.005437,-27.039788,1619
81.005437,-28.610697,1629
81.005437,-29.396152,1640
81.005437,-31.752516,1651
81.005437,-34.108879,1662
81.005437,-34.894334,1673
81.005437,-35.679788,1684
81.005437,-37.250697,1695
81.005437,-38.036152,1706
81.005437,-38.821606,1741
80.219983,-38.821606,1782
79.434528,-38.821606,1793
77.863619,-39.607061,1804
73.936346,-39.607061,1815
BREAK
