START
29.188679,-29.405622,0
29.188679,-28.405622,9
29.188679,-30.405622,55
29.188679,-31.405622,65
29.188679,-32.405622,83
29.188679,-34.405622,102
29.188679,-36.405622,111
29.188679,-37.405622,121
29.188679,-38.405622,130
29.188679,-40.405622,139
29.188679,-42.405622,149
29.188679,-43.405622,158
29.188679,-44.405622,167
29.188679,-45.405622,177
29.188679,-46.405622,186
29.188679,-48.405622,195
29.188679,-49.405622,205
29.188679,-51.405622,214
29.188679,-52.405622,233
29.188679,-53.405622,242
29.188679,-54.405622,251
29.188679,-55.405622,261
29.188679,-56.405622,298
29.188679,-57.405622,363
30.188679,-57.405622,372
31.188679,-57.405622,391
32.188679,-57.405622,410
33.188679,-57.405622,428
34.188679,-57.405622,447
36.188679,-57.405622,456
37.188679,-57.405622,466
38.188679,-57.405622,484
39.188679,-57.405622,494
40.188679,-57.405622,559
41.188679,-57.405622,587
41.188679,-56.405622,596
41.188679,-55.405622,615
41.188679,-54.405622,624
41.188679,-53.405622,633
42.188679,-52.405622,643
42.188679,-51.405622,652
43.188679,-50.405622,671
43.188679,-49.405622,680
43.188679,-48.405622,689
43.188679,-47.405622,708
43.188679,-46.405622,717
43.188679,-45.405622,727
43.188679,-44.405622,736
43.188679,-43.405622,745
43.188679,-42.405622,764
43.188679,-41.405622,773
43.188679,-40.405622,867
43.188679,-42.405622,1016
43.188679,-43.405622,1025
44.188679,-44.405622,1034
45.188679,-44.405622,1044
46.188679,-45.405622,1053
47.188679,-46.405622,1062
47.188679,-48.405622,1071
48.188679,-49.405622,1081
49.188679,-49.405622,1090
50.188679,-50.405622,1099
51.188679,-51.405622,1109
51.188679,-52.405622,1118
51.188679,-53.405622,1127
51.188679,-54.405622,1146
51.188679,-55.405622,1155
51.188679,-56.405622,1165
52.188679,-57.405622,1174
53.188679,-57.405622,1230
53.188679,-58.405622,1249
54.188679,-58.405622,1267
55.188679,-58.405622,1277
56.188679,-58.405622,1286
57.188679,-58.405622,1305
58.188679,-58.405622,1323
59.188679,-58.405622,1333
60.188679,-58.405622,1342
61.188679,-58.405622,1351
62.188679,-57.405622,1370
64.188679,-56.405622,1379
65.188679,-56.405622,1388
66.188679,-55.405622,1398
67.188679,-54.405622,1407
68.188679,-53.405622,1416
69.188679,-52.405622,1426
70.188679,-52.405622,1435
71.188679,-50.405622,1444
72.188679,-48.405622,1463
73.188679,-47.405622,1472
74.188679,-46.405622,1482
74.188679,-45.405622,1491
74.188679,-44.405622,1510
74.188679,-43.405622,1519
74.188679,-42.405622,1528
74.188679,-41.405622,1538
74.188679,-40.405622,1556
74.188679,-39.405622,1575
74.188679,-38.405622,1584
74.188679,-37.405622,1594
74.188679,-36.405622,1603
74.188679,-35.405622,1640
74.188679,-34.405622,1659
74.188679,-33.405622,1678
74.188679,-32.405622,1687
74.188679,-31.405622,1706
74.188679,-30.405622,1715
74.188679,-29.405622,1724
73.188679,-28.405622,1733
72.188679,-28.405622,1752
71.188679,-27.405622,1771
71.188679,-26.405622,1789
70.188679,-26.405622,1799
69.188679,-25.405622,1808
68.188679,-24.405622,1836
67.188679,-24.405622,1845
67.188679,-23.405622,1855
66.188679,-23.405622,1864
65.188679,-22.405622,1873
64.188679,-21.405622,1883
63.188679,-21.405622,1892
62.188679,-21.405622,1901
62.188679,-20.405622,1911
61.188679,-20.405622,1920
60.188679,-20.405622,1939
59.188679,-19.405622,1948
58.188679,-19.405622,1967
57.188679,-19.405622,1985
56.188679,-19.405622,2097
BREAK
