START
36.188679,-17.405622,0
35.188679,-18.405622,10
34.188679,-18.405622,19
34.188679,-19.405622,30
BREAK
32.188679,-23.405622,71
31.188679,-24.405622,80
30.188679,-25.405622,91
30.188679,-26.405622,100
29.188679,-27.405622,111
28.188679,-28.405622,121
28.188679,-29.405622,131
27.188679,-30.405622,141
26.188679,-31.405622,151
26.188679,-32.405622,162
26.188679,-33.405622,172
26.188679,-34.405622,181
26.188679,-35.405622,192
26.188679,-36.405622,202
26.188679,-37.405622,222
26.188679,-38.405622,232
26.188679,-39.405622,243
26.188679,-40.405622,253
26.188679,-41.405622,263
26.188679,-42.405622,273
27.188679,-43.405622,283
27.188679,-44.405622,294
27.188679,-45.405622,303
27.188679,-46.405622,314
27.188679,-47.405622,324
27.188679,-48.405622,334
27.188679,-49.405622,344
27.188679,-50.405622,354
27.188679,-51.405622,365
28.188679,-52.405622,375
29.188679,-53.405622,385
30.188679,-54.405622,395
30.188679,-55.405622,405
31.188679,-56.405622,416
31.188679,-57.405622,426
32.188679,-58.405622,435
33.188679,-59.405622,446
34.188679,-60.405622,456
35.188679,-61.405622,466
36.188679,-62.405622,476
37.188679,-62.405622,486
38.188679,-63.405622,497
39.188679,-63.405622,507
40.188679,-63.405622,516
40.188679,-64.405622,527
41.188679,-64.405622,537
42.188679,-64.405622,548
43.188679,-64.405622,557
47.188679,-64.405622,567
48.188679,-64.405622,578
49.188679,-64.405622,588
50.188679,-64.405622,598
51.188679,-63.405622,608
52.188679,-62.405622,619
53.188679,-61.405622,629
54.188679,-60.405622,638
55.188679,-59.405622,649
55.188679,-58.405622,659
56.188679,-55.405622,670
56.188679,-54.405622,679
56.188679,-53.405622,689
56.188679,-52.405622,700
56.188679,-51.405622,710
56.188679,-50.405622,719
56.188679,-49.405622,730
56.188679,-46.405622,740
56.188679,-42.405622,751
56.188679,-41.405622,761
56.188679,-40.405622,770
56.188679,-39.405622,781
56.188679,-36.405622,791
56.188679,-33.405622,802
55.188679,-32.405622,811
54.188679,-31.405622,821
54.188679,-30.405622,832
53.188679,-29.405622,842
53.188679,-28.405622,852
52.188679,-27.405622,862
52.188679,-26.405622,872
51.188679,-26.405622,883
50.188679,-25.405622,892
49.188679,-25.405622,903
49.188679,-24.405622,913
48.188679,-23.405622,923
48.188679,-22.405622,933
47.188679,-22.405622,943
46.188679,-21.405622,964
45.188679,-21.405622,973
45.188679,-20.405622,984
45.188679,-19.405622,994
44.188679,-19.405622,1005
44.188679,-18.405622,1024
43.188679,-18.405622,1035
42.188679,-17.405622,1045
41.188679,-17.405622,1065
40.188679,-17.405622,1076
39.188679,-17.405622,1108
38.188679,-17.405622,1141
37.188679,-17.405622,1162
36.188679,-16.405622,1172
35.188679,-16.405622,1181
34.188679,-16.405622,1261
33.188679,-16.405622,1273
32.188679,-16.405622,1283
31.188679,-16.405622,1294
30.188679,-16.405622,1303
29.188679,-16.405622,1324
BREAK
57.188679,-33.405622,2186
57.188679,-32.405622,2196
57.188679,-31.405622,2235
58.188679,-31.405622,2249
58.188679,-30.405622,2267
58.188679,-29.405622,2278
58.188679,-28.405622,2288
59.188679,-28.405622,2299
59.188679,-27.405622,2318
59.188679,-26.405622,2337
59.188679,-25.405622,2348
59.188679,-24.405622,2359
60.188679,-23.405622,2369
61.188679,-22.405622,2389
62.188679,-21.405622,2399
62.188679,-20.405622,2420
63.188679,-19.405622,2440
63.188679,-18.405622,2450
64.188679,-18.405622,2461
65.188679,-18.405622,2480
65.188679,-17.405622,2491
66.188679,-16.405622,2501
66.188679,-15.405622,2522
67.188679,-15.405622,2542
68.188679,-15.405622,2552
68.188679,-14.405622,2562
69.188679,-14.405622,2572
70.188679,-14.405622,2593
71.188679,-14.405622,2602
72.188679,-14.405622,2613
73.188679,-14.405622,2628
74.188679,-14.405622,2658
75.188679,-14.405622,2678
76.188679,-14.405622,2688
77.188679,-14.405622,2699
78.188679,-14.405622,2709
BREAK
57.188679,-34.405622,3665
57.188679,-35.405622,3710
57.188679,-36.405622,3719
57.188679,-37.405622,3739
58.188679,-38.405622,3749
58.188679,-39.405622,3760
58.188679,-40.405622,3769
58.188679,-41.405622,3780
58.188679,-42.405622,3790
58.188679,-43.405622,3800
58.188679,-44.405622,3820
58.188679,-45.405622,3831
58.188679,-46.405622,3841
58.188679,-47.405622,3850
58.188679,-48.405622,3861
58.188679,-49.405622,3871
58.188679,-50.405622,3882
59.188679,-51.405622,3901
60.188679,-52.405622,3912
60.188679,-53.405622,3922
61.188679,-54.405622,3932
61.188679,-55.405622,3943
62.188679,-56.405622,3952
62.188679,-57.405622,3964
63.188679,-58.405622,3972
64.188679,-59.405622,3993
64.188679,-60.405622,4006
65.188679,-61.405622,4028
66.188679,-62.405622,4049
67.188679,-63.405622,4058
68.188679,-63.405622,4069
69.188679,-63.405622,4079
70.188679,-64.405622,4099
71.188679,-64.405622,4120
72.188679,-64.405622,4145
73.188679,-64.405622,4155
74.188679,-64.405622,4166
75.188679,-64.405622,4176
76.188679,-64.405622,4185
BREAK
