START
26.877358,-25.859438,0
27.877358,-25.859438,200
29.877358,-24.859438,208
30.877358,-23.859438,232
31.877358,-23.859438,240
32.877358,-23.859438,248
32.877358,-22.859438,264
33.877358,-22.859438,272
34.877358,-22.859438,296
35.877358,-22.859438,360
36.877358,-22.859438,384
37.877358,-22.859438,400
38.877358,-22.859438,408
39.877358,-22.859438,560
39.877358,-23.859438,592
39.877358,-25.859438,600
39.877358,-26.859438,623
39.877358,-28.859438,632
39.877358,-29.859438,648
39.877358,-30.859438,664
39.877358,-32.859438,672
39.877358,-33.859438,680
39.877358,-34.859438,696
39.877358,-36.859438,712
39.877358,-38.859438,728
39.877358,-40.859438,736
39.877358,-41.859438,752
39.877358,-42.859438,768
39.877358,-45.859438,776
39.877358,-46.859438,784
39.877358,-48.859438,800
39.877358,-51.859438,816
40.877358,-53.859438,848
40.877358,-54.859438,856
42.877358,-57.859438,872
43.877358,-59.859438,904
44.877358,-60.859438,912
44.877358,-61.859438,920
44.877358,-62.859438,936
45.877358,-64.859438,944
45.877358,-65.859438,976
45.877358,-66.859438,984
46.877358,-68.859438,1000
46.877358,-69.859438,1024
47.877358,-69.859438,1040
48.877358,-71.859438,1048
48.877358,-72.859438,1072
49.877358,-72.859438,1088
49.877358,-73.859438,1104
50.877358,-73.859438,1120
50.877358,-74.859438,1128
51.877358,-75.859438,1144
52.877358,-76.859438,1168
52.877358,-77.859438,1176
52.877358,-78.859438,1184
53.877358,-78.859438,1208
53.877358,-79.859438,1224
54.877358,-79.859438,1256
55.877358,-79.859438,1272
56.877358,-79.859438,1288
57.877358,-79.859438,1304
58.877358,-79.859438,1312
59.877358,-79.859438,1328
60.877358,-79.859438,1336
61.877358,-79.859438,1344
62.877358,-79.859438,1368
64.877358,-79.859438,1376
66.877358,-79.859438,1384
67.877358,-78.859438,1392
70.877358,-77.859438,1408
71.877358,-76.859438,1424
73.877358,-76.859438,1433
73.877358,-75.859438,1456
74.877358,-74.859438,1464
75.877358,-73.859438,1496
76.877358,-72.859438,1512
76.877358,-71.859438,1528
76.877358,-70.859438,1544
76.877358,-69.859438,1552
77.877358,-68.859438,1560
77.877358,-66.859438,1576
77.877358,-65.859438,1600
77.877358,-63.859438,1624
77.877358,-62.859438,1640
77.877358,-61.859438,1656
77.877358,-60.859438,1664
77.877358,-58.859438,1672
76.877358,-58.859438,1696
76.877358,-57.859438,1704
75.877358,-57.859438,1712
73.877358,-56.859438,1736
72.877358,-56.859438,1752
72.877358,-55.859438,1768
71.877358,-54.859438,1784
69.877358,-53.859438,1808
68.877358,-52.859438,1832
66.877358,-52.859438,1840
65.877358,-51.859438,1856
63.877358,-51.859438,1872
63.877358,-50.859438,1880
62.877358,-50.859438,1888
61.877358,-50.859438,1896
60.877358,-49.859438,1904
45.877358,-59.859438,3385
BREAK
