START
42.877358,-22.859438,0
42.877358,-23.859438,264
42.877358,-24.859438,288
42.877358,-25.859438,311
42.877358,-27.859438,336
42.877358,-28.859438,359
42.877358,-29.859438,375
42.877358,-30.859438,383
42.877358,-32.859438,392
42.877358,-33.859438,407
42.877358,-34.859438,415
43.877358,-36.859438,431
43.877358,-37.859438,440
43.877358,-38.859438,463
43.877358,-40.859438,479
43.877358,-41.859438,495
43.877358,-42.859438,503
43.877358,-43.859438,519
43.877358,-45.859438,528
43.877358,-46.859438,535
43.877358,-47.859438,543
43.877358,-49.859438,560
43.877358,-50.859438,567
43.877358,-51.859438,583
43.877358,-52.859438,591
43.877358,-54.859438,599
43.877358,-55.859438,607
43.877358,-56.859438,615
43.877358,-58.859438,623
43.877358,-59.859438,631
43.877358,-60.859438,656
43.877358,-61.859438,672
42.877358,-63.859438,679
41.877358,-64.859438,687
41.877358,-65.859438,703
41.877358,-67.859438,720
41.877358,-68.859438,727
41.877358,-69.859438,735
41.877358,-70.859438,743
41.877358,-71.859438,751
42.877358,-72.859438,759
42.877358,-73.859438,767
42.877358,-74.859438,775
42.877358,-75.859438,791
42.877358,-77.859438,799
42.877358,-78.859438,831
42.877358,-79.859438,855
42.877358,-81.859438,871
42.877358,-82.859438,879
42.877358,-83.859438,895
42.877358,-84.859438,911
42.877358,-86.859438,927
42.877358,-87.859438,943
42.877358,-88.859438,959
BREAK
45.877358,-65.859438,2087
45.877358,-63.859438,2095
46.877358,-63.859438,2239
47.877358,-62.859438,2247
47.877358,-61.859438,2255
48.877358,-61.859438,2279
49.877358,-60.859438,2287
50.877358,-60.859438,2311
50.877358,-59.859438,2319
51.877358,-58.859438,2335
52.877358,-57.859438,2359
53.877358,-57.859438,2391
54.877358,-56.859438,2399
54.877358,-55.859438,2407
54.877358,-54.859438,2423
55.877358,-54.859438,2439
57.877358,-54.859438,2511
58.877358,-55.859438,2527
59.877358,-55.859438,2535
60.877358,-55.859438,2543
61.877358,-55.859438,2551
63.877358,-55.859438,2559
64.877358,-55.859438,2583
65.877358,-55.859438,2623
67.877358,-55.859438,2631
68.877358,-56.859438,2647
69.877358,-56.859438,2655
70.877358,-57.859438,2687
71.877358,-57.859438,2695
71.877358,-58.859438,2711
72.877358,-58.859438,2719
71.877358,-58.859438,2743
71.877358,-59.859438,2751
72.877358,-59.859438,2759
73.877358,-61.859438,2775
74.877358,-61.859438,2791
74.877358,-62.859438,2799
75.877358,-62.859438,2807
75.877358,-63.859438,2823
75.877358,-64.859438,2839
75.877358,-65.859438,2855
76.877358,-65.859438,2863
76.877358,-66.859438,2871
75.877358,-66.859438,2887
75.877358,-68.859438,2911
75.877358,-69.859438,2927
75.877358,-70.859438,2935
75.877358,-71.859438,2959
75.877358,-73.859438,2983
75.877358,-74.859438,3007
75.877358,-75.859438,3015
75.877358,-77.859438,3039
75.877358,-78.859438,3047
74.877358,-78.859438,3063
73.877358,-79.859438,3071
73.877358,-80.859438,3079
73.877358,-81.859438,3111
73.877358,-83.859438,3135
72.877358,-83.859438,3151
71.877358,-84.859438,3159
70.877358,-85.859438,3175
70.877358,-86.859438,3183
68.877358,-86.859438,3199
67.877358,-87.859438,3215
66.877358,-87.859438,3231
65.877358,-87.859438,3255
64.877358,-87.859438,3263
64.877358,-88.859438,3279
62.877358,-88.859438,3295
61.877358,-89.859438,3311
60.877358,-89.859438,3335
59.877358,-89.859438,3351
57.877358,-89.859438,3383
56.877358,-89.859438,3399
55.877358,-89.859438,3407
53.877358,-89.859438,3423
52.877358,-89.859438,3455
51.877358,-89.859438,3471
50.877358,-89.859438,3527
49.877358,-88.859438,3687
48.877358,-87.859438,3719
47.877358,-87.859438,3751
46.877358,-86.859438,3775
45.877358,-86.859438,3823
BREAK
31.877358,-16.859438,5063
32.877358,-16.859438,5166
34.877358,-16.859438,5183
35.877358,-17.859438,5207
36.877358,-17.859438,5215
37.877358,-17.859438,5223
37.877358,-18.859438,5231
BREAK
34.877358,-11.859438,6183
34.877358,-10.859438,6214
35.877358,-10.859438,6262
35.877358,-11.859438,6302
37.877358,-12.859438,6310
37.877358,-13.859438,6382
38.877358,-13.859438,6430
38.877358,-14.859438,6478
39.877358,-14.859438,6486
39.877358,-15.859438,6494
40.877358,-15.859438,6502
41.877358,-16.859438,6582
41.877358,-17.859438,6590
BREAK
