START
29.108491,-80.281124,0
29.108491,-79.281124,319
29.108491,-78.281124,332
28.108491,-78.281124,346
28.108491,-77.281124,365
27.108491,-77.281124,379
26.108491,-76.281124,391
26.108491,-75.281124,411
25.108491,-75.281124,431
24.108491,-74.281124,444
23.108491,-74.281124,458
23.108491,-73.281124,471
22.108491,-72.281124,484
21.108491,-72.281124,497
21.108491,-71.281124,511
20.108491,-71.281124,530
19.108491,-70.281124,544
19.108491,-69.281124,583
18.108491,-69.281124,602
18.108491,-68.281124,615
17.108491,-68.281124,629
17.108491,-67.281124,654
17.108491,-66.281124,681
17.108491,-65.281124,694
17.108491,-64.281124,721
17.108491,-63.281124,761
17.108491,-62.281124,806
17.108491,-61.281124,819
17.108491,-60.281124,846
17.108491,-59.281124,859
17.108491,-58.281124,872
17.108491,-57.281124,898
17.108491,-56.281124,926
17.108491,-54.281124,977
18.108491,-53.281124,1005
18.108491,-52.281124,1017
18.108491,-51.281124,1031
19.108491,-49.281124,1044
20.108491,-49.281124,1058
20.108491,-48.281124,1070
20.108491,-47.281124,1084
21.108491,-47.281124,1098
21.108491,-46.281124,1110
22.108491,-46.281124,1137
23.108491,-45.281124,1183
24.108491,-45.281124,1209
25.108491,-44.281124,1222
26.108491,-44.281124,1249
28.108491,-44.281124,1275
29.108491,-43.281124,1302
30.108491,-43.281124,1328
31.108491,-43.281124,1342
32.108491,-43.281124,1354
33.108491,-43.281124,1382
33.108491,-42.281124,1427
34.108491,-42.281124,1459
35.108491,-42.281124,1473
36.108491,-42.281124,1506
37.108491,-43.281124,1647
37.108491,-44.281124,1661
38.108491,-45.281124,1674
39.108491,-46.281124,1687
39.108491,-47.281124,1700
40.108491,-48.281124,1714
41.108491,-49.281124,1740
41.108491,-50.281124,1754
41.108491,-51.281124,1766
42.108491,-52.281124,1780
42.108491,-54.281124,1807
43.108491,-54.281124,1820
43.108491,-55.281124,1840
43.108491,-56.281124,1880
43.108491,-57.281124,1892
43.108491,-56.281124,2086
43.108491,-55.281124,2099
43.108491,-53.281124,2112
43.108491,-52.281124,2125
44.108491,-50.281124,2139
44.108491,-49.281124,2152
44.108491,-47.281124,2165
44.108491,-46.281124,2179
44.108491,-45.281124,2192
45.108491,-42.281124,2205
46.108491,-41.281124,2219
46.108491,-40.281124,2231
46.108491,-39.281124,2245
46.108491,-38.281124,2285
46.108491,-37.281124,2298
46.108491,-36.281124,2337
46.108491,-35.281124,2364
47.108491,-34.281124,2391
47.108491,-33.281124,2403
48.108491,-33.281124,2417
49.108491,-33.281124,2430
50.108491,-33.281124,2443
50.108491,-32.281124,2488
51.108491,-32.281124,2508
52.108491,-32.281124,2535
53.108491,-32.281124,2548
54.108491,-32.281124,2625
55.108491,-32.281124,2639
56.108491,-33.281124,2651
57.108491,-34.281124,2665
58.108491,-36.281124,2678
60.108491,-38.281124,2691
61.108491,-39.281124,2705
62.108491,-41.281124,2718
63.108491,-42.281124,2731
64.108491,-43.281124,2745
65.108491,-44.281124,2758
65.108491,-46.281124,2770
66.108491,-47.281124,2784
67.108491,-47.281124,2798
67.108491,-49.281124,2810
68.108491,-50.281124,2824
69.108491,-51.281124,2837
70.108491,-52.281124,2850
70.108491,-53.281124,2864
70.108491,-54.281124,2891
70.108491,-56.281124,2903
70.108491,-57.281124,2931
70.108491,-58.281124,2943
71.108491,-59.281124,2957
71.108491,-60.281124,2983
72.108491,-61.281124,2996
72.108491,-62.281124,3010
72.108491,-64.281124,3036
72.108491,-65.281124,3082
72.108491,-66.281124,3121
72.108491,-67.281124,3147
72.108491,-68.281124,3161
72.108491,-69.281124,3174
72.108491,-70.281124,3201
71.108491,-70.281124,3214
71.108491,-71.281124,3233
70.108491,-71.281124,3247
69.108491,-71.281124,3260
69.108491,-72.281124,3273
68.108491,-72.281124,3287
67.108491,-72.281124,3326
66.108491,-72.281124,3340
65.108491,-72.281124,3366
63.108491,-73.281124,3392
62.108491,-73.281124,3419
61.108491,-73.281124,3491
60.108491,-73.281124,3504
59.108491,-73.281124,3531
59.108491,-74.281124,3544
58.108491,-74.281124,3558
58.108491,-75.281124,3570
56.108491,-75.281124,3584
56.108491,-77.281124,3597
54.108491,-77.281124,3610
54.108491,-78.281124,3624
53.108491,-78.281124,3745
52.108491,-78.281124,3912
51.108491,-78.281124,3926
BREAK
18.108491,-46.281124,4723
19.108491,-46.281124,4743
19.108491,-45.281124,4781
19.108491,-44.281124,4794
19.108491,-43.281124,4820
20.108491,-42.281124,4834
20.108491,-41.281124,4848
20.108491,-40.281124,4874
20.108491,-39.281124,4906
20.108491,-38.281124,4946
20.108491,-37.281124,4959
20.108491,-36.281124,4992
20.108491,-35.281124,5018
20.108491,-34.281124,5058
20.108491,-33.281124,5071
20.108491,-32.281124,5104
20.108491,-31.281124,5117
21.108491,-29.281124,5143
21.108491,-28.281124,5157
21.108491,-27.281124,5170
21.108491,-26.281124,5197
21.108491,-25.281124,5224
21.108491,-24.281124,5263
22.108491,-23.281124,5289
23.108491,-23.281124,5315
23.108491,-22.281124,5329
24.108491,-22.281124,5368
26.108491,-21.281124,5401
28.108491,-20.281124,5414
30.108491,-20.281124,5428
31.108491,-19.281124,5454
32.108491,-19.281124,5500
33.108491,-19.281124,5514
34.108491,-19.281124,5526
36.108491,-18.281124,5553
37.108491,-18.281124,5579
37.108491,-17.281124,5605
38.108491,-17.281124,5619
39.108491,-17.281124,5632
40.108491,-17.281124,5645
41.108491,-16.281124,5658
42.108491,-16.281124,5685
43.108491,-16.281124,5698
44.108491,-16.281124,5737
45.108491,-15.281124,5751
46.108491,-15.281124,5765
47.108491,-14.281124,5777
47.108491,-13.281124,5791
47.108491,-12.281124,5920
47.108491,-11.281124,5991
48.108491,-11.281124,6004
49.108491,-9.2811245,6018
51.108491,-8.2811245,6030
52.108491,-7.2811245,6044
53.108491,-7.2811245,6083
BREAK
