START
44.528302,-19.686747,0
46.528302,-22.686747,32
48.528302,-35.686747,61
50.528302,-47.686747,90
51.528302,-50.686747,92
51.528302,-58.686747,120
52.528302,-69.686747,149
52.528302,-73.686747,176
52.528302,-74.686747,180
53.528302,-77.686747,207
53.528302,-78.686747,236
53.528302,-77.686747,380
53.528302,-76.686747,407
BREAK
47.528302,-37.686747,4125
43.528302,-42.686747,4188
40.528302,-46.686747,4218
39.528302,-48.686747,4246
38.528302,-49.686747,4274
37.528302,-51.686747,4302
37.528302,-52.686747,4316
36.528302,-52.686747,4347
41.528302,-54.686747,4472
42.528302,-55.686747,4502
43.528302,-57.686747,4532
44.528302,-57.686747,4534
46.528302,-58.686747,4562
46.528302,-59.686747,4590
48.528302,-60.686747,4618
49.528302,-60.686747,4620
50.528302,-61.686747,4648
51.528302,-61.686747,4652
51.528302,-62.686747,4681
52.528302,-62.686747,4769
53.528302,-62.686747,4772
55.528302,-63.686747,4801
55.528302,-64.686747,4804
57.528302,-64.686747,4832
58.528302,-63.686747,5062
58.528302,-61.686747,5068
60.528302,-56.686747,5096
62.528302,-53.686747,5126
63.528302,-50.686747,5156
64.528302,-47.686747,5188
65.528302,-47.686747,5220
65.528302,-46.686747,5405
60.528302,-45.686747,5435
59.528302,-44.686747,5438
55.528302,-42.686747,5465
54.528302,-41.686747,5493
53.528302,-41.686747,5521
52.528302,-40.686747,5549
51.528302,-39.686747,5578
50.528302,-39.686747,5580
BREAK
