START
48.205526,-31.181021,0
48.205526,-32.706627,42
48.205526,-33.46943,53
48.205526,-34.232234,79
48.968329,-35.75784,93
48.968329,-37.283446,111
50.493935,-41.097463,128
51.256739,-42.623069,140
51.256739,-43.385872,156
51.256739,-44.911479,189
52.019542,-45.674282,208
52.019542,-47.199889,232
52.782345,-48.725495,254
52.782345,-49.488298,274
52.782345,-50.251101,297
53.545148,-51.776708,318
54.307951,-53.302314,338
55.070755,-56.353527,358
55.833558,-56.353527,388
55.833558,-57.116331,403
56.596361,-58.641937,444
56.596361,-60.167543,476
58.121968,-61.69315,499
58.121968,-63.218756,519
58.884771,-63.98156,540
58.884771,-64.744363,581
59.647574,-66.269969,600
60.410377,-67.032773,621
61.173181,-67.795576,639
61.173181,-68.558379,677
61.935984,-70.083986,734
62.698787,-72.372395,755
63.46159,-73.135198,780
63.46159,-73.898002,797
63.46159,-74.660805,913
64.987197,-76.949215,934
66.512803,-80.000428,954
66.512803,-81.526034,975
66.512803,-82.288837,994
67.275606,-82.288837,1018
67.275606,-81.526034,1239
67.275606,-80.763231,1260
67.275606,-80.000428,1306
67.275606,-79.237624,1355
67.275606,-78.474821,1436
68.03841,-76.949215,1456
68.03841,-74.660805,1477
68.03841,-73.135198,1496
68.801213,-72.372395,1514
69.564016,-70.846789,1539
69.564016,-70.083986,1551
71.089623,-68.558379,1564
71.089623,-67.032773,1577
71.852426,-67.032773,1591
71.852426,-66.269969,1603
72.615229,-65.507166,1619
72.615229,-63.98156,1650
74.903639,-60.930347,1668
75.666442,-59.40474,1680
77.192049,-57.879134,1693
77.192049,-57.116331,1704
77.192049,-56.353527,1716
77.954852,-55.590724,1731
77.954852,-54.827921,1764
77.954852,-54.065118,1785
79.480458,-53.302314,1805
79.480458,-52.539511,1818
80.243261,-51.776708,1831
81.006065,-51.013905,1848
81.006065,-50.251101,1870
81.006065,-49.488298,1954
81.768868,-49.488298,1995
82.531671,-47.962692,2016
83.294474,-45.674282,2030
83.294474,-44.911479,2061
83.294474,-44.148676,2102
84.057278,-43.385872,2146
84.820081,-42.623069,2167
84.820081,-41.860266,2188
84.820081,-41.097463,2209
84.820081,-40.334659,2255
85.582884,-40.334659,2275
85.582884,-39.571856,2298
86.345687,-35.75784,2320
87.108491,-34.232234,2342
87.108491,-33.46943,2362
87.871294,-32.706627,2382
87.871294,-31.943824,2406
87.871294,-31.181021,2426
87.871294,-30.418217,2510
87.871294,-29.655414,2663
87.108491,-29.655414,2810
86.345687,-29.655414,2831
85.582884,-29.655414,2847
84.820081,-29.655414,2884
84.057278,-29.655414,2905
81.768868,-29.655414,2926
79.480458,-29.655414,2949
77.954852,-29.655414,2966
77.192049,-29.655414,2996
76.429245,-29.655414,3017
75.666442,-29.655414,3036
71.852426,-29.655414,3085
71.089623,-29.655414,3093
70.326819,-29.655414,3122
69.564016,-29.655414,3154
68.03841,-29.655414,3170
67.275606,-29.655414,3186
65.75,-28.892611,3205
64.987197,-28.892611,3226
63.46159,-28.892611,3249
62.698787,-28.892611,3290
61.935984,-28.892611,3314
61.173181,-28.892611,3331
60.410377,-28.892611,3349
59.647574,-28.892611,3393
58.884771,-28.892611,3485
58.121968,-28.892611,3506
56.596361,-28.892611,3528
55.070755,-28.892611,3547
54.307951,-28.892611,3578
53.545148,-28.892611,3600
52.782345,-28.892611,3675
51.256739,-28.892611,3734
50.493935,-28.892611,3749
49.731132,-28.892611,3759
48.968329,-28.892611,3774
48.205526,-28.892611,3826
47.442722,-28.892611,3966
47.442722,-29.655414,3986
BREAK
35.237871,-29.655414,5177
35.237871,-28.892611,5196
35.237871,-28.129808,5216
35.237871,-28.892611,5415
35.237871,-29.655414,5459
35.237871,-30.418217,5483
35.237871,-31.943824,5505
35.237871,-32.706627,5525
35.237871,-34.232234,5563
35.237871,-35.75784,5606
35.237871,-36.520643,5650
35.237871,-37.283446,5693
35.237871,-39.571856,5714
35.237871,-41.860266,5735
35.237871,-42.623069,5751
35.237871,-43.385872,5812
35.237871,-44.148676,5854
35.237871,-44.911479,5899
34.475067,-49.488298,5918
34.475067,-51.013905,5941
34.475067,-52.539511,5962
33.712264,-53.302314,6004
33.712264,-54.065118,6166
33.712264,-54.827921,6239
33.712264,-55.590724,6495
BREAK
15.404987,-28.129808,7913
15.404987,-28.892611,7954
15.404987,-29.655414,7975
15.404987,-31.181021,8019
15.404987,-31.943824,8050
16.16779,-31.943824,8064
16.16779,-33.46943,8106
16.16779,-34.232234,8126
16.930593,-34.995037,8146
16.930593,-36.520643,8167
17.693396,-36.520643,8213
17.693396,-37.283446,8230
17.693396,-38.04625,8251
18.456199,-39.571856,8275
18.456199,-44.148676,8298
19.219003,-45.674282,8317
19.219003,-46.437085,8338
19.219003,-47.962692,8362
19.219003,-48.725495,8416
19.219003,-49.488298,8542
19.219003,-50.251101,8577
19.219003,-51.013905,8866
19.219003,-51.776708,9030
19.219003,-52.539511,9155
BREAK
