START
23.258954,-31.641447,0
24.225056,-31.641447,93
25.191158,-31.641447,114
27.123361,-31.641447,125
30.021666,-31.641447,135
33.886073,-31.641447,145
35.818276,-31.641447,156
38.716581,-31.641447,166
41.614886,-31.641447,177
43.54709,-31.641447,187
45.479293,-31.641447,198
47.411497,-31.641447,208
49.3437,-31.641447,219
50.309802,-31.641447,229
51.275903,-31.641447,239
52.242005,-31.641447,250
54.174209,-31.641447,260
56.106412,-31.641447,281
57.072514,-31.641447,292
58.038615,-31.641447,302
59.004717,-31.641447,313
59.970819,-31.641447,344
60.93692,-31.641447,365
61.903022,-31.641447,375
62.869124,-31.641447,386
63.835225,-31.641447,407
64.801327,-31.641447,417
65.767429,-31.641447,428
67.699632,-31.641447,438
69.631836,-31.641447,449
71.564039,-31.641447,459
72.530141,-31.641447,469
74.462344,-31.641447,480
75.428446,-31.641447,490
76.394547,-31.641447,501
77.360649,-31.641447,532
80.258954,-31.641447,794
82.191158,-31.641447,804
85.089463,-31.641447,814
87.021666,-31.641447,824
87.987768,-31.641447,835
89.919971,-31.641447,845
BREAK
47.411497,-33.573651,2027
47.411497,-34.539752,2131
47.411497,-36.471956,2141
47.411497,-37.438057,2162
47.411497,-38.404159,2183
47.411497,-40.336362,2193
47.411497,-41.302464,2204
47.411497,-42.268566,2224
47.411497,-43.234667,2266
47.411497,-44.200769,2287
47.411497,-45.166871,2329
47.411497,-46.132973,2339
47.411497,-47.099074,2371
47.411497,-48.065176,2391
47.411497,-49.031278,2423
47.411497,-49.997379,2433
47.411497,-50.963481,2454
47.411497,-51.929583,2465
47.411497,-52.895684,2475
47.411497,-53.861786,2506
47.411497,-54.827888,2569
47.411497,-55.79399,2600
47.411497,-56.760091,2632
47.411497,-57.726193,2695
47.411497,-58.692295,2757
BREAK
26.157259,-11.353312,4785
27.123361,-11.353312,4837
27.123361,-12.319413,4920
27.123361,-13.285515,4941
28.089463,-13.285515,4951
28.089463,-14.251617,5035
29.055564,-14.251617,5045
30.021666,-15.217718,5087
30.021666,-16.18382,5129
30.987768,-16.18382,5150
31.95387,-16.18382,5192
31.95387,-17.149922,5212
32.919971,-17.149922,5233
33.886073,-18.116023,5255
34.852175,-18.116023,5275
34.852175,-19.082125,5296
35.818276,-19.082125,5306
36.784378,-20.048227,5369
37.75048,-20.048227,5411
37.75048,-21.014329,5432
38.716581,-21.014329,5442
39.682683,-21.014329,5463
40.648785,-21.98043,5474
41.614886,-21.98043,5484
42.580988,-21.98043,5495
43.54709,-22.946532,5505
44.513192,-22.946532,5526
45.479293,-22.946532,5547
46.445395,-23.912634,5557
47.411497,-23.912634,5568
48.377598,-23.912634,5578
49.3437,-23.912634,5610
50.309802,-23.912634,5641
52.242005,-23.912634,5662
53.208107,-23.912634,5683
54.174209,-23.912634,5714
55.14031,-23.912634,5735
56.106412,-23.912634,5767
57.072514,-23.912634,5777
58.038615,-23.912634,5798
59.004717,-23.912634,5829
59.970819,-23.912634,5850
60.93692,-23.912634,5881
61.903022,-23.912634,5913
62.869124,-23.912634,5923
63.835225,-23.912634,5954
65.767429,-23.912634,5986
66.733531,-23.912634,6017
67.699632,-23.912634,6048
68.665734,-23.912634,6069
69.631836,-23.912634,6080
70.597937,-23.912634,6101
71.564039,-23.912634,6352
72.530141,-23.912634,6362
73.496242,-23.912634,6372
75.428446,-23.912634,6383
75.428446,-24.878735,6393
76.394547,-24.878735,6404
77.360649,-24.878735,6435
78.326751,-24.878735,6467
79.292853,-24.878735,6498
80.258954,-25.844837,6655
81.225056,-25.844837,6675
81.225056,-26.810939,6686
82.191158,-26.810939,6707
82.191158,-27.77704,6916
82.191158,-28.743142,6999
BREAK
47.411497,-52.895684,10061
47.411497,-53.861786,10134
47.411497,-54.827888,10165
47.411497,-55.79399,10196
47.411497,-56.760091,10217
47.411497,-57.726193,10227
47.411497,-58.692295,10280
48.377598,-58.692295,10353
48.377598,-59.658396,10374
48.377598,-60.624498,10447
49.3437,-60.624498,10478
49.3437,-61.5906,10530
50.309802,-61.5906,10572
51.275903,-61.5906,10645
52.242005,-61.5906,10708
53.208107,-61.5906,10739
54.174209,-61.5906,10750
55.14031,-61.5906,10792
56.106412,-61.5906,10844
57.072514,-61.5906,10865
58.038615,-61.5906,10886
59.004717,-61.5906,10927
59.970819,-61.5906,10959
60.93692,-61.5906,10990
61.903022,-60.624498,11032
62.869124,-59.658396,11105
63.835225,-58.692295,11115
64.801327,-58.692295,11168
64.801327,-57.726193,11178
64.801327,-56.760091,11189
64.801327,-55.79399,11230
65.767429,-55.79399,11262
65.767429,-54.827888,11272
65.767429,-53.861786,11293
65.767429,-52.895684,11303
65.767429,-51.929583,11345
65.767429,-50.963481,11408
65.767429,-49.997379,11429
65.767429,-49.031278,11460
65.767429,-48.065176,11502
65.767429,-47.099074,11533
65.767429,-46.132973,11586
65.767429,-45.166871,11596
65.767429,-46.132973,11951
BREAK
25.191158,-53.861786,13874
25.191158,-54.827888,13957
25.191158,-55.79399,13978
25.191158,-56.760091,13999
25.191158,-57.726193,14020
25.191158,-58.692295,14030
25.191158,-59.658396,14041
25.191158,-60.624498,14072
25.191158,-61.5906,14103
25.191158,-62.556701,14124
25.191158,-63.522803,14145
25.191158,-64.488905,14156
25.191158,-65.455006,14176
25.191158,-66.421108,14250
25.191158,-67.38721,14270
25.191158,-68.353312,14312
26.157259,-68.353312,14333
26.157259,-69.319413,14344
26.157259,-70.285515,14375
27.123361,-70.285515,14385
27.123361,-71.251617,14396
27.123361,-72.217718,14448
28.089463,-72.217718,14459
29.055564,-72.217718,14501
29.055564,-73.18382,14521
30.021666,-73.18382,14532
30.021666,-74.149922,14542
30.987768,-74.149922,14553
31.95387,-75.116023,14574
32.919971,-76.082125,14594
33.886073,-76.082125,14605
34.852175,-76.082125,14626
35.818276,-77.048227,14688
36.784378,-77.048227,14699
37.75048,-78.98043,14709
39.682683,-79.946532,14730
40.648785,-79.946532,14751
40.648785,-80.912634,14762
41.614886,-80.912634,14772
42.580988,-80.912634,14793
43.54709,-81.878735,14803
44.513192,-81.878735,14824
45.479293,-81.878735,14877
46.445395,-81.878735,14897
48.377598,-81.878735,15086
50.309802,-81.878735,15096
51.275903,-81.878735,15107
52.242005,-81.878735,15117
53.208107,-81.878735,15128
54.174209,-81.878735,15148
55.14031,-80.912634,15169
56.106412,-80.912634,15180
57.072514,-80.912634,15190
58.038615,-80.912634,15200
59.004717,-79.946532,15211
59.970819,-79.946532,15232
60.93692,-79.946532,15253
61.903022,-79.946532,15263
62.869124,-78.98043,15274
63.835225,-78.98043,15295
64.801327,-78.014329,15315
65.767429,-78.014329,15336
66.733531,-78.014329,15347
66.733531,-77.048227,15357
67.699632,-77.048227,15368
68.665734,-76.082125,15389
69.631836,-75.116023,15431
70.597937,-74.149922,15451
70.597937,-73.18382,15483
70.597937,-72.217718,15504
71.564039,-71.251617,15525
71.564039,-70.285515,15546
71.564039,-69.319413,15566
71.564039,-68.353312,15598
72.530141,-67.38721,15618
72.530141,-66.421108,15629
72.530141,-65.455006,15660
72.530141,-64.488905,15692
72.530141,-63.522803,15723
72.530141,-62.556701,15744
72.530141,-61.5906,15755
72.530141,-60.624498,15775
72.530141,-59.658396,15827
72.530141,-58.692295,15848
72.530141,-57.726193,15890
72.530141,-56.760091,15922
72.530141,-55.79399,15953
72.530141,-54.827888,15974
72.530141,-53.861786,16005
72.530141,-52.895684,16068
72.530141,-51.929583,16110
72.530141,-50.963481,16120
72.530141,-49.997379,16162
72.530141,-49.031278,16214
71.564039,-49.031278,16350
71.564039,-48.065176,16360
70.597937,-48.065176,16371
69.631836,-48.065176,16392
69.631836,-47.099074,16402
68.665734,-47.099074,16413
67.699632,-47.099074,16454
67.699632,-46.132973,16507
68.665734,-47.099074,16831
BREAK
