START
21.326751,-11.353312,0
22.292853,-11.353312,120
23.258954,-11.353312,128
24.225056,-11.353312,144
25.191158,-11.353312,168
26.157259,-11.353312,184
26.157259,-12.319413,192
27.123361,-12.319413,208
27.123361,-13.285515,218
28.089463,-13.285515,226
30.021666,-14.251617,240
30.987768,-15.217718,248
31.95387,-15.217718,260
32.919971,-16.18382,265
33.886073,-16.18382,272
34.852175,-16.18382,280
35.818276,-17.149922,288
36.784378,-17.149922,304
36.784378,-18.116023,312
37.75048,-18.116023,329
38.716581,-18.116023,338
39.682683,-18.116023,352
42.580988,-18.116023,360
43.54709,-19.082125,368
44.513192,-19.082125,380
45.479293,-19.082125,384
46.445395,-19.082125,392
47.411497,-19.082125,400
48.377598,-19.082125,419
49.3437,-19.082125,424
50.309802,-19.082125,432
51.275903,-19.082125,440
53.208107,-19.082125,461
54.174209,-19.082125,473
55.14031,-19.082125,488
56.106412,-20.048227,503
57.072514,-20.048227,520
58.038615,-20.048227,544
59.004717,-20.048227,563
60.93692,-20.048227,568
62.869124,-20.048227,581
64.801327,-20.048227,584
65.767429,-20.048227,595
67.699632,-20.048227,608
68.665734,-20.048227,624
69.631836,-20.048227,664
70.597937,-20.048227,742
70.597937,-21.014329,800
71.564039,-21.014329,808
72.530141,-21.014329,827
73.496242,-21.98043,832
74.462344,-21.98043,848
75.428446,-22.946532,864
75.428446,-23.912634,880
76.394547,-23.912634,888
76.394547,-24.878735,912
77.360649,-24.878735,920
77.360649,-25.844837,942
77.360649,-26.810939,981
77.360649,-27.77704,992
78.326751,-27.77704,1008
78.326751,-28.743142,1019
78.326751,-29.709244,1032
78.326751,-30.675345,1040
78.326751,-31.641447,1062
78.326751,-32.607549,1072
78.326751,-33.573651,1088
78.326751,-34.539752,1104
BREAK
89.919971,-34.539752,1937
89.919971,-33.573651,1952
88.95387,-33.573651,1960
87.987768,-33.573651,1980
87.021666,-33.573651,1984
86.055564,-33.573651,2000
85.089463,-33.573651,2018
84.123361,-33.573651,2040
83.157259,-33.573651,2048
82.191158,-33.573651,2064
82.191158,-32.607549,2072
80.258954,-32.607549,2088
79.292853,-32.607549,2104
78.326751,-32.607549,2112
77.360649,-32.607549,2120
75.428446,-32.607549,2128
73.496242,-32.607549,2144
71.564039,-32.607549,2152
69.631836,-32.607549,2162
68.665734,-33.573651,2168
67.699632,-33.573651,2184
66.733531,-33.573651,2185
64.801327,-33.573651,2192
62.869124,-33.573651,2200
59.970819,-33.573651,2208
59.004717,-33.573651,2221
58.038615,-33.573651,2228
56.106412,-34.539752,2232
55.14031,-34.539752,2241
54.174209,-34.539752,2248
52.242005,-34.539752,2258
51.275903,-34.539752,2264
50.309802,-35.505854,2272
49.3437,-35.505854,2280
48.377598,-35.505854,2288
47.411497,-35.505854,2298
46.445395,-35.505854,2304
45.479293,-35.505854,2312
44.513192,-35.505854,2323
43.54709,-35.505854,2339
42.580988,-35.505854,2344
41.614886,-35.505854,2360
39.682683,-35.505854,2379
39.682683,-36.471956,2384
38.716581,-36.471956,2392
37.75048,-36.471956,2400
36.784378,-36.471956,2408
35.818276,-36.471956,2426
34.852175,-36.471956,2440
33.886073,-36.471956,2462
32.919971,-36.471956,2464
31.95387,-36.471956,2480
30.987768,-36.471956,2504
30.987768,-37.438057,2512
30.021666,-37.438057,2520
29.055564,-37.438057,2528
28.089463,-37.438057,2541
26.157259,-37.438057,2544
24.225056,-37.438057,2552
22.292853,-37.438057,2560
20.360649,-37.438057,2568
18.428446,-37.438057,2580
17.462344,-37.438057,2584
16.496242,-37.438057,2592
15.530141,-37.438057,2600
BREAK
33.886073,-36.471956,4144
34.852175,-36.471956,4152
35.818276,-36.471956,4208
35.818276,-37.438057,4226
35.818276,-38.404159,4259
35.818276,-39.370261,4272
36.784378,-39.370261,4280
36.784378,-40.336362,4288
36.784378,-41.302464,4304
36.784378,-42.268566,4320
36.784378,-43.234667,4337
36.784378,-44.200769,4352
36.784378,-45.166871,4379
36.784378,-46.132973,4392
36.784378,-47.099074,4400
36.784378,-48.065176,4424
36.784378,-49.031278,4448
36.784378,-49.997379,4480
36.784378,-50.963481,4488
36.784378,-51.929583,4504
36.784378,-52.895684,4520
36.784378,-53.861786,4529
36.784378,-54.827888,4544
37.75048,-54.827888,4568
37.75048,-55.79399,4578
37.75048,-56.760091,4600
37.75048,-57.726193,4618
38.716581,-57.726193,4632
38.716581,-58.692295,4640
38.716581,-59.658396,4659
39.682683,-59.658396,4664
39.682683,-60.624498,4680
39.682683,-61.5906,4694
40.648785,-61.5906,4704
40.648785,-62.556701,4712
40.648785,-63.522803,4728
41.614886,-63.522803,4737
41.614886,-64.488905,4744
42.580988,-64.488905,4752
42.580988,-65.455006,4760
42.580988,-66.421108,4784
43.54709,-66.421108,4792
43.54709,-67.38721,4820
44.513192,-67.38721,4824
44.513192,-68.353312,4832
45.479293,-68.353312,4860
46.445395,-68.353312,4872
47.411497,-68.353312,4896
48.377598,-68.353312,4912
49.3437,-68.353312,4928
50.309802,-68.353312,4940
51.275903,-68.353312,4952
52.242005,-68.353312,4968
53.208107,-68.353312,4978
54.174209,-68.353312,5000
56.106412,-68.353312,5027
56.106412,-67.38721,5032
57.072514,-67.38721,5040
57.072514,-66.421108,5058
58.038615,-66.421108,5064
58.038615,-65.455006,5080
59.004717,-65.455006,5088
59.970819,-65.455006,5100
60.93692,-65.455006,5120
60.93692,-64.488905,5128
61.903022,-64.488905,5144
61.903022,-63.522803,5152
62.869124,-63.522803,5162
63.835225,-63.522803,5195
63.835225,-62.556701,5200
63.835225,-61.5906,5240
64.801327,-61.5906,5248
64.801327,-60.624498,5264
65.767429,-60.624498,5288
65.767429,-59.658396,5301
65.767429,-58.692295,5320
66.733531,-58.692295,5340
66.733531,-57.726193,5360
67.699632,-57.726193,5472
68.665734,-57.726193,5496
69.631836,-57.726193,5504
69.631836,-58.692295,5528
70.597937,-58.692295,5544
70.597937,-59.658396,5561
70.597937,-60.624498,5584
71.564039,-61.5906,5592
71.564039,-62.556701,5608
71.564039,-63.522803,5624
72.530141,-64.488905,5632
72.530141,-65.455006,5648
72.530141,-66.421108,5664
72.530141,-67.38721,5688
72.530141,-68.353312,5700
72.530141,-69.319413,5712
72.530141,-70.285515,5729
72.530141,-71.251617,5739
72.530141,-72.217718,5752
72.530141,-73.18382,5780
71.564039,-73.18382,5784
71.564039,-74.149922,5800
71.564039,-75.116023,5818
70.597937,-75.116023,5832
70.597937,-76.082125,5840
69.631836,-76.082125,5864
69.631836,-77.048227,5872
69.631836,-78.014329,5880
68.665734,-78.014329,5895
67.699632,-78.014329,5912
67.699632,-78.98043,5920
66.733531,-78.98043,5944
65.767429,-79.946532,5952
64.801327,-79.946532,5968
64.801327,-80.912634,5977
62.869124,-80.912634,5984
62.869124,-81.878735,5992
61.903022,-81.878735,6000
59.970819,-81.878735,6016
59.970819,-82.844837,6024
59.004717,-82.844837,6032
58.038615,-82.844837,6048
57.072514,-82.844837,6064
56.106412,-82.844837,6072
55.14031,-82.844837,6088
54.174209,-82.844837,6098
53.208107,-82.844837,6104
52.242005,-82.844837,6112
51.275903,-82.844837,6120
50.309802,-82.844837,6128
49.3437,-82.844837,6141
48.377598,-82.844837,6144
47.411497,-82.844837,6152
46.445395,-83.810939,6168
45.479293,-83.810939,6178
44.513192,-83.810939,6184
43.54709,-83.810939,6200
41.614886,-83.810939,6217
39.682683,-83.810939,6232
37.75048,-83.810939,6240
36.784378,-83.810939,6254
34.852175,-83.810939,6256
31.95387,-82.844837,6264
30.021666,-81.878735,6272
28.089463,-80.912634,6280
26.157259,-80.912634,6288
23.258954,-79.946532,6301
22.292853,-78.98043,6304
21.326751,-78.98043,6312
19.394547,-78.014329,6320
18.428446,-78.014329,6329
17.462344,-78.014329,6338
16.496242,-78.014329,6344
16.496242,-77.048227,6352
15.530141,-77.048227,6361
14.564039,-77.048227,6376
14.564039,-76.082125,6384
14.564039,-75.116023,6395
13.597937,-75.116023,6400
12.631836,-74.149922,6408
11.665734,-72.217718,6428
10.699632,-70.285515,6440
9.7335305,-69.319413,6459
9.7335305,-68.353312,6464
9.7335305,-67.38721,6472
8.7674288,-67.38721,6480
8.7674288,-66.421108,6495
8.7674288,-65.455006,6504
7.8013272,-65.455006,6520
7.8013272,-64.488905,6528
7.8013272,-63.522803,6552
7.8013272,-62.556701,6584
BREAK
