START
44.513192,-20.048227,0
44.513192,-21.014329,128
44.513192,-21.98043,149
44.513192,-22.946532,193
44.513192,-23.912634,213
44.513192,-24.878735,246
44.513192,-25.844837,266
44.513192,-26.810939,277
44.513192,-27.77704,297
44.513192,-28.743142,308
44.513192,-29.709244,319
45.479293,-29.709244,354
45.479293,-30.675345,365
45.479293,-31.641447,385
45.479293,-32.607549,408
45.479293,-33.573651,418
45.479293,-34.539752,439
45.479293,-36.471956,450
45.479293,-37.438057,471
45.479293,-39.370261,493
46.445395,-39.370261,502
46.445395,-40.336362,527
46.445395,-41.302464,548
46.445395,-42.268566,569
46.445395,-43.234667,579
46.445395,-44.200769,595
46.445395,-45.166871,626
46.445395,-46.132973,652
46.445395,-47.099074,662
46.445395,-48.065176,672
46.445395,-49.997379,693
46.445395,-50.963481,704
46.445395,-51.929583,727
46.445395,-52.895684,745
46.445395,-53.861786,765
46.445395,-54.827888,776
46.445395,-55.79399,787
46.445395,-56.760091,796
46.445395,-57.726193,818
46.445395,-58.692295,828
46.445395,-59.658396,838
46.445395,-60.624498,859
47.411497,-61.5906,879
47.411497,-62.556701,890
47.411497,-63.522803,919
47.411497,-64.488905,941
47.411497,-65.455006,951
48.377598,-65.455006,961
48.377598,-66.421108,972
49.3437,-66.421108,993
49.3437,-67.38721,1003
50.309802,-67.38721,1013
50.309802,-68.353312,1035
51.275903,-68.353312,1045
51.275903,-69.319413,1055
52.242005,-69.319413,1066
53.208107,-70.285515,1076
54.174209,-70.285515,1086
55.14031,-70.285515,1097
55.14031,-71.251617,1107
56.106412,-71.251617,1118
57.072514,-71.251617,1128
58.038615,-72.217718,1138
59.004717,-72.217718,1149
60.93692,-72.217718,1159
61.903022,-73.18382,1169
62.869124,-73.18382,1180
63.835225,-73.18382,1221
64.801327,-73.18382,1232
65.767429,-73.18382,1254
66.733531,-73.18382,1275
67.699632,-72.217718,1286
68.665734,-72.217718,1296
69.631836,-72.217718,1317
70.597937,-71.251617,1327
71.564039,-71.251617,1346
73.496242,-70.285515,1377
75.428446,-69.319413,1415
75.428446,-68.353312,1436
76.394547,-67.38721,1447
77.360649,-66.421108,1471
77.360649,-65.455006,1495
77.360649,-64.488905,1515
77.360649,-63.522803,1526
77.360649,-62.556701,1536
78.326751,-62.556701,1546
78.326751,-61.5906,1557
78.326751,-59.658396,1578
78.326751,-58.692295,1606
78.326751,-57.726193,1626
79.292853,-56.760091,1637
79.292853,-55.79399,1664
79.292853,-54.827888,1696
79.292853,-53.861786,1720
79.292853,-52.895684,1748
78.326751,-52.895684,1772
78.326751,-51.929583,1802
77.360649,-51.929583,1813
77.360649,-50.963481,1830
77.360649,-49.997379,1839
77.360649,-49.031278,1913
76.394547,-49.031278,1939
76.394547,-48.065176,1955
77.360649,-49.031278,2334
77.360649,-49.997379,2345
77.360649,-50.963481,2355
77.360649,-51.929583,2366
78.326751,-51.929583,2410
78.326751,-52.895684,2420
78.326751,-53.861786,2431
78.326751,-55.79399,2452
78.326751,-56.760091,2472
78.326751,-57.726193,2494
78.326751,-58.692295,2514
78.326751,-59.658396,2524
78.326751,-60.624498,2535
78.326751,-61.5906,2556
78.326751,-62.556701,2567
78.326751,-64.488905,2577
78.326751,-66.421108,2587
78.326751,-68.353312,2608
78.326751,-69.319413,2619
78.326751,-70.285515,2653
78.326751,-71.251617,2678
78.326751,-72.217718,2699
78.326751,-73.18382,2709
78.326751,-74.149922,2733
77.360649,-76.082125,2743
77.360649,-77.048227,2764
77.360649,-78.014329,2774
77.360649,-78.98043,2785
77.360649,-79.946532,2805
77.360649,-80.912634,2833
77.360649,-81.878735,2863
76.394547,-82.844837,2875
76.394547,-83.810939,2898
76.394547,-84.77704,2908
75.428446,-85.743142,2923
75.428446,-86.709244,2953
74.462344,-86.709244,2974
73.496242,-87.675345,2985
72.530141,-88.641447,3020
71.564039,-89.607549,3030
70.597937,-90.573651,3088
69.631836,-90.573651,3116
68.665734,-90.573651,3146
67.699632,-90.573651,3161
66.733531,-90.573651,3171
65.767429,-91.539752,3181
63.835225,-91.539752,3192
62.869124,-91.539752,3213
61.903022,-91.539752,3224
59.970819,-91.539752,3245
59.004717,-91.539752,3273
57.072514,-91.539752,3293
56.106412,-91.539752,3315
54.174209,-91.539752,3325
53.208107,-91.539752,3355
52.242005,-91.539752,3367
51.275903,-91.539752,3377
50.309802,-91.539752,3398
49.3437,-91.539752,3409
48.377598,-91.539752,3418
47.411497,-91.539752,3429
46.445395,-91.539752,3439
45.479293,-91.539752,3450
44.513192,-91.539752,3470
43.54709,-91.539752,3492
42.580988,-91.539752,3501
41.614886,-91.539752,3512
40.648785,-91.539752,3536
39.682683,-90.573651,3567
38.716581,-90.573651,3578
37.75048,-88.641447,3598
36.784378,-88.641447,3620
36.784378,-87.675345,3629
34.852175,-86.709244,3640
33.886073,-86.709244,3665
33.886073,-85.743142,3676
32.919971,-85.743142,3686
32.919971,-84.77704,3697
30.987768,-83.810939,3707
30.021666,-83.810939,3728
30.021666,-82.844837,3739
29.055564,-81.878735,3748
28.089463,-80.912634,3759
26.157259,-78.98043,3780
25.191158,-78.014329,3800
24.225056,-77.048227,3821
23.258954,-76.082125,3832
23.258954,-75.116023,3852
22.292853,-75.116023,3863
21.326751,-73.18382,3873
21.326751,-72.217718,3883
20.360649,-72.217718,3894
19.394547,-70.285515,3904
19.394547,-69.319413,3915
18.428446,-69.319413,3928
18.428446,-68.353312,3939
17.462344,-67.38721,3950
16.496242,-67.38721,3960
16.496242,-66.421108,3970
15.530141,-66.421108,3981
15.530141,-65.455006,3992
15.530141,-63.522803,4001
14.564039,-63.522803,4012
13.597937,-62.556701,4022
13.597937,-61.5906,4042
13.597937,-60.624498,4053
13.597937,-59.658396,4064
12.631836,-58.692295,4089
11.665734,-58.692295,4099
11.665734,-57.726193,4116
11.665734,-56.760091,4126
11.665734,-55.79399,4260
BREAK
19.394547,-14.251617,5018
18.428446,-14.251617,5107
20.360649,-14.251617,5153
22.292853,-14.251617,5163
25.191158,-14.251617,5173
26.157259,-14.251617,5183
29.055564,-14.251617,5194
30.987768,-14.251617,5205
32.919971,-14.251617,5214
33.886073,-14.251617,5225
35.818276,-15.217718,5235
38.716581,-15.217718,5246
40.648785,-15.217718,5256
41.614886,-15.217718,5266
47.411497,-16.18382,5277
52.242005,-17.149922,5287
54.174209,-17.149922,5297
56.106412,-17.149922,5308
58.038615,-17.149922,5318
59.970819,-17.149922,5329
60.93692,-17.149922,5339
61.903022,-17.149922,5349
62.869124,-17.149922,5360
64.801327,-17.149922,5370
66.733531,-17.149922,5380
68.665734,-17.149922,5391
70.597937,-17.149922,5401
72.530141,-17.149922,5412
75.428446,-17.149922,5421
78.326751,-17.149922,5432
80.258954,-17.149922,5443
82.191158,-17.149922,5453
84.123361,-17.149922,5463
86.055564,-17.149922,5473
87.021666,-17.149922,5484
88.95387,-17.149922,5495
89.919971,-17.149922,5504
90.886073,-17.149922,5515
91.852175,-17.149922,5525
93.784378,-17.149922,5536
95.716581,-17.149922,5546
96.682683,-17.149922,5556
97.648785,-17.149922,5570
98.614886,-17.149922,5578
99.580988,-17.149922,5587
100.54709,-17.149922,5670
101.51319,-17.149922,5681
BREAK
86.055564,-16.18382,6364
86.055564,-15.217718,6428
86.055564,-14.251617,6458
86.055564,-13.285515,6537
85.089463,-13.285515,6557
84.123361,-12.319413,6567
83.157259,-11.353312,6588
83.157259,-10.38721,6612
82.191158,-10.38721,6643
82.191158,-9.4211082,6664
81.225056,-9.4211082,6673
80.258954,-9.4211082,6742
80.258954,-8.4550065,6752
79.292853,-7.4889048,6762
78.326751,-7.4889048,6773
77.360649,-7.4889048,6783
77.360649,-6.5228031,6804
76.394547,-5.5567014,6814
75.428446,-5.5567014,6825
74.462344,-5.5567014,6845
73.496242,-5.5567014,6856
71.564039,-5.5567014,6866
70.597937,-5.5567014,6876
68.665734,-5.5567014,6886
67.699632,-5.5567014,6897
66.733531,-5.5567014,6908
65.767429,-5.5567014,6917
63.835225,-5.5567014,7014
60.93692,-5.5567014,7024
59.970819,-5.5567014,7044
59.004717,-5.5567014,7066
58.038615,-5.5567014,7102
57.072514,-5.5567014,7113
56.106412,-5.5567014,7133
55.14031,-5.5567014,7154
54.174209,-5.5567014,7165
53.208107,-5.5567014,7175
52.242005,-5.5567014,7196
51.275903,-5.5567014,7207
50.309802,-5.5567014,7216
48.377598,-5.5567014,7227
47.411497,-5.5567014,7237
45.479293,-5.5567014,7258
44.513192,-5.5567014,7279
43.54709,-5.5567014,7294
42.580988,-5.5567014,7311
41.614886,-5.5567014,7332
40.648785,-5.5567014,7352
39.682683,-5.5567014,7363
36.784378,-5.5567014,7373
35.818276,-5.5567014,7383
34.852175,-5.5567014,7394
33.886073,-5.5567014,7424
32.919971,-4.5905997,7434
31.95387,-4.5905997,7456
30.987768,-4.5905997,7465
30.987768,-3.624498,7476
30.021666,-3.624498,7486
29.055564,-3.624498,7497
BREAK
