START
35.289154,-54.705484,0
35.289154,-55.487438,135
34.5072,-55.487438,207
33.725245,-55.487438,271
32.94329,-55.487438,303
32.161335,-55.487438,391
30.597425,-55.487438,415
30.597425,-54.705484,447
29.81547,-54.705484,463
29.033515,-54.705484,479
28.251561,-54.705484,519
27.469606,-54.705484,535
27.469606,-53.923529,559
26.687651,-53.923529,567
25.905696,-53.141574,600
25.123741,-53.141574,607
24.341786,-52.359619,640
23.559831,-51.577664,663
22.777876,-51.577664,671
21.995921,-50.013754,687
21.995921,-49.231799,696
21.213967,-49.231799,704
20.432012,-49.231799,712
20.432012,-47.66789,720
20.432012,-46.10398,744
19.650057,-46.10398,752
19.650057,-45.322025,760
19.650057,-44.54007,768
19.650057,-43.758115,776
18.868102,-43.758115,784
18.868102,-42.97616,792
18.868102,-42.194205,800
18.868102,-41.412251,808
18.086147,-40.630296,824
18.086147,-39.848341,840
18.086147,-39.066386,848
18.086147,-38.284431,864
18.086147,-37.502476,872
18.086147,-36.720521,880
18.086147,-35.938566,888
18.086147,-35.156611,904
18.086147,-34.374657,912
18.086147,-32.810747,920
18.086147,-32.028792,928
18.086147,-31.246837,944
18.086147,-30.464882,952
18.086147,-29.682927,960
18.086147,-28.900972,976
18.086147,-28.119017,992
18.086147,-27.337063,1000
18.868102,-26.555108,1008
18.868102,-25.773153,1024
19.650057,-25.773153,1032
19.650057,-24.991198,1048
20.432012,-24.991198,1056
21.213967,-24.991198,1064
21.213967,-24.209243,1072
21.995921,-24.209243,1080
22.777876,-24.209243,1096
23.559831,-24.209243,1104
25.123741,-23.427288,1120
25.905696,-23.427288,1128
27.469606,-23.427288,1135
28.251561,-23.427288,1143
29.033515,-23.427288,1151
29.81547,-23.427288,1168
30.597425,-23.427288,1184
31.37938,-22.645333,1192
32.161335,-21.863378,1199
33.725245,-21.863378,1207
34.5072,-21.863378,1215
35.289154,-21.863378,1223
36.853064,-21.863378,1231
38.416974,-21.863378,1247
39.198929,-21.863378,1263
39.980884,-21.863378,1279
40.762839,-21.863378,1288
42.326748,-21.863378,1295
44.672613,-21.863378,1311
45.454568,-21.863378,1319
46.236523,-21.863378,1335
47.018478,-21.863378,1351
47.800433,-22.645333,1376
48.582388,-22.645333,1384
49.364342,-23.427288,1392
50.146297,-23.427288,1400
50.928252,-24.209243,1408
51.710207,-25.773153,1424
52.492162,-25.773153,1432
52.492162,-26.555108,1440
52.492162,-27.337063,1472
53.274117,-27.337063,1480
53.274117,-28.119017,1488
53.274117,-28.900972,1504
53.274117,-29.682927,1528
53.274117,-30.464882,1544
53.274117,-31.246837,1560
53.274117,-32.810747,1585
52.492162,-33.592702,1592
52.492162,-34.374657,1608
52.492162,-35.156611,1624
52.492162,-35.938566,1632
52.492162,-36.720521,1648
52.492162,-37.502476,1656
52.492162,-38.284431,1688
52.492162,-39.066386,1696
52.492162,-39.848341,1704
52.492162,-40.630296,1720
52.492162,-41.412251,1728
52.492162,-42.194205,1736
52.492162,-42.97616,1752
53.274117,-43.758115,1768
53.274117,-44.54007,1776
53.274117,-45.322025,1785
54.056072,-46.10398,1792
54.056072,-46.885935,1808
54.056072,-47.66789,1816
54.838027,-48.449844,1832
55.619982,-48.449844,1849
56.401936,-49.231799,1856
56.401936,-50.013754,1864
57.183891,-50.013754,1872
57.965846,-50.795709,1880
58.747801,-52.359619,1896
59.529756,-52.359619,1912
60.311711,-53.141574,1920
61.093666,-53.141574,1928
61.093666,-53.923529,1936
61.875621,-54.705484,1952
62.657576,-54.705484,1960
62.657576,-55.487438,1985
63.43953,-55.487438,1992
64.221485,-56.269393,2008
65.00344,-56.269393,2024
65.785395,-56.269393,2033
66.56735,-57.051348,2049
67.349305,-57.051348,2057
68.13126,-57.833303,2072
68.913215,-57.833303,2081
69.69517,-57.833303,2089
70.477124,-57.833303,2113
71.259079,-57.833303,2129
72.041034,-57.833303,2137
73.604944,-57.833303,2145
75.168854,-57.833303,2153
75.950809,-57.833303,2168
76.732764,-57.833303,2185
77.514718,-58.615258,2201
78.296673,-58.615258,2209
79.860583,-58.615258,2217
80.642538,-58.615258,2233
81.424493,-58.615258,2249
82.206448,-58.615258,2257
82.988403,-58.615258,2273
83.770357,-58.615258,2297
84.552312,-58.615258,2321
85.334267,-58.615258,2329
86.116222,-58.615258,2369
86.116222,-57.833303,2377
86.116222,-57.051348,2393
86.898177,-57.051348,2409
86.898177,-56.269393,2417
87.680132,-56.269393,2433
87.680132,-55.487438,2441
87.680132,-54.705484,2465
87.680132,-53.141574,2481
87.680132,-52.359619,2497
87.680132,-51.577664,2513
87.680132,-50.795709,2521
87.680132,-50.013754,2529
87.680132,-49.231799,2537
87.680132,-48.449844,2553
87.680132,-47.66789,2561
87.680132,-46.885935,2569
87.680132,-46.10398,2577
87.680132,-45.322025,2585
87.680132,-44.54007,2601
87.680132,-43.758115,2609
87.680132,-42.97616,2625
87.680132,-42.194205,2633
87.680132,-41.412251,2649
87.680132,-40.630296,2665
86.898177,-39.848341,2689
86.898177,-39.066386,2697
86.898177,-38.284431,2713
86.898177,-37.502476,2737
86.898177,-36.720521,2753
86.116222,-35.938566,2761
86.116222,-35.156611,2769
86.116222,-34.374657,2785
86.116222,-33.592702,2793
85.334267,-33.592702,2801
85.334267,-32.810747,2817
85.334267,-31.246837,2857
84.552312,-30.464882,2905
83.770357,-30.464882,2921
82.988403,-29.682927,2945
82.988403,-28.900972,2961
82.206448,-28.119017,3001
81.424493,-28.119017,3017
81.424493,-27.337063,3041
80.642538,-27.337063,3089
79.078628,-27.337063,3201
78.296673,-27.337063,3217
77.514718,-27.337063,3273
77.514718,-26.555108,3489
77.514718,-25.773153,3497
BREAK
