START
41.544794,-60.961123,0
39.980884,-62.525032,119
39.198929,-62.525032,189
39.198929,-61.743078,199
38.416974,-61.743078,230
37.635019,-60.961123,259
37.635019,-60.179168,278
36.853064,-59.397213,299
36.071109,-59.397213,309
35.289154,-58.615258,319
35.289154,-57.833303,329
34.5072,-57.833303,339
34.5072,-57.051348,349
33.725245,-56.269393,368
33.725245,-55.487438,399
33.725245,-54.705484,408
33.725245,-53.923529,429
33.725245,-53.141574,448
33.725245,-52.359619,469
33.725245,-51.577664,479
33.725245,-50.795709,498
33.725245,-50.013754,509
33.725245,-49.231799,519
33.725245,-48.449844,538
33.725245,-47.66789,548
34.5072,-46.10398,569
34.5072,-45.322025,578
34.5072,-44.54007,588
35.289154,-44.54007,599
36.071109,-42.97616,609
36.853064,-41.412251,618
37.635019,-41.412251,628
38.416974,-39.848341,639
40.762839,-39.066386,649
42.326748,-38.284431,658
42.326748,-37.502476,678
43.108703,-37.502476,718
45.454568,-37.502476,738
48.582388,-37.502476,748
50.928252,-37.502476,758
54.056072,-37.502476,768
57.183891,-37.502476,778
58.747801,-37.502476,788
60.311711,-38.284431,808
61.875621,-39.848341,858
61.875621,-42.194205,868
62.657576,-42.194205,878
63.43953,-43.758115,888
63.43953,-45.322025,898
63.43953,-46.10398,918
63.43953,-46.885935,928
63.43953,-47.66789,938
63.43953,-50.013754,947
63.43953,-50.795709,958
63.43953,-51.577664,968
63.43953,-53.141574,978
63.43953,-53.923529,987
63.43953,-54.705484,997
63.43953,-55.487438,1008
63.43953,-56.269393,1018
63.43953,-57.051348,1027
63.43953,-57.833303,1048
63.43953,-58.615258,1077
63.43953,-59.397213,1108
63.43953,-60.179168,1117
64.221485,-60.179168,1127
64.221485,-60.961123,1148
65.00344,-60.961123,1157
65.00344,-61.743078,1167
65.785395,-61.743078,1177
66.56735,-61.743078,1188
67.349305,-61.743078,1207
68.13126,-61.743078,1217
69.69517,-61.743078,1237
70.477124,-61.743078,1277
71.259079,-61.743078,1297
72.041034,-61.743078,1307
72.822989,-61.743078,1327
73.604944,-61.743078,1337
73.604944,-60.961123,1347
74.386899,-60.179168,1367
75.168854,-60.179168,1377
75.168854,-59.397213,1387
75.950809,-58.615258,1417
76.732764,-57.833303,1437
77.514718,-57.833303,1446
79.078628,-56.269393,1457
80.642538,-55.487438,1467
81.424493,-54.705484,1477
82.206448,-53.923529,1486
82.988403,-53.141574,1496
83.770357,-53.141574,1507
84.552312,-51.577664,1517
86.116222,-50.013754,1537
86.898177,-49.231799,1567
86.898177,-48.449844,1586
86.898177,-47.66789,1616
86.898177,-46.885935,1626
86.898177,-46.10398,1647
86.898177,-45.322025,1656
87.680132,-44.54007,1666
87.680132,-42.97616,1676
87.680132,-41.412251,1687
87.680132,-40.630296,1696
87.680132,-39.066386,1706
87.680132,-37.502476,1716
87.680132,-36.720521,1727
87.680132,-35.938566,1736
87.680132,-35.156611,1746
87.680132,-34.374657,1756
87.680132,-33.592702,1766
87.680132,-32.810747,1796
87.680132,-32.028792,1806
87.680132,-31.246837,1826
86.898177,-30.464882,1846
86.116222,-29.682927,1856
85.334267,-28.900972,1876
85.334267,-28.119017,1896
84.552312,-27.337063,1916
83.770357,-26.555108,1945
83.770357,-25.773153,1976
82.988403,-25.773153,1985
82.988403,-24.991198,1995
82.206448,-24.991198,2035
81.424493,-24.991198,2106
81.424493,-24.209243,2146
80.642538,-24.209243,2175
79.860583,-24.209243,2226
79.078628,-24.209243,2235
78.296673,-24.209243,2245
77.514718,-24.209243,2255
BREAK
