START
13.258893,-67.345548,0
14.098814,-67.345548,248
14.098814,-67.345548,308
14.938735,-67.345548,357
15.778656,-67.345548,367
15.778656,-67.345548,380
16.618577,-67.345548,419
17.458498,-67.345548,426
18.298419,-67.345548,459
19.13834,-67.345548,479
19.978261,-67.345548,501
20.818182,-67.345548,516
21.658103,-67.345548,529
21.658103,-67.345548,604
22.498024,-67.345548,626
22.498024,-67.345548,628
23.337945,-67.345548,634
24.177866,-67.345548,646
24.177866,-68.185469,652
24.177866,-69.02539,659
25.017787,-69.02539,669
25.857708,-69.02539,680
25.857708,-69.865311,695
26.697628,-69.865311,700
27.537549,-69.865311,703
27.537549,-70.705232,728
28.37747,-70.705232,730
28.37747,-71.545153,736
28.37747,-72.385074,757
29.217391,-72.385074,764
29.217391,-73.224995,782
29.217391,-73.224995,802
30.057312,-73.224995,806
30.897233,-73.224995,822
30.897233,-74.064916,829
30.897233,-74.904837,853
31.737154,-74.904837,864
31.737154,-74.904837,867
32.577075,-74.904837,874
33.416996,-74.904837,882
34.256917,-75.744758,890
34.256917,-76.584679,904
35.096838,-76.584679,912
35.936759,-76.584679,932
36.77668,-76.584679,939
36.77668,-76.584679,948
37.616601,-76.584679,960
38.456522,-76.584679,976
39.296443,-76.584679,984
40.136364,-76.584679,990
40.976285,-76.584679,995
41.816206,-76.584679,1005
42.656126,-76.584679,1008
43.496047,-76.584679,1012
44.335968,-76.584679,1016
44.335968,-76.584679,1019
44.335968,-75.744758,1021
44.335968,-74.904837,1028
46.01581,-74.904837,1030
46.01581,-74.904837,1036
46.855731,-74.904837,1039
47.695652,-74.904837,1042
48.535573,-74.904837,1047
48.535573,-74.064916,1049
49.375494,-74.064916,1055
50.215415,-74.064916,1059
50.215415,-73.224995,1061
51.055336,-73.224995,1063
51.055336,-71.545153,1065
51.895257,-71.545153,1070
51.895257,-70.705232,1074
51.895257,-70.705232,1078
51.895257,-69.865311,1080
52.735178,-69.865311,1083
53.575099,-69.865311,1089
53.575099,-69.02539,1092
54.41502,-69.02539,1098
55.254941,-68.185469,1103
55.254941,-67.345548,1110
55.254941,-67.345548,1116
55.254941,-66.505627,1128
55.254941,-65.665706,1135
56.094862,-65.665706,1137
56.094862,-64.825785,1141
56.934783,-64.825785,1143
56.934783,-63.985864,1146
57.774704,-63.985864,1156
57.774704,-63.145943,1159
58.614625,-63.145943,1162
58.614625,-62.306023,1165
58.614625,-61.466102,1167
58.614625,-60.626181,1171
58.614625,-59.78626,1180
59.454545,-59.78626,1186
59.454545,-59.78626,1195
59.454545,-59.78626,1197
59.454545,-58.946339,1199
59.454545,-58.106418,1211
59.454545,-57.266497,1220
60.294466,-57.266497,1222
61.134387,-57.266497,1238
61.134387,-56.426576,1240
61.134387,-55.586655,1248
61.134387,-54.746734,1258
61.134387,-53.906813,1264
61.134387,-53.066892,1277
61.134387,-52.226971,1291
61.134387,-52.226971,1299
61.134387,-51.38705,1305
61.134387,-50.547129,1312
61.974308,-50.547129,1328
61.974308,-49.707208,1330
61.974308,-48.867287,1344
61.974308,-48.027366,1350
61.974308,-47.187445,1361
61.974308,-46.347524,1372
61.974308,-45.507604,1386
61.974308,-44.667683,1392
61.974308,-44.667683,1400
61.974308,-43.827762,1404
61.974308,-42.987841,1415
61.974308,-42.14792,1421
61.974308,-41.307999,1428
61.974308,-40.468078,1432
61.974308,-39.628157,1449
61.974308,-38.788236,1456
61.974308,-37.948315,1474
61.974308,-37.108394,1489
61.974308,-37.108394,1495
61.974308,-36.268473,1512
61.974308,-35.428552,1520
61.974308,-34.588631,1533
61.134387,-34.588631,1537
61.134387,-33.74871,1544
61.134387,-32.908789,1567
60.294466,-32.908789,1572
59.454545,-32.908789,1584
59.454545,-32.908789,1598
59.454545,-32.068868,1600
59.454545,-31.228947,1616
58.614625,-31.228947,1633
58.614625,-30.389026,1638
57.774704,-30.389026,1655
56.934783,-30.389026,1666
56.094862,-30.389026,1675
56.094862,-29.549106,1678
55.254941,-29.549106,1693
54.41502,-29.549106,1695
53.575099,-29.549106,1698
52.735178,-29.549106,1708
51.895257,-29.549106,1722
51.895257,-28.709185,1733
51.895257,-28.709185,1735
51.055336,-28.709185,1737
50.215415,-28.709185,1747
50.215415,-27.869264,1749
49.375494,-27.029343,1752
48.535573,-27.029343,1769
47.695652,-27.029343,1775
46.855731,-27.029343,1778
46.01581,-27.029343,1784
46.01581,-26.189422,1789
45.175889,-26.189422,1797
45.175889,-24.50958,1804
44.335968,-24.50958,1808
44.335968,-24.50958,1821
43.496047,-23.669659,1828
42.656126,-23.669659,1840
41.816206,-23.669659,1853
40.976285,-23.669659,1865
40.136364,-23.669659,1881
39.296443,-23.669659,1889
39.296443,-22.829738,1894
38.456522,-22.829738,1897
37.616601,-22.829738,1906
36.77668,-22.829738,1912
36.77668,-22.829738,1916
35.936759,-22.829738,1922
35.096838,-22.829738,1929
34.256917,-22.829738,1933
33.416996,-22.829738,1937
32.577075,-22.829738,1943
31.737154,-22.829738,1949
30.897233,-22.829738,1963
30.057312,-22.829738,1965
29.217391,-22.829738,1973
29.217391,-22.829738,1978
28.37747,-22.829738,1995
27.537549,-22.829738,2000
26.697628,-22.829738,2006
25.857708,-22.829738,2014
25.017787,-22.829738,2019
24.177866,-22.829738,2037
23.337945,-22.829738,2043
22.498024,-22.829738,2047
21.658103,-22.829738,2058
21.658103,-22.829738,2123
20.818182,-22.829738,2131
19.978261,-22.829738,2137
20.818182,-22.829738,2508
20.818182,-21.989817,2556
21.658103,-21.989817,2565
21.658103,-21.989817,2576
21.658103,-21.149896,2582
21.658103,-20.309975,2646
21.658103,-21.149896,2873
21.658103,-21.989817,2878
21.658103,-21.989817,2898
21.658103,-22.829738,2910
21.658103,-23.669659,2915
21.658103,-24.50958,2917
20.818182,-24.50958,2920
20.818182,-25.349501,2924
20.818182,-26.189422,2937
19.978261,-26.189422,2940
19.978261,-27.029343,2942
19.978261,-27.869264,2945
19.13834,-27.869264,2948
19.13834,-28.709185,2953
18.298419,-28.709185,2962
18.298419,-29.549106,2964
18.298419,-29.549106,2967
18.298419,-30.389026,2973
18.298419,-31.228947,2982
18.298419,-32.068868,2992
17.458498,-32.068868,3004
17.458498,-32.908789,3041
16.618577,-32.908789,3160
15.778656,-32.068868,3214
BREAK
67.013834,-74.904837,4310
66.173913,-74.904837,4357
65.333992,-74.904837,4440
64.494071,-74.904837,4449
63.65415,-74.904837,4461
62.814229,-74.904837,4470
62.814229,-74.904837,4478
BREAK
