START
30.057312,-35.428552,0
30.057312,-34.588631,239
30.057312,-33.74871,309
30.057312,-32.908789,350
30.897233,-32.908789,360
30.897233,-32.068868,380
30.897233,-31.228947,400
30.897233,-30.389026,430
30.897233,-29.549106,470
30.897233,-28.709185,500
31.737154,-28.709185,570
31.737154,-27.869264,580
32.577075,-27.869264,640
32.577075,-27.029343,670
32.577075,-26.189422,740
32.577075,-25.349501,780
32.577075,-24.50958,909
32.577075,-23.669659,1032
32.577075,-22.829738,1085
BREAK
32.577075,-29.549106,2507
33.416996,-29.549106,2822
34.256917,-29.549106,2842
35.096838,-29.549106,2861
35.936759,-29.549106,2871
36.77668,-29.549106,2881
37.616601,-29.549106,2901
38.456522,-29.549106,2911
39.296443,-29.549106,2921
40.136364,-29.549106,2941
40.976285,-29.549106,2951
41.816206,-29.549106,2971
42.656126,-29.549106,3002
43.496047,-29.549106,3022
44.335968,-29.549106,3032
45.175889,-29.549106,3052
46.855731,-29.549106,3072
47.695652,-29.549106,3092
48.535573,-29.549106,3113
49.375494,-29.549106,3123
50.215415,-29.549106,3143
51.055336,-29.549106,3164
51.895257,-29.549106,3184
52.735178,-29.549106,3194
53.575099,-29.549106,3214
54.41502,-29.549106,3244
55.254941,-29.549106,3254
56.094862,-29.549106,3274
56.934783,-29.549106,3304
57.774704,-29.549106,3324
58.614625,-30.389026,3334
59.454545,-30.389026,3354
59.454545,-31.228947,3364
60.294466,-31.228947,3374
61.134387,-31.228947,3384
61.974308,-31.228947,3404
62.814229,-31.228947,3424
62.814229,-32.068868,3444
63.65415,-32.068868,3454
64.494071,-32.068868,3464
65.333992,-32.068868,3496
65.333992,-32.908789,3507
66.173913,-32.908789,3528
66.173913,-33.74871,3538
67.013834,-33.74871,3558
67.853755,-33.74871,3568
68.693676,-34.588631,3588
69.533597,-35.428552,3619
70.373518,-35.428552,3629
70.373518,-36.268473,3649
71.213439,-36.268473,3659
71.213439,-37.108394,3669
72.05336,-37.108394,3699
72.05336,-37.948315,3709
72.05336,-38.788236,3729
72.893281,-39.628157,3739
72.893281,-40.468078,3769
73.733202,-41.307999,3799
73.733202,-42.14792,3831
73.733202,-42.987841,3841
73.733202,-43.827762,3861
73.733202,-44.667683,3881
73.733202,-45.507604,3901
73.733202,-46.347524,3921
73.733202,-47.187445,3942
73.733202,-48.027366,3953
73.733202,-48.867287,3964
73.733202,-49.707208,3974
73.733202,-50.547129,4004
73.733202,-51.38705,4014
73.733202,-52.226971,4044
73.733202,-53.066892,4074
73.733202,-53.906813,4094
73.733202,-54.746734,4124
73.733202,-55.586655,4154
72.893281,-56.426576,4174
72.893281,-57.266497,4184
72.893281,-58.106418,4194
72.05336,-58.946339,4204
72.05336,-59.78626,4214
71.213439,-59.78626,4224
71.213439,-60.626181,4234
70.373518,-61.466102,4244
70.373518,-62.306023,4296
69.533597,-62.306023,4307
69.533597,-63.145943,4387
68.693676,-63.145943,4397
67.853755,-63.985864,4417
66.173913,-63.985864,4427
66.173913,-64.825785,4437
65.333992,-64.825785,4447
64.494071,-64.825785,4467
63.65415,-65.665706,4477
62.814229,-65.665706,4499
62.814229,-66.505627,4510
61.974308,-66.505627,4542
61.134387,-66.505627,4583
60.294466,-66.505627,4594
59.454545,-66.505627,4624
58.614625,-67.345548,4644
57.774704,-67.345548,4654
56.934783,-67.345548,4664
55.254941,-67.345548,4674
54.41502,-67.345548,4694
53.575099,-67.345548,4704
52.735178,-67.345548,4724
51.895257,-67.345548,4745
51.055336,-67.345548,4767
50.215415,-67.345548,4776
49.375494,-67.345548,4806
48.535573,-67.345548,4827
47.695652,-67.345548,4837
46.855731,-67.345548,4867
46.01581,-67.345548,4886
44.335968,-67.345548,4907
42.656126,-67.345548,4929
41.816206,-67.345548,4941
40.976285,-66.505627,4952
40.136364,-66.505627,4964
39.296443,-66.505627,4984
38.456522,-66.505627,4994
37.616601,-66.505627,5004
36.77668,-65.665706,5013
35.936759,-65.665706,5023
35.096838,-65.665706,5043
34.256917,-65.665706,5064
33.416996,-65.665706,5074
32.577075,-65.665706,5093
31.737154,-65.665706,5125
30.057312,-64.825785,5151
29.217391,-64.825785,5155
28.37747,-64.825785,5165
28.37747,-63.985864,5175
27.537549,-63.985864,5195
26.697628,-63.985864,5236
25.857708,-63.985864,5267
25.017787,-63.985864,5277
24.177866,-63.985864,5307
23.337945,-63.985864,5347
22.498024,-63.985864,5387
21.658103,-63.985864,5407
20.818182,-63.985864,5487
19.978261,-63.985864,5577
19.13834,-63.985864,5617
19.13834,-64.825785,5808
19.13834,-65.665706,5948
19.13834,-66.505627,6183
19.978261,-66.505627,6212
19.978261,-67.345548,6234
20.818182,-67.345548,6289
20.818182,-68.185469,6319
21.658103,-68.185469,6349
22.498024,-68.185469,6379
23.337945,-68.185469,6462
24.177866,-68.185469,6522
25.017787,-68.185469,6604
25.857708,-68.185469,6655
26.697628,-67.345548,6785
26.697628,-66.505627,6805
26.697628,-65.665706,6865
27.537549,-65.665706,6955
BREAK
83.812253,-45.507604,8377
BREAK
