START
40.976285,-33.74871,0
39.296443,-34.588631,101
39.296443,-35.428552,110
38.456522,-37.108394,120
37.616601,-37.108394,128
37.616601,-37.948315,138
37.616601,-38.788236,159
36.77668,-38.788236,168
36.77668,-39.628157,176
36.77668,-40.468078,335
36.77668,-41.307999,344
36.77668,-42.14792,363
36.77668,-42.987841,374
BREAK
37.616601,-40.468078,1010
38.456522,-40.468078,1079
39.296443,-40.468078,1090
40.136364,-40.468078,1100
40.976285,-40.468078,1109
41.816206,-40.468078,1120
43.496047,-40.468078,1128
44.335968,-40.468078,1149
45.175889,-40.468078,1159
46.855731,-40.468078,1168
47.695652,-41.307999,1176
48.535573,-41.307999,1195
48.535573,-42.14792,1215
49.375494,-42.14792,1235
50.215415,-42.14792,1255
51.055336,-42.14792,1264
51.895257,-42.14792,1284
53.575099,-42.987841,1383
56.934783,-42.987841,1392
58.614625,-42.987841,1400
59.454545,-42.987841,1411
61.134387,-42.987841,1421
62.814229,-42.987841,1431
65.333992,-42.987841,1440
66.173913,-42.987841,1448
67.013834,-42.987841,1456
67.013834,-43.827762,1475
67.853755,-43.827762,1595
67.853755,-44.667683,1606
68.693676,-45.507604,1616
68.693676,-46.347524,1636
69.533597,-47.187445,1656
70.373518,-47.187445,1666
71.213439,-47.187445,1675
72.05336,-48.027366,1704
72.05336,-48.867287,1712
72.05336,-49.707208,1731
72.05336,-50.547129,1742
72.893281,-50.547129,1752
72.893281,-51.38705,1760
72.893281,-52.226971,1779
72.893281,-53.066892,1808
72.893281,-53.906813,1828
72.893281,-54.746734,1838
72.893281,-55.586655,1848
72.893281,-56.426576,1856
72.893281,-57.266497,1867
72.893281,-58.106418,1878
72.893281,-58.946339,1897
72.893281,-59.78626,1907
72.893281,-60.626181,1917
72.893281,-61.466102,1937
72.05336,-62.306023,1947
72.05336,-63.145943,1977
72.05336,-63.985864,1997
72.05336,-64.825785,2017
72.05336,-65.665706,2027
71.213439,-65.665706,2037
71.213439,-66.505627,2056
71.213439,-67.345548,2076
71.213439,-68.185469,2096
70.373518,-68.185469,2104
70.373518,-69.02539,2115
69.533597,-69.02539,2125
69.533597,-69.865311,2135
69.533597,-70.705232,2144
68.693676,-70.705232,2152
67.853755,-71.545153,2183
67.853755,-72.385074,2193
67.013834,-73.224995,2211
66.173913,-73.224995,2222
64.494071,-74.064916,2233
63.65415,-74.064916,2252
62.814229,-74.064916,2262
61.974308,-74.064916,2272
60.294466,-74.904837,2280
59.454545,-74.904837,2300
58.614625,-74.904837,2310
56.934783,-74.904837,2320
56.094862,-74.904837,2328
55.254941,-74.904837,2348
54.41502,-74.904837,2358
52.735178,-74.904837,2368
51.895257,-74.904837,2376
51.055336,-74.904837,2396
50.215415,-74.904837,2407
49.375494,-74.904837,2424
48.535573,-74.904837,2455
47.695652,-74.064916,2464
46.855731,-74.064916,2485
46.01581,-74.064916,2504
45.175889,-74.064916,2512
44.335968,-74.064916,2532
43.496047,-74.064916,2542
41.816206,-74.064916,2552
40.976285,-74.064916,2560
40.976285,-73.224995,2580
40.136364,-73.224995,2590
39.296443,-73.224995,2600
38.456522,-73.224995,2688
37.616601,-72.385074,2708
36.77668,-71.545153,2718
34.256917,-71.545153,2729
33.416996,-71.545153,2736
32.577075,-69.865311,2746
31.737154,-69.865311,2756
30.897233,-69.865311,2766
28.37747,-69.02539,2776
27.537549,-69.02539,2796
26.697628,-68.185469,2957
24.177866,-67.345548,2976
23.337945,-67.345548,2996
21.658103,-66.505627,3016
19.978261,-65.665706,3025
19.13834,-65.665706,3033
19.13834,-64.825785,3302
17.458498,-64.825785,3312
16.618577,-64.825785,3343
15.778656,-64.825785,3352
14.938735,-64.825785,3373
14.098814,-64.825785,3902
13.258893,-65.665706,3932
12.418972,-65.665706,3942
12.418972,-64.825785,4200
BREAK
82.132411,-73.224995,5798
BREAK
