START
12.641509,-46.859438,0
13.641509,-46.859438,134
15.641509,-46.859438,272
15.641509,-47.859438,353
15.641509,-48.859438,580
16.641509,-48.859438,598
17.641509,-48.859438,670
17.641509,-50.859438,743
18.641509,-50.859438,796
20.641509,-50.859438,847
21.641509,-50.859438,933
21.641509,-51.859438,1147
21.641509,-52.859438,1167
21.641509,-53.859438,1186
21.641509,-55.859438,1204
21.641509,-56.859438,1276
21.641509,-58.859438,1293
21.641509,-59.859438,1312
21.641509,-61.859438,1331
20.641509,-61.859438,1345
20.641509,-62.859438,1363
20.641509,-63.859438,1473
20.641509,-67.859438,1528
20.641509,-69.859438,1547
20.641509,-72.859438,1564
20.641509,-73.859438,1584
20.641509,-74.859438,1600
20.641509,-76.859438,1636
18.641509,-77.859438,1654
18.641509,-78.859438,1672
18.641509,-79.859438,1688
18.641509,-80.859438,1706
18.641509,-82.859438,1775
18.641509,-83.859438,1862
18.641509,-84.859438,1899
18.641509,-85.859438,1948
18.641509,-87.859438,1987
BREAK
20.641509,-79.859438,2960
20.641509,-78.859438,3046
21.641509,-78.859438,3161
23.641509,-77.859438,3187
24.641509,-77.859438,3250
26.641509,-77.859438,3275
27.641509,-77.859438,3327
28.641509,-77.859438,3415
29.641509,-77.859438,3559
31.641509,-77.859438,3594
32.641509,-77.859438,3757
33.641509,-77.859438,3828
BREAK
36.641509,-39.859438,5427
36.641509,-37.859438,5638
37.641509,-37.859438,5710
38.641509,-37.859438,5849
38.641509,-36.859438,5954
39.641509,-36.859438,5960
39.641509,-37.859438,6291
40.641509,-40.859438,6310
40.641509,-42.859438,6326
42.641509,-45.859438,6342
42.641509,-47.859438,6359
42.641509,-48.859438,6377
42.641509,-50.859438,6394
42.641509,-51.859438,6409
42.641509,-52.859438,6445
42.641509,-55.859438,6463
42.641509,-57.859438,6482
42.641509,-61.859438,6501
42.641509,-64.859438,6517
42.641509,-68.859438,6534
42.641509,-73.859438,6554
42.641509,-77.859438,6573
42.641509,-80.859438,6592
40.641509,-85.859438,6610
40.641509,-88.859438,6628
39.641509,-90.859438,6643
39.641509,-92.859438,6714
BREAK
28.641509,-76.859438,8138
29.641509,-76.859438,8154
31.641509,-76.859438,8269
32.641509,-76.859438,8302
33.641509,-76.859438,8373
34.641509,-76.859438,8462
36.641509,-76.859438,8495
37.641509,-76.859438,8587
38.641509,-76.859438,8694
39.641509,-76.859438,8765
40.641509,-77.859438,8836
42.641509,-77.859438,8959
42.641509,-78.859438,9025
BREAK
23.641509,-57.859438,10764
24.641509,-57.859438,10849
26.641509,-58.859438,10918
28.641509,-58.859438,10957
29.641509,-58.859438,10975
31.641509,-58.859438,11008
32.641509,-58.859438,11025
33.641509,-59.859438,11062
34.641509,-59.859438,11112
36.641509,-59.859438,11136
37.641509,-59.859438,11201
38.641509,-59.859438,11308
39.641509,-59.859438,11340
40.641509,-59.859438,11377
42.641509,-59.859438,11452
42.641509,-61.859438,11522
43.641509,-61.859438,11573
44.641509,-61.859438,11633
45.641509,-61.859438,11730
BREAK
57.641509,-29.859438,12583
58.641509,-29.859438,12689
59.641509,-30.859438,12774
60.641509,-30.859438,12812
60.641509,-31.859438,12845
61.641509,-31.859438,12864
61.641509,-32.859438,13065
61.641509,-36.859438,13150
61.641509,-40.859438,13167
61.641509,-42.859438,13184
61.641509,-46.859438,13198
61.641509,-47.859438,13217
61.641509,-48.859438,13234
61.641509,-51.859438,13251
61.641509,-52.859438,13265
61.641509,-53.859438,13283
61.641509,-55.859438,13301
61.641509,-56.859438,13371
60.641509,-58.859438,13431
60.641509,-59.859438,13472
59.641509,-63.859438,13528
59.641509,-66.859438,13539
59.641509,-67.859438,13574
59.641509,-68.859438,13660
59.641509,-69.859438,13812
59.641509,-71.859438,13830
59.641509,-72.859438,13879
58.641509,-72.859438,14019
BREAK
58.641509,-69.859438,14532
58.641509,-68.859438,14536
60.641509,-68.859438,14625
61.641509,-68.859438,14631
64.641509,-67.859438,14663
65.641509,-67.859438,14715
66.641509,-67.859438,14720
68.641509,-67.859438,14750
70.641509,-67.859438,14812
71.641509,-67.859438,14837
73.641509,-67.859438,14873
74.641509,-67.859438,14888
75.641509,-67.859438,14943
76.641509,-67.859438,14994
79.641509,-67.859438,15032
80.641509,-67.859438,15083
81.641509,-67.859438,15240
82.641509,-67.859438,15261
84.641509,-68.859438,15297
86.641509,-68.859438,15316
87.641509,-68.859438,15334
89.641509,-68.859438,15369
BREAK
73.641509,-18.859438,16424
74.641509,-18.859438,16449
75.641509,-19.859438,16482
76.641509,-20.859438,16518
77.641509,-20.859438,16555
77.641509,-21.859438,16570
79.641509,-21.859438,16587
80.641509,-21.859438,16639
81.641509,-22.859438,16694
82.641509,-22.859438,16709
84.641509,-24.859438,16761
85.641509,-24.859438,16831
85.641509,-25.859438,16886
86.641509,-27.859438,16920
89.641509,-32.859438,16938
89.641509,-35.859438,16953
90.641509,-39.859438,16972
91.641509,-45.859438,16990
94.641509,-47.859438,17008
94.641509,-52.859438,17025
95.641509,-58.859438,17044
95.641509,-61.859438,17059
95.641509,-62.859438,17079
95.641509,-63.859438,17096
95.641509,-64.859438,17135
95.641509,-66.859438,17223
95.641509,-67.859438,17241
95.641509,-69.859438,17259
95.641509,-71.859438,17274
95.641509,-74.859438,17294
95.641509,-76.859438,17311
95.641509,-77.859438,17420
95.641509,-78.859438,17512
BREAK
63.641509,-50.859438,18573
64.641509,-50.859438,18676
65.641509,-50.859438,18709
66.641509,-50.859438,18741
69.641509,-50.859438,18759
70.641509,-50.859438,18777
74.641509,-50.859438,18800
77.641509,-50.859438,18810
79.641509,-50.859438,18827
82.641509,-51.859438,18850
85.641509,-51.859438,18865
87.641509,-51.859438,18877
89.641509,-51.859438,18912
91.641509,-51.859438,18943
92.641509,-51.859438,18994
94.641509,-51.859438,19080
95.641509,-51.859438,19112
96.641509,-52.859438,19200
BREAK
87.641509,-68.859438,19775
89.641509,-68.859438,20022
90.641509,-68.859438,20039
91.641509,-68.859438,20146
BREAK
