START
60.877358,-26.702811,0
59.877358,-26.702811,83
58.877358,-26.702811,92
57.877358,-26.702811,102
56.877358,-26.702811,111
55.877358,-26.702811,120
54.877358,-26.702811,129
53.877358,-26.702811,139
52.877358,-26.702811,148
51.877358,-26.702811,157
50.877358,-26.702811,176
49.877358,-27.702811,185
48.877358,-28.702811,195
47.877358,-28.702811,204
45.877358,-29.702811,223
44.877358,-29.702811,232
43.877358,-29.702811,251
42.877358,-29.702811,260
41.877358,-29.702811,279
40.877358,-30.702811,307
40.877358,-31.702811,325
39.877358,-32.702811,335
38.877358,-33.702811,344
37.877358,-33.702811,353
36.877358,-35.702811,372
36.877358,-36.702811,391
36.877358,-37.702811,400
35.877358,-38.702811,409
35.877358,-39.702811,428
35.877358,-41.702811,437
34.877358,-43.702811,446
34.877358,-45.702811,456
34.877358,-46.702811,475
33.877358,-48.702811,484
33.877358,-49.702811,493
33.877358,-50.702811,502
33.877358,-51.702811,521
33.877358,-53.702811,530
33.877358,-54.702811,540
33.877358,-55.702811,549
33.877358,-57.702811,558
33.877358,-58.702811,568
33.877358,-59.702811,577
33.877358,-61.702811,586
33.877358,-62.702811,614
33.877358,-64.702811,623
33.877358,-65.702811,633
33.877358,-66.702811,642
33.877358,-67.702811,661
34.877358,-68.702811,679
34.877358,-69.702811,689
34.877358,-70.702811,698
34.877358,-71.702811,726
34.877358,-72.702811,735
35.877358,-73.702811,745
36.877358,-74.702811,754
36.877358,-75.702811,773
36.877358,-76.702811,782
36.877358,-77.702811,791
37.877358,-78.702811,801
38.877358,-78.702811,810
39.877358,-78.702811,819
40.877358,-78.702811,847
42.877358,-78.702811,866
43.877358,-78.702811,894
44.877358,-78.702811,903
45.877358,-78.702811,912
46.877358,-78.702811,922
47.877358,-78.702811,940
48.877358,-78.702811,950
49.877358,-78.702811,959
50.877358,-78.702811,968
51.877358,-78.702811,978
52.877358,-78.702811,987
53.877358,-78.702811,996
54.877358,-78.702811,1005
55.877358,-78.702811,1024
56.877358,-78.702811,1033
57.877358,-78.702811,1052
58.877358,-78.702811,1061
65.877358,-74.702811,1159
66.877358,-74.702811,1164
66.877358,-73.702811,1173
66.877358,-72.702811,1182
67.877358,-72.702811,1192
68.877358,-71.702811,1201
69.877358,-70.702811,1210
70.877358,-70.702811,1220
70.877358,-69.702811,1229
70.877358,-68.702811,1238
70.877358,-67.702811,1266
70.877358,-66.702811,1276
70.877358,-65.702811,1294
70.877358,-64.702811,1313
70.877358,-63.702811,1332
70.877358,-62.702811,1350
70.877358,-61.702811,1369
70.877358,-60.702811,1397
70.877358,-59.702811,1406
70.877358,-58.702811,1415
70.877358,-57.702811,1425
70.877358,-56.702811,1443
70.877358,-55.702811,1453
69.877358,-54.702811,1462
68.877358,-53.702811,1481
67.877358,-53.702811,1499
66.877358,-53.702811,1509
66.877358,-52.702811,1518
65.877358,-52.702811,1527
64.877358,-51.702811,1536
63.877358,-51.702811,1546
62.877358,-51.702811,1555
61.877358,-50.702811,1564
60.877358,-50.702811,1574
59.877358,-50.702811,1583
58.877358,-49.702811,1592
57.877358,-49.702811,1602
56.877358,-49.702811,1620
55.877358,-49.702811,1639
54.877358,-49.702811,1648
53.877358,-49.702811,1658
52.877358,-49.702811,1667
51.877358,-49.702811,1685
50.877358,-49.702811,1695
49.877358,-49.702811,1704
48.877358,-49.702811,1713
47.877358,-49.702811,1732
46.877358,-49.702811,1741
45.877358,-49.702811,1751
44.877358,-49.702811,1760
43.877358,-49.702811,1779
42.877358,-49.702811,1788
41.877358,-50.702811,1797
40.877358,-50.702811,1807
39.877358,-50.702811,1816
38.877358,-50.702811,1835
37.877358,-51.702811,1863
36.877358,-52.702811,1881
35.877358,-53.702811,1900
35.877358,-54.702811,1909
34.877358,-54.702811,1918
34.877358,-55.702811,1946
33.877358,-55.702811,1956
33.877358,-56.702811,1984
32.877358,-57.702811,1993
32.877358,-58.702811,2002
31.877358,-58.702811,2012
BREAK
