START
45.641509,-40.859438,0
44.641509,-41.859438,23
43.641509,-41.859438,38
43.641509,-42.859438,109
42.641509,-42.859438,137
42.641509,-43.859438,196
41.641509,-43.859438,208
39.641509,-44.859438,234
38.641509,-44.859438,244
37.641509,-45.859438,257
35.641509,-46.859438,271
35.641509,-47.859438,284
34.641509,-48.859438,295
33.641509,-48.859438,307
33.641509,-49.859438,320
33.641509,-50.859438,332
33.641509,-51.859438,344
32.641509,-52.859438,356
32.641509,-53.859438,370
31.641509,-54.859438,381
31.641509,-55.859438,393
31.641509,-56.859438,408
30.641509,-58.859438,430
30.641509,-59.859438,456
30.641509,-60.859438,479
30.641509,-61.859438,493
30.641509,-62.859438,540
30.641509,-63.859438,566
30.641509,-64.859438,577
31.641509,-65.859438,603
31.641509,-66.859438,627
33.641509,-66.859438,639
34.641509,-66.859438,654
36.641509,-66.859438,665
38.641509,-66.859438,676
41.641509,-66.859438,688
42.641509,-66.859438,703
42.641509,-67.859438,714
44.641509,-67.859438,725
45.641509,-67.859438,752
48.641509,-67.859438,763
50.641509,-67.859438,773
52.641509,-68.859438,786
53.641509,-68.859438,801
54.641509,-69.859438,812
55.641509,-70.859438,822
56.641509,-70.859438,871
57.641509,-69.859438,900
57.641509,-68.859438,910
58.641509,-68.859438,922
59.641509,-67.859438,936
60.641509,-66.859438,947
61.641509,-65.859438,959
62.641509,-64.859438,985
62.641509,-63.859438,997
62.641509,-62.859438,1007
62.641509,-61.859438,1034
62.641509,-60.859438,1046
62.641509,-59.859438,1069
62.641509,-58.859438,1095
62.641509,-57.859438,1118
62.641509,-56.859438,1167
62.641509,-55.859438,1193
61.641509,-54.859438,1216
60.641509,-53.859438,1254
59.641509,-53.859438,1280
59.641509,-52.859438,1290
59.641509,-51.859438,1330
58.641509,-51.859438,1339
58.641509,-50.859438,1353
58.641509,-49.859438,1366
58.641509,-48.859438,1390
58.641509,-46.859438,1416
57.641509,-45.859438,1465
57.641509,-44.859438,1500
56.641509,-44.859438,1514
56.641509,-43.859438,1525
55.641509,-43.859438,1634
54.641509,-42.859438,1672
53.641509,-42.859438,1698
52.641509,-42.859438,1710
51.641509,-42.859438,1734
51.641509,-41.859438,1749
50.641509,-41.859438,1771
49.641509,-41.859438,1809
48.641509,-40.859438,1845
48.641509,-39.859438,2044
49.641509,-38.859438,2066
49.641509,-37.859438,2142
49.641509,-36.859438,2152
50.641509,-36.859438,2190
50.641509,-35.859438,2202
50.641509,-34.859438,2239
BREAK
