START
43.683962,-23.859438,0
43.683962,-24.859438,185
43.683962,-25.859438,207
43.683962,-26.859438,218
43.683962,-27.859438,230
43.683962,-28.859438,259
43.683962,-29.859438,281
43.683962,-30.859438,310
43.683962,-31.859438,321
43.683962,-32.859438,332
43.683962,-33.859438,343
43.683962,-34.859438,355
43.683962,-35.859438,366
43.683962,-36.859438,377
43.683962,-37.859438,388
43.683962,-39.859438,399
43.683962,-40.859438,421
43.683962,-41.859438,433
43.683962,-42.859438,455
43.683962,-43.859438,466
43.683962,-44.859438,502
43.683962,-45.859438,524
43.683962,-46.859438,560
43.683962,-47.859438,578
43.683962,-48.859438,601
43.683962,-49.859438,630
43.683962,-50.859438,652
43.683962,-51.859438,663
43.683962,-52.859438,681
43.683962,-53.859438,710
43.683962,-54.859438,732
43.683962,-55.859438,744
43.683962,-56.859438,766
43.683962,-57.859438,777
43.683962,-58.859438,799
43.683962,-59.859438,811
43.683962,-60.859438,829
43.683962,-61.859438,851
43.683962,-62.859438,862
43.683962,-63.859438,884
43.683962,-64.859438,907
43.683962,-65.859438,929
43.683962,-66.859438,940
43.683962,-67.859438,962
43.683962,-68.859438,991
43.683962,-69.859438,1034
43.683962,-70.859438,1045
43.683962,-71.859438,1068
43.683962,-72.859438,1117
43.683962,-73.859438,1153
43.683962,-74.859438,1196
43.683962,-75.859438,1207
43.683962,-76.859438,1250
43.683962,-77.859438,1279
43.683962,-78.859438,1321
43.683962,-79.859438,1346
43.683962,-80.859438,1389
43.683962,-81.859438,1459
43.683962,-82.859438,1502
43.683962,-83.859438,1547
43.683962,-84.859438,1583
43.683962,-85.859438,1632
43.683962,-86.859438,1688
43.683962,-87.859438,1740
43.683962,-88.859438,1862
BREAK
45.683962,-24.859438,3059
46.683962,-24.859438,3174
47.683962,-25.859438,3185
48.683962,-26.859438,3196
50.683962,-28.859438,3207
52.683962,-29.859438,3218
53.683962,-31.859438,3230
54.683962,-32.859438,3241
56.683962,-33.859438,3252
57.683962,-34.859438,3263
58.683962,-35.859438,3274
59.683962,-35.859438,3297
59.683962,-36.859438,3319
60.683962,-36.859438,3375
60.683962,-37.859438,3386
60.683962,-38.859438,3480
61.683962,-38.859438,3509
61.683962,-39.859438,3681
62.683962,-40.859438,3717
63.683962,-40.859438,3746
63.683962,-41.859438,3893
64.683962,-41.859438,3924
64.683962,-42.859438,4106
65.683962,-42.859438,4201
65.683962,-43.859438,4291
65.683962,-44.859438,4382
BREAK
