START
72.683962,-38.859438,0
71.683962,-38.859438,136
70.683962,-38.859438,210
70.683962,-37.859438,249
69.683962,-37.859438,274
69.683962,-36.859438,297
69.683962,-35.859438,323
68.683962,-35.859438,335
68.683962,-34.859438,359
67.683962,-34.859438,386
67.683962,-33.859438,410
67.683962,-32.859438,423
66.683962,-32.859438,434
66.683962,-31.859438,448
66.683962,-30.859438,471
65.683962,-30.859438,498
65.683962,-29.859438,511
64.683962,-29.859438,537
64.683962,-28.859438,549
63.683962,-27.859438,572
62.683962,-27.859438,597
62.683962,-26.859438,635
61.683962,-26.859438,646
61.683962,-25.859438,672
60.683962,-24.859438,697
59.683962,-24.859438,771
59.683962,-23.859438,798
58.683962,-22.859438,821
57.683962,-21.859438,860
57.683962,-20.859438,908
56.683962,-20.859438,920
56.683962,-19.859438,935
56.683962,-18.859438,946
55.683962,-18.859438,959
55.683962,-17.859438,970
54.683962,-17.859438,984
54.683962,-16.859438,996
54.683962,-15.859438,1093
53.683962,-15.859438,1195
53.683962,-14.859438,1245
53.683962,-13.859438,1268
52.683962,-12.859438,1344
52.683962,-11.859438,1369
51.683962,-11.859438,1381
51.683962,-10.859438,1394
50.683962,-10.859438,1419
50.683962,-11.859438,1605
50.683962,-12.859438,1691
50.683962,-13.859438,1816
50.683962,-14.859438,1828
50.683962,-15.859438,1854
50.683962,-16.859438,1892
50.683962,-17.859438,1929
50.683962,-18.859438,1940
50.683962,-19.859438,1955
50.683962,-20.859438,1978
50.683962,-21.859438,2016
50.683962,-22.859438,2053
50.683962,-23.859438,2079
50.683962,-24.859438,2103
50.683962,-25.859438,2141
50.683962,-26.859438,2165
50.683962,-27.859438,2177
50.683962,-28.859438,2216
50.683962,-29.859438,2239
50.683962,-30.859438,2265
50.683962,-31.859438,2275
50.683962,-32.859438,2302
50.683962,-33.859438,2328
50.683962,-34.859438,2352
50.683962,-35.859438,2364
50.683962,-36.859438,2401
50.683962,-37.859438,2443
50.683962,-38.859438,2463
50.683962,-39.859438,2477
50.683962,-40.859438,2500
50.683962,-41.859438,2526
50.683962,-42.859438,2552
50.683962,-43.859438,2564
50.683962,-44.859438,2589
50.683962,-45.859438,2612
50.683962,-46.859438,2639
50.683962,-47.859438,2664
50.683962,-48.859438,2713
50.683962,-49.859438,2749
50.683962,-50.859438,2776
50.683962,-51.859438,2814
50.683962,-52.859438,2837
50.683962,-53.859438,2850
50.683962,-54.859438,2876
50.683962,-55.859438,2899
50.683962,-56.859438,2928
50.683962,-57.859438,2941
50.683962,-58.859438,2950
50.683962,-59.859438,2962
50.683962,-60.859438,2974
50.683962,-61.859438,2987
50.683962,-62.859438,3012
50.683962,-63.859438,3024
50.683962,-64.859438,3051
50.683962,-65.859438,3074
50.683962,-66.859438,3086
50.683962,-67.859438,3098
50.683962,-68.859438,3125
50.683962,-69.859438,3161
50.683962,-70.859438,3185
50.683962,-71.859438,3199
50.683962,-72.859438,3223
50.683962,-73.859438,3261
50.683962,-74.859438,3286
50.683962,-75.859438,3297
50.683962,-76.859438,3321
50.683962,-77.859438,3348
50.683962,-79.859438,3372
50.683962,-80.859438,3385
50.683962,-81.859438,3409
50.683962,-82.859438,3421
50.683962,-83.859438,3447
50.683962,-84.859438,3533
50.683962,-83.859438,3659
50.683962,-82.859438,3670
BREAK
