START
80.427835,-21.091769,0
79.520619,-21.091769,126
78.613402,-21.091769,175
77.706186,-20.184553,208
77.706186,-19.277336,242
76.798969,-19.277336,260
75.891753,-19.277336,292
75.891753,-17.462903,309
74.984536,-17.462903,327
74.07732,-17.462903,343
72.262887,-17.462903,410
70.448454,-17.462903,459
69.541237,-17.462903,476
68.634021,-17.462903,511
67.726804,-17.462903,543
66.819588,-17.462903,560
65.912371,-17.462903,661
65.005155,-16.555687,711
65.005155,-15.64847,744
64.097938,-15.64847,761
64.097938,-14.741254,777
BREAK
58.654639,-14.741254,1529
58.654639,-15.64847,1597
56.840206,-15.64847,1614
56.840206,-16.555687,1631
55.93299,-17.462903,1647
55.93299,-18.37012,1681
55.93299,-19.277336,1698
55.025773,-19.277336,1714
55.025773,-20.184553,1730
55.025773,-21.091769,1765
55.025773,-21.998986,1798
55.025773,-22.906202,1815
55.025773,-23.813419,1849
55.025773,-24.720635,1864
55.025773,-25.627852,1915
55.025773,-26.535068,1949
55.93299,-27.442285,1966
55.93299,-29.256718,1982
56.840206,-30.163934,1998
56.840206,-31.071151,2016
56.840206,-31.978367,2032
56.840206,-33.7928,2049
56.840206,-34.700017,2066
57.747423,-36.51445,2100
59.561856,-37.421666,2115
59.561856,-39.236099,2150
59.561856,-40.143316,2167
60.469072,-41.050532,2182
60.469072,-41.957749,2201
60.469072,-42.864965,2249
60.469072,-43.772182,2266
60.469072,-44.679398,2285
61.376289,-45.586614,2301
61.376289,-46.493831,2316
61.376289,-48.308264,2333
61.376289,-50.122697,2351
61.376289,-51.029913,2367
60.469072,-52.844346,2384
60.469072,-54.658779,2400
58.654639,-56.473212,2416
58.654639,-58.287645,2434
57.747423,-61.916511,2451
56.840206,-64.638161,2467
56.840206,-66.452594,2485
56.840206,-68.267027,2500
56.840206,-70.08146,2517
56.840206,-71.895893,2534
56.840206,-72.803109,2552
55.93299,-75.524759,2567
55.025773,-77.339192,2585
55.025773,-79.153625,2601
53.21134,-80.968058,2618
53.21134,-81.875274,2634
52.304124,-82.782491,2650
50.489691,-83.689707,2667
49.582474,-84.596924,2684
48.675258,-85.50414,2701
47.768041,-85.50414,2717
46.860825,-85.50414,2735
45.046392,-85.50414,2769
43.231959,-85.50414,2787
41.417526,-85.50414,2801
40.510309,-85.50414,2836
39.603093,-85.50414,2853
38.695876,-85.50414,2871
37.78866,-85.50414,2885
BREAK
24.180412,-76.431975,3784
25.087629,-76.431975,3805
25.994845,-77.339192,3872
26.902062,-78.246408,3889
26.902062,-79.153625,3923
27.809278,-79.153625,3938
27.809278,-80.060841,3955
29.623711,-80.060841,3972
29.623711,-80.968058,3989
29.623711,-81.875274,4006
30.530928,-81.875274,4023
30.530928,-82.782491,4040
31.438144,-83.689707,4057
31.438144,-84.596924,4073
31.438144,-85.50414,4107
33.252577,-85.50414,4123
33.252577,-86.411357,4140
33.252577,-87.318573,4157
35.06701,-87.318573,4173
35.06701,-88.22579,4189
35.974227,-88.22579,4223
36.881443,-88.22579,4273
37.78866,-88.22579,4291
38.695876,-88.22579,4323
39.603093,-88.22579,4358
BREAK
37.78866,-61.009295,4974
37.78866,-59.194862,5094
38.695876,-56.473212,5110
38.695876,-55.565996,5127
39.603093,-56.473212,5227
39.603093,-57.380429,5244
39.603093,-59.194862,5261
39.603093,-60.102078,5276
39.603093,-61.916511,5311
38.695876,-61.916511,5411
37.78866,-61.916511,5444
38.695876,-61.009295,5594
38.695876,-60.102078,5646
39.603093,-60.102078,5662
BREAK
71.35567,-64.638161,7416
72.262887,-64.638161,7434
72.262887,-66.452594,7452
72.262887,-67.35981,7468
72.262887,-68.267027,7485
73.170103,-70.988676,7501
73.170103,-72.803109,7519
73.170103,-74.617542,7535
72.262887,-78.246408,7552
72.262887,-79.153625,7569
72.262887,-80.968058,7586
72.262887,-82.782491,7601
71.35567,-82.782491,7636
71.35567,-83.689707,7653
70.448454,-83.689707,7669
69.541237,-85.50414,7685
68.634021,-86.411357,7702
BREAK
