START
27.077339,-72.098623,0
27.65489,-72.098623,256
28.232441,-72.098623,399
28.809992,-72.098623,415
29.387543,-72.098623,431
29.965094,-72.098623,439
30.542645,-72.098623,455
31.120196,-72.098623,479
31.697747,-72.098623,567
32.275298,-72.098623,575
32.852849,-72.098623,599
33.4304,-72.098623,615
34.007951,-72.098623,663
34.585503,-72.098623,671
35.163054,-72.098623,743
35.740605,-72.098623,759
36.318156,-72.098623,775
36.895707,-72.098623,783
37.473258,-72.098623,799
38.050809,-72.098623,815
38.62836,-72.098623,831
39.205911,-72.098623,839
39.783462,-72.098623,880
40.361013,-72.098623,919
40.938564,-72.098623,951
41.516115,-72.098623,967
42.093666,-72.098623,1015
42.671217,-72.098623,1055
43.248768,-72.098623,1071
43.826319,-72.098623,1087
44.40387,-72.098623,1111
44.981421,-72.098623,1119
45.558972,-72.098623,1143
46.136523,-72.098623,1151
46.714074,-72.098623,1183
47.291625,-72.098623,1215
47.869176,-72.098623,1247
48.446727,-72.098623,1255
48.446727,-71.521072,1279
49.024278,-71.521072,1287
49.601829,-71.521072,1319
50.17938,-71.521072,1343
50.17938,-70.943521,1351
50.756931,-70.943521,1359
51.334482,-70.943521,1383
51.912033,-70.943521,1407
52.489584,-70.943521,1439
53.067135,-70.943521,1455
53.644686,-70.943521,1575
54.222237,-70.943521,1591
54.799788,-70.943521,1615
55.377339,-70.943521,1631
55.95489,-70.943521,1639
56.532441,-70.943521,1655
57.109992,-70.943521,1671
57.687543,-70.943521,1767
58.265094,-70.943521,1775
58.842645,-70.943521,1799
59.420196,-70.943521,1815
59.997747,-70.943521,1831
60.575298,-70.943521,1839
61.152849,-70.943521,1863
61.7304,-70.943521,1895
62.307951,-70.943521,1919
62.885503,-70.943521,1935
63.463054,-70.943521,1959
63.463054,-71.521072,1983
64.040605,-71.521072,1991
64.618156,-71.521072,2007
65.195707,-71.521072,2015
65.773258,-71.521072,2031
66.350809,-71.521072,2039
66.92836,-71.521072,2047
67.505911,-71.521072,2063
68.083462,-71.521072,2071
68.083462,-72.098623,2087
68.661013,-72.098623,2095
69.238564,-72.098623,2103
69.816115,-72.098623,2135
70.393666,-72.098623,2167
70.971217,-72.098623,2199
71.548768,-72.098623,2215
72.126319,-72.098623,2239
72.70387,-72.098623,2263
73.281421,-72.098623,2303
73.858972,-72.098623,2327
74.436523,-72.098623,2359
75.014074,-72.098623,2375
75.591625,-72.098623,2399
76.169176,-72.098623,2407
76.746727,-72.098623,2463
77.324278,-72.098623,2495
77.324278,-71.521072,2503
77.901829,-71.521072,2519
78.47938,-71.521072,2527
78.47938,-70.943521,2551
79.056931,-70.943521,2559
79.634482,-70.943521,2575
80.212033,-70.943521,2599
80.212033,-70.36597,2671
BREAK
48.446727,-29.937399,3863
47.869176,-29.937399,4039
47.291625,-29.937399,4047
47.291625,-30.51495,4063
46.714074,-30.51495,4079
46.714074,-31.092501,4095
46.136523,-31.092501,4119
46.136523,-31.670052,4127
46.136523,-32.247603,4151
45.558972,-32.825154,4159
44.981421,-32.825154,4175
44.981421,-33.402705,4183
44.981421,-33.980256,4207
44.40387,-33.980256,4223
44.40387,-34.557807,4231
44.40387,-35.135358,4239
44.40387,-35.712909,4255
43.826319,-36.29046,4271
43.826319,-36.868011,4287
43.826319,-37.445562,4303
43.248768,-37.445562,4319
43.248768,-38.023113,4327
42.671217,-38.600664,4343
42.671217,-39.178215,4359
42.671217,-39.755766,4367
42.093666,-39.755766,4375
42.093666,-40.333317,4383
42.093666,-40.910868,4399
42.093666,-41.488419,4415
41.516115,-41.488419,4423
41.516115,-42.06597,4431
41.516115,-42.643521,4455
41.516115,-43.221072,4471
40.938564,-43.221072,4511
40.938564,-43.798623,4519
40.938564,-44.376174,4535
40.361013,-44.376174,4551
40.361013,-44.953725,4567
40.361013,-45.531276,4599
39.783462,-46.108827,4615
39.783462,-46.686378,4623
39.783462,-47.263929,4631
39.783462,-47.84148,4647
39.205911,-47.84148,4655
39.205911,-48.419031,4671
39.205911,-48.996582,4687
39.205911,-49.574133,4719
38.62836,-50.151684,4735
38.050809,-50.151684,4759
38.050809,-50.729235,4767
38.050809,-51.306786,4775
37.473258,-51.884337,4791
37.473258,-52.461888,4815
36.895707,-52.461888,4831
36.895707,-53.039439,4839
36.895707,-53.61699,4847
36.895707,-54.194541,4871
36.318156,-54.194541,4887
36.318156,-54.772092,4903
35.740605,-54.772092,4927
35.740605,-55.349643,4935
35.740605,-55.927194,4943
35.740605,-56.504746,4959
35.163054,-56.504746,4967
35.163054,-57.082297,4975
35.163054,-57.659848,5007
34.585503,-57.659848,5023
34.585503,-58.237399,5031
34.585503,-58.81495,5039
34.585503,-59.392501,5055
34.585503,-59.970052,5071
34.585503,-60.547603,5087
34.007951,-61.125154,5095
34.007951,-61.702705,5111
33.4304,-61.702705,5135
33.4304,-62.280256,5143
33.4304,-62.857807,5167
33.4304,-63.435358,5183
32.852849,-63.435358,5207
32.852849,-64.012909,5215
32.852849,-64.59046,5271
32.852849,-65.168011,5319
32.275298,-65.168011,5327
32.275298,-65.745562,5343
31.697747,-65.745562,5367
31.120196,-65.745562,5375
31.120196,-66.323113,5383
31.120196,-66.900664,5415
30.542645,-66.900664,5431
30.542645,-67.478215,5519
30.542645,-68.055766,5543
29.965094,-68.055766,5551
29.965094,-68.633317,5599
29.387543,-68.633317,5639
29.387543,-69.210868,5671
29.387543,-69.788419,5743
28.809992,-69.788419,5759
28.809992,-70.36597,5767
28.232441,-70.36597,5855
28.232441,-70.943521,5871
28.232441,-71.521072,6047
BREAK
48.446727,-29.359848,7494
49.024278,-29.359848,7518
49.601829,-29.937399,7622
49.601829,-30.51495,7638
50.17938,-30.51495,7654
50.17938,-31.092501,7662
50.17938,-31.670052,7678
50.756931,-31.670052,7686
50.756931,-32.247603,7694
51.334482,-32.247603,7702
51.334482,-32.825154,7710
51.912033,-32.825154,7742
51.912033,-33.402705,7750
51.912033,-33.980256,7774
52.489584,-33.980256,7782
52.489584,-34.557807,7790
52.489584,-35.135358,7822
53.067135,-35.135358,7846
53.067135,-35.712909,7854
53.644686,-35.712909,7862
53.644686,-36.29046,7886
53.644686,-36.868011,7894
54.222237,-36.868011,7902
54.222237,-37.445562,7926
54.799788,-37.445562,7942
54.799788,-38.023113,7950
54.799788,-38.600664,7974
55.377339,-39.178215,7982
55.95489,-39.755766,7998
55.95489,-40.333317,8014
56.532441,-40.333317,8022
56.532441,-40.910868,8030
56.532441,-41.488419,8046
57.109992,-41.488419,8054
57.109992,-42.06597,8062
57.109992,-42.643521,8078
57.687543,-42.643521,8086
57.687543,-43.221072,8094
57.687543,-43.798623,8102
58.265094,-43.798623,8110
58.265094,-44.376174,8126
58.842645,-44.953725,8142
58.842645,-45.531276,8158
58.842645,-46.108827,8166
59.420196,-46.108827,8182
59.420196,-46.686378,8190
59.420196,-47.263929,8206
59.997747,-47.263929,8214
59.997747,-47.84148,8222
60.575298,-47.84148,8238
60.575298,-48.419031,8246
60.575298,-48.996582,8262
61.152849,-48.996582,8278
61.152849,-49.574133,8286
61.152849,-50.151684,8302
61.7304,-50.151684,8310
61.7304,-50.729235,8326
61.7304,-51.306786,8334
62.307951,-51.306786,8342
62.885503,-51.884337,8350
62.885503,-52.461888,8374
63.463054,-52.461888,8382
63.463054,-53.039439,8398
64.040605,-53.61699,8406
64.618156,-53.61699,8422
64.618156,-54.194541,8430
65.195707,-54.194541,8446
65.195707,-54.772092,8454
65.773258,-54.772092,8470
65.773258,-55.349643,8494
66.350809,-55.927194,8510
66.92836,-55.927194,8542
66.92836,-56.504746,8550
67.505911,-56.504746,8566
67.505911,-57.082297,8574
68.083462,-57.082297,8582
68.083462,-57.659848,8606
68.661013,-57.659848,8614
68.661013,-58.237399,8622
69.238564,-58.81495,8638
69.238564,-59.392501,8654
69.816115,-59.392501,8663
70.393666,-59.970052,8670
70.393666,-60.547603,8678
70.971217,-60.547603,8694
70.971217,-61.125154,8702
71.548768,-61.125154,8718
71.548768,-61.702705,8726
71.548768,-62.280256,8743
72.126319,-62.280256,8750
72.126319,-62.857807,8758
72.70387,-62.857807,8766
72.70387,-63.435358,8790
73.281421,-63.435358,8799
73.281421,-64.012909,8822
73.858972,-64.012909,8830
73.858972,-64.59046,8854
74.436523,-64.59046,8870
74.436523,-65.168011,8878
75.014074,-65.168011,8902
75.014074,-65.745562,8918
75.014074,-66.323113,8966
75.591625,-66.323113,8974
75.591625,-66.900664,8998
76.169176,-66.900664,9006
76.169176,-67.478215,9038
76.746727,-67.478215,9054
76.746727,-68.055766,9062
77.324278,-68.055766,9078
77.324278,-68.633317,9110
77.901829,-68.633317,9134
77.901829,-69.210868,9222
78.47938,-69.210868,9238
78.47938,-69.788419,9334
79.056931,-69.788419,9350
79.056931,-70.36597,9358
79.634482,-70.36597,9366
BREAK
