START
16.496242,-60.624498,0
18.428446,-59.658396,63
19.394547,-59.658396,71
21.326751,-58.692295,79
22.292853,-57.726193,87
24.225056,-56.760091,95
26.157259,-56.760091,103
28.089463,-55.79399,111
29.055564,-54.827888,119
30.987768,-54.827888,127
31.95387,-54.827888,143
32.919971,-54.827888,151
33.886073,-54.827888,175
34.852175,-54.827888,200
35.818276,-55.79399,215
36.784378,-55.79399,224
38.716581,-56.760091,231
39.682683,-57.726193,247
39.682683,-58.692295,256
40.648785,-58.692295,263
40.648785,-59.658396,280
41.614886,-59.658396,288
41.614886,-60.624498,303
42.580988,-61.5906,311
42.580988,-62.556701,320
43.54709,-62.556701,327
44.513192,-63.522803,335
45.479293,-63.522803,344
45.479293,-64.488905,352
46.445395,-64.488905,360
47.411497,-64.488905,367
48.377598,-64.488905,392
49.3437,-64.488905,408
50.309802,-64.488905,432
51.275903,-64.488905,440
51.275903,-63.522803,447
51.275903,-62.556701,712
51.275903,-60.624498,720
51.275903,-57.726193,728
51.275903,-54.827888,736
51.275903,-51.929583,744
51.275903,-49.031278,752
51.275903,-46.132973,760
51.275903,-43.234667,768
52.242005,-40.336362,776
53.208107,-37.438057,784
54.174209,-34.539752,792
54.174209,-31.641447,800
55.14031,-28.743142,808
55.14031,-27.77704,816
55.14031,-25.844837,824
55.14031,-23.912634,832
56.106412,-21.98043,840
56.106412,-21.014329,848
56.106412,-20.048227,856
57.072514,-18.116023,864
57.072514,-17.149922,872
57.072514,-15.217718,880
57.072514,-14.251617,896
57.072514,-13.285515,904
57.072514,-12.319413,920
57.072514,-11.353312,928
57.072514,-10.38721,1008
57.072514,-9.4211082,1032
56.106412,-8.4550065,1048
55.14031,-8.4550065,1056
54.174209,-8.4550065,1080
52.242005,-8.4550065,1088
50.309802,-8.4550065,1104
49.3437,-8.4550065,1120
48.377598,-9.4211082,1136
47.411497,-9.4211082,1152
46.445395,-10.38721,1160
45.479293,-11.353312,1176
44.513192,-12.319413,1184
43.54709,-13.285515,1200
43.54709,-14.251617,1208
42.580988,-15.217718,1216
42.580988,-16.18382,1232
42.580988,-17.149922,1248
42.580988,-18.116023,1256
42.580988,-19.082125,1280
42.580988,-20.048227,1296
42.580988,-21.014329,1312
42.580988,-21.98043,1320
42.580988,-22.946532,1344
42.580988,-23.912634,1376
43.54709,-23.912634,1392
BREAK
