START
33.725245,-30.464882,0
35.289154,-29.682927,128
36.071109,-28.119017,135
36.853064,-27.337063,144
37.635019,-26.555108,151
39.198929,-26.555108,160
39.980884,-25.773153,168
41.544794,-25.773153,176
42.326748,-25.773153,199
43.108703,-25.773153,208
43.890658,-25.773153,231
44.672613,-26.555108,256
45.454568,-28.119017,264
47.018478,-28.900972,272
47.800433,-28.900972,280
47.800433,-29.682927,296
48.582388,-30.464882,304
49.364342,-30.464882,312
49.364342,-29.682927,320
49.364342,-30.464882,328
49.364342,-31.246837,344
49.364342,-32.028792,360
49.364342,-33.592702,368
49.364342,-34.374657,384
49.364342,-35.156611,392
49.364342,-35.938566,400
49.364342,-37.502476,408
49.364342,-38.284431,416
49.364342,-39.066386,424
49.364342,-40.630296,432
49.364342,-41.412251,440
49.364342,-42.97616,448
49.364342,-43.758115,456
49.364342,-44.54007,464
49.364342,-46.10398,472
49.364342,-53.923529,532
47.018478,-56.269393,539
46.236523,-56.269393,544
45.454568,-57.833303,552
43.890658,-58.615258,560
43.108703,-60.179168,568
41.544794,-60.179168,576
40.762839,-60.961123,584
39.980884,-61.743078,592
39.198929,-61.743078,600
37.635019,-61.743078,608
35.289154,-61.743078,616
32.94329,-61.743078,624
30.597425,-61.743078,632
29.033515,-61.743078,640
26.687651,-61.743078,648
23.559831,-61.743078,656
20.432012,-61.743078,664
18.868102,-61.743078,672
15.740282,-61.743078,680
14.176373,-61.743078,688
13.394418,-61.743078,696
12.612463,-61.743078,704
12.612463,-60.961123,720
13.394418,-60.961123,888
15.740282,-58.615258,896
17.304192,-58.615258,904
18.086147,-56.269393,912
18.868102,-56.269393,920
20.432012,-55.487438,928
21.213967,-55.487438,936
22.777876,-54.705484,944
23.559831,-54.705484,952
24.341786,-53.923529,960
25.123741,-53.923529,968
25.905696,-53.923529,976
26.687651,-53.923529,992
27.469606,-53.923529,1000
28.251561,-53.923529,1016
29.033515,-53.923529,1032
30.597425,-53.923529,1040
31.37938,-54.705484,1064
32.161335,-54.705484,1080
32.94329,-54.705484,1104
33.725245,-55.487438,1112
34.5072,-56.269393,1120
36.071109,-57.833303,1136
36.853064,-59.397213,1144
38.416974,-60.179168,1152
39.198929,-60.179168,1264
39.980884,-60.179168,1272
BREAK
