START
32.161335,-27.337063,0
32.94329,-26.555108,201
35.289154,-25.773153,212
36.071109,-25.773153,222
37.635019,-24.991198,232
39.198929,-24.991198,243
39.980884,-24.991198,253
40.762839,-24.991198,263
41.544794,-24.991198,274
43.108703,-24.991198,284
44.672613,-24.991198,294
46.236523,-24.991198,305
47.018478,-24.991198,315
47.800433,-24.991198,325
49.364342,-24.991198,336
50.146297,-24.991198,346
50.928252,-24.991198,356
52.492162,-24.991198,367
53.274117,-24.991198,377
55.619982,-24.991198,387
56.401936,-24.991198,398
57.183891,-24.991198,408
58.747801,-24.991198,418
60.311711,-24.991198,429
61.093666,-24.991198,449
62.657576,-24.991198,460
63.43953,-24.991198,470
64.221485,-24.991198,480
65.00344,-24.991198,491
66.56735,-24.991198,501
67.349305,-25.773153,511
68.13126,-25.773153,522
68.913215,-26.555108,542
69.69517,-26.555108,553
70.477124,-26.555108,563
70.477124,-27.337063,573
71.259079,-27.337063,584
72.041034,-28.119017,594
72.822989,-28.119017,605
72.822989,-28.900972,625
72.822989,-29.682927,636
73.604944,-29.682927,646
73.604944,-30.464882,667
73.604944,-32.028792,677
74.386899,-32.028792,687
74.386899,-33.592702,698
74.386899,-34.374657,708
74.386899,-35.938566,718
75.168854,-37.502476,729
75.168854,-38.284431,739
75.168854,-39.066386,749
75.168854,-40.630296,771
75.168854,-42.194205,780
75.168854,-42.97616,791
75.168854,-43.758115,801
75.168854,-44.54007,811
75.168854,-45.322025,822
75.168854,-46.10398,832
75.168854,-46.885935,842
75.168854,-47.66789,853
75.168854,-48.449844,863
75.168854,-50.013754,873
74.386899,-50.013754,884
74.386899,-50.795709,895
74.386899,-52.359619,904
73.604944,-52.359619,915
73.604944,-53.141574,925
72.041034,-54.705484,935
72.041034,-56.269393,956
71.259079,-57.051348,966
71.259079,-57.833303,987
70.477124,-58.615258,997
70.477124,-59.397213,1008
69.69517,-59.397213,1018
68.913215,-60.179168,1028
68.913215,-60.961123,1039
68.13126,-60.961123,1049
67.349305,-60.961123,1059
67.349305,-61.743078,1070
67.349305,-62.525032,1080
66.56735,-62.525032,1090
65.785395,-63.306987,1101
65.00344,-63.306987,1117
65.00344,-64.088942,1130
64.221485,-64.088942,1140
63.43953,-64.088942,1150
62.657576,-64.870897,1171
61.875621,-64.870897,1192
60.311711,-65.652852,1212
59.529756,-65.652852,1233
57.965846,-66.434807,1254
57.183891,-66.434807,1265
56.401936,-67.216762,1278
55.619982,-67.216762,1289
54.838027,-67.216762,1309
53.274117,-67.998717,1330
52.492162,-67.998717,1340
51.710207,-67.998717,1351
50.928252,-67.998717,1361
50.146297,-68.780672,1371
48.582388,-69.562626,1381
47.018478,-69.562626,1395
45.454568,-69.562626,1415
44.672613,-70.344581,1425
43.890658,-70.344581,1435
42.326748,-70.344581,1446
41.544794,-70.344581,1456
39.980884,-70.344581,1477
38.416974,-70.344581,1487
37.635019,-70.344581,1508
36.853064,-70.344581,1528
36.071109,-70.344581,1539
35.289154,-70.344581,1549
34.5072,-70.344581,1570
32.94329,-70.344581,1591
32.161335,-70.344581,1611
31.37938,-70.344581,1633
30.597425,-70.344581,1643
29.81547,-70.344581,1674
29.81547,-69.562626,1690
29.033515,-69.562626,1703
29.033515,-68.780672,1713
27.469606,-68.780672,1723
26.687651,-67.998717,1744
26.687651,-67.216762,1754
25.905696,-67.216762,1765
25.905696,-66.434807,1777
25.123741,-66.434807,1796
24.341786,-65.652852,1806
22.777876,-61.743078,1875
21.213967,-61.743078,1879
21.213967,-60.179168,1889
21.213967,-59.397213,1900
21.213967,-58.615258,1910
20.432012,-58.615258,1934
19.650057,-58.615258,1952
19.650057,-57.833303,1962
BREAK
21.213967,-56.269393,3227
21.995921,-56.269393,3438
21.213967,-56.269393,3448
21.995921,-56.269393,3458
22.777876,-56.269393,3469
23.559831,-55.487438,3479
24.341786,-55.487438,3490
25.123741,-55.487438,3500
25.905696,-55.487438,3510
26.687651,-55.487438,3520
27.469606,-55.487438,3531
28.251561,-54.705484,3541
29.033515,-54.705484,3552
29.81547,-53.923529,3563
30.597425,-53.923529,3589
31.37938,-53.923529,3610
32.161335,-53.141574,3620
32.94329,-53.141574,3630
33.725245,-53.141574,3644
33.725245,-52.359619,3664
33.725245,-51.577664,3674
34.5072,-51.577664,3685
35.289154,-51.577664,3710
36.071109,-51.577664,3732
36.853064,-51.577664,3753
37.635019,-51.577664,3763
38.416974,-51.577664,3773
39.198929,-51.577664,3784
39.980884,-51.577664,3798
40.762839,-51.577664,3824
41.544794,-51.577664,3845
42.326748,-51.577664,3855
43.108703,-51.577664,3866
43.890658,-51.577664,3890
44.672613,-51.577664,3901
45.454568,-51.577664,3911
46.236523,-51.577664,3921
47.018478,-51.577664,3942
47.800433,-51.577664,3965
48.582388,-51.577664,3975
49.364342,-51.577664,3996
50.146297,-51.577664,4016
50.146297,-52.359619,4060
50.928252,-52.359619,4096
51.710207,-52.359619,4116
52.492162,-52.359619,4136
53.274117,-52.359619,4167
54.056072,-52.359619,4189
54.838027,-52.359619,4218
55.619982,-52.359619,4239
56.401936,-52.359619,4259
56.401936,-53.141574,4278
57.183891,-53.141574,4288
57.965846,-53.141574,4299
58.747801,-53.923529,4332
59.529756,-53.923529,4353
60.311711,-53.923529,4385
61.093666,-53.923529,4395
61.875621,-53.923529,4416
62.657576,-54.705484,4446
63.43953,-54.705484,4457
64.221485,-54.705484,4467
64.221485,-55.487438,4477
65.00344,-55.487438,4498
65.785395,-55.487438,4508
66.56735,-55.487438,4532
66.56735,-56.269393,4559
67.349305,-56.269393,4596
67.349305,-57.051348,4706
68.13126,-57.051348,4738
68.13126,-57.833303,4770
68.913215,-57.833303,4781
69.69517,-57.833303,4871
BREAK
