START
54.056072,-28.119017,0
54.838027,-27.337063,20
55.619982,-27.337063,50
56.401936,-27.337063,60
57.183891,-28.119017,69
57.965846,-28.900972,90
58.747801,-30.464882,119
59.529756,-32.028792,129
60.311711,-33.592702,150
61.093666,-35.156611,159
61.875621,-35.938566,169
61.875621,-36.720521,180
62.657576,-38.284431,190
62.657576,-39.066386,209
62.657576,-39.848341,219
62.657576,-41.412251,230
62.657576,-42.194205,239
63.43953,-44.54007,249
64.221485,-46.885935,259
64.221485,-49.231799,270
64.221485,-50.795709,279
64.221485,-52.359619,289
64.221485,-53.923529,299
64.221485,-55.487438,310
64.221485,-57.051348,319
64.221485,-58.615258,329
64.221485,-59.397213,339
64.221485,-60.961123,349
63.43953,-63.306987,360
62.657576,-64.088942,369
62.657576,-64.870897,379
61.093666,-66.434807,389
60.311711,-67.216762,399
59.529756,-67.998717,409
57.965846,-69.562626,419
56.401936,-71.126536,429
55.619982,-71.908491,439
54.838027,-72.690446,449
52.492162,-73.472401,459
51.710207,-73.472401,469
50.928252,-73.472401,479
50.146297,-73.472401,509
49.364342,-73.472401,568
47.800433,-73.472401,589
44.672613,-71.908491,599
42.326748,-70.344581,609
40.762839,-70.344581,618
39.198929,-68.780672,629
37.635019,-67.998717,639
36.853064,-67.998717,649
36.071109,-66.434807,658
35.289154,-66.434807,669
34.5072,-65.652852,679
34.5072,-64.088942,738
33.725245,-64.088942,748
33.725245,-63.306987,769
33.725245,-62.525032,828
33.725245,-61.743078,838
34.5072,-61.743078,849
36.853064,-60.961123,859
38.416974,-60.179168,878
39.980884,-60.179168,888
41.544794,-60.179168,899
42.326748,-60.179168,908
43.108703,-60.179168,948
43.890658,-60.179168,958
44.672613,-60.179168,968
46.236523,-60.179168,978
48.582388,-60.179168,988
50.146297,-60.179168,998
50.928252,-60.179168,1068
51.710207,-60.179168,1098
52.492162,-60.179168,1108
53.274117,-60.179168,1117
54.838027,-60.179168,1128
55.619982,-60.961123,1138
56.401936,-60.961123,1167
57.965846,-60.961123,1197
57.965846,-61.743078,1207
58.747801,-61.743078,1218
58.747801,-62.525032,1228
59.529756,-62.525032,1237
60.311711,-62.525032,1247
61.093666,-62.525032,1257
61.093666,-63.306987,1308
61.875621,-63.306987,1318
62.657576,-64.088942,1337
63.43953,-64.088942,1347
64.221485,-64.088942,1507
65.00344,-64.088942,1517
BREAK
59.529756,-28.900972,3582
58.747801,-28.900972,3621
58.747801,-28.119017,3642
57.965846,-27.337063,3651
57.183891,-26.555108,3701
56.401936,-26.555108,3711
55.619982,-25.773153,3721
54.838027,-24.991198,3732
52.492162,-24.209243,3741
50.928252,-23.427288,3751
47.800433,-22.645333,3761
45.454568,-21.863378,3772
44.672613,-21.863378,3781
43.890658,-21.081423,3791
40.762839,-20.299469,3801
36.853064,-18.735559,3811
34.5072,-17.953604,3821
32.94329,-17.953604,3831
31.37938,-17.953604,3841
29.81547,-17.171649,3851
29.033515,-17.171649,3931
28.251561,-17.953604,3971
27.469606,-17.953604,3981
BREAK
