START
81.641509,-23.859438,0
79.641509,-23.859438,312
78.641509,-23.859438,327
76.641509,-23.859438,335
76.641509,-23.859438,343
75.641509,-23.859438,351
73.641509,-23.859438,359
72.641509,-23.859438,367
71.641509,-23.859438,383
70.641509,-23.859438,392
68.641509,-22.859438,423
67.641509,-22.859438,439
67.641509,-22.859438,449
66.641509,-22.859438,455
65.641509,-22.859438,463
63.641509,-22.859438,471
62.641509,-22.859438,479
61.641509,-22.859438,487
60.641509,-22.859438,503
58.641509,-21.859438,519
58.641509,-21.859438,535
57.641509,-21.859438,543
56.641509,-21.859438,551
55.641509,-21.859438,567
53.641509,-21.859438,575
51.641509,-21.859438,592
50.641509,-21.859438,599
49.641509,-21.859438,615
49.641509,-21.859438,631
48.641509,-21.859438,647
47.641509,-21.859438,663
46.641509,-21.859438,671
45.641509,-21.859438,687
44.641509,-21.859438,695
43.641509,-21.859438,703
42.641509,-21.859438,719
41.641509,-21.859438,736
40.641509,-21.859438,759
40.641509,-21.859438,776
39.641509,-21.859438,800
38.641509,-20.859438,824
37.641509,-20.859438,831
36.641509,-20.859438,848
35.641509,-20.859438,904
34.641509,-20.859438,919
33.641509,-19.859438,927
32.641509,-19.859438,952
31.641509,-19.859438,1031
30.641509,-19.859438,1047
29.641509,-19.859438,1079
28.641509,-18.859438,1183
27.641509,-18.859438,1215
26.641509,-18.859438,1271
25.641509,-18.859438,1327
25.641509,-17.859438,1335
24.641509,-17.859438,1359
26.641509,-17.859438,2119
27.641509,-17.859438,2135
28.641509,-17.859438,2151
30.641509,-17.859438,2216
31.641509,-17.859438,2232
31.641509,-17.859438,2256
31.641509,-18.859438,2512
31.641509,-19.859438,2536
31.641509,-20.859438,2560
31.641509,-21.859438,2584
31.641509,-22.859438,2608
31.641509,-23.859438,2632
31.641509,-24.859438,2672
31.641509,-25.859438,2680
31.641509,-26.859438,2696
32.641509,-27.859438,2712
32.641509,-28.859438,2736
32.641509,-29.859438,2760
32.641509,-32.859438,2888
31.641509,-32.859438,2896
31.641509,-33.859438,2904
31.641509,-34.859438,2920
31.641509,-35.859438,2952
31.641509,-36.859438,3008
32.641509,-38.859438,3039
32.641509,-39.859438,3119
32.641509,-41.859438,3151
32.641509,-41.859438,3191
31.641509,-42.859438,3215
31.641509,-43.859438,3247
31.641509,-44.859438,3312
31.641509,-45.859438,3352
31.641509,-46.859438,3448
31.641509,-47.859438,3471
31.641509,-48.859438,3680
31.641509,-48.859438,3696
32.641509,-48.859438,3712
32.641509,-49.859438,3720
33.641509,-50.859438,3728
34.641509,-50.859438,3744
34.641509,-50.859438,3752
35.641509,-50.859438,3760
37.641509,-50.859438,3784
37.641509,-51.859438,3800
38.641509,-51.859438,3808
39.641509,-51.859438,3816
40.641509,-51.859438,3824
40.641509,-51.859438,3832
40.641509,-52.859438,3840
42.641509,-52.859438,3848
43.641509,-52.859438,3864
44.641509,-52.859438,3872
45.641509,-52.859438,3888
46.641509,-52.859438,3904
47.641509,-52.859438,3936
48.641509,-52.859438,3952
49.641509,-52.859438,3968
49.641509,-52.859438,3976
50.641509,-52.859438,3992
51.641509,-52.859438,4000
52.641509,-52.859438,4008
54.641509,-52.859438,4016
55.641509,-52.859438,4024
56.641509,-52.859438,4032
57.641509,-52.859438,4040
58.641509,-52.859438,4048
58.641509,-52.859438,4064
59.641509,-52.859438,4080
60.641509,-52.859438,4104
62.641509,-52.859438,4128
63.641509,-52.859438,4144
64.641509,-51.859438,4160
66.641509,-51.859438,4176
67.641509,-51.859438,4200
67.641509,-51.859438,4240
69.641509,-51.859438,4272
70.641509,-51.859438,4296
72.641509,-51.859438,4328
73.641509,-51.859438,4360
74.641509,-51.859438,4376
75.641509,-51.859438,4392
76.641509,-51.859438,4408
77.641509,-51.859438,4440
78.641509,-51.859438,4464
78.641509,-52.859438,4472
80.641509,-52.859438,4488
81.641509,-52.859438,4528
82.641509,-52.859438,4552
83.641509,-52.859438,4560
84.641509,-52.859438,4584
BREAK
