START
42.324742,-16.555687,0
41.417526,-17.462903,95
39.603093,-19.277336,111
38.695876,-21.091769,127
37.78866,-22.906202,144
36.881443,-23.813419,161
35.974227,-24.720635,178
35.974227,-25.627852,194
35.06701,-27.442285,212
35.06701,-29.256718,229
34.159794,-31.071151,245
34.159794,-31.978367,262
34.159794,-33.7928,278
34.159794,-34.700017,294
34.159794,-35.607233,311
34.159794,-36.51445,328
33.252577,-38.328883,346
33.252577,-39.236099,379
33.252577,-40.143316,411
33.252577,-41.050532,430
33.252577,-41.957749,445
33.252577,-42.864965,463
35.06701,-42.864965,478
35.974227,-43.772182,495
35.974227,-45.586614,512
36.881443,-46.493831,547
37.78866,-46.493831,562
38.695876,-46.493831,579
38.695876,-48.308264,595
39.603093,-48.308264,614
40.510309,-49.21548,630
40.510309,-50.122697,645
42.324742,-50.122697,662
43.231959,-50.122697,697
44.139175,-51.93713,731
44.139175,-52.844346,747
45.953608,-52.844346,763
45.953608,-53.751563,796
45.953608,-54.658779,814
45.953608,-56.473212,830
46.860825,-57.380429,864
46.860825,-58.287645,881
46.860825,-60.102078,897
46.860825,-61.009295,913
46.860825,-61.916511,930
46.860825,-62.823728,948
46.860825,-63.730944,964
46.860825,-65.545377,999
45.953608,-66.452594,1015
44.139175,-69.174243,1030
42.324742,-72.803109,1049
38.695876,-77.339192,1065
34.159794,-81.875274,1082
30.530928,-86.411357,1098
26.902062,-90.040223,1114
20.551546,-94.576305,1131
BREAK
62.283505,-32.885584,2183
62.283505,-33.7928,2252
62.283505,-32.885584,2553
62.283505,-33.7928,2670
62.283505,-34.700017,2703
63.190722,-35.607233,2821
65.005155,-35.607233,2837
66.819588,-34.700017,2856
67.726804,-34.700017,2888
67.726804,-33.7928,2937
67.726804,-32.885584,2954
66.819588,-32.885584,2971
65.912371,-32.885584,3122
65.912371,-33.7928,3171
65.912371,-34.700017,3239
BREAK
71.35567,-47.401047,4087
72.262887,-47.401047,4126
73.170103,-49.21548,4142
74.07732,-50.122697,4158
74.07732,-51.029913,4176
74.07732,-51.93713,4191
74.07732,-53.751563,4210
74.984536,-55.565996,4243
74.984536,-56.473212,4259
74.984536,-58.287645,4293
74.984536,-59.194862,4309
74.984536,-61.916511,4327
74.07732,-63.730944,4361
74.07732,-64.638161,4376
73.170103,-65.545377,4393
73.170103,-67.35981,4429
73.170103,-68.267027,4494
72.262887,-68.267027,4510
72.262887,-70.08146,4527
71.35567,-70.988676,4559
BREAK
