START
33.990975,-13.720217,0
33.990975,-14.622744,271
33.990975,-15.525271,287
33.990975,-16.427798,295
33.990975,-17.330325,303
33.990975,-18.232852,319
33.990975,-19.135379,335
33.990975,-20.037906,343
33.990975,-20.940433,351
33.990975,-21.84296,367
33.990975,-22.745487,383
33.990975,-23.648014,399
33.990975,-24.550542,407
33.990975,-25.453069,431
33.990975,-26.355596,455
33.088448,-26.355596,463
33.088448,-27.258123,479
33.088448,-28.16065,487
33.088448,-29.063177,503
33.088448,-29.965704,519
33.088448,-30.868231,535
33.088448,-31.770758,543
33.088448,-32.673285,567
33.088448,-33.575812,591
33.088448,-34.478339,615
33.088448,-35.380866,623
33.088448,-36.283394,647
33.088448,-37.185921,671
33.088448,-38.088448,687
33.088448,-38.990975,695
33.088448,-39.893502,703
33.088448,-40.796029,719
33.088448,-41.698556,735
33.088448,-42.601083,743
33.088448,-43.50361,775
33.088448,-44.406137,799
33.088448,-45.308664,823
33.088448,-46.211191,831
33.088448,-47.113718,855
33.088448,-48.016245,879
33.088448,-48.918773,895
33.088448,-49.8213,903
33.088448,-50.723827,927
33.088448,-51.626354,951
33.088448,-52.528881,983
33.088448,-53.431408,991
33.088448,-54.333935,1015
33.088448,-55.236462,1039
33.088448,-56.138989,1055
33.088448,-57.041516,1063
33.088448,-57.944043,1095
33.088448,-58.84657,1127
33.990975,-58.84657,1143
33.990975,-59.749097,1191
33.990975,-60.651625,1223
33.990975,-61.554152,1231
33.990975,-62.456679,1247
33.990975,-63.359206,1279
33.990975,-64.261733,1295
33.990975,-65.16426,1303
33.990975,-66.066787,1327
33.990975,-66.969314,1351
33.990975,-67.871841,1375
33.990975,-68.774368,1391
33.990975,-69.676895,1431
33.990975,-70.579422,1455
33.990975,-71.481949,1511
33.990975,-72.384477,1527
33.990975,-73.287004,1543
33.990975,-74.189531,1567
33.990975,-75.092058,1607
33.990975,-75.994585,1615
33.990975,-76.897112,1639
33.990975,-77.799639,1663
33.990975,-78.702166,1687
33.990975,-79.604693,1695
33.990975,-80.50722,1711
33.990975,-81.409747,1727
33.990975,-82.312274,1743
33.990975,-83.214801,1759
33.990975,-84.117329,1911
33.990975,-85.019856,1983
33.990975,-85.922383,2007
33.990975,-86.82491,2031
33.088448,-86.82491,2055
33.088448,-87.727437,2239
BREAK
34.893502,-13.720217,3471
35.796029,-12.81769,3935
36.698556,-12.81769,3951
37.601083,-12.81769,3959
39.406137,-12.81769,3967
40.308664,-12.81769,3983
41.211191,-12.81769,3999
42.113718,-12.81769,4063
43.016245,-12.81769,4079
43.918773,-12.81769,4111
44.8213,-12.81769,4135
45.723827,-12.81769,4159
46.626354,-12.81769,4167
47.528881,-12.81769,4183
48.431408,-13.720217,4191
49.333935,-13.720217,4207
50.236462,-13.720217,4239
51.138989,-13.720217,4319
52.041516,-13.720217,4326
52.944043,-13.720217,4359
53.84657,-13.720217,4375
53.84657,-14.622744,4383
54.749097,-14.622744,4407
55.651625,-14.622744,4431
56.554152,-14.622744,4455
57.456679,-14.622744,4471
58.359206,-14.622744,4487
59.261733,-14.622744,4503
59.261733,-15.525271,4519
60.16426,-15.525271,4526
61.066787,-15.525271,4535
61.969314,-15.525271,4550
62.871841,-15.525271,4575
63.774368,-15.525271,4583
64.676895,-15.525271,4599
65.579422,-15.525271,4647
66.481949,-15.525271,4687
67.384477,-15.525271,4710
68.287004,-15.525271,4719
69.189531,-15.525271,4751
70.092058,-15.525271,4783
70.994585,-15.525271,4807
71.897112,-15.525271,4823
72.799639,-15.525271,4839
73.702166,-15.525271,4855
74.604693,-15.525271,4879
75.50722,-15.525271,4887
76.409747,-15.525271,4894
77.312274,-15.525271,4926
78.214801,-15.525271,4967
79.117329,-15.525271,4974
80.019856,-15.525271,4991
80.922383,-15.525271,5007
81.82491,-15.525271,5023
82.727437,-15.525271,5031
BREAK
35.796029,-41.698556,7078
36.698556,-41.698556,7302
37.601083,-41.698556,7310
38.50361,-41.698556,7319
40.308664,-41.698556,7326
41.211191,-41.698556,7334
42.113718,-41.698556,7342
43.918773,-41.698556,7350
44.8213,-41.698556,7358
45.723827,-41.698556,7374
46.626354,-41.698556,7390
47.528881,-41.698556,7422
48.431408,-41.698556,7438
49.333935,-41.698556,7454
50.236462,-41.698556,7478
51.138989,-41.698556,7486
52.041516,-41.698556,7510
52.944043,-41.698556,7542
53.84657,-41.698556,7574
54.749097,-41.698556,7590
55.651625,-41.698556,7614
56.554152,-41.698556,7630
57.456679,-41.698556,7654
58.359206,-41.698556,7662
59.261733,-41.698556,7678
60.16426,-41.698556,7702
61.066787,-41.698556,7726
61.969314,-41.698556,7734
62.871841,-41.698556,7750
63.774368,-41.698556,7782
64.676895,-41.698556,7822
65.579422,-41.698556,7830
66.481949,-41.698556,7862
67.384477,-41.698556,7894
68.287004,-41.698556,7918
69.189531,-41.698556,7926
70.092058,-41.698556,7950
70.994585,-41.698556,8014
71.897112,-41.698556,8046
72.799639,-41.698556,8054
73.702166,-41.698556,8078
74.604693,-41.698556,8110
75.50722,-41.698556,8150
76.409747,-41.698556,8158
77.312274,-41.698556,8174
78.214801,-41.698556,8198
79.117329,-41.698556,8222
80.019856,-41.698556,8254
80.922383,-41.698556,8270
BREAK
