START
36.698556,-28.16065,0
35.796029,-28.16065,239
35.796029,-29.063177,250
35.796029,-29.965704,271
35.796029,-31.770758,292
35.796029,-32.673285,312
35.796029,-33.575812,333
35.796029,-35.380866,353
35.796029,-36.283394,379
35.796029,-37.185921,400
35.796029,-38.088448,410
35.796029,-38.990975,434
35.796029,-39.893502,457
35.796029,-40.796029,478
35.796029,-41.698556,488
35.796029,-42.601083,499
35.796029,-43.50361,511
35.796029,-44.406137,521
35.796029,-45.308664,532
35.796029,-46.211191,553
35.796029,-47.113718,563
36.698556,-47.113718,574
36.698556,-48.016245,598
36.698556,-48.918773,623
36.698556,-49.8213,633
36.698556,-50.723827,643
36.698556,-51.626354,653
36.698556,-52.528881,674
36.698556,-54.333935,695
36.698556,-55.236462,720
36.698556,-56.138989,733
36.698556,-57.041516,744
36.698556,-57.944043,764
36.698556,-58.84657,776
36.698556,-59.749097,787
36.698556,-60.651625,807
36.698556,-61.554152,818
36.698556,-62.456679,838
36.698556,-63.359206,849
36.698556,-64.261733,859
36.698556,-65.16426,869
36.698556,-66.066787,880
36.698556,-67.871841,890
36.698556,-68.774368,911
36.698556,-70.579422,921
36.698556,-71.481949,941
36.698556,-73.287004,952
36.698556,-74.189531,962
36.698556,-75.092058,972
36.698556,-75.994585,983
36.698556,-76.897112,993
36.698556,-77.799639,1003
36.698556,-78.702166,1014
36.698556,-79.604693,1024
36.698556,-80.50722,1034
36.698556,-81.409747,1045
36.698556,-82.312274,1071
36.698556,-83.214801,1081
36.698556,-84.117329,1121
36.698556,-85.019856,1142
36.698556,-85.922383,1169
36.698556,-86.82491,1191
36.698556,-87.727437,1229
36.698556,-88.629964,1269
35.796029,-88.629964,1285
34.893502,-89.532491,1295
34.893502,-90.435018,1323
34.893502,-91.337545,1361
34.893502,-92.240072,1456
34.893502,-93.142599,1521
BREAK
34.893502,-24.550542,3977
35.796029,-24.550542,4111
36.698556,-24.550542,4132
39.406137,-24.550542,4142
41.211191,-24.550542,4152
42.113718,-24.550542,4163
43.918773,-24.550542,4173
44.8213,-24.550542,4184
47.528881,-24.550542,4194
48.431408,-24.550542,4204
49.333935,-24.550542,4214
50.236462,-24.550542,4225
52.041516,-24.550542,4235
52.944043,-24.550542,4255
53.84657,-24.550542,4269
54.749097,-24.550542,4279
55.651625,-24.550542,4300
56.554152,-24.550542,4310
57.456679,-24.550542,4330
58.359206,-24.550542,4341
59.261733,-24.550542,4369
60.16426,-24.550542,4392
61.066787,-24.550542,4413
61.969314,-24.550542,4423
62.871841,-24.550542,4449
64.676895,-24.550542,4469
65.579422,-24.550542,4480
67.384477,-24.550542,4500
68.287004,-24.550542,4521
69.189531,-24.550542,4545
70.994585,-24.550542,4566
71.897112,-24.550542,4586
72.799639,-24.550542,4618
73.702166,-24.550542,4629
74.604693,-24.550542,4671
75.50722,-24.550542,4748
BREAK
39.406137,-51.626354,6477
41.211191,-51.626354,6610
43.016245,-51.626354,6621
43.918773,-51.626354,6631
44.8213,-51.626354,6652
45.723827,-51.626354,6675
46.626354,-51.626354,6685
47.528881,-51.626354,6695
48.431408,-51.626354,6706
50.236462,-51.626354,6716
51.138989,-51.626354,6726
52.944043,-51.626354,6737
53.84657,-51.626354,6757
54.749097,-51.626354,6788
55.651625,-51.626354,6798
56.554152,-51.626354,6827
57.456679,-51.626354,6847
58.359206,-51.626354,6860
59.261733,-51.626354,6877
60.16426,-51.626354,6927
61.066787,-51.626354,6947
62.871841,-51.626354,6968
63.774368,-51.626354,6988
64.676895,-51.626354,6999
65.579422,-51.626354,7032
66.481949,-51.626354,7054
67.384477,-51.626354,7077
68.287004,-51.626354,7097
69.189531,-51.626354,7108
70.092058,-51.626354,7129
70.994585,-51.626354,7152
71.897112,-51.626354,7224
72.799639,-51.626354,7235
BREAK
