START
25.734579,-39.943769,0
24.942009,-39.943769,8
24.149439,-39.943769,16
22.960585,-39.943769,24
22.168015,-39.943769,32
21.77173,-39.943769,40
20.979161,-39.943769,48
20.582876,-39.943769,56
20.186591,-39.943769,64
19.394021,-39.943769,72
19.394021,-40.340054,80
19.394021,-40.736339,88
18.997736,-40.736339,104
18.997736,-41.132623,112
18.997736,-41.925193,120
18.997736,-42.321478,128
18.997736,-42.717763,136
18.997736,-43.114048,152
18.997736,-43.510332,160
18.997736,-43.906617,168
19.790306,-44.302902,184
20.186591,-44.699187,192
20.582876,-44.699187,200
20.979161,-45.491756,208
21.77173,-45.491756,216
22.168015,-45.491756,224
22.5643,-45.491756,232
22.960585,-45.888041,240
23.753154,-45.888041,248
24.149439,-45.888041,256
24.545724,-45.888041,264
26.527148,-38.754914,805
27.716003,-38.754914,812
28.112288,-38.754914,816
28.904857,-38.754914,824
29.301142,-38.754914,832
30.093712,-38.754914,840
30.886281,-38.754914,848
31.282566,-38.754914,856
32.075136,-38.754914,864
32.867705,-38.754914,872
33.26399,-38.754914,880
33.660275,-38.754914,888
34.05656,-38.754914,896
34.452845,-38.754914,904
34.84913,-38.754914,912
35.641699,-39.151199,976
36.037984,-39.547484,984
36.434269,-40.340054,1000
36.434269,-40.736339,1016
36.830554,-41.132623,1024
36.830554,-41.528908,1032
36.830554,-41.925193,1040
36.830554,-42.321478,1048
36.830554,-43.114048,1056
36.830554,-43.906617,1080
36.830554,-44.302902,1088
36.434269,-44.699187,1096
36.037984,-45.095472,1104
35.641699,-45.491756,1112
35.245414,-46.284326,1120
34.84913,-47.076896,1136
34.05656,-47.869465,1144
33.660275,-48.26575,1152
33.26399,-48.662035,1160
32.471421,-49.454605,1168
31.678851,-49.85089,1176
31.282566,-49.85089,1184
30.886281,-50.643459,1192
30.093712,-50.643459,1200
29.301142,-51.039744,1208
28.508572,-51.039744,1216
28.112288,-51.436029,1224
27.319718,-51.436029,1232
26.527148,-51.832314,1240
26.130863,-51.832314,1248
25.338294,-52.228599,1256
24.545724,-52.624883,1264
24.149439,-52.624883,1272
23.753154,-52.624883,1280
22.960585,-52.624883,1288
22.168015,-53.021168,1296
21.77173,-53.021168,1304
20.979161,-53.417453,1312
20.582876,-53.417453,1320
19.790306,-53.813738,1328
18.997736,-54.210023,1336
18.601452,-54.210023,1344
18.205167,-54.210023,1352
17.808882,-54.606308,1360
17.016312,-54.606308,1368
16.620027,-55.002592,1376
15.827458,-55.398877,1384
15.431173,-55.398877,1392
15.034888,-55.795162,1400
14.638603,-56.191447,1416
14.242318,-56.191447,1432
14.242318,-56.587732,1440
13.846034,-56.984017,1448
13.846034,-57.380301,1464
13.846034,-57.776586,1472
13.846034,-58.172871,1504
13.846034,-58.569156,1512
13.846034,-58.965441,1544
14.242318,-58.965441,1560
14.638603,-59.361726,1576
15.827458,-59.361726,1592
16.620027,-59.75801,1600
17.412597,-59.75801,1608
18.205167,-59.75801,1616
18.997736,-59.75801,1624
19.790306,-59.75801,1633
21.375445,-59.75801,1640
22.5643,-59.75801,1649
23.753154,-59.75801,1656
24.545724,-59.75801,1664
25.734579,-59.75801,1672
26.527148,-59.75801,1680
27.716003,-59.75801,1688
28.508572,-60.154295,1696
29.697427,-60.154295,1704
30.489996,-60.154295,1712
31.678851,-60.154295,1720
33.26399,-60.154295,1728
33.660275,-60.154295,1736
34.84913,-60.154295,1744
35.641699,-60.154295,1752
36.434269,-60.154295,1760
37.623123,-60.154295,1768
38.415693,-60.154295,1776
39.208263,-60.154295,1784
40.000832,-60.154295,1792
40.793402,-60.154295,1800
41.982257,-60.154295,1808
42.774826,-60.154295,1816
43.567396,-60.154295,1824
43.963681,-60.154295,1832
44.75625,-60.154295,1840
45.945105,-60.154295,1849
47.133959,-60.154295,1856
47.926529,-60.154295,1865
49.115383,-60.154295,1872
50.304238,-60.154295,1881
51.493092,-60.154295,1888
53.078232,-60.154295,1896
53.870801,-60.154295,1905
55.059656,-60.154295,1912
56.644795,-60.154295,1920
57.437365,-60.154295,1928
58.626219,-60.154295,1936
59.418789,-60.154295,1944
60.607644,-60.154295,1952
61.003928,-60.154295,1960
61.796498,-60.154295,1968
62.589068,-60.154295,1976
63.381637,-59.75801,1985
64.570492,-59.361726,1992
65.759346,-59.361726,2001
67.344486,-59.361726,2008
68.929625,-59.361726,2016
70.118479,-58.965441,2024
70.911049,-58.965441,2033
72.496188,-58.965441,2041
74.081328,-58.569156,2049
74.873897,-58.569156,2056
75.666467,-58.172871,2065
77.251606,-58.172871,2073
77.647891,-58.172871,2081
78.836746,-57.776586,2089
79.629315,-57.776586,2096
80.421885,-57.380301,2105
81.214455,-57.380301,2112
82.007024,-57.380301,2121
82.799594,-57.380301,2128
83.988449,-57.380301,2137
84.384733,-57.380301,2144
85.177303,-56.984017,2153
85.573588,-56.984017,2161
86.366157,-56.984017,2169
86.762442,-56.984017,2176
87.158727,-56.984017,2200
BREAK
51.889377,-42.717763,4184
51.493092,-42.717763,4200
51.096808,-43.114048,4216
50.700523,-43.510332,4224
50.304238,-43.906617,4232
50.304238,-44.302902,4240
50.304238,-44.699187,4256
49.907953,-45.095472,4264
49.907953,-45.491756,4288
49.907953,-45.888041,4304
49.907953,-46.284326,4312
49.907953,-46.680611,4320
50.304238,-46.680611,4384
51.096808,-47.076896,4400
51.493092,-47.076896,4408
51.889377,-47.076896,4416
52.681947,-47.076896,4424
53.078232,-47.076896,4432
53.474517,-47.076896,4440
53.870801,-47.076896,4448
54.267086,-47.076896,4456
54.663371,-47.076896,4472
55.059656,-47.076896,4480
55.059656,-46.680611,4488
55.455941,-46.680611,4496
55.852226,-46.284326,4504
55.852226,-45.491756,4512
55.852226,-45.095472,4528
55.852226,-44.699187,4536
56.24851,-43.906617,4544
56.24851,-43.114048,4568
56.24851,-42.717763,4576
56.24851,-42.321478,4584
55.852226,-42.321478,4592
55.455941,-41.925193,4600
55.455941,-41.528908,4608
54.663371,-41.132623,4616
54.267086,-40.736339,4640
53.870801,-40.340054,4688
53.078232,-40.340054,4712
52.285662,-40.340054,4720
51.889377,-40.340054,4728
51.493092,-40.340054,4752
51.096808,-40.340054,4760
51.096808,-39.943769,4920
51.096808,-39.151199,4928
51.096808,-38.754914,4936
51.096808,-38.35863,4944
51.096808,-37.962345,4952
51.096808,-37.56606,4960
51.096808,-37.169775,4984
51.096808,-36.77349,4992
51.096808,-36.377205,5008
51.096808,-35.980921,5024
51.493092,-35.980921,5032
51.889377,-35.584636,5048
52.285662,-35.584636,5064
52.681947,-35.584636,5072
53.078232,-35.584636,5080
53.474517,-35.584636,5096
53.870801,-35.584636,5112
54.267086,-35.584636,5120
55.059656,-35.584636,5128
55.455941,-35.584636,5144
55.852226,-35.584636,5152
56.24851,-35.584636,5160
56.644795,-35.584636,5168
57.04108,-35.584636,5184
57.437365,-35.584636,5200
57.83365,-35.584636,5208
58.229935,-35.584636,5216
58.229935,-35.980921,5232
58.626219,-36.377205,5312
59.022504,-36.377205,5320
59.022504,-36.77349,5328
59.418789,-36.77349,5336
59.815074,-37.169775,5344
59.815074,-37.56606,5360
60.211359,-37.962345,5376
60.607644,-38.35863,5392
60.607644,-38.754914,5408
61.003928,-38.754914,5416
61.400213,-39.151199,5432
61.796498,-39.547484,5448
61.796498,-39.943769,5456
62.192783,-39.943769,5464
62.192783,-40.340054,5472
62.192783,-40.736339,5480
62.589068,-41.132623,5488
62.589068,-41.528908,5496
62.589068,-42.321478,5512
62.589068,-42.717763,5520
62.589068,-43.114048,5528
62.589068,-43.906617,5536
62.589068,-44.302902,5544
62.589068,-44.699187,5560
62.589068,-45.491756,5568
62.589068,-46.284326,5576
62.589068,-46.680611,5584
62.589068,-47.076896,5592
62.589068,-47.473181,5608
62.589068,-47.869465,5616
62.589068,-48.26575,5648
62.589068,-48.662035,5656
62.589068,-49.05832,5680
62.589068,-49.454605,5696
62.589068,-49.85089,5728
62.985353,-49.454605,5928
62.985353,-49.05832,5936
62.985353,-48.26575,5944
62.985353,-47.869465,5952
62.985353,-46.680611,5960
62.985353,-45.491756,5968
62.985353,-45.095472,5976
62.985353,-43.906617,5984
62.985353,-43.510332,5992
62.985353,-42.321478,6000
62.985353,-41.528908,6008
62.985353,-40.736339,6016
62.985353,-39.943769,6024
62.985353,-39.151199,6032
62.985353,-38.35863,6040
62.985353,-37.962345,6048
62.985353,-37.56606,6056
62.985353,-37.169775,6064
62.985353,-36.77349,6072
62.985353,-36.377205,6080
62.985353,-35.980921,6096
62.985353,-35.584636,6104
62.985353,-35.188351,6112
62.985353,-34.792066,6128
63.381637,-34.792066,6264
64.174207,-34.792066,6272
64.570492,-34.792066,6280
65.759346,-34.792066,6288
66.155631,-34.792066,6296
66.551916,-34.792066,6304
66.948201,-34.792066,6312
67.74077,-34.792066,6320
68.137055,-34.792066,6328
68.53334,-34.792066,6336
69.722195,-34.792066,6344
70.118479,-34.792066,6352
71.307334,-34.792066,6360
72.099904,-34.395781,6368
73.288758,-34.395781,6376
73.685043,-34.395781,6384
74.873897,-34.395781,6392
75.270182,-34.395781,6400
76.062752,-34.395781,6408
76.459037,-33.999496,6416
76.855322,-33.999496,6424
76.855322,-33.603212,6568
76.855322,-33.206927,6584
BREAK
69.722195,-33.999496,7024
70.118479,-34.395781,7040
70.118479,-34.792066,7048
70.118479,-35.188351,7064
70.118479,-35.584636,7072
70.118479,-35.980921,7080
70.118479,-36.77349,7088
70.118479,-37.56606,7096
70.118479,-38.35863,7104
70.118479,-39.151199,7112
70.118479,-39.943769,7120
70.118479,-40.736339,7128
70.118479,-41.528908,7136
70.118479,-42.321478,7144
70.118479,-43.114048,7152
70.118479,-43.510332,7160
70.118479,-43.906617,7168
70.118479,-44.699187,7176
70.118479,-45.095472,7184
70.118479,-45.491756,7192
70.118479,-45.888041,7200
70.118479,-46.284326,7224
70.118479,-46.680611,7240
70.514764,-47.473181,7312
70.514764,-47.869465,7328
70.514764,-48.26575,7336
70.911049,-48.662035,7344
70.911049,-49.05832,7368
70.911049,-49.85089,7376
70.911049,-50.247174,7392
70.911049,-50.643459,7480
71.307334,-51.039744,7488
71.307334,-51.436029,7496
71.307334,-51.832314,7520
71.703619,-51.832314,7528
71.703619,-52.228599,7536
71.703619,-53.021168,7560
BREAK
