START
27.319718,-40.340054,0
27.319718,-40.736339,50
27.716003,-40.736339,72
27.716003,-41.132623,80
27.716003,-41.528908,104
28.112288,-41.528908,112
28.112288,-41.925193,120
28.112288,-42.321478,136
28.112288,-42.717763,160
28.112288,-43.114048,192
28.112288,-43.510332,209
27.716003,-43.510332,224
27.319718,-43.906617,256
26.923433,-43.906617,286
26.527148,-43.906617,304
26.130863,-43.906617,336
25.734579,-43.906617,370
25.338294,-43.906617,392
25.338294,-43.510332,400
25.338294,-43.114048,413
24.942009,-43.114048,416
24.942009,-42.717763,440
24.545724,-42.717763,456
24.545724,-42.321478,464
24.545724,-41.925193,480
24.545724,-41.528908,489
24.545724,-41.132623,512
24.545724,-40.736339,534
24.545724,-40.340054,544
24.545724,-39.943769,573
24.942009,-39.547484,584
25.338294,-39.547484,592
25.338294,-39.151199,614
25.338294,-38.754914,616
25.734579,-38.754914,624
26.130863,-38.754914,640
26.527148,-38.754914,654
26.923433,-38.754914,656
27.319718,-38.754914,664
27.716003,-38.754914,672
28.508572,-38.754914,680
28.904857,-38.754914,697
29.301142,-38.754914,704
29.697427,-38.754914,712
30.093712,-38.35863,720
30.489996,-38.35863,734
30.886281,-38.35863,736
31.282566,-38.35863,744
31.678851,-38.35863,752
32.471421,-38.35863,760
32.867705,-38.35863,770
33.660275,-38.35863,776
34.452845,-38.35863,784
34.84913,-38.35863,800
35.245414,-38.35863,814
35.641699,-38.35863,816
36.037984,-38.35863,840
36.434269,-38.35863,850
36.830554,-38.35863,856
37.226839,-38.35863,864
37.623123,-38.754914,872
38.019408,-38.754914,880
38.019408,-39.151199,890
38.415693,-39.151199,896
38.811978,-39.151199,920
39.208263,-39.547484,930
39.604548,-39.547484,944
39.604548,-39.943769,952
40.000832,-39.943769,960
40.397117,-40.340054,984
40.397117,-40.736339,992
40.793402,-40.736339,1000
41.189687,-41.132623,1024
41.189687,-41.528908,1040
41.585972,-41.925193,1054
41.982257,-41.925193,1056
41.982257,-42.321478,1064
42.378541,-42.321478,1072
42.378541,-42.717763,1094
42.774826,-42.717763,1096
42.774826,-43.114048,1104
42.774826,-43.510332,1112
43.171111,-43.510332,1120
43.567396,-43.906617,1134
43.963681,-44.302902,1144
43.963681,-44.699187,1152
43.963681,-45.095472,1176
44.359966,-45.095472,1214
44.359966,-45.491756,1216
44.359966,-45.888041,1232
44.359966,-46.284326,1240
44.359966,-46.680611,1256
44.359966,-47.076896,1280
44.359966,-47.473181,1294
44.359966,-47.869465,1312
44.359966,-48.26575,1330
44.359966,-48.662035,1344
44.359966,-49.05832,1352
43.963681,-49.05832,1360
43.963681,-49.454605,1370
43.963681,-49.85089,1392
43.963681,-50.247174,1414
43.567396,-50.247174,1424
43.567396,-50.643459,1432
43.171111,-50.643459,1440
43.171111,-51.039744,1456
43.171111,-51.436029,1472
42.774826,-51.436029,1480
42.378541,-51.436029,1504
42.378541,-51.832314,1512
41.982257,-51.832314,1530
41.585972,-51.832314,1536
41.585972,-52.228599,1544
41.189687,-52.228599,1566
40.793402,-52.624883,1568
40.397117,-53.021168,1576
40.000832,-53.021168,1592
39.604548,-53.417453,1614
39.208263,-53.417453,1616
38.811978,-53.417453,1632
38.811978,-53.813738,1655
38.415693,-53.813738,1656
38.415693,-54.210023,1664
37.623123,-54.210023,1672
37.226839,-54.210023,1690
36.830554,-54.210023,1696
36.434269,-54.210023,1704
36.037984,-54.606308,1712
35.641699,-54.606308,1720
35.245414,-54.606308,1736
34.84913,-54.606308,1760
34.452845,-54.606308,1776
34.05656,-54.606308,1792
34.05656,-55.002592,1800
33.660275,-55.002592,1816
33.26399,-55.002592,1832
32.867705,-55.002592,1840
32.471421,-55.002592,1856
32.075136,-55.002592,1872
31.678851,-55.002592,1880
31.282566,-55.002592,1890
30.886281,-55.002592,1904
30.886281,-55.398877,1920
30.489996,-55.398877,1935
30.093712,-55.398877,1937
29.697427,-55.398877,1952
29.697427,-55.795162,1960
29.301142,-55.795162,1992
28.904857,-55.795162,2024
28.508572,-55.795162,2040
28.508572,-56.191447,2056
28.112288,-56.191447,2072
27.716003,-56.191447,2096
27.716003,-56.587732,2104
27.319718,-56.587732,2112
27.319718,-56.984017,2120
26.923433,-56.984017,2130
26.923433,-57.380301,2152
26.527148,-57.380301,2160
26.527148,-57.776586,2304
26.527148,-58.172871,2336
27.319718,-58.172871,2344
27.319718,-58.569156,2352
27.716003,-58.569156,2368
27.716003,-58.965441,2384
28.112288,-58.965441,2392
28.508572,-58.965441,2410
28.904857,-58.965441,2416
29.301142,-58.965441,2432
29.301142,-59.361726,2440
29.697427,-59.361726,2450
30.093712,-59.361726,2464
30.489996,-59.361726,2480
30.886281,-59.361726,2496
31.282566,-59.361726,2504
31.678851,-59.361726,2512
32.471421,-59.361726,2520
33.26399,-59.361726,2530
33.660275,-59.361726,2536
34.05656,-59.361726,2544
34.452845,-59.361726,2552
34.84913,-59.361726,2560
35.245414,-59.361726,2576
36.037984,-59.361726,2584
36.830554,-59.361726,2600
37.623123,-59.361726,2610
38.019408,-58.965441,2616
38.811978,-58.569156,2624
39.208263,-58.569156,2640
39.604548,-58.569156,2656
40.000832,-58.569156,2680
40.397117,-58.569156,2695
42.378541,-58.569156,2707
44.359966,-58.965441,2712
45.54882,-58.965441,2720
46.34139,-58.965441,2730
47.133959,-58.965441,2736
47.926529,-58.965441,2744
48.719099,-58.965441,2752
49.511668,-58.965441,2760
49.907953,-59.361726,2775
50.304238,-59.361726,2777
50.700523,-59.361726,2785
51.096808,-59.361726,2792
51.493092,-59.361726,2814
51.889377,-59.361726,2824
52.285662,-59.361726,2840
52.681947,-59.361726,2850
53.078232,-59.361726,2864
53.474517,-59.361726,2880
53.870801,-59.361726,2891
54.663371,-59.361726,2896
55.455941,-59.361726,2904
56.24851,-59.361726,2912
56.644795,-59.361726,2920
57.04108,-59.361726,2934
57.437365,-59.361726,2936
57.83365,-59.361726,2944
58.229935,-59.361726,2960
58.626219,-59.361726,2970
59.022504,-59.361726,2976
59.815074,-59.361726,2985
60.211359,-59.361726,2992
61.003928,-59.361726,3001
61.400213,-59.361726,3015
62.192783,-59.361726,3017
62.985353,-59.361726,3024
63.381637,-59.361726,3032
63.777922,-59.361726,3046
64.174207,-59.361726,3049
64.570492,-59.361726,3056
64.966777,-59.361726,3064
65.759346,-59.361726,3080
66.155631,-59.361726,3090
66.948201,-59.361726,3096
67.74077,-59.361726,3104
68.53334,-59.361726,3112
68.929625,-59.361726,3120
69.32591,-59.361726,3134
70.118479,-59.361726,3137
70.514764,-59.361726,3144
70.911049,-59.361726,3153
71.307334,-59.361726,3170
71.703619,-59.361726,3176
72.099904,-59.361726,3185
72.496188,-59.361726,3192
72.892473,-59.361726,3201
73.288758,-59.361726,3214
74.081328,-59.361726,3216
74.477613,-59.361726,3232
74.477613,-58.965441,3337
74.477613,-58.569156,3344
BREAK
55.455941,-47.869465,4200
55.852226,-47.869465,4286
56.24851,-47.869465,4304
56.644795,-47.869465,4320
57.04108,-47.869465,4336
57.437365,-47.869465,4344
57.83365,-48.26575,4352
58.229935,-48.26575,4370
58.229935,-48.662035,4384
58.626219,-48.662035,4392
59.022504,-49.05832,4408
59.418789,-49.05832,4416
59.418789,-49.454605,4424
59.815074,-49.85089,4432
59.815074,-50.247174,4450
59.815074,-50.643459,4464
59.815074,-51.039744,4472
60.211359,-51.039744,4486
60.211359,-51.436029,4496
60.211359,-51.832314,4528
60.211359,-52.228599,4552
60.211359,-52.624883,4560
60.211359,-53.021168,4576
60.211359,-53.417453,4592
59.815074,-53.417453,4613
59.815074,-53.813738,4624
59.815074,-54.210023,4649
59.418789,-54.210023,4704
59.022504,-54.210023,4712
58.626219,-54.210023,4736
58.229935,-54.210023,4752
57.83365,-54.210023,4774
57.437365,-54.210023,4776
57.04108,-54.210023,4792
56.644795,-54.210023,4808
56.24851,-54.210023,4816
55.852226,-54.210023,4824
55.455941,-54.210023,4840
55.059656,-54.210023,4856
54.663371,-54.210023,4872
54.267086,-54.210023,4896
54.267086,-53.813738,4920
53.870801,-53.813738,4930
53.474517,-53.813738,4960
53.474517,-53.417453,4970
53.474517,-53.021168,4992
53.474517,-52.624883,5010
53.078232,-52.228599,5016
53.078232,-51.832314,5032
53.078232,-51.039744,5050
53.078232,-50.643459,5064
53.078232,-50.247174,5080
53.078232,-49.454605,5096
53.078232,-49.05832,5112
53.078232,-48.662035,5128
53.078232,-48.26575,5136
53.078232,-47.869465,5152
53.078232,-47.473181,5174
53.078232,-47.076896,5176
53.078232,-46.680611,5192
53.078232,-46.284326,5208
53.078232,-45.888041,5224
53.078232,-45.491756,5240
53.078232,-45.095472,5264
53.078232,-44.699187,5294
53.078232,-44.302902,5296
53.078232,-43.906617,5326
53.474517,-43.906617,5328
53.474517,-43.510332,5336
53.870801,-43.510332,5344
53.870801,-42.717763,5352
54.267086,-41.925193,5371
54.267086,-41.528908,5384
54.663371,-41.132623,5392
55.059656,-40.736339,5400
55.059656,-40.340054,5410
55.059656,-39.943769,5424
55.455941,-39.547484,5432
55.455941,-39.151199,5446
55.852226,-38.754914,5448
56.24851,-38.35863,5456
56.24851,-37.56606,5472
56.644795,-37.56606,5480
56.644795,-37.169775,5490
57.04108,-37.169775,5496
57.437365,-36.77349,5504
57.83365,-36.377205,5520
57.83365,-35.980921,5529
58.229935,-35.980921,5552
58.626219,-35.980921,5565
59.022504,-35.980921,5576
59.418789,-35.980921,5584
59.815074,-35.980921,5592
60.211359,-35.980921,5606
60.607644,-35.980921,5616
61.003928,-35.980921,5656
61.400213,-35.980921,5672
61.796498,-35.980921,5697
62.192783,-35.980921,5730
62.589068,-35.980921,5744
62.589068,-36.377205,5760
62.985353,-36.377205,5770
63.381637,-36.377205,5816
63.777922,-36.377205,5840
64.174207,-36.377205,5850
64.174207,-36.77349,5856
64.570492,-36.77349,5864
64.966777,-36.77349,5886
65.363062,-36.77349,5888
65.759346,-36.77349,5920
66.155631,-36.77349,5966
66.551916,-36.77349,5992
66.948201,-36.77349,6016
66.948201,-37.169775,6032
67.344486,-37.169775,6040
67.74077,-37.169775,6064
68.137055,-37.169775,6072
68.53334,-37.169775,6144
68.929625,-37.169775,6184
68.929625,-37.56606,6214
69.32591,-37.56606,6320
69.32591,-37.962345,6334
69.722195,-37.962345,6336
69.722195,-38.35863,6370
70.118479,-38.35863,6392
70.118479,-38.754914,6407
70.118479,-39.151199,6416
70.118479,-39.547484,6424
70.514764,-39.943769,6446
70.911049,-39.943769,6456
70.911049,-40.340054,6464
70.911049,-40.736339,6472
70.911049,-41.132623,6496
70.911049,-41.528908,6512
70.911049,-41.925193,6534
70.911049,-42.321478,6536
70.911049,-42.717763,6544
70.911049,-43.114048,6552
70.911049,-43.906617,6560
70.911049,-44.302902,6576
70.911049,-44.699187,6592
70.911049,-45.095472,6608
70.911049,-45.491756,6616
70.911049,-45.888041,6624
70.911049,-46.284326,6632
70.911049,-46.680611,6640
70.911049,-47.473181,6654
70.911049,-47.869465,6656
70.911049,-48.26575,6664
70.911049,-49.05832,6672
70.911049,-49.454605,6688
70.911049,-49.85089,6704
70.911049,-50.247174,6712
70.911049,-50.643459,6728
70.911049,-51.039744,6736
70.911049,-51.436029,6744
70.911049,-51.832314,6752
70.911049,-52.228599,6768
70.911049,-52.624883,6776
70.911049,-53.021168,6792
70.911049,-53.417453,6816
BREAK
70.911049,-37.962345,7680
71.307334,-37.962345,7744
71.703619,-38.35863,7760
72.099904,-38.754914,7776
72.496188,-38.754914,7784
72.892473,-38.754914,7800
73.288758,-39.151199,7816
73.685043,-39.151199,7824
74.081328,-39.151199,7840
74.873897,-39.151199,7856
75.270182,-39.151199,7872
75.666467,-39.151199,7896
76.062752,-39.151199,7926
76.459037,-39.151199,7928
76.855322,-39.151199,7944
77.251606,-39.151199,7952
77.647891,-39.151199,7966
78.440461,-39.151199,7968
78.836746,-39.151199,7984
79.233031,-39.151199,8032
79.629315,-39.151199,8144
BREAK
76.459037,-40.340054,8632
76.459037,-40.736339,8752
76.459037,-41.132623,8760
76.459037,-41.528908,8784
76.459037,-41.925193,8806
76.459037,-42.717763,8816
76.459037,-43.510332,8832
76.459037,-44.302902,8840
76.459037,-45.095472,8856
76.459037,-45.491756,8872
76.459037,-45.888041,8885
76.459037,-46.284326,8888
76.459037,-47.076896,8896
76.459037,-47.473181,8904
76.459037,-47.869465,8920
76.459037,-48.26575,8930
76.459037,-48.662035,8936
76.855322,-48.662035,8944
76.855322,-49.454605,8952
76.855322,-49.85089,8965
76.855322,-50.247174,8968
76.855322,-50.643459,8976
76.855322,-51.436029,8992
76.855322,-51.832314,9010
76.855322,-52.228599,9024
76.855322,-52.624883,9032
76.855322,-53.021168,9048
76.855322,-53.417453,9056
76.855322,-53.813738,9064
76.855322,-54.210023,9072
76.855322,-54.606308,9086
76.855322,-55.002592,9088
76.855322,-55.398877,9096
76.855322,-55.795162,9104
76.855322,-56.191447,9120
BREAK
74.081328,-58.569156,9816
74.477613,-58.569156,9890
74.873897,-58.569156,9896
75.270182,-58.569156,9912
75.666467,-58.569156,9928
75.666467,-58.965441,9944
76.062752,-58.965441,9952
76.459037,-58.965441,9960
76.855322,-58.965441,9976
77.251606,-58.965441,9992
77.647891,-58.965441,10006
78.044176,-58.965441,10016
78.044176,-58.569156,10024
78.440461,-58.569156,10032
78.836746,-58.569156,10072
79.233031,-58.569156,10088
79.629315,-58.569156,10152
80.0256,-58.569156,10206
80.0256,-58.172871,10208
80.421885,-58.172871,10216
BREAK
