START
41.982257,-41.132623,0
41.982257,-41.528908,150
42.378541,-41.528908,259
42.774826,-41.528908,274
42.774826,-41.925193,284
42.774826,-42.321478,325
42.774826,-42.717763,359
42.774826,-43.906617,391
42.774826,-44.302902,416
42.774826,-44.699187,432
42.774826,-45.095472,452
42.378541,-45.888041,463
41.982257,-46.284326,473
41.982257,-46.284326,483
41.189687,-46.680611,514
41.189687,-47.076896,601
40.793402,-46.284326,628
40.397117,-46.284326,648
40.000832,-46.284326,659
39.604548,-46.284326,689
39.208263,-45.491756,699
38.811978,-45.095472,723
38.811978,-44.699187,733
38.019408,-44.302902,747
37.623123,-44.302902,762
37.226839,-43.906617,771
37.226839,-43.510332,786
37.226839,-42.717763,798
37.226839,-43.114048,832
37.226839,-43.510332,842
37.623123,-43.510332,852
38.019408,-43.510332,865
38.811978,-42.717763,1005
38.811978,-42.321478,1036
38.811978,-41.925193,1057
39.208263,-41.132623,1068
39.604548,-40.736339,1136
39.604548,-40.340054,1170
40.000832,-40.340054,1253
40.397117,-40.340054,1292
40.793402,-40.340054,1337
40.793402,-40.340054,1363
41.189687,-40.340054,1374
41.585972,-40.340054,1402
41.982257,-40.340054,1413
42.774826,-40.340054,1426
42.774826,-40.340054,1437
43.171111,-40.340054,1447
43.567396,-40.340054,1459
43.963681,-40.340054,1470
44.359966,-40.340054,1489
44.75625,-40.340054,1512
45.152535,-40.340054,1523
45.54882,-40.340054,1547
45.945105,-40.736339,1557
45.945105,-41.132623,1567
46.34139,-41.132623,1578
46.737675,-41.132623,1598
46.737675,-41.528908,1611
46.737675,-41.925193,1626
47.133959,-41.925193,1637
47.133959,-42.321478,1653
47.530244,-42.321478,1678
47.926529,-42.717763,1688
47.926529,-43.114048,1709
47.926529,-43.510332,1720
48.322814,-43.906617,1736
48.322814,-44.302902,1768
48.719099,-44.302902,1779
48.719099,-44.699187,1805
48.719099,-45.095472,1815
48.719099,-45.095472,1826
48.719099,-45.491756,1850
48.719099,-45.888041,1864
48.719099,-46.284326,1882
48.719099,-46.284326,1905
48.719099,-46.680611,1923
48.719099,-47.076896,1944
48.719099,-47.473181,1967
48.719099,-48.26575,1976
48.719099,-48.26575,1999
48.719099,-48.662035,2009
48.719099,-49.05832,2030
48.719099,-49.454605,2045
48.719099,-49.85089,2055
48.719099,-50.247174,2065
48.719099,-50.643459,2075
48.719099,-51.039744,2098
48.719099,-51.436029,2113
48.719099,-51.832314,2123
48.719099,-52.228599,2138
48.322814,-52.228599,2152
48.322814,-52.228599,2163
47.530244,-52.624883,2174
47.530244,-53.021168,2183
47.530244,-53.417453,2194
46.737675,-53.417453,2204
46.737675,-53.813738,2215
46.737675,-54.210023,2233
46.737675,-54.210023,2256
46.737675,-54.606308,2266
45.945105,-54.606308,2276
45.945105,-55.002592,2305
44.75625,-55.002592,2315
44.75625,-55.002592,2325
44.359966,-55.002592,2335
44.359966,-55.398877,2346
44.359966,-55.795162,2355
44.359966,-56.191447,2366
43.567396,-56.191447,2376
43.567396,-56.191447,2388
42.774826,-56.191447,2397
42.774826,-56.587732,2408
42.378541,-56.587732,2418
41.982257,-56.984017,2429
41.585972,-56.984017,2438
41.189687,-57.380301,2449
40.793402,-57.776586,2459
40.397117,-57.776586,2470
40.397117,-58.172871,2479
39.208263,-58.172871,2490
39.208263,-58.172871,2503
38.811978,-58.172871,2515
38.415693,-58.569156,2526
38.019408,-58.965441,2542
37.623123,-59.361726,2564
36.830554,-59.361726,2576
36.830554,-59.75801,2586
36.830554,-60.154295,2597
36.434269,-60.154295,2611
36.037984,-60.55058,2622
35.641699,-60.946865,2660
35.641699,-61.34315,2689
35.641699,-61.739435,2700
35.641699,-62.135719,2720
34.84913,-62.135719,2729
34.84913,-62.928289,2740
34.84913,-63.324574,2763
34.84913,-63.720859,2799
34.84913,-64.117143,2809
34.84913,-64.909713,2858
34.84913,-65.305998,2885
34.84913,-65.305998,2935
35.245414,-65.702283,2958
35.641699,-65.702283,2979
35.641699,-66.098568,3005
36.037984,-66.098568,3032
36.434269,-66.098568,3064
36.830554,-66.098568,3087
36.830554,-66.098568,3107
37.226839,-66.098568,3118
37.623123,-66.098568,3130
38.019408,-66.098568,3139
38.811978,-66.098568,3150
38.811978,-66.098568,3160
38.811978,-66.494852,3171
39.208263,-66.494852,3181
39.604548,-66.494852,3191
40.000832,-66.494852,3201
40.397117,-66.494852,3212
40.793402,-66.494852,3222
40.793402,-66.494852,3232
41.189687,-66.494852,3242
41.982257,-66.494852,3253
42.774826,-66.494852,3263
43.963681,-66.494852,3273
44.75625,-66.494852,3283
45.54882,-66.494852,3294
45.945105,-66.494852,3304
46.737675,-66.494852,3314
47.133959,-66.494852,3325
47.530244,-66.494852,3342
47.926529,-66.494852,3351
48.719099,-66.494852,3362
49.511668,-66.494852,3372
49.907953,-66.494852,3383
51.096808,-66.494852,3392
52.285662,-66.494852,3403
52.681947,-66.494852,3413
53.870801,-66.494852,3424
54.267086,-66.494852,3433
54.663371,-66.494852,3444
54.663371,-66.494852,3455
55.059656,-66.494852,3466
55.455941,-66.494852,3475
56.644795,-66.494852,3486
56.644795,-66.494852,3496
57.04108,-66.494852,3507
57.437365,-66.494852,3516
58.626219,-66.494852,3527
59.815074,-66.494852,3537
60.211359,-66.494852,3548
60.607644,-66.494852,3557
61.796498,-66.494852,3568
62.192783,-66.494852,3580
62.589068,-66.494852,3590
62.589068,-66.494852,3600
63.381637,-66.494852,3610
64.174207,-66.494852,3621
64.966777,-66.494852,3631
65.363062,-66.494852,3641
66.155631,-66.494852,3651
66.948201,-66.494852,3662
67.344486,-66.494852,3672
68.137055,-66.494852,3682
68.53334,-66.494852,3692
68.929625,-66.494852,3703
69.722195,-66.494852,3713
70.514764,-66.494852,3728
70.911049,-66.494852,3747
71.703619,-66.494852,3757
72.496188,-66.494852,3767
74.081328,-66.494852,3777
74.873897,-66.494852,3788
77.251606,-66.494852,3798
78.440461,-66.494852,3808
79.233031,-66.494852,3818
80.81817,-66.494852,3829
81.214455,-66.494852,3839
83.195879,-66.494852,3849
84.384733,-66.494852,3859
84.781018,-66.494852,3870
86.762442,-66.494852,3880
87.158727,-66.494852,3890
87.555012,-66.494852,3900
88.347582,-66.494852,3920
88.743866,-66.494852,3958
88.743866,-66.494852,3969
89.140151,-66.494852,3978
89.536436,-66.494852,3989
89.932721,-66.494852,3999
90.725291,-66.494852,4010
92.31043,-66.494852,4019
92.706715,-66.494852,4033
92.706715,-66.494852,4044
93.895569,-66.494852,4055
94.291854,-66.494852,4070
94.688139,-66.494852,4093
94.688139,-66.494852,4150
94.688139,-66.098568,4199
94.291854,-65.702283,4212
93.499284,-65.305998,4223
BREAK
64.174207,-46.284326,8636
64.174207,-46.284326,8753
64.570492,-46.284326,8771
64.570492,-46.284326,8782
64.966777,-46.680611,8802
65.363062,-46.680611,8819
65.363062,-47.473181,8829
65.759346,-47.473181,8840
66.551916,-47.473181,8849
66.551916,-47.869465,8868
66.551916,-48.26575,8890
66.948201,-48.26575,8917
66.948201,-48.662035,8950
66.948201,-49.05832,8960
66.948201,-49.454605,8996
66.948201,-49.85089,9014
66.948201,-50.247174,9023
66.551916,-50.247174,9044
66.155631,-50.247174,9055
66.155631,-51.039744,9064
65.363062,-51.039744,9097
64.966777,-51.039744,9118
64.570492,-51.039744,9142
64.570492,-51.039744,9154
64.174207,-51.832314,9165
63.777922,-51.832314,9186
62.985353,-51.832314,9216
62.589068,-51.832314,9244
62.589068,-51.832314,9261
62.589068,-51.039744,9273
62.589068,-50.643459,9285
61.400213,-50.643459,9295
61.003928,-50.247174,9306
60.607644,-49.85089,9316
60.607644,-49.85089,9332
60.607644,-49.05832,9342
60.607644,-48.662035,9367
59.815074,-48.662035,9379
59.418789,-48.662035,9389
59.418789,-47.869465,9405
59.418789,-47.473181,9415
59.418789,-47.076896,9436
59.418789,-46.680611,9459
59.418789,-46.284326,9470
59.418789,-45.888041,9510
59.418789,-45.491756,9524
59.815074,-45.095472,9556
60.211359,-44.699187,9587
60.607644,-44.302902,9597
60.607644,-44.302902,9616
60.607644,-44.302902,9641
61.003928,-43.510332,9668
61.400213,-43.114048,9682
61.796498,-42.717763,9713
62.192783,-42.321478,9738
62.589068,-42.321478,9752
62.589068,-42.321478,9765
63.381637,-42.321478,9781
63.777922,-41.528908,9791
64.174207,-41.132623,9802
64.570492,-40.736339,9817
64.570492,-40.736339,9835
64.966777,-40.736339,9864
65.363062,-40.340054,9874
66.155631,-39.943769,9899
66.551916,-39.943769,9939
67.74077,-39.151199,9993
68.137055,-39.151199,10009
68.53334,-39.151199,10019
68.53334,-39.151199,10048
69.722195,-39.151199,10142
70.118479,-39.151199,10174
70.514764,-39.151199,10184
70.514764,-39.151199,10210
70.911049,-39.151199,10336
71.307334,-39.151199,10457
71.703619,-39.547484,10510
72.496188,-39.943769,10523
72.496188,-39.943769,10552
72.892473,-39.943769,10575
72.892473,-40.340054,10585
73.288758,-40.340054,10605
73.288758,-40.340054,10620
74.081328,-40.340054,10649
74.477613,-40.340054,10664
74.477613,-40.736339,10674
75.270182,-41.132623,10683
75.270182,-41.528908,10723
75.270182,-41.925193,10738
75.270182,-42.321478,10775
75.270182,-42.321478,10787
75.270182,-43.114048,10822
75.270182,-43.510332,10842
75.270182,-43.906617,10855
75.270182,-44.302902,10894
75.270182,-44.302902,10904
74.873897,-44.302902,11143
74.477613,-44.302902,11174
BREAK
75.666467,-36.377205,12575
76.062752,-36.377205,12688
76.062752,-36.77349,12725
76.062752,-37.169775,12744
76.062752,-37.962345,12763
76.062752,-38.35863,12778
76.062752,-38.35863,12789
76.062752,-39.151199,12802
76.062752,-39.547484,12811
76.062752,-39.943769,12824
76.062752,-40.340054,12834
76.062752,-40.340054,12845
76.062752,-40.736339,12855
76.062752,-41.132623,12866
76.062752,-41.925193,12882
76.062752,-42.321478,12903
76.062752,-42.321478,12914
76.062752,-42.717763,12941
76.062752,-43.114048,12951
76.062752,-43.510332,12966
76.062752,-43.906617,12983
76.062752,-44.302902,12994
76.062752,-44.699187,13008
76.062752,-45.095472,13017
76.062752,-45.491756,13037
76.062752,-45.888041,13053
76.062752,-46.284326,13082
76.062752,-46.284326,13100
76.062752,-47.076896,13110
76.062752,-47.473181,13137
76.062752,-47.869465,13146
76.062752,-48.26575,13161
76.062752,-48.26575,13183
76.062752,-48.662035,13200
76.459037,-49.85089,13328
76.855322,-50.247174,13349
76.855322,-51.039744,13358
76.855322,-51.436029,13369
76.855322,-51.832314,13379
76.855322,-52.228599,13390
76.855322,-52.228599,13400
76.855322,-52.624883,13414
76.855322,-53.021168,13434
76.855322,-53.813738,13445
76.855322,-54.210023,13469
76.855322,-54.210023,13478
76.855322,-54.606308,13508
76.855322,-55.002592,13533
76.855322,-55.398877,13543
76.855322,-55.795162,13589
76.855322,-56.191447,13599
76.855322,-56.587732,13635
76.855322,-56.984017,13654
76.855322,-57.380301,13664
76.855322,-57.776586,13700
76.855322,-58.172871,13711
76.855322,-58.172871,13774
76.855322,-58.569156,13821
76.855322,-59.361726,13840
76.062752,-59.361726,14099
76.062752,-58.569156,14117
76.062752,-57.776586,14128
BREAK
75.666467,-34.395781,16823
76.062752,-34.395781,16977
76.459037,-34.395781,16988
76.459037,-34.792066,16998
76.855322,-35.188351,17009
76.855322,-35.188351,17018
77.251606,-35.188351,17029
77.647891,-35.188351,17042
78.044176,-35.188351,17063
78.440461,-35.188351,17093
78.836746,-35.188351,17103
79.233031,-35.188351,17113
79.629315,-35.188351,17128
80.0256,-35.188351,17138
80.421885,-35.584636,17149
81.214455,-35.980921,17177
81.61074,-35.980921,17199
82.007024,-35.980921,17220
82.403309,-35.980921,17253
82.799594,-35.980921,17264
82.799594,-35.980921,17293
83.195879,-35.980921,17311
84.384733,-35.980921,17341
84.781018,-35.980921,17358
85.177303,-35.980921,17370
86.366157,-35.980921,17384
86.762442,-35.980921,17399
87.555012,-35.980921,17409
87.951297,-35.980921,17420
88.347582,-35.980921,17441
88.347582,-35.188351,17467
BREAK
63.381637,-44.302902,18208
63.777922,-44.302902,18227
63.777922,-44.302902,18496
64.174207,-44.699187,18507
64.570492,-45.491756,18516
64.966777,-45.491756,18527
65.759346,-45.888041,18537
66.155631,-46.284326,18548
66.155631,-46.680611,18558
66.551916,-47.473181,18569
66.551916,-47.869465,18586
66.948201,-47.869465,18597
66.948201,-48.26575,18677
BREAK
83.195879,-36.377205,20047
83.195879,-36.77349,20189
83.195879,-37.56606,20206
83.195879,-37.962345,20219
83.195879,-38.35863,20229
83.195879,-39.547484,20260
83.195879,-40.340054,20284
83.195879,-41.132623,20302
83.195879,-41.528908,20312
83.195879,-42.321478,20322
83.195879,-42.717763,20340
83.195879,-43.114048,20350
83.195879,-43.510332,20360
83.195879,-43.906617,20371
83.195879,-44.302902,20381
83.195879,-44.699187,20391
83.195879,-45.095472,20401
83.195879,-45.491756,20419
83.195879,-45.888041,20440
83.195879,-46.284326,20451
83.195879,-46.284326,20475
83.195879,-47.076896,20485
83.195879,-47.473181,20502
83.195879,-47.869465,20516
83.195879,-48.26575,20526
83.195879,-48.26575,20542
83.195879,-49.05832,20562
83.195879,-49.85089,20573
83.195879,-50.247174,20583
83.195879,-50.247174,20594
83.195879,-50.643459,20603
83.195879,-51.039744,20616
83.195879,-51.436029,20638
83.195879,-51.832314,20659
83.592164,-51.832314,20670
83.592164,-52.228599,20691
83.988449,-52.624883,20717
83.988449,-53.021168,20741
83.988449,-53.417453,20752
83.988449,-54.210023,20767
83.988449,-54.210023,20785
83.988449,-54.606308,20811
83.988449,-55.002592,20840
83.988449,-55.398877,20856
83.988449,-55.795162,20891
83.988449,-56.587732,20917
83.988449,-56.984017,21128
83.988449,-57.380301,21155
83.988449,-57.776586,21218
83.988449,-58.172871,21266
83.988449,-58.965441,21294
83.988449,-59.361726,21329
83.988449,-59.75801,21393
84.384733,-59.75801,21467
84.384733,-60.154295,21492
84.781018,-60.154295,21529
BREAK
59.418789,-44.302902,33733
59.815074,-43.510332,34011
60.211359,-43.114048,34021
60.211359,-42.717763,34056
60.607644,-42.717763,34135
60.607644,-42.321478,34242
61.003928,-42.321478,34332
61.400213,-42.321478,34406
61.796498,-42.321478,34417
62.192783,-42.321478,34467
62.192783,-41.528908,34477
62.589068,-41.528908,34533
62.985353,-41.528908,34545
62.985353,-40.736339,34555
63.381637,-40.340054,34605
63.777922,-40.340054,34637
64.174207,-40.340054,34654
64.570492,-39.943769,34690
64.570492,-39.547484,34723
64.966777,-39.547484,34841
65.363062,-39.547484,34851
66.551916,-39.547484,34875
66.948201,-39.547484,34891
67.74077,-39.547484,34901
68.137055,-39.547484,34912
69.32591,-39.547484,34923
69.722195,-39.547484,34933
70.118479,-39.547484,34943
70.514764,-39.547484,34953
70.911049,-39.547484,34971
71.703619,-39.547484,34997
72.496188,-39.547484,35038
72.496188,-39.547484,35062
BREAK
