START
30.641509,-25.859438,0
31.641509,-26.859438,708
32.641509,-27.859438,727
33.641509,-27.859438,746
33.641509,-27.859438,790
34.641509,-28.859438,834
34.641509,-29.859438,1059
34.641509,-30.859438,1094
35.641509,-30.859438,1120
36.641509,-31.859438,1143
36.641509,-32.859438,1168
36.641509,-33.859438,1228
36.641509,-35.859438,1239
36.641509,-35.859438,1309
36.641509,-36.859438,1373
36.641509,-37.859438,1857
36.641509,-38.859438,1868
36.641509,-39.859438,1885
36.641509,-40.859438,1896
36.641509,-41.859438,1971
36.641509,-42.859438,2002
36.641509,-43.859438,2019
36.641509,-44.859438,2070
36.641509,-45.859438,2120
36.641509,-45.859438,2154
36.641509,-46.859438,2163
36.641509,-48.859438,2198
36.641509,-49.859438,2207
37.641509,-49.859438,2249
38.641509,-49.859438,2263
38.641509,-50.859438,2315
38.641509,-50.859438,2332
38.641509,-51.859438,2366
38.641509,-51.859438,2377
39.641509,-53.859438,2412
39.641509,-54.859438,2447
39.641509,-55.859438,2487
39.641509,-55.859438,2560
39.641509,-57.859438,2640
39.641509,-58.859438,2675
39.641509,-59.859438,2693
39.641509,-60.859438,2747
39.641509,-60.859438,2884
39.641509,-61.859438,4229
40.641509,-62.859438,4287
41.641509,-64.859438,4296
BREAK
41.641509,-64.859438,5107
42.641509,-64.859438,5356
43.641509,-64.859438,5395
43.641509,-64.859438,5413
44.641509,-64.859438,5446
45.641509,-64.859438,5471
47.641509,-64.859438,5489
48.641509,-64.859438,5505
48.641509,-64.859438,5519
49.641509,-64.859438,5561
51.641509,-64.859438,5589
53.641509,-64.859438,5602
53.641509,-64.859438,5612
54.641509,-64.859438,5631
55.641509,-64.859438,5641
56.641509,-64.859438,5652
57.641509,-64.859438,5662
58.641509,-64.859438,5672
60.641509,-64.859438,5683
61.641509,-64.859438,5702
62.641509,-64.859438,5720
63.641509,-64.859438,5731
63.641509,-64.859438,5741
65.641509,-64.859438,5751
67.641509,-65.859438,5761
68.641509,-65.859438,5772
70.641509,-65.859438,5782
71.641509,-65.859438,5792
72.641509,-65.859438,5802
73.641509,-65.859438,5813
74.641509,-65.859438,5823
76.641509,-65.859438,5844
77.641509,-65.859438,5888
78.641509,-65.859438,5899
78.641509,-65.859438,5973
79.641509,-65.859438,6006
80.641509,-65.859438,6038
81.641509,-65.859438,6053
82.641509,-65.859438,6063
83.641509,-65.859438,6074
84.641509,-65.859438,6086
85.641509,-65.859438,6097
86.641509,-65.859438,6107
87.641509,-65.859438,6118
88.641509,-65.859438,6127
90.641509,-65.859438,6138
91.641509,-65.859438,6152
92.641509,-65.859438,6164
92.641509,-65.859438,6179
93.641509,-65.859438,6224
94.641509,-65.859438,6242
96.641509,-65.859438,6310
97.641509,-65.859438,6328
97.641509,-65.859438,6376
98.641509,-65.859438,6395
99.641509,-65.859438,6412
102.64151,-65.859438,6422
102.64151,-65.859438,6434
103.64151,-65.859438,6449
105.64151,-65.859438,6461
106.64151,-65.859438,6471
107.64151,-65.859438,6488
108.64151,-65.859438,6504
109.64151,-65.859438,6515
110.64151,-65.859438,6533
112.64151,-65.859438,6568
110.64151,-65.859438,6776
BREAK
100.64151,-62.859438,7483
101.64151,-62.859438,7769
BREAK
104.64151,-60.859438,8489
BREAK
109.64151,-62.859438,9686
BREAK
