START
34.29717,-17.389558,0
30.29717,-23.389558,42
33.29717,-25.389558,86
36.29717,-23.389558,129
38.29717,-19.389558,171
38.29717,-17.389558,213
33.29717,-17.389558,255
27.29717,-19.389558,298
28.29717,-27.389558,341
32.29717,-30.389558,383
34.29717,-29.389558,424
37.29717,-24.389558,467
37.29717,-23.389558,509
37.29717,-21.389558,551
35.29717,-21.389558,592
35.29717,-25.389558,634
37.29717,-25.389558,677
38.29717,-20.389558,720
38.29717,-16.389558,762
35.29717,-17.389558,804
33.29717,-19.389558,846
BREAK
35.29717,-53.389558,1425
32.29717,-56.389558,1467
32.29717,-62.389558,1509
35.29717,-64.389558,1552
36.29717,-64.389558,1554
37.29717,-62.389558,1595
37.29717,-56.389558,1638
34.29717,-52.389558,1681
31.29717,-52.389558,1722
30.29717,-56.389558,1764
30.29717,-59.389558,1808
34.29717,-59.389558,1850
35.29717,-52.389558,1892
35.29717,-49.389558,1934
32.29717,-50.389558,1976
30.29717,-55.389558,2019
35.29717,-57.389558,2061
39.29717,-57.389558,2104
38.29717,-52.389558,2147
36.29717,-52.389558,2190
34.29717,-54.389558,2232
34.29717,-55.389558,2235
BREAK
64.29717,-52.389558,2694
61.29717,-54.389558,2736
65.29717,-59.389558,2778
69.29717,-58.389558,2820
70.29717,-51.389558,2862
69.29717,-48.389558,2904
58.29717,-50.389558,2947
55.29717,-55.389558,2990
58.29717,-59.389558,3033
63.29717,-59.389558,3076
64.29717,-53.389558,3119
64.29717,-51.389558,3161
62.29717,-53.389558,3203
62.29717,-56.389558,3246
65.29717,-56.389558,3289
65.29717,-53.389558,3331
63.29717,-52.389558,3373
BREAK
