START
20.360649,-24.878735,0
21.326751,-24.878735,335
22.292853,-24.878735,359
23.258954,-24.878735,431
24.225056,-24.878735,455
25.191158,-24.878735,463
26.157259,-24.878735,471
27.123361,-24.878735,487
28.089463,-24.878735,519
29.055564,-24.878735,527
30.021666,-24.878735,535
30.987768,-24.878735,543
31.95387,-24.878735,551
32.919971,-24.878735,559
33.886073,-24.878735,567
34.852175,-24.878735,599
35.818276,-25.844837,648
36.784378,-25.844837,663
37.75048,-25.844837,695
38.716581,-25.844837,727
39.682683,-25.844837,743
40.648785,-25.844837,751
42.580988,-25.844837,767
44.513192,-25.844837,783
46.445395,-25.844837,799
47.411497,-25.844837,807
48.377598,-25.844837,815
50.309802,-25.844837,823
51.275903,-25.844837,831
52.242005,-25.844837,839
53.208107,-25.844837,848
54.174209,-25.844837,855
55.14031,-25.844837,879
56.106412,-25.844837,887
57.072514,-25.844837,903
58.038615,-25.844837,911
59.004717,-25.844837,919
59.970819,-25.844837,935
60.93692,-25.844837,952
61.903022,-25.844837,976
62.869124,-25.844837,983
66.733531,-25.844837,992
68.665734,-25.844837,999
69.631836,-25.844837,1008
70.597937,-25.844837,1016
71.564039,-25.844837,1032
72.530141,-25.844837,1048
73.496242,-25.844837,1055
74.462344,-25.844837,1071
75.428446,-25.844837,1079
76.394547,-25.844837,1087
77.360649,-25.844837,1095
78.326751,-25.844837,1112
79.292853,-25.844837,1119
80.258954,-25.844837,1135
81.225056,-25.844837,1143
82.191158,-25.844837,1175
82.191158,-26.810939,1183
83.157259,-26.810939,1233
81.225056,-26.810939,1424
BREAK
37.75048,-24.878735,2543
37.75048,-25.844837,2903
37.75048,-26.810939,2975
37.75048,-27.77704,2983
37.75048,-28.743142,2991
37.75048,-29.709244,2999
37.75048,-30.675345,3023
36.784378,-31.641447,3047
36.784378,-32.607549,3063
36.784378,-33.573651,3071
36.784378,-34.539752,3079
36.784378,-36.471956,3087
36.784378,-38.404159,3095
36.784378,-39.370261,3103
35.818276,-40.336362,3111
35.818276,-41.302464,3119
35.818276,-42.268566,3127
35.818276,-44.200769,3135
35.818276,-45.166871,3143
35.818276,-46.132973,3151
35.818276,-47.099074,3159
35.818276,-48.065176,3167
34.852175,-48.065176,3175
34.852175,-49.031278,3183
34.852175,-49.997379,3191
34.852175,-50.963481,3207
34.852175,-51.929583,3223
34.852175,-52.895684,3231
34.852175,-53.861786,3248
34.852175,-54.827888,3255
34.852175,-55.79399,3263
34.852175,-56.760091,3271
34.852175,-57.726193,3287
34.852175,-58.692295,3295
34.852175,-59.658396,3303
34.852175,-60.624498,3311
34.852175,-61.5906,3327
34.852175,-62.556701,3336
34.852175,-63.522803,3343
34.852175,-64.488905,3351
34.852175,-66.421108,3359
34.852175,-67.38721,3369
34.852175,-68.353312,3375
34.852175,-69.319413,3383
34.852175,-70.285515,3391
34.852175,-71.251617,3399
34.852175,-72.217718,3407
35.818276,-73.18382,3439
35.818276,-74.149922,3455
35.818276,-75.116023,3471
36.784378,-76.082125,3479
36.784378,-77.048227,3487
36.784378,-78.98043,3495
37.75048,-79.946532,3503
37.75048,-80.912634,3511
38.716581,-82.844837,3519
38.716581,-83.810939,3527
39.682683,-84.77704,3535
39.682683,-85.743142,3543
39.682683,-86.709244,3551
39.682683,-87.675345,3559
40.648785,-87.675345,3575
40.648785,-88.641447,3583
41.614886,-88.641447,3615
41.614886,-89.607549,3623
42.580988,-89.607549,3639
43.54709,-89.607549,3655
44.513192,-90.573651,3672
45.479293,-90.573651,3704
46.445395,-90.573651,3736
47.411497,-90.573651,3767
48.377598,-90.573651,3791
49.3437,-90.573651,3799
50.309802,-90.573651,3815
50.309802,-89.607549,3823
51.275903,-89.607549,3831
52.242005,-89.607549,3847
53.208107,-89.607549,3879
53.208107,-88.641447,3895
54.174209,-88.641447,3911
55.14031,-88.641447,3927
55.14031,-87.675345,3935
56.106412,-87.675345,3943
57.072514,-87.675345,3959
57.072514,-86.709244,3975
58.038615,-86.709244,3999
59.004717,-86.709244,4024
59.970819,-85.743142,4040
60.93692,-85.743142,4088
60.93692,-84.77704,4098
60.93692,-83.810939,4151
61.903022,-83.810939,4183
61.903022,-82.844837,4199
61.903022,-81.878735,4207
61.903022,-80.912634,4216
61.903022,-79.946532,4223
61.903022,-78.98043,4231
61.903022,-78.014329,4239
62.869124,-77.048227,4248
62.869124,-76.082125,4255
62.869124,-75.116023,4263
62.869124,-74.149922,4279
62.869124,-72.217718,4287
62.869124,-71.251617,4303
62.869124,-70.285515,4311
62.869124,-69.319413,4327
62.869124,-68.353312,4407
62.869124,-67.38721,4520
60.93692,-67.38721,4528
59.970819,-67.38721,4551
59.004717,-67.38721,4568
58.038615,-67.38721,4575
58.038615,-66.421108,4583
56.106412,-66.421108,4631
55.14031,-66.421108,4879
55.14031,-67.38721,4887
55.14031,-68.353312,4983
55.14031,-69.319413,4999
55.14031,-70.285515,5015
55.14031,-71.251617,5056
55.14031,-72.217718,5120
56.106412,-73.18382,5175
56.106412,-74.149922,5207
57.072514,-74.149922,5231
58.038615,-74.149922,5264
59.004717,-75.116023,5304
59.970819,-75.116023,5376
60.93692,-75.116023,5432
60.93692,-74.149922,5727
60.93692,-73.18382,5735
60.93692,-72.217718,5751
60.93692,-71.251617,5767
BREAK
59.970819,-69.319413,6016
60.93692,-69.319413,6135
60.93692,-70.285515,6151
61.903022,-70.285515,6159
61.903022,-71.251617,6216
62.869124,-71.251617,6231
62.869124,-72.217718,6239
62.869124,-73.18382,6255
62.869124,-74.149922,6263
62.869124,-75.116023,6280
62.869124,-76.082125,6287
62.869124,-77.048227,6311
62.869124,-78.014329,6327
62.869124,-78.98043,6351
61.903022,-78.98043,6367
61.903022,-79.946532,6375
61.903022,-80.912634,6391
BREAK
