START
30.021666,-21.014329,0
30.987768,-21.014329,463
31.95387,-21.014329,488
32.919971,-21.014329,519
33.886073,-21.014329,536
34.852175,-21.014329,560
35.818276,-21.014329,567
36.784378,-21.014329,591
37.75048,-21.014329,599
38.716581,-21.014329,623
39.682683,-21.014329,631
40.648785,-21.014329,647
41.614886,-21.014329,656
42.580988,-21.014329,671
43.54709,-21.014329,679
44.513192,-21.014329,688
45.479293,-21.014329,704
46.445395,-21.014329,711
47.411497,-21.014329,727
48.377598,-21.014329,736
49.3437,-21.014329,759
50.309802,-21.014329,776
51.275903,-21.014329,815
52.242005,-21.014329,824
53.208107,-21.014329,839
54.174209,-21.014329,847
55.14031,-21.014329,872
56.106412,-21.014329,887
57.072514,-21.014329,904
58.038615,-21.014329,912
59.004717,-21.014329,919
59.970819,-21.014329,936
60.93692,-21.014329,943
61.903022,-21.014329,959
62.869124,-21.014329,967
63.835225,-21.014329,984
64.801327,-21.014329,992
65.767429,-21.014329,1007
66.733531,-21.014329,1015
67.699632,-21.014329,1024
68.665734,-21.014329,1032
69.631836,-21.014329,1039
70.597937,-21.014329,1063
71.564039,-21.014329,1080
72.530141,-21.014329,1112
73.496242,-21.014329,1120
74.462344,-21.014329,1143
75.428446,-21.014329,1152
76.394547,-21.014329,1175
77.360649,-21.014329,1183
78.326751,-21.014329,1200
79.292853,-21.014329,1207
80.258954,-21.014329,1215
81.225056,-21.014329,1223
82.191158,-21.014329,1511
83.157259,-21.014329,1520
84.123361,-21.014329,1543
BREAK
34.852175,-23.912634,3328
34.852175,-24.878735,3479
34.852175,-25.844837,3503
34.852175,-26.810939,3535
34.852175,-27.77704,3559
34.852175,-28.743142,3591
34.852175,-29.709244,3616
34.852175,-30.675345,3639
34.852175,-31.641447,3655
34.852175,-32.607549,3679
34.852175,-33.573651,3687
34.852175,-34.539752,3719
34.852175,-35.505854,3727
34.852175,-36.471956,3751
34.852175,-37.438057,3759
34.852175,-38.404159,3783
34.852175,-39.370261,3799
34.852175,-40.336362,3823
34.852175,-41.302464,3830
34.852175,-42.268566,3863
34.852175,-43.234667,3871
34.852175,-44.200769,3887
34.852175,-45.166871,3895
34.852175,-46.132973,3911
34.852175,-47.099074,3919
34.852175,-48.065176,3935
34.852175,-49.031278,3943
34.852175,-49.997379,3959
34.852175,-50.963481,3983
34.852175,-51.929583,3991
34.852175,-52.895684,4007
34.852175,-53.861786,4015
34.852175,-54.827888,4031
34.852175,-55.79399,4047
34.852175,-56.760091,4063
34.852175,-57.726193,4087
34.852175,-58.692295,4103
34.852175,-59.658396,4119
34.852175,-60.624498,4127
34.852175,-61.5906,4159
34.852175,-62.556701,4167
34.852175,-63.522803,4191
34.852175,-64.488905,4200
34.852175,-65.455006,4231
34.852175,-66.421108,4239
34.852175,-67.38721,4295
34.852175,-68.353312,4303
34.852175,-69.319413,4335
34.852175,-70.285515,4359
34.852175,-71.251617,4383
35.818276,-71.251617,4408
35.818276,-72.217718,4423
35.818276,-73.18382,4463
36.784378,-74.149922,4471
36.784378,-75.116023,4503
37.75048,-76.082125,4519
38.716581,-76.082125,4536
39.682683,-76.082125,4599
40.648785,-76.082125,4615
41.614886,-76.082125,4663
42.580988,-76.082125,4711
43.54709,-76.082125,4743
44.513192,-76.082125,4751
45.479293,-76.082125,4767
46.445395,-76.082125,4775
47.411497,-76.082125,4799
48.377598,-76.082125,4807
49.3437,-76.082125,4823
50.309802,-76.082125,4839
51.275903,-77.048227,4855
52.242005,-77.048227,4863
53.208107,-77.048227,4879
54.174209,-77.048227,4887
55.14031,-77.048227,4903
56.106412,-77.048227,4911
57.072514,-77.048227,4927
58.038615,-77.048227,4935
59.004717,-77.048227,4943
59.970819,-77.048227,4959
60.93692,-77.048227,4967
61.903022,-77.048227,4983
62.869124,-77.048227,4991
63.835225,-77.048227,5007
64.801327,-77.048227,5015
65.767429,-77.048227,5038
66.733531,-77.048227,5047
67.699632,-76.082125,5063
68.665734,-76.082125,5080
68.665734,-75.116023,5095
69.631836,-75.116023,5111
70.597937,-74.149922,5127
71.564039,-73.18382,5167
72.530141,-72.217718,5199
73.496242,-71.251617,5207
74.462344,-70.285515,5263
75.428446,-69.319413,5280
75.428446,-68.353312,5311
75.428446,-67.38721,5327
76.394547,-67.38721,5335
76.394547,-66.421108,5351
76.394547,-65.455006,5367
76.394547,-64.488905,5375
76.394547,-63.522803,5391
76.394547,-62.556701,5407
76.394547,-61.5906,5415
76.394547,-60.624498,5423
76.394547,-59.658396,5431
76.394547,-58.692295,5439
76.394547,-57.726193,5463
76.394547,-56.760091,5479
76.394547,-55.79399,5503
76.394547,-54.827888,5511
76.394547,-53.861786,5535
76.394547,-52.895684,5560
76.394547,-51.929583,5576
76.394547,-50.963481,5607
76.394547,-49.997379,5631
76.394547,-49.031278,5655
76.394547,-48.065176,5671
76.394547,-47.099074,5696
76.394547,-46.132973,5743
76.394547,-45.166871,5815
75.428446,-45.166871,6616
75.428446,-44.200769,6622
75.428446,-43.234667,6655
75.428446,-42.268566,6687
74.462344,-42.268566,6695
73.496242,-42.268566,7215
72.530141,-42.268566,7311
71.564039,-42.268566,7455
70.597937,-42.268566,7503
69.631836,-42.268566,7591
68.665734,-42.268566,7655
67.699632,-42.268566,7695
66.733531,-42.268566,7727
65.767429,-42.268566,7815
64.801327,-42.268566,7855
63.835225,-42.268566,7911
62.869124,-42.268566,7959
62.869124,-43.234667,8015
61.903022,-44.200769,8071
61.903022,-45.166871,8159
61.903022,-46.132973,8183
61.903022,-47.099074,8279
60.93692,-47.099074,8311
60.93692,-48.065176,8351
60.93692,-49.031278,8399
60.93692,-49.997379,8487
60.93692,-50.963481,8567
61.903022,-50.963481,8703
61.903022,-51.929583,8750
62.869124,-51.929583,8807
63.835225,-51.929583,8879
64.801327,-51.929583,9183
65.767429,-51.929583,9495
66.733531,-51.929583,9575
66.733531,-50.963481,9582
66.733531,-49.997379,9630
66.733531,-49.031278,9695
66.733531,-48.065176,9718
66.733531,-47.099074,9775
66.733531,-46.132973,9838
66.733531,-45.166871,9927
66.733531,-44.200769,9975
66.733531,-43.234667,10031
67.699632,-43.234667,10231
68.665734,-44.200769,10239
70.597937,-45.166871,10247
72.530141,-46.132973,10254
BREAK
