START
36.023585,-7.7028112,0
36.023585,-8.7028112,35
37.023585,-9.7028112,45
38.023585,-9.7028112,55
39.023585,-10.702811,66
42.023585,-11.702811,75
43.023585,-12.702811,85
44.023585,-13.702811,96
45.023585,-14.702811,106
46.023585,-15.702811,116
47.023585,-15.702811,126
48.023585,-16.702811,137
48.023585,-17.702811,147
49.023585,-18.702811,156
49.023585,-19.702811,167
50.023585,-19.702811,177
51.023585,-20.702811,188
52.023585,-21.702811,197
53.023585,-21.702811,207
53.023585,-22.702811,218
54.023585,-22.702811,239
55.023585,-23.702811,248
55.023585,-24.702811,258
56.023585,-24.702811,269
57.023585,-25.702811,279
57.023585,-26.702811,288
58.023585,-26.702811,299
58.023585,-27.702811,309
59.023585,-28.702811,320
BREAK
43.023585,-18.702811,1151
43.023585,-19.702811,1187
43.023585,-20.702811,1197
43.023585,-21.702811,1207
43.023585,-22.702811,1217
43.023585,-23.702811,1228
43.023585,-24.702811,1238
43.023585,-27.702811,1247
43.023585,-28.702811,1258
43.023585,-29.702811,1268
44.023585,-32.702811,1279
44.023585,-35.702811,1288
44.023585,-38.702811,1298
43.023585,-41.702811,1309
42.023585,-44.702811,1319
42.023585,-45.702811,1329
42.023585,-48.702811,1339
42.023585,-49.702811,1360
42.023585,-50.702811,1369
42.023585,-51.702811,1380
43.023585,-52.702811,1390
43.023585,-55.702811,1400
43.023585,-56.702811,1410
43.023585,-57.702811,1420
43.023585,-58.702811,1431
43.023585,-59.702811,1441
43.023585,-60.702811,1450
43.023585,-61.702811,1461
43.023585,-62.702811,1471
42.023585,-65.702811,1482
42.023585,-66.702811,1491
42.023585,-67.702811,1501
42.023585,-68.702811,1512
42.023585,-69.702811,1522
42.023585,-70.702811,1532
42.023585,-71.702811,1542
42.023585,-72.702811,1552
42.023585,-73.702811,1563
42.023585,-74.702811,1572
42.023585,-75.702811,1583
42.023585,-76.702811,1593
42.023585,-77.702811,1603
41.023585,-78.702811,1623
41.023585,-79.702811,1634
41.023585,-80.702811,1654
41.023585,-81.702811,1664
41.023585,-82.702811,1674
41.023585,-83.702811,1685
41.023585,-84.702811,1704
BREAK
