START
42.023585,-16.702811,0
43.023585,-16.702811,89
43.023585,-17.702811,109
44.023585,-17.702811,129
44.023585,-18.702811,149
44.023585,-19.702811,179
45.023585,-19.702811,197
46.023585,-19.702811,309
47.023585,-19.702811,329
48.023585,-19.702811,349
49.023585,-19.702811,369
50.023585,-18.702811,379
51.023585,-18.702811,400
52.023585,-18.702811,426
53.023585,-18.702811,458
53.023585,-17.702811,467
54.023585,-17.702811,478
54.023585,-16.702811,488
55.023585,-16.702811,499
57.023585,-16.702811,509
57.023585,-15.702811,519
58.023585,-15.702811,529
59.023585,-15.702811,545
60.023585,-15.702811,592
61.023585,-15.702811,627
61.023585,-16.702811,718
61.023585,-17.702811,738
62.023585,-17.702811,748
63.023585,-18.702811,758
BREAK
57.023585,-18.702811,1443
57.023585,-19.702811,1539
56.023585,-20.702811,1549
56.023585,-21.702811,1559
54.023585,-22.702811,1570
54.023585,-23.702811,1580
54.023585,-24.702811,1600
53.023585,-24.702811,1620
53.023585,-25.702811,1640
53.023585,-26.702811,1660
52.023585,-26.702811,1691
52.023585,-27.702811,1711
52.023585,-28.702811,1721
52.023585,-29.702811,1741
52.023585,-30.702811,1751
52.023585,-31.702811,1771
52.023585,-32.702811,1792
52.023585,-33.702811,1815
52.023585,-34.702811,1838
52.023585,-35.702811,1868
52.023585,-36.702811,1889
53.023585,-37.702811,1909
53.023585,-38.702811,1919
53.023585,-39.702811,1929
53.023585,-40.702811,1949
53.023585,-41.702811,1959
54.023585,-43.702811,1980
54.023585,-44.702811,2000
54.023585,-45.702811,2020
54.023585,-46.702811,2040
55.023585,-47.702811,2051
55.023585,-48.702811,2071
56.023585,-49.702811,2091
56.023585,-50.702811,2101
56.023585,-51.702811,2111
57.023585,-51.702811,2121
57.023585,-52.702811,2142
57.023585,-53.702811,2162
57.023585,-54.702811,2182
57.023585,-55.702811,2202
57.023585,-56.702811,2212
57.023585,-57.702811,2222
57.023585,-59.702811,2243
57.023585,-60.702811,2253
58.023585,-60.702811,2263
58.023585,-61.702811,2273
58.023585,-62.702811,2283
58.023585,-63.702811,2293
58.023585,-66.702811,2303
58.023585,-67.702811,2323
58.023585,-68.702811,2344
58.023585,-70.702811,2354
58.023585,-71.702811,2364
58.023585,-72.702811,2374
58.023585,-73.702811,2394
58.023585,-75.702811,2414
57.023585,-76.702811,2424
57.023585,-77.702811,2445
57.023585,-78.702811,2455
57.023585,-79.702811,2483
56.023585,-79.702811,2495
55.023585,-80.702811,2514
55.023585,-81.702811,2524
55.023585,-80.702811,2745
BREAK
