START
37.023585,-18.702811,0
38.023585,-18.702811,267
39.023585,-18.702811,278
41.023585,-18.702811,299
42.023585,-18.702811,328
43.023585,-18.702811,355
44.023585,-18.702811,376
45.023585,-18.702811,387
46.023585,-18.702811,410
47.023585,-18.702811,431
48.023585,-18.702811,453
49.023585,-18.702811,463
50.023585,-18.702811,474
51.023585,-18.702811,484
52.023585,-18.702811,495
54.023585,-18.702811,506
55.023585,-18.702811,516
56.023585,-18.702811,527
57.023585,-18.702811,538
59.023585,-18.702811,548
60.023585,-18.702811,569
61.023585,-18.702811,579
62.023585,-18.702811,596
63.023585,-18.702811,617
64.023585,-18.702811,627
65.023585,-18.702811,639
66.023585,-18.702811,660
67.023585,-18.702811,681
68.023585,-18.702811,703
69.023585,-18.702811,846
70.023585,-18.702811,917
71.023585,-18.702811,1038
72.023585,-18.702811,1133
73.023585,-18.702811,1186
74.023585,-18.702811,1199
BREAK
34.023585,-16.702811,2328
33.023585,-16.702811,2348
32.023585,-16.702811,2379
31.023585,-16.702811,2430
31.023585,-15.702811,2502
30.023585,-15.702811,2535
29.023585,-15.702811,2552
29.023585,-13.702811,2580
28.023585,-13.702811,2598
27.023585,-13.702811,2612
27.023585,-12.702811,2623
27.023585,-11.702811,2634
26.023585,-11.702811,2660
26.023585,-10.702811,2684
26.023585,-9.7028112,2694
25.023585,-9.7028112,2756
BREAK
72.023585,-19.702811,5382
72.023585,-20.702811,5627
73.023585,-21.702811,5658
73.023585,-22.702811,5688
73.023585,-23.702811,5727
73.023585,-24.702811,5740
74.023585,-24.702811,5777
75.023585,-24.702811,5814
75.023585,-25.702811,5845
75.023585,-26.702811,5887
75.023585,-27.702811,5948
75.023585,-28.702811,5980
75.023585,-29.702811,5997
75.023585,-30.702811,6029
75.023585,-31.702811,6071
75.023585,-32.702811,6100
75.023585,-33.702811,6125
74.023585,-34.702811,6154
74.023585,-35.702811,6183
73.023585,-36.702811,6227
73.023585,-37.702811,6241
73.023585,-38.702811,6269
72.023585,-38.702811,6291
71.023585,-38.702811,6301
71.023585,-39.702811,6316
71.023585,-40.702811,6352
70.023585,-40.702811,6362
69.023585,-40.702811,6373
69.023585,-41.702811,6394
68.023585,-42.702811,6415
68.023585,-43.702811,6438
68.023585,-44.702811,6466
67.023585,-45.702811,6485
67.023585,-46.702811,6519
66.023585,-46.702811,6565
65.023585,-47.702811,6575
64.023585,-48.702811,6649
63.023585,-49.702811,6666
62.023585,-49.702811,6693
61.023585,-49.702811,6719
61.023585,-50.702811,6729
60.023585,-50.702811,6767
60.023585,-51.702811,6785
59.023585,-51.702811,6796
58.023585,-52.702811,6834
57.023585,-52.702811,6845
56.023585,-53.702811,6959
55.023585,-53.702811,6970
54.023585,-54.702811,7034
53.023585,-54.702811,7045
53.023585,-55.702811,7061
52.023585,-55.702811,7087
52.023585,-56.702811,7097
51.023585,-56.702811,7149
51.023585,-57.702811,7162
50.023585,-58.702811,7177
49.023585,-58.702811,7211
49.023585,-59.702811,7258
48.023585,-59.702811,7299
47.023585,-60.702811,7313
47.023585,-61.702811,7362
47.023585,-62.702811,7386
46.023585,-63.702811,7406
46.023585,-64.702811,7432
46.023585,-65.702811,7476
46.023585,-66.702811,7530
46.023585,-67.702811,7541
46.023585,-68.702811,7586
46.023585,-69.702811,7627
46.023585,-70.702811,7658
46.023585,-71.702811,7668
46.023585,-72.702811,7690
46.023585,-73.702811,7712
46.023585,-74.702811,7740
46.023585,-75.702811,7751
46.023585,-76.702811,7772
46.023585,-77.702811,7798
46.023585,-78.702811,7828
46.023585,-79.702811,7838
46.023585,-80.702811,7890
46.023585,-81.702811,7917
46.023585,-82.702811,7949
45.023585,-82.702811,8105
BREAK
33.023585,-38.702811,11883
33.023585,-40.702811,12084
33.023585,-41.702811,12094
33.023585,-42.702811,12115
34.023585,-43.702811,12126
34.023585,-44.702811,12136
34.023585,-45.702811,12158
34.023585,-46.702811,12168
34.023585,-47.702811,12189
34.023585,-48.702811,12212
34.023585,-49.702811,12235
35.023585,-49.702811,12256
35.023585,-50.702811,12266
35.023585,-51.702811,12277
35.023585,-52.702811,12298
35.023585,-53.702811,12309
35.023585,-54.702811,12323
35.023585,-55.702811,12344
35.023585,-56.702811,12367
35.023585,-57.702811,12378
35.023585,-58.702811,12426
35.023585,-59.702811,12447
35.023585,-60.702811,12468
35.023585,-62.702811,12489
35.023585,-63.702811,12511
35.023585,-65.702811,12532
35.023585,-66.702811,12553
35.023585,-67.702811,12564
35.023585,-68.702811,12574
35.023585,-69.702811,12595
35.023585,-70.702811,12606
35.023585,-71.702811,12627
35.023585,-72.702811,12638
35.023585,-73.702811,12659
35.023585,-74.702811,12681
35.023585,-75.702811,12693
35.023585,-76.702811,12704
35.023585,-77.702811,12727
35.023585,-79.702811,12748
35.023585,-80.702811,12772
35.023585,-81.702811,12793
35.023585,-82.702811,12814
35.023585,-83.702811,12825
35.023585,-84.702811,12847
35.023585,-85.702811,12869
35.023585,-86.702811,12938
35.023585,-87.702811,12964
35.023585,-88.702811,13005
36.023585,-88.702811,13062
36.023585,-89.702811,13107
36.023585,-90.702811,13143
37.023585,-90.702811,13361
BREAK
