START
27.068478,-39.107427,0
27.068478,-38.118037,101
27.068478,-37.128647,132
27.068478,-36.139257,153
27.068478,-35.149867,162
27.068478,-34.160477,173
27.068478,-33.171088,184
27.068478,-32.181698,194
27.068478,-31.192308,204
27.068478,-29.213528,225
27.068478,-28.224138,235
27.068478,-27.234748,245
27.068478,-26.245358,259
27.068478,-25.255968,266
27.068478,-24.266578,276
27.068478,-23.277188,297
27.068478,-22.287798,338
27.068478,-21.298408,368
27.068478,-20.309019,389
28.057867,-20.309019,622
29.047257,-20.309019,643
31.026037,-20.309019,653
33.004817,-20.309019,663
34.983597,-20.309019,674
36.962377,-20.309019,684
38.941157,-20.309019,695
40.919936,-20.309019,705
42.898716,-20.309019,718
43.888106,-20.309019,726
44.877496,-20.309019,738
45.866886,-20.309019,755
46.856276,-20.309019,766
47.845666,-20.309019,776
48.835056,-20.309019,786
49.824446,-20.309019,797
50.813836,-20.309019,807
51.803226,-20.309019,820
52.792615,-20.309019,858
53.782005,-20.309019,902
54.771395,-20.309019,1002
54.771395,-21.298408,1282
53.782005,-22.287798,1303
52.792615,-24.266578,1323
51.803226,-25.255968,1344
50.813836,-27.234748,1355
50.813836,-28.224138,1365
49.824446,-30.202918,1377
48.835056,-30.202918,1388
48.835056,-31.192308,1396
47.845666,-33.171088,1406
46.856276,-34.160477,1416
45.866886,-35.149867,1427
44.877496,-37.128647,1437
43.888106,-39.107427,1458
42.898716,-40.096817,1468
42.898716,-41.086207,1479
41.909326,-42.075597,1488
40.919936,-43.064987,1509
39.930547,-44.054377,1520
38.941157,-45.043767,1540
37.951767,-45.043767,1551
37.951767,-46.033156,1561
36.962377,-47.022546,1571
36.962377,-48.011936,1581
35.972987,-49.001326,1602
34.983597,-50.980106,1613
34.983597,-51.969496,1622
33.994207,-52.958886,1633
33.004817,-53.948276,1643
33.004817,-54.937666,1654
32.015427,-54.937666,1664
32.015427,-55.927056,1674
31.026037,-55.927056,1695
31.026037,-56.916446,1715
30.036647,-56.916446,1726
30.036647,-57.905836,1736
29.047257,-58.895225,1746
29.047257,-59.884615,1757
28.057867,-61.863395,1767
28.057867,-62.852785,1778
27.068478,-64.831565,1787
27.068478,-65.820955,1800
27.068478,-66.810345,1808
26.079088,-67.799735,1819
26.079088,-68.789125,1828
26.079088,-69.778515,1839
26.079088,-70.767905,1849
26.079088,-71.757294,1880
26.079088,-72.746684,1902
27.068478,-73.736074,1922
27.068478,-74.725464,1931
27.068478,-75.714854,1942
28.057867,-75.714854,1954
28.057867,-76.704244,1964
29.047257,-76.704244,1974
29.047257,-77.693634,1983
30.036647,-78.683024,1992
31.026037,-78.683024,2003
32.015427,-78.683024,2037
33.004817,-78.683024,2044
34.983597,-78.683024,2065
35.972987,-78.683024,2075
36.962377,-78.683024,2085
37.951767,-78.683024,2096
38.941157,-78.683024,2106
39.930547,-78.683024,2116
41.909326,-78.683024,2126
42.898716,-78.683024,2137
43.888106,-78.683024,2147
45.866886,-78.683024,2157
47.845666,-78.683024,2167
48.835056,-78.683024,2178
50.813836,-78.683024,2188
51.803226,-78.683024,2198
53.782005,-78.683024,2208
54.771395,-78.683024,2219
55.760785,-78.683024,2229
56.750175,-78.683024,2239
57.739565,-78.683024,2249
58.728955,-77.693634,2260
59.718345,-76.704244,2280
59.718345,-75.714854,2291
60.707735,-75.714854,2301
60.707735,-74.725464,2313
61.697125,-74.725464,2321
62.686515,-73.736074,2332
63.675905,-73.736074,2355
63.675905,-72.746684,2363
64.665295,-71.757294,2373
65.654684,-70.767905,2394
66.644074,-70.767905,2404
66.644074,-69.778515,2414
67.633464,-68.789125,2436
67.633464,-67.799735,2446
67.633464,-66.810345,2455
67.633464,-65.820955,2476
67.633464,-64.831565,2487
67.633464,-63.842175,2507
BREAK
