START
41.29717,-47.389558,0
40.29717,-47.389558,6
38.29717,-49.389558,48
38.29717,-50.389558,70
39.29717,-51.389558,78
40.29717,-51.389558,86
42.29717,-52.389558,93
44.29717,-53.389558,102
45.29717,-53.389558,109
48.29717,-53.389558,118
49.29717,-53.389558,126
51.29717,-53.389558,134
52.29717,-52.389558,142
53.29717,-52.389558,158
53.29717,-51.389558,166
54.29717,-51.389558,174
54.29717,-50.389558,182
54.29717,-49.389558,190
54.29717,-48.389558,206
54.29717,-47.389558,214
54.29717,-46.389558,222
54.29717,-45.389558,238
54.29717,-44.389558,246
53.29717,-44.389558,262
52.29717,-44.389558,270
51.29717,-44.389558,278
50.29717,-44.389558,286
49.29717,-44.389558,294
48.29717,-45.389558,302
47.29717,-46.389558,310
46.29717,-48.389558,326
46.29717,-49.389558,334
46.29717,-50.389558,342
46.29717,-51.389558,350
47.29717,-52.389558,358
47.29717,-53.389558,366
48.29717,-53.389558,382
49.29717,-53.389558,398
50.29717,-53.389558,430
50.29717,-52.389558,438
50.29717,-51.389558,454
50.29717,-50.389558,462
50.29717,-49.389558,470
50.29717,-47.389558,478
49.29717,-46.389558,494
48.29717,-45.389558,510
47.29717,-45.389558,526
47.29717,-44.389558,534
46.29717,-44.389558,542
44.29717,-46.389558,567
43.29717,-47.389558,574
43.29717,-48.389558,591
43.29717,-49.389558,598
44.29717,-50.389558,614
44.29717,-51.389558,622
45.29717,-51.389558,631
46.29717,-51.389558,638
47.29717,-50.389558,646
48.29717,-50.389558,654
49.29717,-49.389558,670
50.29717,-48.389558,678
50.29717,-47.389558,694
50.29717,-46.389558,702
51.29717,-45.389558,711
51.29717,-44.389558,718
51.29717,-43.389558,726
50.29717,-43.389558,822
49.29717,-44.389558,838
48.29717,-45.389558,846
47.29717,-46.389558,862
46.29717,-47.389558,870
BREAK
