START
43.877358,-15.859438,0
43.877358,-16.859438,160
43.877358,-17.859438,172
43.877358,-18.859438,184
43.877358,-19.859438,208
43.877358,-20.859438,377
43.877358,-21.859438,427
43.877358,-23.859438,613
43.877358,-24.859438,626
43.877358,-25.859438,638
43.877358,-26.859438,675
43.877358,-29.859438,700
43.877358,-30.859438,713
43.877358,-31.859438,725
44.877358,-32.859438,738
44.877358,-34.859438,750
44.877358,-35.859438,763
44.877358,-36.859438,774
44.877358,-37.859438,799
44.877358,-38.859438,811
44.877358,-39.859438,823
44.877358,-41.859438,837
44.877358,-42.859438,849
44.877358,-43.859438,861
44.877358,-44.859438,911
44.877358,-45.859438,961
45.877358,-47.859438,973
45.877358,-48.859438,985
45.877358,-50.859438,999
45.877358,-51.859438,1010
45.877358,-52.859438,1047
45.877358,-53.859438,1097
45.877358,-54.859438,1121
45.877358,-55.859438,1171
45.877358,-56.859438,1183
45.877358,-57.859438,1195
45.877358,-58.859438,1208
45.877358,-59.859438,1221
45.877358,-60.859438,1245
45.877358,-62.859438,1319
45.877358,-63.859438,1344
45.877358,-64.859438,1789
45.877358,-66.859438,1802
45.877358,-67.859438,1814
45.877358,-68.859438,1827
45.877358,-69.859438,1839
45.877358,-70.859438,1876
45.877358,-71.859438,1901
45.877358,-72.859438,1913
45.877358,-73.859438,1926
45.877358,-74.859438,1951
46.877358,-75.859438,1976
46.877358,-76.859438,2049
46.877358,-77.859438,2062
46.877358,-78.859438,2075
46.877358,-79.859438,2099
46.877358,-80.859438,2124
46.877358,-81.859438,2161
46.877358,-83.859438,2248
46.877358,-85.859438,2260
46.877358,-86.859438,2285
46.877358,-87.859438,2346
46.877358,-88.859438,2370
46.877358,-89.859438,2429
46.877358,-90.859438,2478
46.877358,-91.859438,2491
46.877358,-92.859438,2526
44.877358,-93.859438,2598
44.877358,-94.859438,2646
43.877358,-94.859438,2670
42.877358,-94.859438,2706
41.877358,-94.859438,2747
41.877358,-95.859438,2754
40.877358,-95.859438,2789
39.877358,-95.859438,2814
38.877358,-95.859438,2981
36.877358,-94.859438,3186
34.877358,-94.859438,3198
32.877358,-93.859438,3403
30.877358,-93.859438,3415
30.877358,-92.859438,3536
30.877358,-91.859438,3801
30.877358,-90.859438,3897
30.877358,-89.859438,4082
28.877358,-89.859438,4709
25.877358,-89.859438,4722
22.877358,-87.859438,4733
20.877358,-86.859438,4746
18.877358,-84.859438,4758
17.877358,-83.859438,4772
16.877358,-83.859438,4783
16.877358,-82.859438,4795
15.877358,-82.859438,4832
15.877358,-81.859438,4931
15.877358,-80.859438,5006
15.877358,-79.859438,5043
15.877358,-78.859438,5067
15.877358,-77.859438,5140
15.877358,-76.859438,5199
16.877358,-76.859438,5211
17.877358,-75.859438,5223
17.877358,-74.859438,5248
18.877358,-74.859438,5259
19.877358,-73.859438,5319
20.877358,-72.859438,5343
21.877358,-71.859438,5392
22.877358,-70.859438,5491
23.877358,-70.859438,5504
24.877358,-70.859438,5553
24.877358,-69.859438,5566
25.877358,-69.859438,5578
26.877358,-69.859438,5602
26.877358,-68.859438,5615
27.877358,-68.859438,5628
28.877358,-68.859438,5665
29.877358,-67.859438,5703
30.877358,-67.859438,5726
31.877358,-67.859438,5739
32.877358,-67.859438,5752
33.877358,-67.859438,5789
34.877358,-67.859438,5826
35.877358,-67.859438,5850
36.877358,-67.859438,5888
37.877358,-67.859438,5900
38.877358,-67.859438,5926
39.877358,-67.859438,5937
40.877358,-67.859438,5950
41.877358,-67.859438,5974
42.877358,-67.859438,5987
43.877358,-67.859438,6012
44.877358,-67.859438,6024
45.877358,-67.859438,6061
46.877358,-67.859438,6086
47.877358,-67.859438,6098
48.877358,-67.859438,6136
49.877358,-67.859438,6148
50.877358,-67.859438,6173
51.877358,-67.859438,6185
52.877358,-68.859438,6234
53.877358,-68.859438,6260
54.877358,-68.859438,6285
54.877358,-69.859438,6298
55.877358,-69.859438,6322
56.877358,-70.859438,6346
57.877358,-71.859438,6384
58.877358,-71.859438,6409
58.877358,-72.859438,6421
59.877358,-72.859438,6458
60.877358,-72.859438,6482
60.877358,-73.859438,6508
61.877358,-73.859438,6533
62.877358,-73.859438,6569
63.877358,-73.859438,6583
64.877358,-73.859438,6619
65.877358,-73.859438,6632
66.877358,-73.859438,6669
67.877358,-73.859438,6706
68.877358,-73.859438,6719
69.877358,-73.859438,6747
70.877358,-73.859438,6767
70.877358,-72.859438,6779
71.877358,-72.859438,6803
72.877358,-71.859438,7287
74.877358,-71.859438,7299
75.877358,-71.859438,7311
76.877358,-71.859438,7323
76.877358,-70.859438,7336
77.877358,-70.859438,7386
78.877358,-70.859438,7410
BREAK
45.877358,-44.859438,10072
46.877358,-44.859438,10278
48.877358,-44.859438,10290
49.877358,-44.859438,10326
50.877358,-44.859438,10434
51.877358,-44.859438,10446
52.877358,-44.859438,10471
53.877358,-44.859438,10531
55.877358,-44.859438,10543
57.877358,-44.859438,10555
58.877358,-44.859438,10580
59.877358,-44.859438,10616
60.877358,-44.859438,10628
61.877358,-44.859438,10651
62.877358,-44.859438,10724
63.877358,-45.859438,10736
64.877358,-45.859438,10760
65.877358,-45.859438,10821
66.877358,-45.859438,10833
67.877358,-45.859438,10845
68.877358,-45.859438,10857
69.877358,-45.859438,10881
70.877358,-45.859438,10929
71.877358,-45.859438,10978
72.877358,-45.859438,11062
73.877358,-44.859438,11074
74.877358,-44.859438,11086
75.877358,-44.859438,11122
75.877358,-43.859438,11134
76.877358,-43.859438,11146
77.877358,-42.859438,11182
78.877358,-41.859438,11231
79.877358,-41.859438,11255
79.877358,-40.859438,11268
80.877358,-40.859438,11280
80.877358,-39.859438,11292
81.877358,-39.859438,11316
81.877358,-38.859438,11329
81.877358,-37.859438,11365
82.877358,-37.859438,11377
82.877358,-36.859438,11390
82.877358,-35.859438,11414
82.877358,-33.859438,11537
82.877358,-32.859438,11560
82.877358,-29.859438,11659
82.877358,-27.859438,11671
82.877358,-26.859438,11721
80.877358,-25.859438,12093
79.877358,-24.859438,12105
79.877358,-23.859438,12118
78.877358,-22.859438,12130
78.877358,-21.859438,12142
77.877358,-21.859438,12154
77.877358,-20.859438,12166
77.877358,-19.859438,12304
76.877358,-18.859438,12340
76.877358,-17.859438,12402
76.877358,-16.859438,12428
75.877358,-16.859438,12440
74.877358,-16.859438,12477
74.877358,-15.859438,12501
73.877358,-15.859438,12514
72.877358,-15.859438,12551
71.877358,-15.859438,12564
70.877358,-15.859438,12601
69.877358,-15.859438,12737
68.877358,-14.859438,12762
66.877358,-14.859438,12774
65.877358,-14.859438,12786
63.877358,-14.859438,12799
62.877358,-14.859438,12824
61.877358,-13.859438,12886
60.877358,-13.859438,12924
59.877358,-13.859438,12948
58.877358,-12.859438,12960
57.877358,-12.859438,12973
56.877358,-12.859438,12997
54.877358,-12.859438,13060
53.877358,-12.859438,13072
52.877358,-12.859438,13085
51.877358,-12.859438,13097
51.877358,-11.859438,13109
50.877358,-11.859438,13208
49.877358,-11.859438,13332
48.877358,-11.859438,13369
47.877358,-11.859438,13394
47.877358,-12.859438,13493
46.877358,-12.859438,13518
45.877358,-12.859438,13543
45.877358,-13.859438,13555
45.877358,-14.859438,13778
BREAK
