START
26.877358,-19.859438,0
27.877358,-19.859438,140
27.877358,-20.859438,170
27.877358,-22.859438,181
27.877358,-25.859438,191
27.877358,-27.859438,201
27.877358,-29.859438,212
27.877358,-32.859438,221
27.877358,-34.859438,231
27.877358,-37.859438,241
27.877358,-39.859438,251
27.877358,-41.859438,261
27.877358,-43.859438,271
27.877358,-45.859438,281
27.877358,-47.859438,292
27.877358,-48.859438,302
27.877358,-49.859438,312
27.877358,-51.859438,322
27.877358,-52.859438,332
27.877358,-53.859438,342
27.877358,-54.859438,352
27.877358,-55.859438,362
27.877358,-56.859438,372
27.877358,-57.859438,392
27.877358,-59.859438,401
27.877358,-60.859438,411
27.877358,-61.859438,421
27.877358,-62.859438,431
27.877358,-63.859438,441
27.877358,-65.859438,461
27.877358,-67.859438,471
27.877358,-68.859438,481
27.877358,-69.859438,492
27.877358,-72.859438,501
27.877358,-73.859438,511
27.877358,-74.859438,521
27.877358,-75.859438,531
27.877358,-76.859438,541
27.877358,-77.859438,562
27.877358,-78.859438,584
27.877358,-79.859438,665
27.877358,-80.859438,746
27.877358,-81.859438,776
27.877358,-82.859438,786
27.877358,-83.859438,796
27.877358,-84.859438,816
27.877358,-85.859438,826
27.877358,-86.859438,846
27.877358,-87.859438,876
28.877358,-87.859438,886
28.877358,-88.859438,936
28.877358,-89.859438,995
29.877358,-89.859438,1085
30.877358,-89.859438,1095
32.877358,-89.859438,1105
35.877358,-90.859438,1115
38.877358,-90.859438,1125
41.877358,-91.859438,1135
43.877358,-91.859438,1146
44.877358,-91.859438,1155
45.877358,-91.859438,1165
47.877358,-91.859438,1175
48.877358,-91.859438,1185
50.877358,-91.859438,1205
52.877358,-91.859438,1215
54.877358,-91.859438,1225
57.877358,-91.859438,1235
59.877358,-91.859438,1245
60.877358,-91.859438,1255
62.877358,-91.859438,1265
63.877358,-91.859438,1274
64.877358,-91.859438,1284
65.877358,-91.859438,1294
66.877358,-91.859438,1304
67.877358,-91.859438,1314
68.877358,-91.859438,1334
69.877358,-91.859438,1344
70.877358,-91.859438,1364
71.877358,-91.859438,1384
72.877358,-91.859438,1404
74.877358,-91.859438,1424
75.877358,-91.859438,1434
76.877358,-91.859438,1444
77.877358,-91.859438,1454
78.877358,-91.859438,1464
79.877358,-91.859438,1474
80.877358,-91.859438,1506
81.877358,-91.859438,1536
BREAK
27.877358,-45.859438,2680
29.877358,-45.859438,2728
31.877358,-45.859438,2738
33.877358,-45.859438,2749
35.877358,-45.859438,2760
36.877358,-45.859438,2771
37.877358,-45.859438,2781
38.877358,-45.859438,2791
39.877358,-45.859438,2801
51.877358,-46.859438,2932
53.877358,-46.859438,2943
54.877358,-46.859438,2962
55.877358,-46.859438,2982
56.877358,-46.859438,3012
57.877358,-46.859438,3021
58.877358,-46.859438,3053
59.877358,-46.859438,3075
60.877358,-46.859438,3105
61.877358,-46.859438,3115
62.877358,-46.859438,3125
63.877358,-46.859438,3145
64.877358,-46.859438,3165
65.877358,-46.859438,3185
66.877358,-46.859438,3235
66.877358,-45.859438,3385
66.877358,-44.859438,3395
66.877358,-43.859438,3407
66.877358,-42.859438,3417
66.877358,-41.859438,3427
66.877358,-39.859438,3437
66.877358,-38.859438,3457
66.877358,-36.859438,3467
66.877358,-34.859438,3487
66.877358,-33.859438,3507
66.877358,-32.859438,3527
66.877358,-31.859438,3549
66.877358,-30.859438,3560
66.877358,-29.859438,3593
66.877358,-28.859438,3612
66.877358,-27.859438,3642
66.877358,-26.859438,3662
66.877358,-25.859438,3682
66.877358,-24.859438,3712
66.877358,-23.859438,3753
66.877358,-22.859438,3792
67.877358,-22.859438,3813
BREAK
