START
25.108491,-21.281124,0
24.108491,-21.281124,10
24.108491,-20.281124,49
25.108491,-20.281124,190
26.108491,-20.281124,198
28.108491,-20.281124,208
30.108491,-20.281124,220
32.108491,-20.281124,228
33.108491,-21.281124,238
34.108491,-21.281124,248
35.108491,-21.281124,258
35.108491,-22.281124,268
36.108491,-22.281124,278
37.108491,-22.281124,288
37.108491,-23.281124,298
38.108491,-23.281124,308
39.108491,-23.281124,329
40.108491,-23.281124,360
41.108491,-23.281124,371
41.108491,-24.281124,382
42.108491,-24.281124,392
44.108491,-24.281124,402
46.108491,-25.281124,412
47.108491,-25.281124,422
49.108491,-26.281124,432
50.108491,-26.281124,452
51.108491,-26.281124,462
52.108491,-26.281124,472
53.108491,-26.281124,484
54.108491,-27.281124,495
55.108491,-27.281124,506
56.108491,-27.281124,518
57.108491,-27.281124,529
58.108491,-27.281124,541
59.108491,-27.281124,562
60.108491,-27.281124,582
61.108491,-27.281124,603
62.108491,-27.281124,613
63.108491,-27.281124,645
64.108491,-27.281124,674
65.108491,-27.281124,735
65.108491,-28.281124,882
64.108491,-29.281124,902
63.108491,-30.281124,912
63.108491,-31.281124,922
61.108491,-34.281124,932
60.108491,-35.281124,942
60.108491,-36.281124,952
59.108491,-38.281124,962
58.108491,-39.281124,972
58.108491,-40.281124,984
57.108491,-41.281124,995
57.108491,-42.281124,1005
56.108491,-42.281124,1015
55.108491,-43.281124,1025
54.108491,-43.281124,1035
54.108491,-44.281124,1045
53.108491,-45.281124,1055
52.108491,-45.281124,1065
50.108491,-46.281124,1075
49.108491,-46.281124,1095
48.108491,-47.281124,1105
48.108491,-48.281124,1116
47.108491,-48.281124,1127
46.108491,-48.281124,1148
46.108491,-49.281124,1158
45.108491,-49.281124,1218
45.108491,-50.281124,1278
44.108491,-50.281124,1298
44.108491,-51.281124,1307
43.108491,-51.281124,1328
43.108491,-52.281124,1339
42.108491,-53.281124,1369
44.108491,-53.281124,1590
46.108491,-53.281124,1600
48.108491,-53.281124,1610
50.108491,-53.281124,1621
52.108491,-53.281124,1630
54.108491,-53.281124,1641
55.108491,-53.281124,1651
56.108491,-53.281124,1662
58.108491,-53.281124,1674
59.108491,-53.281124,1685
60.108491,-55.281124,1697
61.108491,-56.281124,1708
63.108491,-58.281124,1719
63.108491,-59.281124,1728
65.108491,-60.281124,1738
65.108491,-62.281124,1748
67.108491,-63.281124,1758
67.108491,-64.281124,1769
68.108491,-65.281124,1779
68.108491,-66.281124,1789
69.108491,-67.281124,1799
69.108491,-69.281124,1819
70.108491,-69.281124,1829
70.108491,-70.281124,1839
70.108491,-71.281124,1859
70.108491,-73.281124,1879
70.108491,-75.281124,1889
70.108491,-77.281124,1899
70.108491,-79.281124,1909
69.108491,-81.281124,1919
68.108491,-82.281124,1929
67.108491,-84.281124,1940
66.108491,-85.281124,1950
65.108491,-87.281124,1960
65.108491,-88.281124,1971
64.108491,-89.281124,1981
63.108491,-89.281124,1992
63.108491,-90.281124,2002
62.108491,-90.281124,2012
60.108491,-90.281124,2023
59.108491,-90.281124,2032
58.108491,-90.281124,2042
56.108491,-90.281124,2052
54.108491,-90.281124,2062
52.108491,-90.281124,2072
50.108491,-90.281124,2082
49.108491,-90.281124,2092
48.108491,-90.281124,2102
46.108491,-90.281124,2112
45.108491,-89.281124,2122
44.108491,-89.281124,2132
44.108491,-88.281124,2142
42.108491,-88.281124,2153
42.108491,-87.281124,2164
41.108491,-86.281124,2176
39.108491,-84.281124,2185
38.108491,-83.281124,2196
36.108491,-81.281124,2206
33.108491,-79.281124,2215
31.108491,-78.281124,2225
30.108491,-76.281124,2235
28.108491,-75.281124,2245
27.108491,-73.281124,2256
26.108491,-72.281124,2279
26.108491,-71.281124,2289
25.108491,-70.281124,2298
25.108491,-69.281124,2318
BREAK
