START
30.108491,-16.281124,0
31.108491,-16.281124,104
32.108491,-16.281124,136
32.108491,-17.281124,136
33.108491,-17.281124,152
34.108491,-18.281124,184
35.108491,-18.281124,200
35.108491,-19.281124,201
36.108491,-19.281124,216
37.108491,-20.281124,217
38.108491,-21.281124,232
39.108491,-22.281124,248
40.108491,-22.281124,249
41.108491,-23.281124,264
42.108491,-23.281124,280
43.108491,-23.281124,281
44.108491,-23.281124,304
45.108491,-24.281124,328
47.108491,-24.281124,344
48.108491,-24.281124,360
50.108491,-24.281124,376
51.108491,-24.281124,392
53.108491,-24.281124,408
54.108491,-24.281124,424
55.108491,-24.281124,425
56.108491,-25.281124,440
57.108491,-25.281124,464
58.108491,-25.281124,465
60.108491,-25.281124,480
61.108491,-25.281124,495
62.108491,-25.281124,497
63.108491,-25.281124,512
65.108491,-25.281124,513
66.108491,-25.281124,528
67.108491,-25.281124,529
69.108491,-25.281124,544
71.108491,-25.281124,545
72.108491,-25.281124,560
73.108491,-25.281124,561
74.108491,-25.281124,576
74.108491,-26.281124,880
73.108491,-26.281124,896
72.108491,-26.281124,897
71.108491,-26.281124,912
71.108491,-27.281124,928
70.108491,-27.281124,929
69.108491,-28.281124,944
68.108491,-28.281124,945
67.108491,-29.281124,968
66.108491,-29.281124,984
65.108491,-29.281124,1000
64.108491,-29.281124,1024
63.108491,-29.281124,1025
62.108491,-30.281124,1040
61.108491,-30.281124,1056
60.108491,-31.281124,1072
59.108491,-31.281124,1073
58.108491,-32.281124,1088
57.108491,-33.281124,1104
56.108491,-33.281124,1120
56.108491,-34.281124,1136
55.108491,-34.281124,1137
54.108491,-34.281124,1152
53.108491,-34.281124,1168
53.108491,-35.281124,1169
52.108491,-35.281124,1184
51.108491,-36.281124,1200
50.108491,-37.281124,1216
49.108491,-37.281124,1224
48.108491,-38.281124,1240
47.108491,-38.281124,1241
46.108491,-38.281124,1256
45.108491,-38.281124,1288
44.108491,-39.281124,1312
45.108491,-39.281124,1480
46.108491,-39.281124,1512
47.108491,-39.281124,1513
49.108491,-39.281124,1528
50.108491,-39.281124,1544
51.108491,-39.281124,1560
52.108491,-39.281124,1561
54.108491,-39.281124,1576
55.108491,-39.281124,1577
56.108491,-39.281124,1592
57.108491,-39.281124,1593
58.108491,-39.281124,1608
59.108491,-39.281124,1609
60.108491,-39.281124,1624
61.108491,-39.281124,1640
62.108491,-39.281124,1656
63.108491,-39.281124,1672
64.108491,-40.281124,1673
65.108491,-40.281124,1688
67.108491,-40.281124,1704
68.108491,-41.281124,1728
69.108491,-41.281124,1729
70.108491,-41.281124,1744
71.108491,-42.281124,1745
72.108491,-42.281124,1760
72.108491,-43.281124,1790
72.108491,-44.281124,1840
73.108491,-44.281124,1841
73.108491,-45.281124,1856
73.108491,-46.281124,1920
73.108491,-47.281124,1961
73.108491,-48.281124,2000
73.108491,-49.281124,2016
73.108491,-50.281124,2032
73.108491,-51.281124,2033
73.108491,-52.281124,2048
73.108491,-53.281124,2064
73.108491,-54.281124,2080
73.108491,-55.281124,2081
73.108491,-56.281124,2104
73.108491,-57.281124,2106
73.108491,-59.281124,2120
73.108491,-60.281124,2136
73.108491,-61.281124,2152
73.108491,-62.281124,2153
73.108491,-63.281124,2168
73.108491,-64.281124,2184
73.108491,-65.281124,2185
73.108491,-66.281124,2200
73.108491,-67.281124,2216
73.108491,-68.281124,2232
73.108491,-69.281124,2248
73.108491,-70.281124,2264
73.108491,-71.281124,2280
72.108491,-71.281124,2281
72.108491,-72.281124,2296
71.108491,-72.281124,2312
71.108491,-73.281124,2313
70.108491,-74.281124,2328
70.108491,-75.281124,2329
69.108491,-75.281124,2344
69.108491,-76.281124,2345
68.108491,-77.281124,2360
67.108491,-77.281124,2376
66.108491,-77.281124,2392
65.108491,-77.281124,2409
64.108491,-77.281124,2424
64.108491,-78.281124,2425
63.108491,-78.281124,2440
62.108491,-78.281124,2456
61.108491,-78.281124,2472
60.108491,-78.281124,2496
59.108491,-78.281124,2498
58.108491,-78.281124,2520
58.108491,-79.281124,2522
57.108491,-79.281124,2536
56.108491,-79.281124,2538
55.108491,-79.281124,2552
54.108491,-79.281124,2568
53.108491,-79.281124,2592
52.108491,-79.281124,2608
51.108491,-79.281124,2624
50.108491,-79.281124,2640
49.108491,-79.281124,2656
48.108491,-79.281124,2658
47.108491,-79.281124,2672
46.108491,-79.281124,2696
45.108491,-79.281124,2720
44.108491,-79.281124,2744
43.108491,-79.281124,2746
42.108491,-78.281124,2768
41.108491,-77.281124,2784
40.108491,-75.281124,2800
39.108491,-75.281124,2802
38.108491,-74.281124,2816
37.108491,-74.281124,2817
37.108491,-72.281124,2832
36.108491,-72.281124,2833
36.108491,-71.281124,2848
35.108491,-70.281124,2864
34.108491,-69.281124,2880
33.108491,-68.281124,2904
33.108491,-67.281124,2905
32.108491,-66.281124,2920
32.108491,-65.281124,2922
31.108491,-65.281124,2936
31.108491,-64.281124,2938
31.108491,-63.281124,2993
31.108491,-62.281124,3024
31.108491,-61.281124,3057
31.108491,-60.281124,3136
31.108491,-59.281124,3138
32.108491,-59.281124,3163
BREAK
