START
25.341639,-47.036926,0
26.181334,-47.036926,212
26.181334,-46.197232,216
26.181334,-45.357537,228
27.021028,-45.357537,236
27.021028,-44.517842,254
27.860723,-44.517842,262
28.700418,-43.678148,264
28.700418,-42.838453,271
28.700418,-41.998758,291
29.540112,-41.998758,295
29.540112,-41.159064,302
30.379807,-41.159064,310
30.379807,-40.319369,324
30.379807,-39.479674,328
30.379807,-39.479674,330
31.219502,-39.479674,335
32.059196,-39.479674,348
32.059196,-38.63998,351
32.059196,-37.800285,368
32.898891,-37.800285,370
32.898891,-36.96059,375
33.738586,-36.96059,377
34.57828,-36.96059,408
34.57828,-36.120896,413
35.417975,-36.120896,421
35.417975,-35.281201,425
36.25767,-35.281201,435
36.25767,-34.441506,459
37.097364,-34.441506,471
37.937059,-34.441506,492
37.937059,-33.601812,494
37.937059,-33.601812,512
37.937059,-32.762117,514
38.776754,-32.762117,522
38.776754,-32.762117,562
39.616448,-32.762117,609
39.616448,-31.922423,613
40.456143,-31.922423,629
41.295838,-31.922423,704
42.135532,-31.922423,722
42.975227,-31.922423,732
43.814922,-31.922423,770
44.654616,-31.922423,804
45.494311,-31.922423,821
45.494311,-31.922423,828
46.334005,-31.922423,847
47.1737,-31.922423,864
48.013395,-31.922423,872
48.853089,-31.922423,896
49.692784,-31.922423,905
49.692784,-32.762117,913
49.692784,-32.762117,926
50.532479,-32.762117,934
51.372173,-32.762117,937
51.372173,-33.601812,956
52.211868,-33.601812,958
53.051563,-33.601812,965
53.051563,-34.441506,980
53.051563,-34.441506,987
53.891257,-34.441506,995
53.891257,-35.281201,997
54.730952,-35.281201,1011
55.570647,-35.281201,1014
55.570647,-36.120896,1026
56.410341,-36.120896,1040
56.410341,-36.96059,1045
57.250036,-36.96059,1052
58.089731,-36.96059,1058
58.929425,-36.96059,1066
58.929425,-37.800285,1069
59.76912,-37.800285,1075
58.929425,-38.63998,1077
59.76912,-38.63998,1102
60.608815,-38.63998,1117
60.608815,-38.63998,1131
61.448509,-38.63998,1138
62.288204,-38.63998,1192
63.127899,-38.63998,1202
63.967593,-38.63998,1222
63.967593,-39.479674,1228
BREAK
38.776754,-88.181964,2781
39.616448,-87.34227,2923
39.616448,-86.502575,2937
40.456143,-86.502575,2941
40.456143,-85.662881,2946
41.295838,-85.662881,2953
41.295838,-85.662881,2955
41.295838,-84.823186,2972
42.135532,-84.823186,2974
42.135532,-83.983491,2985
42.135532,-83.143797,2989
42.135532,-82.304102,3002
42.975227,-82.304102,3011
42.975227,-81.464407,3018
43.814922,-81.464407,3020
43.814922,-80.624713,3024
43.814922,-79.785018,3027
44.654616,-79.785018,3033
44.654616,-78.945323,3040
44.654616,-78.105629,3042
44.654616,-77.265934,3052
45.494311,-77.265934,3063
45.494311,-76.426239,3066
45.494311,-75.586545,3070
45.494311,-74.74685,3078
45.494311,-74.74685,3087
45.494311,-73.907155,3093
45.494311,-73.067461,3096
45.494311,-72.227766,3109
46.334005,-72.227766,3112
47.1737,-72.227766,3115
47.1737,-71.388071,3118
47.1737,-70.548377,3138
48.013395,-68.868987,3143
48.013395,-68.029293,3157
48.853089,-68.029293,3163
48.853089,-67.189598,3165
48.853089,-66.349903,3179
48.853089,-65.510209,3186
49.692784,-65.510209,3189
49.692784,-64.670514,3203
50.532479,-63.830819,3205
51.372173,-63.830819,3207
51.372173,-62.991125,3209
52.211868,-62.991125,3220
52.211868,-62.991125,3225
52.211868,-62.15143,3227
53.051563,-62.15143,3229
53.051563,-61.311735,3233
53.051563,-60.472041,3245
53.051563,-59.632346,3256
53.051563,-58.792652,3265
53.051563,-57.952957,3269
53.051563,-57.952957,3271
53.051563,-57.113262,3282
53.891257,-57.113262,3284
53.891257,-56.273568,3286
54.730952,-56.273568,3302
54.730952,-55.433873,3304
54.730952,-55.433873,3307
54.730952,-54.594178,3318
54.730952,-53.754484,3322
55.570647,-53.754484,3341
55.570647,-52.914789,3343
55.570647,-52.075094,3345
55.570647,-51.2354,3358
56.410341,-51.2354,3360
56.410341,-50.395705,3368
56.410341,-49.55601,3375
56.410341,-48.716316,3400
56.410341,-47.876621,3443
56.410341,-47.876621,3448
57.250036,-47.876621,3457
58.089731,-47.036926,3466
58.929425,-47.036926,3469
58.929425,-46.197232,3473
59.76912,-45.357537,3490
59.76912,-44.517842,3493
59.76912,-43.678148,3501
59.76912,-42.838453,3508
60.608815,-42.838453,3512
60.608815,-41.998758,3516
60.608815,-41.159064,3522
60.608815,-41.159064,3524
60.608815,-40.319369,3527
60.608815,-40.319369,3530
60.608815,-39.479674,3540
61.448509,-39.479674,3542
62.288204,-39.479674,3548
62.288204,-38.63998,3550
62.288204,-37.800285,3553
62.288204,-36.96059,3555
62.288204,-36.120896,3565
62.288204,-35.281201,3569
62.288204,-34.441506,3571
62.288204,-33.601812,3575
63.127899,-33.601812,3578
63.127899,-32.762117,3581
63.967593,-32.762117,3587
63.967593,-32.762117,3590
63.967593,-31.922423,3592
64.807288,-31.082728,3595
64.807288,-30.243033,3598
65.646983,-30.243033,3604
65.646983,-29.403339,3609
65.646983,-28.563644,3611
65.646983,-27.723949,3616
66.486677,-27.723949,3618
66.486677,-26.884255,3621
67.326372,-26.04456,3627
68.166067,-26.04456,3638
68.166067,-25.204865,3641
68.166067,-25.204865,3649
68.166067,-25.204865,3651
69.005761,-25.204865,3653
69.005761,-24.365171,3655
69.005761,-23.525476,3665
69.005761,-22.685781,3698
69.845456,-22.685781,3714
69.845456,-21.846087,3722
70.685151,-21.846087,3725
70.685151,-21.006392,3730
70.685151,-20.166697,3742
71.524845,-20.166697,3750
72.36454,-20.166697,3773
72.36454,-19.327003,3775
73.204234,-19.327003,3786
74.043929,-19.327003,3874
74.883624,-19.327003,3895
75.723318,-19.327003,3905
75.723318,-19.327003,3917
76.563013,-19.327003,3984
77.402708,-19.327003,3996
78.242402,-19.327003,4005
79.082097,-19.327003,4015
79.082097,-18.487308,4017
79.921792,-18.487308,4021
79.921792,-17.647613,4042
79.921792,-17.647613,4054
80.761486,-17.647613,4057
81.601181,-17.647613,4064
BREAK
