START
29.877358,-19.859438,0
29.877358,-20.859438,48
29.877358,-21.859438,68
29.877358,-22.859438,88
29.877358,-23.859438,107
29.877358,-24.859438,127
29.877358,-26.859438,147
29.877358,-27.859438,166
29.877358,-28.859438,196
29.877358,-29.859438,206
29.877358,-30.859438,226
29.877358,-31.859438,235
29.877358,-32.859438,255
29.877358,-33.859438,285
29.877358,-34.859438,314
29.877358,-35.859438,324
29.877358,-36.859438,334
29.877358,-37.859438,363
29.877358,-38.859438,393
29.877358,-39.859438,422
29.877358,-40.859438,432
29.877358,-41.859438,452
29.877358,-42.859438,481
BREAK
29.877358,-20.859438,876
30.877358,-20.859438,964
31.877358,-20.859438,984
33.877358,-20.859438,993
34.877358,-20.859438,1003
36.877358,-21.859438,1013
38.877358,-22.859438,1023
39.877358,-22.859438,1043
41.877358,-22.859438,1053
43.877358,-22.859438,1072
44.877358,-22.859438,1082
45.877358,-22.859438,1102
46.877358,-22.859438,1112
47.877358,-22.859438,1121
49.877358,-22.859438,1131
50.877358,-22.859438,1141
51.877358,-22.859438,1151
53.877358,-22.859438,1161
54.877358,-22.859438,1210
55.877358,-22.859438,1230
57.877358,-22.859438,1249
58.877358,-22.859438,1269
59.877358,-22.859438,1280
60.877358,-22.859438,1289
61.877358,-22.859438,1338
62.877358,-22.859438,1348
63.877358,-22.859438,1358
64.877358,-22.859438,1368
65.877358,-22.859438,1397
65.877358,-23.859438,1584
65.877358,-24.859438,1594
65.877358,-26.859438,1614
65.877358,-28.859438,1624
65.877358,-29.859438,1633
65.877358,-30.859438,1643
65.877358,-32.859438,1653
65.877358,-34.859438,1663
65.877358,-35.859438,1673
65.877358,-36.859438,1683
65.877358,-37.859438,1692
65.877358,-38.859438,1702
66.877358,-40.859438,1712
66.877358,-41.859438,1732
66.877358,-43.859438,1742
66.877358,-44.859438,1761
66.877358,-46.859438,1781
66.877358,-47.859438,1801
66.877358,-48.859438,1811
66.877358,-50.859438,1820
66.877358,-52.859438,1840
66.877358,-53.859438,1850
66.877358,-54.859438,1860
66.877358,-56.859438,1870
66.877358,-59.859438,1880
66.877358,-61.859438,1889
66.877358,-63.859438,1899
66.877358,-64.859438,1909
66.877358,-65.859438,1919
66.877358,-67.859438,1929
66.877358,-68.859438,1939
66.877358,-69.859438,1949
66.877358,-70.859438,1958
66.877358,-72.859438,1968
66.877358,-73.859438,1978
66.877358,-75.859438,1988
66.877358,-76.859438,1998
66.877358,-78.859438,2008
66.877358,-79.859438,2017
66.877358,-80.859438,2027
66.877358,-81.859438,2037
BREAK
