START
22.877358,-35.859438,0
22.877358,-34.859438,143
22.877358,-33.859438,151
22.877358,-32.859438,160
22.877358,-31.859438,175
22.877358,-30.859438,191
22.877358,-29.859438,272
22.877358,-28.859438,280
22.877358,-27.859438,295
22.877358,-26.859438,303
22.877358,-25.859438,319
22.877358,-24.859438,439
22.877358,-23.859438,448
22.877358,-22.859438,455
22.877358,-21.859438,464
22.877358,-20.859438,472
22.877358,-19.859438,480
23.877358,-19.859438,911
24.877358,-19.859438,935
25.877358,-18.859438,944
26.877358,-18.859438,960
27.877358,-18.859438,975
28.877358,-18.859438,983
29.877358,-18.859438,1000
30.877358,-18.859438,1007
31.877358,-18.859438,1015
32.877358,-18.859438,1023
34.877358,-18.859438,1039
35.877358,-18.859438,1055
36.877358,-18.859438,1071
37.877358,-18.859438,1079
38.877358,-18.859438,1095
39.877358,-18.859438,1119
39.877358,-17.859438,1128
40.877358,-17.859438,1151
41.877358,-17.859438,1159
42.877358,-17.859438,1175
44.877358,-17.859438,1192
45.877358,-17.859438,1200
46.877358,-17.859438,1208
48.877358,-17.859438,1216
49.877358,-17.859438,1223
51.877358,-17.859438,1240
52.877358,-17.859438,1320
53.877358,-17.859438,1327
54.877358,-17.859438,1336
56.877358,-17.859438,1352
57.877358,-17.859438,1368
58.877358,-17.859438,1391
59.877358,-17.859438,1408
60.877358,-17.859438,1416
61.877358,-17.859438,1431
63.877358,-17.859438,1440
65.877358,-17.859438,1456
66.877358,-17.859438,1471
67.877358,-17.859438,1480
68.877358,-17.859438,1488
69.877358,-17.859438,1495
70.877358,-17.859438,1503
71.877358,-17.859438,1511
72.877358,-17.859438,1527
72.877358,-18.859438,1888
72.877358,-19.859438,1903
72.877358,-20.859438,1920
72.877358,-21.859438,1928
72.877358,-22.859438,1935
72.877358,-23.859438,1943
72.877358,-24.859438,1952
72.877358,-25.859438,1960
72.877358,-26.859438,1968
72.877358,-27.859438,1976
73.877358,-29.859438,1984
73.877358,-31.859438,1991
73.877358,-32.859438,1999
73.877358,-33.859438,2007
73.877358,-35.859438,2015
73.877358,-37.859438,2031
73.877358,-38.859438,2040
73.877358,-39.859438,2047
73.877358,-40.859438,2055
73.877358,-41.859438,2063
73.877358,-42.859438,2072
73.877358,-43.859438,2080
73.877358,-44.859438,2096
73.877358,-45.859438,2104
73.877358,-46.859438,2112
73.877358,-47.859438,2128
73.877358,-48.859438,2136
74.877358,-48.859438,2144
74.877358,-49.859438,2151
74.877358,-50.859438,2159
74.877358,-51.859438,2167
74.877358,-53.859438,2175
74.877358,-54.859438,2192
74.877358,-56.859438,2200
74.877358,-57.859438,2216
74.877358,-58.859438,2225
74.877358,-59.859438,2231
74.877358,-60.859438,2247
74.877358,-61.859438,2255
74.877358,-62.859438,2263
74.877358,-63.859438,2272
74.877358,-64.859438,2280
74.877358,-65.859438,2288
74.877358,-66.859438,2296
74.877358,-67.859438,2312
74.877358,-68.859438,2320
74.877358,-69.859438,2328
74.877358,-71.859438,2352
74.877358,-72.859438,2367
74.877358,-73.859438,2375
74.877358,-74.859438,2383
74.877358,-76.859438,2400
74.877358,-77.859438,2416
74.877358,-78.859438,2432
74.877358,-79.859438,2464
74.877358,-80.859438,2472
74.877358,-81.859438,2512
74.877358,-83.859438,2608
74.877358,-84.859438,2624
74.877358,-85.859438,2632
74.877358,-86.859438,2640
74.877358,-87.859438,2648
74.877358,-88.859438,2664
74.877358,-89.859438,2672
74.877358,-90.859438,2688
BREAK
