START
24.877358,-27.859438,0
23.877358,-27.859438,167
23.877358,-26.859438,175
23.877358,-25.859438,231
23.877358,-24.859438,247
23.877358,-22.859438,263
23.877358,-21.859438,303
23.877358,-20.859438,319
23.877358,-19.859438,351
23.877358,-18.859438,375
24.877358,-18.859438,423
24.877358,-17.859438,431
24.877358,-16.859438,463
25.877358,-16.859438,479
25.877358,-15.859438,487
25.877358,-14.859438,495
24.877358,-14.859438,607
BREAK
25.877358,-13.859438,1144
26.877358,-12.859438,1375
29.877358,-12.859438,1383
32.877358,-12.859438,1391
34.877358,-12.859438,1399
38.877358,-12.859438,1407
42.877358,-12.859438,1415
45.877358,-12.859438,1423
48.877358,-12.859438,1431
50.877358,-12.859438,1439
52.877358,-12.859438,1447
53.877358,-12.859438,1552
55.877358,-11.859438,1567
57.877358,-11.859438,1576
59.877358,-11.859438,1584
62.877358,-11.859438,1591
64.877358,-11.859438,1599
67.877358,-11.859438,1608
68.877358,-11.859438,1616
70.877358,-11.859438,1623
71.877358,-11.859438,1631
72.877358,-11.859438,1640
73.877358,-12.859438,1936
74.877358,-14.859438,1984
74.877358,-16.859438,1992
74.877358,-17.859438,1999
75.877358,-19.859438,2008
75.877358,-21.859438,2015
75.877358,-23.859438,2024
75.877358,-24.859438,2031
75.877358,-26.859438,2040
75.877358,-28.859438,2048
75.877358,-29.859438,2056
75.877358,-32.859438,2064
75.877358,-33.859438,2072
75.877358,-35.859438,2080
75.877358,-36.859438,2088
75.877358,-38.859438,2096
75.877358,-39.859438,2104
75.877358,-40.859438,2112
75.877358,-41.859438,2120
75.877358,-42.859438,2128
75.877358,-43.859438,2136
75.877358,-44.859438,2144
75.877358,-45.859438,2152
75.877358,-46.859438,2160
75.877358,-47.859438,2168
75.877358,-48.859438,2176
75.877358,-49.859438,2183
75.877358,-50.859438,2192
75.877358,-51.859438,2200
75.877358,-53.859438,2208
76.877358,-55.859438,2217
76.877358,-56.859438,2224
76.877358,-58.859438,2232
76.877358,-59.859438,2240
77.877358,-60.859438,2248
76.877358,-61.859438,2256
76.877358,-62.859438,2264
76.877358,-63.859438,2272
76.877358,-64.859438,2280
76.877358,-65.859438,2296
76.877358,-66.859438,2312
76.877358,-67.859438,2328
75.877358,-67.859438,2336
75.877358,-68.859438,2344
75.877358,-69.859438,2360
75.877358,-70.859438,2376
75.877358,-71.859438,2400
76.877358,-72.859438,2600
77.877358,-72.859438,2744
77.877358,-73.859438,2880
77.877358,-74.859438,2888
77.877358,-75.859438,2896
78.877358,-76.859438,2904
79.877358,-77.859438,2912
79.877358,-78.859438,2920
79.877358,-79.859438,2928
79.877358,-80.859438,2936
79.877358,-81.859438,2944
79.877358,-80.859438,3032
79.877358,-79.859438,3048
79.877358,-78.859438,3120
BREAK
