START
36.683962,-20.859438,0
36.683962,-21.859438,56
36.683962,-22.859438,144
36.683962,-24.859438,160
36.683962,-26.859438,168
36.683962,-28.859438,176
36.683962,-30.859438,184
35.683962,-33.859438,192
35.683962,-35.859438,200
34.683962,-38.859438,208
34.683962,-41.859438,216
34.683962,-43.859438,224
34.683962,-46.859438,232
33.683962,-48.859438,240
33.683962,-50.859438,248
33.683962,-53.859438,256
32.683962,-54.859438,264
32.683962,-55.859438,272
32.683962,-57.859438,280
31.683962,-58.859438,288
31.683962,-59.859438,296
31.683962,-60.859438,304
31.683962,-61.859438,312
31.683962,-62.859438,320
31.683962,-63.859438,328
31.683962,-64.859438,336
31.683962,-66.859438,344
30.683962,-66.859438,352
30.683962,-68.859438,360
30.683962,-69.859438,368
30.683962,-70.859438,377
30.683962,-71.859438,384
30.683962,-72.859438,393
30.683962,-73.859438,400
30.683962,-74.859438,408
30.683962,-76.859438,424
30.683962,-77.859438,440
30.683962,-78.859438,480
30.683962,-79.859438,504
30.683962,-80.859438,520
30.683962,-81.859438,544
30.683962,-82.859438,720
31.683962,-82.859438,752
32.683962,-82.859438,768
33.683962,-82.859438,792
35.683962,-82.859438,808
35.683962,-83.859438,816
36.683962,-83.859438,825
37.683962,-83.859438,832
38.683962,-83.859438,840
39.683962,-83.859438,849
41.683962,-83.859438,864
42.683962,-83.859438,872
44.683962,-83.859438,888
45.683962,-83.859438,896
46.683962,-83.859438,904
48.683962,-83.859438,912
49.683962,-83.859438,920
50.683962,-83.859438,928
51.683962,-83.859438,936
52.683962,-83.859438,944
53.683962,-83.859438,952
54.683962,-83.859438,960
55.683962,-82.859438,968
56.683962,-82.859438,976
57.683962,-82.859438,984
58.683962,-82.859438,992
59.683962,-82.859438,1008
60.683962,-82.859438,1025
61.683962,-82.859438,1032
62.683962,-82.859438,1041
63.683962,-82.859438,1048
65.683962,-82.859438,1057
66.683962,-82.859438,1064
67.683962,-82.859438,1073
68.683962,-82.859438,1080
69.683962,-82.859438,1104
69.683962,-81.859438,1377
69.683962,-79.859438,1393
70.683962,-78.859438,1400
70.683962,-77.859438,1409
70.683962,-74.859438,1416
70.683962,-73.859438,1425
71.683962,-72.859438,1432
71.683962,-70.859438,1441
71.683962,-68.859438,1448
71.683962,-66.859438,1465
72.683962,-64.859438,1481
72.683962,-63.859438,1497
72.683962,-62.859438,1505
72.683962,-61.859438,1513
72.683962,-59.859438,1520
72.683962,-57.859438,1529
72.683962,-56.859438,1536
72.683962,-54.859438,1545
72.683962,-52.859438,1552
72.683962,-51.859438,1561
72.683962,-50.859438,1569
72.683962,-49.859438,1577
72.683962,-47.859438,1584
72.683962,-46.859438,1593
72.683962,-45.859438,1601
72.683962,-44.859438,1609
72.683962,-43.859438,1617
72.683962,-41.859438,1625
72.683962,-40.859438,1633
72.683962,-39.859438,1641
72.683962,-37.859438,1649
71.683962,-36.859438,1657
71.683962,-35.859438,1665
71.683962,-34.859438,1673
71.683962,-33.859438,1681
71.683962,-32.859438,1689
71.683962,-31.859438,1705
71.683962,-30.859438,1713
71.683962,-29.859438,1721
71.683962,-28.859438,1729
71.683962,-26.859438,1745
71.683962,-24.859438,1761
71.683962,-23.859438,1785
BREAK
