START
61.641509,-15.859438,0
62.641509,-15.859438,193
63.641509,-15.859438,216
64.641509,-15.859438,253
65.641509,-15.859438,275
66.641509,-15.859438,300
67.641509,-15.859438,336
67.641509,-15.859438,347
68.641509,-15.859438,421
68.641509,-17.859438,432
69.641509,-18.859438,443
69.641509,-19.859438,457
69.641509,-21.859438,469
69.641509,-23.859438,481
69.641509,-24.859438,504
69.641509,-24.859438,529
69.641509,-25.859438,541
69.641509,-26.859438,553
70.641509,-28.859438,564
70.641509,-29.859438,577
70.641509,-31.859438,589
70.641509,-33.859438,600
70.641509,-34.859438,625
70.641509,-35.859438,638
70.641509,-36.859438,648
70.641509,-37.859438,661
70.641509,-40.859438,673
71.641509,-42.859438,685
71.641509,-44.859438,698
71.641509,-45.859438,710
72.641509,-47.859438,721
73.641509,-49.859438,732
74.641509,-51.859438,746
74.641509,-54.859438,757
74.641509,-55.859438,768
74.641509,-57.859438,782
74.641509,-58.859438,794
75.641509,-59.859438,805
75.641509,-59.859438,818
75.641509,-61.859438,829
76.641509,-62.859438,841
76.641509,-64.859438,854
76.641509,-64.859438,866
76.641509,-65.859438,877
77.641509,-67.859438,902
77.641509,-68.859438,914
77.641509,-70.859438,925
77.641509,-71.859438,938
77.641509,-72.859438,949
77.641509,-73.859438,963
77.641509,-73.859438,975
77.641509,-74.859438,986
77.641509,-75.859438,1011
77.641509,-76.859438,1058
77.641509,-77.859438,1070
77.641509,-77.859438,1083
77.641509,-78.859438,1107
BREAK
67.641509,-46.859438,2045
65.641509,-46.859438,2212
64.641509,-46.859438,2226
63.641509,-46.859438,2237
62.641509,-46.859438,2249
61.641509,-46.859438,2260
60.641509,-46.859438,2285
59.641509,-46.859438,2297
58.641509,-46.859438,2310
57.641509,-46.859438,2322
56.641509,-46.859438,2333
55.641509,-46.859438,2344
54.641509,-46.859438,2369
53.641509,-46.859438,2394
52.641509,-46.859438,2405
52.641509,-46.859438,2429
51.641509,-46.859438,2477
50.641509,-46.859438,2502
48.641509,-46.859438,2513
47.641509,-46.859438,2524
47.641509,-46.859438,2538
46.641509,-46.859438,2550
45.641509,-46.859438,2597
44.641509,-46.859438,2658
BREAK
