START
60.683962,-37.859438,0
60.683962,-36.859438,103
60.683962,-35.859438,112
60.683962,-34.859438,131
60.683962,-33.859438,159
60.683962,-32.859438,187
60.683962,-31.859438,196
60.683962,-30.859438,225
59.683962,-30.859438,234
59.683962,-29.859438,243
59.683962,-28.859438,262
58.683962,-28.859438,281
58.683962,-27.859438,290
57.683962,-27.859438,300
57.683962,-26.859438,318
56.683962,-25.859438,337
55.683962,-25.859438,356
55.683962,-24.859438,365
54.683962,-23.859438,375
53.683962,-23.859438,403
53.683962,-22.859438,412
52.683962,-22.859438,422
51.683962,-21.859438,440
50.683962,-20.859438,459
49.683962,-20.859438,506
48.683962,-20.859438,525
47.683962,-20.859438,534
46.683962,-20.859438,544
45.683962,-20.859438,562
44.683962,-20.859438,581
42.683962,-20.859438,600
42.683962,-21.859438,619
41.683962,-21.859438,628
40.683962,-21.859438,647
39.683962,-21.859438,656
39.683962,-22.859438,665
38.683962,-22.859438,684
37.683962,-23.859438,694
36.683962,-24.859438,722
36.683962,-26.859438,750
35.683962,-26.859438,759
34.683962,-27.859438,769
34.683962,-28.859438,778
33.683962,-29.859438,787
32.683962,-30.859438,816
32.683962,-31.859438,835
31.683962,-32.859438,853
31.683962,-33.859438,862
31.683962,-34.859438,872
31.683962,-35.859438,881
31.683962,-36.859438,891
30.683962,-36.859438,900
30.683962,-37.859438,909
30.683962,-38.859438,928
30.683962,-39.859438,938
30.683962,-40.859438,956
30.683962,-41.859438,975
30.683962,-42.859438,994
30.683962,-44.859438,1013
30.683962,-45.859438,1031
30.683962,-46.859438,1050
30.683962,-47.859438,1060
30.683962,-48.859438,1078
30.683962,-49.859438,1097
31.683962,-50.859438,1106
31.683962,-51.859438,1116
32.683962,-52.859438,1135
32.683962,-53.859438,1144
32.683962,-54.859438,1153
32.683962,-55.859438,1163
32.683962,-56.859438,1181
32.683962,-57.859438,1191
32.683962,-58.859438,1210
33.683962,-58.859438,1219
33.683962,-59.859438,1228
33.683962,-60.859438,1238
34.683962,-61.859438,1247
34.683962,-62.859438,1266
34.683962,-63.859438,1285
35.683962,-63.859438,1294
35.683962,-64.859438,1304
35.683962,-65.859438,1313
36.683962,-65.859438,1322
36.683962,-66.859438,1332
37.683962,-66.859438,1341
37.683962,-68.859438,1350
39.683962,-68.859438,1360
39.683962,-70.859438,1369
40.683962,-70.859438,1378
41.683962,-70.859438,1388
42.683962,-71.859438,1397
43.683962,-71.859438,1416
43.683962,-72.859438,1425
44.683962,-72.859438,1444
45.683962,-72.859438,1454
47.683962,-72.859438,1472
48.683962,-72.859438,1491
49.683962,-72.859438,1510
50.683962,-72.859438,1519
51.683962,-72.859438,1538
52.683962,-72.859438,1547
53.683962,-72.859438,1566
54.683962,-72.859438,1575
55.683962,-72.859438,1594
56.683962,-71.859438,1604
57.683962,-71.859438,1613
57.683962,-70.859438,1622
58.683962,-70.859438,1632
59.683962,-69.859438,1641
60.683962,-68.859438,1660
60.683962,-67.859438,1679
60.683962,-66.859438,1688
61.683962,-66.859438,1707
61.683962,-65.859438,1716
62.683962,-64.859438,1726
62.683962,-63.859438,1735
63.683962,-62.859438,1754
63.683962,-61.859438,1782
63.683962,-60.859438,1801
63.683962,-59.859438,2007
62.683962,-59.859438,2016
62.683962,-58.859438,2035
61.683962,-58.859438,2054
BREAK
