START
62.877358,-20.702811,0
61.877358,-20.702811,71
60.877358,-20.702811,79
59.877358,-20.702811,87
58.877358,-20.702811,95
57.877358,-20.702811,103
56.877358,-21.702811,111
55.877358,-21.702811,119
54.877358,-21.702811,127
53.877358,-21.702811,135
52.877358,-22.702811,143
51.877358,-22.702811,151
50.877358,-23.702811,159
49.877358,-24.702811,168
48.877358,-25.702811,175
47.877358,-26.702811,183
46.877358,-28.702811,191
46.877358,-29.702811,199
45.877358,-30.702811,207
44.877358,-32.702811,215
43.877358,-33.702811,223
43.877358,-34.702811,231
42.877358,-34.702811,239
41.877358,-36.702811,247
41.877358,-37.702811,255
41.877358,-38.702811,263
40.877358,-39.702811,271
40.877358,-41.702811,279
40.877358,-43.702811,287
40.877358,-44.702811,295
40.877358,-45.702811,303
40.877358,-46.702811,311
39.877358,-47.702811,319
39.877358,-48.702811,327
39.877358,-49.702811,335
39.877358,-51.702811,343
39.877358,-52.702811,351
39.877358,-53.702811,359
39.877358,-54.702811,375
40.877358,-54.702811,383
40.877358,-56.702811,391
41.877358,-57.702811,399
42.877358,-57.702811,415
42.877358,-58.702811,423
43.877358,-59.702811,431
44.877358,-59.702811,439
44.877358,-60.702811,447
45.877358,-61.702811,456
46.877358,-62.702811,464
49.877358,-63.702811,479
50.877358,-64.702811,487
51.877358,-65.702811,496
53.877358,-65.702811,504
54.877358,-66.702811,512
55.877358,-67.702811,520
56.877358,-67.702811,528
58.877358,-67.702811,536
59.877358,-67.702811,544
60.877358,-67.702811,552
61.877358,-67.702811,560
62.877358,-67.702811,568
63.877358,-67.702811,575
64.877358,-66.702811,592
65.877358,-66.702811,608
66.877358,-66.702811,616
66.877358,-65.702811,624
67.877358,-65.702811,632
68.877358,-65.702811,648
68.877358,-64.702811,656
68.877358,-63.702811,680
BREAK
