START
63.877358,-27.702811,0
62.877358,-26.702811,112
61.877358,-25.702811,120
59.877358,-25.702811,128
57.877358,-25.702811,136
56.877358,-24.702811,144
55.877358,-23.702811,152
53.877358,-23.702811,168
52.877358,-23.702811,184
51.877358,-23.702811,216
50.877358,-23.702811,232
49.877358,-23.702811,248
48.877358,-23.702811,264
47.877358,-23.702811,272
46.877358,-23.702811,296
44.877358,-23.702811,336
43.877358,-24.702811,352
42.877358,-25.702811,360
41.877358,-25.702811,376
40.877358,-26.702811,392
39.877358,-27.702811,408
38.877358,-27.702811,432
38.877358,-28.702811,448
37.877358,-28.702811,464
36.877358,-29.702811,472
35.877358,-30.702811,504
35.877358,-31.702811,520
34.877358,-31.702811,536
34.877358,-32.702811,544
34.877358,-34.702811,576
34.877358,-35.702811,592
33.877358,-35.702811,600
33.877358,-36.702811,608
33.877358,-37.702811,616
33.877358,-38.702811,624
33.877358,-39.702811,640
33.877358,-40.702811,648
33.877358,-41.702811,664
33.877358,-42.702811,672
33.877358,-43.702811,680
33.877358,-44.702811,688
33.877358,-45.702811,696
33.877358,-46.702811,704
33.877358,-48.702811,712
33.877358,-49.702811,729
33.877358,-50.702811,752
33.877358,-51.702811,760
33.877358,-52.702811,784
33.877358,-53.702811,792
33.877358,-54.702811,800
33.877358,-55.702811,808
33.877358,-56.702811,824
33.877358,-57.702811,848
33.877358,-58.702811,864
33.877358,-59.702811,872
34.877358,-60.702811,880
34.877358,-62.702811,888
34.877358,-63.702811,896
35.877358,-64.702811,904
36.877358,-65.702811,920
36.877358,-66.702811,928
37.877358,-67.702811,976
38.877358,-67.702811,1000
39.877358,-68.702811,1008
39.877358,-69.702811,1016
41.877358,-69.702811,1024
41.877358,-70.702811,1032
42.877358,-70.702811,1040
43.877358,-71.702811,1048
45.877358,-72.702811,1056
46.877358,-72.702811,1072
47.877358,-73.702811,1080
48.877358,-74.702811,1088
50.877358,-74.702811,1097
50.877358,-75.702811,1112
51.877358,-75.702811,1121
52.877358,-75.702811,1160
53.877358,-75.702811,1168
54.877358,-75.702811,1184
55.877358,-75.702811,1224
56.877358,-75.702811,1248
57.877358,-75.702811,1256
58.877358,-75.702811,1272
59.877358,-75.702811,1296
60.877358,-75.702811,1305
62.877358,-74.702811,1328
63.877358,-74.702811,1344
63.877358,-73.702811,1352
64.877358,-73.702811,1369
65.877358,-73.702811,1376
65.877358,-72.702811,1384
66.877358,-72.702811,1392
67.877358,-72.702811,1408
68.877358,-72.702811,1416
68.877358,-71.702811,1424
69.877358,-70.702811,1456
70.877358,-69.702811,1496
71.877358,-69.702811,1512
BREAK
