START
54.683962,-27.859438,0
53.683962,-27.859438,12
53.683962,-26.859438,49
52.683962,-26.859438,71
51.683962,-26.859438,97
50.683962,-26.859438,120
49.683962,-26.859438,132
48.683962,-26.859438,144
46.683962,-27.859438,157
43.683962,-28.859438,168
40.683962,-30.859438,180
39.683962,-32.859438,193
37.683962,-33.859438,206
37.683962,-34.859438,218
35.683962,-37.859438,231
34.683962,-39.859438,242
33.683962,-40.859438,253
32.683962,-42.859438,266
31.683962,-44.859438,278
30.683962,-46.859438,290
29.683962,-48.859438,302
29.683962,-50.859438,314
29.683962,-51.859438,326
28.683962,-53.859438,338
28.683962,-54.859438,351
27.683962,-56.859438,363
27.683962,-58.859438,376
27.683962,-59.859438,387
27.683962,-60.859438,398
27.683962,-62.859438,411
27.683962,-64.859438,424
28.683962,-65.859438,436
29.683962,-67.859438,446
32.683962,-68.859438,460
34.683962,-70.859438,472
36.683962,-70.859438,484
39.683962,-72.859438,496
42.683962,-73.859438,509
45.683962,-73.859438,520
48.683962,-74.859438,533
51.683962,-74.859438,545
54.683962,-74.859438,556
57.683962,-74.859438,568
60.683962,-74.859438,580
63.683962,-74.859438,594
65.683962,-74.859438,605
67.683962,-73.859438,616
68.683962,-71.859438,630
71.683962,-70.859438,641
72.683962,-68.859438,653
74.683962,-66.859438,666
76.683962,-65.859438,678
76.683962,-63.859438,691
77.683962,-62.859438,703
77.683962,-61.859438,714
77.683962,-59.859438,727
77.683962,-58.859438,739
77.683962,-56.859438,751
77.683962,-54.859438,764
76.683962,-52.859438,775
75.683962,-49.859438,787
75.683962,-47.859438,799
74.683962,-44.859438,811
73.683962,-42.859438,824
72.683962,-41.859438,834
72.683962,-39.859438,847
71.683962,-38.859438,860
71.683962,-37.859438,871
70.683962,-36.859438,883
69.683962,-36.859438,896
69.683962,-35.859438,908
68.683962,-34.859438,921
67.683962,-34.859438,932
66.683962,-33.859438,944
66.683962,-32.859438,957
64.683962,-32.859438,969
64.683962,-31.859438,980
63.683962,-31.859438,993
63.683962,-30.859438,1006
62.683962,-30.859438,1018
61.683962,-30.859438,1030
60.683962,-30.859438,1041
58.683962,-30.859438,1053
57.683962,-30.859438,1067
55.683962,-30.859438,1089
54.683962,-30.859438,1115
53.683962,-30.859438,1139
52.683962,-30.859438,1164
51.683962,-30.859438,1175
BREAK
53.683962,-46.859438,5098
70.683962,-33.859438,5352
70.683962,-32.859438,5358
71.683962,-31.859438,5365
72.683962,-31.859438,5376
72.683962,-30.859438,5390
73.683962,-30.859438,5436
73.683962,-29.859438,5448
74.683962,-28.859438,5607
75.683962,-27.859438,5631
76.683962,-27.859438,5655
76.683962,-26.859438,5667
76.683962,-25.859438,5728
BREAK
