START
36.641509,-21.859438,0
37.641509,-21.859438,5
38.641509,-21.859438,28
39.641509,-21.859438,43
40.641509,-21.859438,59
40.641509,-22.859438,67
41.641509,-22.859438,76
42.641509,-22.859438,84
43.641509,-22.859438,91
44.641509,-22.859438,99
45.641509,-23.859438,108
46.641509,-23.859438,116
47.641509,-23.859438,123
49.641509,-24.859438,131
50.641509,-24.859438,139
51.641509,-24.859438,147
52.641509,-24.859438,156
53.641509,-25.859438,163
54.641509,-25.859438,187
54.641509,-26.859438,243
54.641509,-27.859438,260
54.641509,-28.859438,267
54.641509,-29.859438,283
54.641509,-30.859438,292
54.641509,-31.859438,300
54.641509,-32.859438,308
54.641509,-33.859438,315
54.641509,-34.859438,323
54.641509,-35.859438,331
54.641509,-36.859438,340
54.641509,-37.859438,347
54.641509,-38.859438,355
54.641509,-39.859438,363
54.641509,-40.859438,372
54.641509,-41.859438,379
54.641509,-42.859438,387
55.641509,-42.859438,395
55.641509,-43.859438,403
55.641509,-44.859438,412
55.641509,-45.859438,419
55.641509,-46.859438,427
55.641509,-47.859438,435
55.641509,-48.859438,443
55.641509,-49.859438,452
55.641509,-50.859438,459
55.641509,-51.859438,467
56.641509,-53.859438,476
56.641509,-54.859438,483
56.641509,-55.859438,492
56.641509,-56.859438,499
56.641509,-57.859438,508
56.641509,-58.859438,516
56.641509,-59.859438,523
56.641509,-60.859438,531
57.641509,-61.859438,539
57.641509,-62.859438,547
57.641509,-63.859438,556
57.641509,-65.859438,563
57.641509,-66.859438,571
57.641509,-68.859438,581
57.641509,-69.859438,587
57.641509,-70.859438,595
57.641509,-71.859438,603
57.641509,-72.859438,611
57.641509,-73.859438,619
57.641509,-74.859438,628
57.641509,-75.859438,635
57.641509,-76.859438,643
57.641509,-77.859438,651
57.641509,-78.859438,660
58.641509,-78.859438,667
58.641509,-79.859438,676
58.641509,-80.859438,683
58.641509,-81.859438,691
58.641509,-82.859438,700
58.641509,-83.859438,708
58.641509,-84.859438,723
58.641509,-85.859438,739
58.641509,-86.859438,747
58.641509,-87.859438,764
58.641509,-88.859438,779
59.641509,-88.859438,789
59.641509,-89.859438,795
59.641509,-90.859438,804
59.641509,-91.859438,811
59.641509,-92.859438,843
59.641509,-93.859438,868
59.641509,-94.859438,892
59.641509,-95.859438,915
59.641509,-94.859438,987
59.641509,-93.859438,1003
58.641509,-93.859438,1011
BREAK
55.641509,-53.859438,1616
55.641509,-52.859438,1643
54.641509,-52.859438,1667
53.641509,-53.859438,1675
52.641509,-53.859438,1683
51.641509,-53.859438,1691
50.641509,-53.859438,1699
49.641509,-53.859438,1708
47.641509,-53.859438,1716
44.641509,-53.859438,1724
42.641509,-53.859438,1731
39.641509,-53.859438,1739
37.641509,-53.859438,1747
35.641509,-53.859438,1756
34.641509,-53.859438,1763
33.641509,-53.859438,1771
32.641509,-53.859438,1779
BREAK
56.641509,-73.859438,2480
56.641509,-74.859438,2516
55.641509,-74.859438,2539
55.641509,-75.859438,2547
54.641509,-75.859438,2556
53.641509,-75.859438,2564
52.641509,-76.859438,2571
50.641509,-76.859438,2581
49.641509,-77.859438,2587
47.641509,-77.859438,2596
45.641509,-77.859438,2603
43.641509,-77.859438,2611
41.641509,-77.859438,2619
40.641509,-78.859438,2627
39.641509,-78.859438,2636
38.641509,-78.859438,2643
37.641509,-78.859438,2651
36.641509,-78.859438,2723
BREAK
68.641509,-17.859438,4025
69.641509,-17.859438,4110
69.641509,-18.859438,4115
70.641509,-18.859438,4125
70.641509,-19.859438,4132
71.641509,-19.859438,4147
72.641509,-19.859438,4151
72.641509,-20.859438,4156
73.641509,-20.859438,4165
73.641509,-21.859438,4173
74.641509,-22.859438,4180
75.641509,-22.859438,4187
76.641509,-23.859438,4204
76.641509,-24.859438,4212
76.641509,-25.859438,4228
77.641509,-25.859438,4242
77.641509,-26.859438,4245
78.641509,-26.859438,4253
78.641509,-27.859438,4267
78.641509,-28.859438,4508
78.641509,-29.859438,4523
78.641509,-30.859438,4536
78.641509,-31.859438,4539
78.641509,-32.859438,4548
78.641509,-34.859438,4568
78.641509,-35.859438,4571
77.641509,-35.859438,4580
77.641509,-36.859438,4592
77.641509,-37.859438,4596
77.641509,-38.859438,4603
77.641509,-40.859438,4622
77.641509,-41.859438,4629
77.641509,-42.859438,4635
77.641509,-43.859438,4643
77.641509,-44.859438,4657
77.641509,-45.859438,4659
77.641509,-46.859438,4667
77.641509,-47.859438,4677
77.641509,-48.859438,4683
77.641509,-49.859438,4691
77.641509,-50.859438,4698
77.641509,-51.859438,4707
77.641509,-52.859438,4715
77.641509,-53.859438,4731
77.641509,-54.859438,4739
77.641509,-55.859438,4747
77.641509,-56.859438,4763
77.641509,-57.859438,4770
77.641509,-58.859438,4787
77.641509,-59.859438,4803
77.641509,-60.859438,4811
77.641509,-61.859438,4821
77.641509,-62.859438,4827
77.641509,-63.859438,4843
77.641509,-64.859438,4851
77.641509,-65.859438,4859
77.641509,-66.859438,4875
77.641509,-67.859438,4884
77.641509,-68.859438,4899
77.641509,-69.859438,4908
77.641509,-70.859438,4915
77.641509,-71.859438,4931
77.641509,-72.859438,4939
77.641509,-73.859438,4947
77.641509,-74.859438,4956
77.641509,-75.859438,4963
77.641509,-76.859438,4981
77.641509,-77.859438,4995
77.641509,-78.859438,5011
77.641509,-79.859438,5027
77.641509,-80.859438,5035
77.641509,-81.859438,5053
77.641509,-82.859438,5063
77.641509,-83.859438,5077
77.641509,-84.859438,5084
77.641509,-85.859438,5092
77.641509,-86.859438,5100
77.641509,-87.859438,5108
77.641509,-88.859438,5123
77.641509,-89.859438,5139
77.641509,-90.859438,5156
77.641509,-91.859438,5180
77.641509,-92.859438,5203
BREAK
