START
29.254717,-75.827309,0
32.254717,-75.827309,161
35.254717,-75.827309,172
39.254717,-75.827309,183
42.254717,-75.827309,195
44.254717,-75.827309,206
49.254717,-75.827309,217
51.254717,-75.827309,228
53.254717,-75.827309,239
55.254717,-75.827309,250
57.254717,-75.827309,261
60.254717,-75.827309,272
61.254717,-75.827309,284
62.254717,-75.827309,295
63.254717,-75.827309,306
64.254717,-75.827309,317
65.254717,-75.827309,339
66.254717,-75.827309,350
67.254717,-75.827309,362
69.254717,-75.827309,514
70.254717,-75.827309,528
71.254717,-75.827309,539
74.254717,-75.827309,550
79.254717,-75.827309,562
82.254717,-75.827309,573
83.254717,-75.827309,584
85.254717,-75.827309,595
BREAK
85.254717,-75.827309,1140
84.254717,-74.827309,1307
81.254717,-73.827309,1335
81.254717,-72.827309,1353
80.254717,-71.827309,1364
79.254717,-71.827309,1378
79.254717,-70.827309,1389
78.254717,-70.827309,1411
77.254717,-68.827309,1420
76.254717,-68.827309,1431
75.254717,-67.827309,1442
75.254717,-66.827309,1455
74.254717,-65.827309,1472
73.254717,-65.827309,1483
73.254717,-64.827309,1494
72.254717,-63.827309,1505
70.254717,-61.827309,1516
70.254717,-59.827309,1527
68.254717,-58.827309,1538
68.254717,-56.827309,1549
66.254717,-54.827309,1561
65.254717,-53.827309,1593
65.254717,-52.827309,1604
64.254717,-52.827309,1615
64.254717,-50.827309,1626
63.254717,-50.827309,1645
63.254717,-49.827309,1660
62.254717,-48.827309,1671
62.254717,-47.827309,1683
62.254717,-46.827309,1705
61.254717,-45.827309,1727
60.254717,-44.827309,1738
60.254717,-43.827309,1787
59.254717,-43.827309,1809
58.254717,-43.827309,1836
58.254717,-42.827309,1893
58.254717,-41.827309,1920
58.254717,-40.827309,1943
58.254717,-39.827309,2013
57.254717,-39.827309,2029
56.254717,-39.827309,2133
56.254717,-38.827309,2144
56.254717,-37.827309,2155
BREAK
56.254717,-37.827309,2532
57.254717,-38.827309,2602
57.254717,-39.827309,2634
56.254717,-40.827309,2656
55.254717,-42.827309,2667
55.254717,-43.827309,2678
55.254717,-44.827309,2690
55.254717,-45.827309,2701
53.254717,-45.827309,2712
53.254717,-46.827309,2723
52.254717,-48.827309,2745
51.254717,-48.827309,2756
51.254717,-49.827309,2767
50.254717,-51.827309,2790
49.254717,-52.827309,2801
48.254717,-52.827309,2826
47.254717,-52.827309,2837
47.254717,-53.827309,2848
45.254717,-53.827309,2859
44.254717,-54.827309,2881
43.254717,-55.827309,2892
43.254717,-56.827309,2920
42.254717,-57.827309,2931
41.254717,-58.827309,2942
40.254717,-59.827309,2972
40.254717,-60.827309,2983
40.254717,-61.827309,2995
39.254717,-61.827309,3006
39.254717,-62.827309,3031
38.254717,-62.827309,3042
37.254717,-62.827309,3053
37.254717,-63.827309,3082
36.254717,-63.827309,3093
35.254717,-64.827309,3104
34.254717,-64.827309,3128
34.254717,-65.827309,3151
33.254717,-65.827309,3162
32.254717,-65.827309,3173
32.254717,-66.827309,3184
31.254717,-66.827309,3220
30.254717,-66.827309,3231
30.254717,-67.827309,3242
30.254717,-68.827309,3264
29.254717,-68.827309,3281
29.254717,-69.827309,3323
28.254717,-69.827309,3460
28.254717,-70.827309,3556
BREAK
27.254717,-69.827309,5481
28.254717,-69.827309,5556
28.254717,-70.827309,5585
28.254717,-71.827309,5629
28.254717,-72.827309,5651
28.254717,-73.827309,5682
28.254717,-74.827309,5693
28.254717,-75.827309,5795
27.254717,-75.827309,5806
26.254717,-75.827309,5817
26.254717,-76.827309,5852
26.254717,-77.827309,5899
25.254717,-77.827309,5923
24.254717,-77.827309,5934
BREAK
55.254717,-25.827309,7277
55.254717,-26.827309,7328
54.254717,-26.827309,7346
54.254717,-27.827309,7369
53.254717,-27.827309,7380
53.254717,-28.827309,7391
53.254717,-29.827309,7410
53.254717,-30.827309,7420
53.254717,-31.827309,7442
53.254717,-32.827309,7458
53.254717,-33.827309,7480
53.254717,-34.827309,7495
53.254717,-35.827309,7553
54.254717,-36.827309,7595
55.254717,-36.827309,7638
56.254717,-36.827309,7682
57.254717,-36.827309,7693
58.254717,-36.827309,7704
59.254717,-36.827309,7715
60.254717,-36.827309,7726
61.254717,-36.827309,7737
61.254717,-35.827309,7817
61.254717,-34.827309,7833
61.254717,-33.827309,7879
60.254717,-32.827309,7910
60.254717,-30.827309,7932
59.254717,-29.827309,7943
59.254717,-28.827309,7958
59.254717,-27.827309,7981
58.254717,-27.827309,7992
57.254717,-26.827309,8006
56.254717,-26.827309,8132
55.254717,-26.827309,8173
54.254717,-26.827309,8195
54.254717,-27.827309,8217
54.254717,-28.827309,8230
52.254717,-28.827309,8260
52.254717,-29.827309,8381
53.254717,-29.827309,8392
BREAK
56.254717,-44.827309,9399
55.254717,-44.827309,9423
54.254717,-44.827309,9538
53.254717,-44.827309,9560
52.254717,-44.827309,9580
51.254717,-44.827309,9609
50.254717,-44.827309,9649
49.254717,-44.827309,9661
48.254717,-44.827309,9682
47.254717,-44.827309,9708
46.254717,-44.827309,9732
44.254717,-43.827309,9745
43.254717,-43.827309,9758
41.254717,-42.827309,9792
40.254717,-41.827309,9818
39.254717,-41.827309,9840
38.254717,-40.827309,9851
37.254717,-39.827309,9866
36.254717,-38.827309,9894
35.254717,-37.827309,9921
35.254717,-36.827309,9932
33.254717,-35.827309,9943
31.254717,-33.827309,9965
31.254717,-32.827309,9977
30.254717,-31.827309,9994
29.254717,-30.827309,10019
29.254717,-29.827309,10030
29.254717,-28.827309,10041
28.254717,-27.827309,10052
27.254717,-26.827309,10063
27.254717,-25.827309,10074
27.254717,-24.827309,10097
26.254717,-23.827309,10108
26.254717,-22.827309,10119
26.254717,-21.827309,10132
26.254717,-19.827309,10154
26.254717,-18.827309,10165
26.254717,-17.827309,10176
26.254717,-16.827309,10187
26.254717,-15.827309,10209
26.254717,-14.827309,10221
27.254717,-13.827309,10232
27.254717,-12.827309,10254
27.254717,-11.827309,10266
28.254717,-11.827309,10280
28.254717,-10.827309,10291
29.254717,-10.827309,10303
30.254717,-10.827309,10314
30.254717,-8.8273092,10325
31.254717,-8.8273092,10336
32.254717,-8.8273092,10358
33.254717,-6.8273092,10369
34.254717,-6.8273092,10381
35.254717,-6.8273092,10392
36.254717,-6.8273092,10403
37.254717,-4.8273092,10414
38.254717,-4.8273092,10425
39.254717,-4.8273092,10436
40.254717,-4.8273092,10447
41.254717,-3.8273092,10462
42.254717,-3.8273092,10485
44.254717,-3.8273092,10507
45.254717,-3.8273092,10518
47.254717,-3.8273092,10530
48.254717,-3.8273092,10552
49.254717,-3.8273092,10563
50.254717,-3.8273092,10577
51.254717,-3.8273092,10599
52.254717,-4.8273092,10621
54.254717,-4.8273092,10632
55.254717,-4.8273092,10643
56.254717,-4.8273092,10654
57.254717,-4.8273092,10665
58.254717,-4.8273092,10677
59.254717,-4.8273092,10699
61.254717,-4.8273092,10710
62.254717,-4.8273092,10721
64.254717,-4.8273092,10732
66.254717,-5.8273092,10774
68.254717,-6.8273092,10793
69.254717,-6.8273092,10806
70.254717,-7.8273092,10824
71.254717,-8.8273092,10862
71.254717,-9.8273092,10877
72.254717,-9.8273092,10891
72.254717,-10.827309,10907
74.254717,-11.827309,10918
74.254717,-12.827309,10931
75.254717,-12.827309,10947
75.254717,-13.827309,10958
76.254717,-13.827309,10988
76.254717,-14.827309,11001
76.254717,-15.827309,11012
76.254717,-16.827309,11025
77.254717,-17.827309,11036
77.254717,-18.827309,11047
77.254717,-19.827309,11070
78.254717,-21.827309,11092
78.254717,-22.827309,11110
78.254717,-23.827309,11135
78.254717,-24.827309,11157
78.254717,-25.827309,11168
78.254717,-26.827309,11179
78.254717,-27.827309,11191
78.254717,-28.827309,11204
79.254717,-29.827309,11227
79.254717,-30.827309,11296
79.254717,-31.827309,11307
79.254717,-32.827309,11322
79.254717,-33.827309,11333
78.254717,-33.827309,11344
77.254717,-33.827309,11355
78.254717,-34.827309,11396
78.254717,-35.827309,11451
78.254717,-36.827309,11462
77.254717,-36.827309,11473
77.254717,-37.827309,11500
76.254717,-39.827309,11533
76.254717,-40.827309,11545
75.254717,-41.827309,11567
75.254717,-42.827309,11589
75.254717,-43.827309,11600
74.254717,-44.827309,11621
73.254717,-45.827309,11633
73.254717,-46.827309,11644
72.254717,-46.827309,11656
71.254717,-46.827309,11667
71.254717,-47.827309,11678
70.254717,-47.827309,11745
68.254717,-47.827309,11784
67.254717,-47.827309,11806
66.254717,-47.827309,11828
66.254717,-48.827309,11887
65.254717,-48.827309,11908
64.254717,-48.827309,11969
62.254717,-48.827309,11980
61.254717,-48.827309,11991
60.254717,-48.827309,12013
59.254717,-48.827309,12024
58.254717,-48.827309,12041
57.254717,-48.827309,12069
55.254717,-48.827309,12091
53.254717,-48.827309,12102
52.254717,-48.827309,12125
51.254717,-48.827309,12141
50.254717,-48.827309,12153
48.254717,-47.827309,12167
47.254717,-47.827309,12189
47.254717,-46.827309,12202
46.254717,-45.827309,12245
44.254717,-44.827309,12267
43.254717,-43.827309,12304
43.254717,-42.827309,12316
42.254717,-42.827309,12345
42.254717,-41.827309,12365
41.254717,-41.827309,12377
40.254717,-40.827309,12413
39.254717,-39.827309,12436
39.254717,-38.827309,12454
38.254717,-38.827309,12468
38.254717,-37.827309,12479
37.254717,-37.827309,12500
36.254717,-36.827309,12523
36.254717,-35.827309,12594
34.254717,-34.827309,12613
33.254717,-34.827309,12636
33.254717,-33.827309,12647
BREAK
58.254717,-31.827309,13190
59.254717,-31.827309,13205
BREAK
61.254717,-32.827309,13421
BREAK
