START
25.254568,-22.523124,0
23.5072,-23.396808,61
25.254568,-23.396808,111
26.128252,-23.396808,119
27.875621,-24.270492,127
30.496673,-24.270492,143
33.117726,-24.270492,151
38.359831,-24.270492,159
43.601936,-24.270492,167
49.717726,-24.270492,183
55.833515,-24.270492,192
61.075621,-24.270492,199
66.317726,-24.270492,215
68.938779,-24.270492,223
70.686147,-24.270492,231
72.433515,-24.270492,239
74.180884,-24.270492,256
75.054568,-25.144177,263
75.928252,-25.144177,271
76.801936,-26.017861,279
77.675621,-26.017861,295
79.422989,-26.017861,303
81.170357,-26.891545,319
82.044042,-26.891545,335
82.917726,-26.891545,351
82.917726,-27.765229,375
83.79141,-27.765229,383
BREAK
71.559831,-27.765229,727
71.559831,-26.891545,735
70.686147,-26.891545,751
70.686147,-27.765229,831
69.812463,-28.638914,839
69.812463,-29.512598,847
69.812463,-31.259966,863
68.938779,-33.007335,871
68.938779,-34.754703,879
68.938779,-36.502071,887
68.938779,-38.24944,903
68.938779,-40.870492,912
70.686147,-44.365229,919
70.686147,-46.986282,935
71.559831,-51.354703,943
71.559831,-53.102071,951
73.3072,-56.596808,959
73.3072,-59.217861,975
73.3072,-60.965229,983
74.180884,-62.712598,991
74.180884,-64.459966,999
74.180884,-66.207335,1015
74.180884,-67.954703,1023
74.180884,-69.702071,1031
74.180884,-71.44944,1039
74.180884,-73.196808,1063
74.180884,-74.070492,1071
74.180884,-74.944177,1087
74.180884,-75.817861,1103
74.180884,-76.691545,1128
74.180884,-77.565229,1223
BREAK
27.001936,-39.996808,2208
27.875621,-39.996808,2287
28.749305,-39.996808,2303
29.622989,-39.996808,2319
30.496673,-39.996808,2327
31.370357,-39.996808,2343
33.117726,-39.996808,2351
34.865094,-39.996808,2359
36.612463,-39.996808,2367
38.359831,-39.996808,2383
40.1072,-39.996808,2391
40.980884,-39.996808,2399
41.854568,-39.996808,2407
42.728252,-39.996808,2423
43.601936,-39.996808,2439
44.475621,-39.996808,2455
45.349305,-39.996808,2463
46.222989,-39.996808,2479
47.096673,-39.996808,2511
47.096673,-40.870492,2535
46.222989,-40.870492,2623
46.222989,-41.744177,2647
45.349305,-41.744177,2663
45.349305,-42.617861,2671
44.475621,-42.617861,2688
44.475621,-43.491545,2703
43.601936,-43.491545,2711
42.728252,-44.365229,2727
41.854568,-45.238914,2735
40.980884,-46.112598,2743
40.1072,-46.112598,2759
39.233515,-46.986282,2767
38.359831,-47.859966,2775
36.612463,-48.73365,2783
35.738779,-49.607335,2799
34.865094,-50.481019,2807
33.99141,-50.481019,2819
33.117726,-51.354703,2823
32.244042,-52.228387,2839
31.370357,-53.102071,2847
30.496673,-54.84944,2855
29.622989,-55.723124,2879
29.622989,-56.596808,2887
30.496673,-57.470492,2919
30.496673,-58.344177,2927
31.370357,-58.344177,2935
31.370357,-59.217861,2951
32.244042,-59.217861,2959
33.117726,-60.091545,2967
33.99141,-60.091545,2975
34.865094,-60.965229,2991
35.738779,-60.965229,2999
37.486147,-61.838914,3015
38.359831,-61.838914,3039
39.233515,-61.838914,3048
40.1072,-61.838914,3063
40.980884,-61.838914,3071
42.728252,-61.838914,3079
43.601936,-62.712598,3087
45.349305,-62.712598,3103
47.096673,-62.712598,3112
48.844042,-62.712598,3120
50.59141,-62.712598,3127
51.465094,-62.712598,3143
53.212463,-62.712598,3151
54.086147,-62.712598,3159
55.833515,-61.838914,3183
57.580884,-60.965229,3200
59.328252,-60.965229,3216
60.201936,-60.091545,3223
61.949305,-60.091545,3231
62.822989,-59.217861,3240
63.696673,-59.217861,3255
64.570357,-58.344177,3264
65.444042,-58.344177,3272
66.317726,-57.470492,3279
67.19141,-56.596808,3304
68.065094,-55.723124,3311
68.938779,-55.723124,3328
69.812463,-54.84944,3335
70.686147,-53.975756,3344
71.559831,-53.102071,3352
72.433515,-52.228387,3368
BREAK
