START
30.023585,-16.702811,0
31.023585,-16.702811,27
32.023585,-16.702811,55
33.023585,-16.702811,65
34.023585,-16.702811,74
35.023585,-17.702811,83
36.023585,-19.702811,93
37.023585,-21.702811,102
39.023585,-22.702811,111
40.023585,-23.702811,121
42.023585,-24.702811,130
43.023585,-24.702811,139
43.023585,-25.702811,149
44.023585,-26.702811,167
45.023585,-26.702811,177
46.023585,-26.702811,195
47.023585,-26.702811,205
48.023585,-26.702811,223
49.023585,-26.702811,233
50.023585,-26.702811,242
52.023585,-26.702811,251
54.023585,-26.702811,261
55.023585,-26.702811,270
57.023585,-26.702811,279
58.023585,-26.702811,288
60.023585,-26.702811,298
61.023585,-26.702811,307
62.023585,-26.702811,326
63.023585,-26.702811,335
64.023585,-26.702811,345
65.023585,-26.702811,382
66.023585,-27.702811,438
67.023585,-27.702811,447
67.023585,-28.702811,466
67.023585,-29.702811,475
67.023585,-30.702811,484
67.023585,-31.702811,494
67.023585,-32.702811,503
67.023585,-33.702811,512
67.023585,-35.702811,522
68.023585,-37.702811,531
69.023585,-39.702811,540
70.023585,-41.702811,550
70.023585,-42.702811,559
70.023585,-44.702811,568
70.023585,-46.702811,578
70.023585,-48.702811,587
70.023585,-50.702811,596
70.023585,-53.702811,606
70.023585,-55.702811,615
71.023585,-58.702811,624
72.023585,-60.702811,634
72.023585,-62.702811,643
72.023585,-63.702811,652
72.023585,-65.702811,662
72.023585,-67.702811,671
72.023585,-69.702811,680
72.023585,-70.702811,690
72.023585,-71.702811,699
72.023585,-72.702811,727
72.023585,-73.702811,736
72.023585,-74.702811,746
72.023585,-75.702811,755
72.023585,-76.702811,764
73.023585,-78.702811,773
73.023585,-80.702811,783
73.023585,-81.702811,792
73.023585,-82.702811,839
BREAK
