START
27.023585,-24.702811,0
28.023585,-23.702811,186
31.023585,-21.702811,196
34.023585,-21.702811,206
35.023585,-20.702811,216
36.023585,-20.702811,226
37.023585,-19.702811,236
37.023585,-18.702811,256
38.023585,-18.702811,334
39.023585,-18.702811,358
40.023585,-18.702811,377
41.023585,-18.702811,397
42.023585,-18.702811,407
43.023585,-18.702811,417
45.023585,-18.702811,437
46.023585,-18.702811,461
47.023585,-18.702811,489
49.023585,-18.702811,508
50.023585,-18.702811,518
51.023585,-18.702811,528
51.023585,-19.702811,538
52.023585,-19.702811,548
53.023585,-19.702811,562
53.023585,-20.702811,640
54.023585,-20.702811,649
55.023585,-21.702811,659
56.023585,-22.702811,669
57.023585,-23.702811,679
58.023585,-23.702811,689
58.023585,-25.702811,699
59.023585,-26.702811,719
60.023585,-27.702811,739
61.023585,-28.702811,749
63.023585,-30.702811,759
64.023585,-31.702811,769
65.023585,-33.702811,779
67.023585,-35.702811,799
67.023585,-36.702811,819
68.023585,-37.702811,839
68.023585,-39.702811,859
68.023585,-40.702811,880
68.023585,-41.702811,923
68.023585,-42.702811,944
68.023585,-43.702811,964
68.023585,-44.702811,992
68.023585,-45.702811,1002
68.023585,-46.702811,1022
68.023585,-48.702811,1032
68.023585,-49.702811,1043
67.023585,-50.702811,1052
67.023585,-51.702811,1062
67.023585,-52.702811,1082
67.023585,-54.702811,1102
67.023585,-55.702811,1131
67.023585,-56.702811,1156
67.023585,-57.702811,1183
67.023585,-58.702811,1195
67.023585,-59.702811,1217
67.023585,-60.702811,1244
67.023585,-61.702811,1263
67.023585,-62.702811,1273
67.023585,-65.702811,1283
67.023585,-67.702811,1293
67.023585,-68.702811,1303
67.023585,-69.702811,1326
67.023585,-70.702811,1337
67.023585,-71.702811,1370
67.023585,-72.702811,1432
67.023585,-73.702811,1491
67.023585,-74.702811,1502
67.023585,-76.702811,1521
67.023585,-77.702811,1531
67.023585,-78.702811,1541
66.023585,-78.702811,1596
BREAK
28.023585,-24.702811,3716
28.023585,-23.702811,3770
27.023585,-23.702811,3780
27.023585,-22.702811,3895
27.023585,-21.702811,3907
26.023585,-21.702811,3936
26.023585,-20.702811,3959
26.023585,-19.702811,4006
26.023585,-18.702811,4052
25.023585,-17.702811,4624
25.023585,-16.702811,4634
25.023585,-15.702811,4648
BREAK
