START
24.225056,-18.116023,0
25.191158,-18.116023,32
27.123361,-18.116023,39
30.021666,-18.116023,48
33.886073,-18.116023,55
38.716581,-18.116023,64
43.54709,-19.082125,71
48.377598,-19.082125,80
52.242005,-19.082125,87
55.14031,-19.082125,96
57.072514,-19.082125,103
58.038615,-19.082125,112
59.004717,-19.082125,119
59.970819,-19.082125,128
60.93692,-19.082125,135
61.903022,-19.082125,144
62.869124,-19.082125,152
63.835225,-19.082125,159
64.801327,-19.082125,168
64.801327,-18.116023,175
65.767429,-18.116023,256
66.733531,-18.116023,272
67.699632,-18.116023,288
68.665734,-18.116023,296
69.631836,-18.116023,304
69.631836,-17.149922,312
71.564039,-17.149922,319
BREAK
28.089463,-17.149922,1426
29.055564,-17.149922,1535
30.021666,-17.149922,1543
30.987768,-17.149922,1559
31.95387,-18.116023,1568
33.886073,-19.082125,1575
35.818276,-19.082125,1584
37.75048,-20.048227,1592
38.716581,-21.98043,1600
41.614886,-21.98043,1607
41.614886,-22.946532,1615
42.580988,-23.912634,1623
42.580988,-24.878735,1688
43.54709,-24.878735,1696
43.54709,-26.810939,1704
44.513192,-27.77704,1720
44.513192,-28.743142,1728
44.513192,-29.709244,1736
44.513192,-30.675345,1743
44.513192,-31.641447,1752
44.513192,-32.607549,1760
44.513192,-33.573651,1776
43.54709,-33.573651,1800
43.54709,-34.539752,1808
42.580988,-35.505854,1816
41.614886,-35.505854,1824
40.648785,-35.505854,1832
39.682683,-36.471956,1840
37.75048,-36.471956,1856
37.75048,-37.438057,1864
36.784378,-37.438057,1872
35.818276,-38.404159,1880
34.852175,-38.404159,1888
32.919971,-38.404159,1896
31.95387,-39.370261,1904
30.987768,-39.370261,1912
30.987768,-40.336362,1920
30.021666,-40.336362,1928
29.055564,-40.336362,1936
30.021666,-42.268566,2440
33.886073,-43.234667,2448
36.784378,-44.200769,2456
38.716581,-46.132973,2464
40.648785,-46.132973,2472
42.580988,-47.099074,2480
43.54709,-48.065176,2488
44.513192,-48.065176,2504
44.513192,-49.031278,2568
46.445395,-49.031278,2576
47.411497,-49.997379,2584
48.377598,-50.963481,2592
50.309802,-51.929583,2600
51.275903,-52.895684,2608
53.208107,-53.861786,2616
53.208107,-54.827888,2624
54.174209,-55.79399,2632
55.14031,-56.760091,2648
56.106412,-56.760091,2656
56.106412,-57.726193,2664
56.106412,-58.692295,2672
57.072514,-58.692295,2680
57.072514,-59.658396,2688
58.038615,-60.624498,2696
58.038615,-61.5906,2704
59.004717,-61.5906,2712
59.004717,-62.556701,2720
59.004717,-63.522803,2736
59.970819,-64.488905,2744
59.970819,-65.455006,2760
59.970819,-66.421108,2776
59.970819,-65.455006,3072
59.970819,-63.522803,3080
59.970819,-61.5906,3088
59.004717,-58.692295,3096
59.004717,-55.79399,3104
59.004717,-53.861786,3112
59.004717,-50.963481,3120
59.004717,-48.065176,3128
59.004717,-45.166871,3136
59.004717,-42.268566,3144
59.004717,-39.370261,3152
59.004717,-37.438057,3160
59.004717,-34.539752,3168
59.004717,-31.641447,3176
59.004717,-29.709244,3184
59.004717,-27.77704,3192
59.004717,-25.844837,3200
59.004717,-23.912634,3208
59.004717,-21.014329,3216
59.004717,-19.082125,3224
59.004717,-18.116023,3232
59.004717,-16.18382,3240
59.004717,-14.251617,3248
59.004717,-12.319413,3256
59.004717,-10.38721,3272
59.004717,-9.4211082,3288
BREAK
43.54709,-30.675345,3880
44.513192,-30.675345,3935
46.445395,-31.641447,3943
48.377598,-32.607549,3952
51.275903,-34.539752,3959
53.208107,-36.471956,3968
56.106412,-37.438057,3975
57.072514,-39.370261,3983
59.004717,-39.370261,3992
59.004717,-40.336362,3999
59.004717,-41.302464,4007
BREAK
