START
22.292853,-21.014329,0
23.258954,-21.014329,39
24.225056,-21.014329,49
25.191158,-21.014329,59
26.157259,-21.014329,79
27.123361,-21.014329,89
29.055564,-20.048227,99
30.987768,-20.048227,109
33.886073,-20.048227,119
35.818276,-20.048227,129
38.716581,-20.048227,139
41.614886,-20.048227,149
44.513192,-20.048227,159
47.411497,-20.048227,169
49.3437,-20.048227,179
51.275903,-20.048227,189
52.242005,-20.048227,199
54.174209,-20.048227,209
56.106412,-20.048227,219
58.038615,-20.048227,229
59.004717,-20.048227,239
59.004717,-19.082125,259
59.970819,-19.082125,279
61.903022,-19.082125,288
63.835225,-19.082125,298
64.801327,-19.082125,308
66.733531,-19.082125,318
67.699632,-19.082125,328
68.665734,-19.082125,338
70.597937,-19.082125,348
71.564039,-19.082125,368
72.530141,-19.082125,398
73.496242,-19.082125,418
74.462344,-19.082125,428
76.394547,-19.082125,458
77.360649,-19.082125,468
78.326751,-19.082125,478
79.292853,-19.082125,488
80.258954,-19.082125,508
81.225056,-19.082125,528
BREAK
65.767429,-22.946532,1186
65.767429,-23.912634,1216
65.767429,-24.878735,1226
65.767429,-26.810939,1236
65.767429,-27.77704,1256
65.767429,-29.709244,1266
65.767429,-31.641447,1276
65.767429,-32.607549,1286
65.767429,-33.573651,1296
65.767429,-35.505854,1306
66.733531,-38.404159,1316
66.733531,-40.336362,1326
66.733531,-42.268566,1336
66.733531,-44.200769,1346
66.733531,-46.132973,1356
66.733531,-48.065176,1366
66.733531,-49.031278,1386
66.733531,-49.997379,1396
66.733531,-50.963481,1406
66.733531,-51.929583,1415
66.733531,-52.895684,1435
66.733531,-53.861786,1445
66.733531,-54.827888,1455
66.733531,-55.79399,1465
66.733531,-56.760091,1475
66.733531,-57.726193,1495
66.733531,-59.658396,1505
66.733531,-60.624498,1525
66.733531,-61.5906,1555
66.733531,-62.556701,1565
66.733531,-63.522803,1585
66.733531,-64.488905,1595
66.733531,-65.455006,1615
66.733531,-66.421108,1625
66.733531,-67.38721,1635
67.699632,-67.38721,2313
67.699632,-68.353312,2503
67.699632,-69.319413,2513
67.699632,-70.285515,2523
67.699632,-71.251617,2532
67.699632,-72.217718,2582
67.699632,-73.18382,2592
67.699632,-74.149922,2612
67.699632,-76.082125,2692
67.699632,-77.048227,2702
67.699632,-78.014329,2712
67.699632,-78.98043,2752
67.699632,-79.946532,2822
67.699632,-80.912634,2842
67.699632,-81.878735,2862
67.699632,-80.912634,3041
67.699632,-79.946532,3071
67.699632,-78.98043,3081
67.699632,-78.014329,3091
67.699632,-77.048227,3111
67.699632,-76.082125,3151
67.699632,-75.116023,3161
67.699632,-74.149922,3171
67.699632,-73.18382,3191
66.733531,-73.18382,3211
66.733531,-72.217718,3221
66.733531,-71.251617,3241
65.767429,-71.251617,3251
64.801327,-70.285515,3261
63.835225,-69.319413,3271
62.869124,-68.353312,3291
61.903022,-67.38721,3310
61.903022,-66.421108,3320
60.93692,-66.421108,3340
59.970819,-66.421108,3370
59.004717,-66.421108,3380
58.038615,-65.455006,3390
58.038615,-64.488905,3400
56.106412,-63.522803,3410
55.14031,-63.522803,3420
53.208107,-62.556701,3430
52.242005,-62.556701,3440
51.275903,-62.556701,3450
50.309802,-62.556701,3470
50.309802,-61.5906,3480
49.3437,-61.5906,3490
47.411497,-60.624498,3500
46.445395,-59.658396,3510
45.479293,-59.658396,3520
45.479293,-58.692295,3540
44.513192,-58.692295,3560
43.54709,-58.692295,3570
42.580988,-58.692295,3590
41.614886,-58.692295,3600
40.648785,-58.692295,3620
39.682683,-58.692295,3650
37.75048,-58.692295,3660
35.818276,-58.692295,3670
33.886073,-58.692295,3690
31.95387,-58.692295,3700
30.987768,-58.692295,3710
30.021666,-58.692295,3719
29.055564,-58.692295,3789
28.089463,-58.692295,3829
29.055564,-57.726193,3999
30.021666,-57.726193,4009
30.987768,-57.726193,4019
31.95387,-56.760091,4029
32.919971,-56.760091,4039
33.886073,-55.79399,4049
34.852175,-55.79399,4059
34.852175,-54.827888,4069
35.818276,-54.827888,4089
36.784378,-53.861786,4099
37.75048,-53.861786,4109
38.716581,-53.861786,4118
38.716581,-52.895684,4128
38.716581,-51.929583,4168
39.682683,-50.963481,4208
40.648785,-49.997379,4238
40.648785,-48.065176,4248
40.648785,-47.099074,4258
40.648785,-46.132973,4268
40.648785,-45.166871,4278
40.648785,-43.234667,4288
40.648785,-42.268566,4298
40.648785,-41.302464,4308
39.682683,-39.370261,4318
39.682683,-38.404159,4328
38.716581,-37.438057,4338
37.75048,-36.471956,4348
36.784378,-35.505854,4358
35.818276,-35.505854,4368
35.818276,-34.539752,4378
34.852175,-34.539752,4388
34.852175,-33.573651,4398
33.886073,-33.573651,4418
33.886073,-32.607549,4428
32.919971,-31.641447,4438
31.95387,-30.675345,4448
31.95387,-29.709244,4458
30.987768,-28.743142,4468
30.021666,-28.743142,4478
28.089463,-28.743142,4498
27.123361,-27.77704,4508
27.123361,-26.810939,4527
26.157259,-26.810939,4537
25.191158,-26.810939,4547
24.225056,-26.810939,4557
24.225056,-25.844837,4568
22.292853,-25.844837,4577
21.326751,-24.878735,4587
20.360649,-24.878735,4597
19.394547,-23.912634,4607
18.428446,-23.912634,4627
18.428446,-22.946532,4637
BREAK
41.614886,-34.539752,5325
42.580988,-34.539752,5405
43.54709,-34.539752,5435
43.54709,-33.573651,5445
45.479293,-33.573651,5475
46.445395,-33.573651,5484
48.377598,-33.573651,5494
49.3437,-33.573651,5504
51.275903,-33.573651,5514
53.208107,-33.573651,5524
54.174209,-34.539752,5534
56.106412,-34.539752,5544
57.072514,-34.539752,5554
58.038615,-34.539752,5604
59.004717,-35.505854,5624
59.970819,-37.438057,5634
60.93692,-38.404159,5644
61.903022,-39.370261,5664
62.869124,-40.336362,5674
63.835225,-41.302464,5684
63.835225,-42.268566,5694
63.835225,-43.234667,5704
64.801327,-43.234667,5804
BREAK
