START
30.496673,-24.270492,0
31.370357,-24.270492,151
32.244042,-24.270492,167
33.99141,-24.270492,175
34.865094,-24.270492,183
35.738779,-24.270492,199
38.359831,-23.396808,207
40.1072,-23.396808,223
42.728252,-22.523124,231
43.601936,-22.523124,239
44.475621,-22.523124,255
46.222989,-22.523124,271
48.844042,-22.523124,287
49.717726,-22.523124,295
51.465094,-22.523124,311
53.212463,-22.523124,327
54.959831,-22.523124,343
55.833515,-22.523124,351
58.454568,-22.523124,359
60.201936,-22.523124,367
61.949305,-22.523124,375
63.696673,-22.523124,383
64.570357,-22.523124,391
67.19141,-22.523124,399
68.938779,-22.523124,407
70.686147,-22.523124,415
72.433515,-22.523124,423
74.180884,-22.523124,431
76.801936,-22.523124,439
78.549305,-22.523124,455
79.422989,-22.523124,463
80.296673,-22.523124,471
81.170357,-22.523124,479
82.044042,-22.523124,567
BREAK
64.570357,-25.144177,30832
64.570357,-26.017861,31143
64.570357,-26.891545,31159
64.570357,-27.765229,31184
64.570357,-28.638914,31199
64.570357,-29.512598,31239
64.570357,-30.386282,31246
64.570357,-31.259966,31271
64.570357,-33.007335,31286
64.570357,-33.881019,31310
64.570357,-34.754703,31350
64.570357,-35.628387,31398
64.570357,-36.502071,31406
64.570357,-37.375756,31438
64.570357,-38.24944,31471
64.570357,-39.123124,31494
63.696673,-39.996808,31511
63.696673,-40.870492,31519
63.696673,-41.744177,31527
62.822989,-43.491545,31559
62.822989,-44.365229,31591
62.822989,-46.112598,31599
62.822989,-46.986282,31623
62.822989,-47.859966,31630
62.822989,-49.607335,31663
62.822989,-50.481019,31687
62.822989,-51.354703,31703
62.822989,-52.228387,31719
62.822989,-53.975756,31727
62.822989,-55.723124,31750
62.822989,-56.596808,31775
62.822989,-58.344177,31791
62.822989,-59.217861,31815
62.822989,-60.091545,31839
62.822989,-60.965229,31847
62.822989,-61.838914,31895
62.822989,-62.712598,31927
62.822989,-63.586282,31959
62.822989,-64.459966,31975
62.822989,-65.33365,31983
62.822989,-66.207335,32008
62.822989,-67.081019,32015
62.822989,-67.954703,32039
62.822989,-68.828387,32047
62.822989,-69.702071,32055
63.696673,-69.702071,32079
63.696673,-70.575756,32119
63.696673,-71.44944,32183
63.696673,-72.323124,32223
BREAK
59.328252,-44.365229,33687
60.201936,-44.365229,33742
60.201936,-43.491545,34054
58.454568,-43.491545,34062
57.580884,-43.491545,34086
57.580884,-42.617861,34094
57.580884,-41.744177,34102
56.7072,-41.744177,34110
54.959831,-40.870492,34142
54.086147,-40.870492,34150
53.212463,-39.996808,34167
52.338779,-39.996808,34174
51.465094,-39.996808,34183
51.465094,-39.123124,34190
50.59141,-39.123124,34214
50.59141,-38.24944,34222
49.717726,-38.24944,34230
48.844042,-38.24944,34238
47.970357,-38.24944,34294
47.096673,-38.24944,34342
46.222989,-38.24944,34359
45.349305,-38.24944,34486
44.475621,-38.24944,34510
43.601936,-38.24944,34519
42.728252,-38.24944,34567
41.854568,-38.24944,34583
40.980884,-38.24944,34615
40.1072,-38.24944,34655
39.233515,-38.24944,34671
38.359831,-38.24944,34695
37.486147,-39.123124,34743
36.612463,-39.996808,34775
36.612463,-40.870492,34783
35.738779,-41.744177,34791
35.738779,-42.617861,34823
35.738779,-43.491545,34855
35.738779,-44.365229,34871
34.865094,-46.112598,34887
34.865094,-46.986282,34927
34.865094,-48.73365,34951
34.865094,-49.607335,34967
34.865094,-50.481019,35023
34.865094,-54.84944,35182
34.865094,-55.723124,35199
35.738779,-55.723124,35207
35.738779,-56.596808,35215
35.738779,-58.344177,35241
35.738779,-59.217861,35250
36.612463,-59.217861,35255
36.612463,-60.091545,35279
36.612463,-60.965229,35303
37.486147,-61.838914,35311
37.486147,-62.712598,35319
38.359831,-62.712598,35327
39.233515,-63.586282,35343
39.233515,-64.459966,35351
40.1072,-64.459966,35359
40.1072,-65.33365,35375
40.980884,-66.207335,35383
42.728252,-66.207335,35391
42.728252,-67.081019,35423
43.601936,-67.081019,35455
45.349305,-67.081019,35495
46.222989,-67.081019,35511
47.970357,-67.081019,35519
48.844042,-67.081019,35527
49.717726,-67.081019,35535
50.59141,-67.081019,35551
51.465094,-67.081019,35567
52.338779,-67.081019,35600
53.212463,-67.081019,35607
54.086147,-67.081019,35615
54.086147,-65.33365,35631
55.833515,-65.33365,35639
56.7072,-65.33365,35663
57.580884,-64.459966,35695
60.201936,-63.586282,35703
61.075621,-62.712598,35719
61.949305,-60.965229,35744
63.696673,-60.965229,35768
63.696673,-60.091545,35784
63.696673,-59.217861,35856
63.696673,-58.344177,35879
64.570357,-58.344177,35888
64.570357,-57.470492,35896
64.570357,-55.723124,35935
64.570357,-54.84944,35959
64.570357,-53.975756,35975
64.570357,-53.102071,35991
64.570357,-52.228387,36023
64.570357,-51.354703,36071
BREAK
