START
48.582388,-24.991198,0
47.800433,-24.991198,55
47.018478,-24.991198,95
46.236523,-25.773153,103
45.454568,-26.555108,119
44.672613,-27.337063,127
43.890658,-27.337063,135
43.108703,-28.119017,143
42.326748,-28.900972,151
40.762839,-29.682927,159
39.980884,-29.682927,167
39.980884,-30.464882,175
39.198929,-30.464882,183
38.416974,-31.246837,191
37.635019,-32.028792,199
37.635019,-32.810747,207
36.853064,-33.592702,215
36.853064,-34.374657,223
36.071109,-35.156611,231
34.5072,-35.938566,239
34.5072,-36.720521,247
33.725245,-37.502476,255
32.94329,-38.284431,263
32.161335,-39.066386,271
31.37938,-39.848341,279
30.597425,-40.630296,329
28.251561,-46.885935,334
28.251561,-47.66789,338
28.251561,-48.449844,343
28.251561,-49.231799,351
28.251561,-50.013754,360
28.251561,-50.795709,367
28.251561,-51.577664,375
29.033515,-51.577664,383
29.81547,-52.359619,391
30.597425,-52.359619,399
30.597425,-53.923529,407
31.37938,-54.705484,415
32.161335,-55.487438,423
32.94329,-56.269393,431
33.725245,-57.833303,439
35.289154,-58.615258,447
36.071109,-59.397213,455
37.635019,-60.961123,463
39.198929,-60.961123,471
39.980884,-61.743078,479
41.544794,-62.525032,487
42.326748,-63.306987,495
43.108703,-64.088942,503
43.890658,-64.088942,511
45.454568,-64.088942,519
45.454568,-64.870897,527
47.018478,-64.870897,535
47.800433,-65.652852,543
48.582388,-65.652852,551
49.364342,-65.652852,559
50.146297,-65.652852,567
50.928252,-65.652852,575
51.710207,-65.652852,584
53.274117,-64.870897,603
54.056072,-64.870897,616
54.838027,-64.870897,624
55.619982,-64.870897,631
56.401936,-64.870897,639
57.183891,-64.870897,655
57.965846,-64.088942,671
58.747801,-64.088942,680
58.747801,-63.306987,687
59.529756,-62.525032,696
60.311711,-61.743078,705
60.311711,-60.961123,712
61.093666,-60.179168,719
61.875621,-59.397213,728
62.657576,-58.615258,735
62.657576,-57.833303,743
63.43953,-57.051348,752
64.221485,-55.487438,759
65.00344,-54.705484,768
65.785395,-53.141574,776
65.785395,-52.359619,784
66.56735,-51.577664,792
67.349305,-50.013754,800
68.13126,-49.231799,808
68.13126,-48.449844,816
68.13126,-47.66789,825
68.13126,-46.885935,832
68.13126,-46.10398,840
68.913215,-45.322025,848
68.913215,-44.54007,856
68.913215,-43.758115,864
68.913215,-42.97616,872
68.913215,-42.194205,888
68.913215,-41.412251,896
68.913215,-40.630296,904
68.913215,-39.848341,912
68.913215,-39.066386,920
68.913215,-38.284431,943
68.913215,-37.502476,949
68.913215,-36.720521,954
68.913215,-35.938566,976
68.913215,-35.156611,984
68.913215,-34.374657,992
68.913215,-33.592702,1000
68.913215,-32.810747,1016
68.913215,-32.028792,1032
68.13126,-32.028792,1184
67.349305,-32.028792,1272
66.56735,-32.028792,1304
65.785395,-32.028792,1352
65.00344,-32.810747,1368
64.221485,-32.810747,1376
63.43953,-33.592702,1392
62.657576,-34.374657,1400
61.875621,-34.374657,1408
60.311711,-35.156611,1430
59.529756,-35.938566,1435
59.529756,-36.720521,1441
57.965846,-37.502476,1448
57.965846,-38.284431,1456
56.401936,-39.066386,1464
56.401936,-39.848341,1472
55.619982,-40.630296,1480
54.838027,-41.412251,1488
53.274117,-42.194205,1496
52.492162,-42.97616,1504
52.492162,-43.758115,1512
52.492162,-44.54007,1520
52.492162,-45.322025,1528
51.710207,-46.10398,1536
50.928252,-47.66789,1544
50.928252,-48.449844,1552
50.146297,-49.231799,1560
50.146297,-50.013754,1568
50.146297,-51.577664,1576
50.146297,-52.359619,1584
50.146297,-53.923529,1592
49.364342,-54.705484,1600
49.364342,-55.487438,1608
49.364342,-57.051348,1616
49.364342,-57.833303,1624
49.364342,-58.615258,1632
49.364342,-59.397213,1640
49.364342,-60.179168,1649
49.364342,-60.961123,1656
49.364342,-61.743078,1664
49.364342,-62.525032,1672
49.364342,-63.306987,1680
49.364342,-64.088942,1696
49.364342,-64.870897,1704
50.146297,-65.652852,1720
50.146297,-66.434807,1728
50.146297,-67.216762,1736
50.928252,-67.998717,1752
51.710207,-68.780672,1768
52.492162,-68.780672,1784
52.492162,-70.344581,1792
52.492162,-71.126536,1808
52.492162,-71.908491,1816
53.274117,-71.908491,1824
54.056072,-71.908491,1832
54.056072,-72.690446,1840
54.838027,-72.690446,1872
54.056072,-72.690446,1952
BREAK
