START
59.76912,-23.525476,0
58.929425,-23.525476,8
58.089731,-23.525476,47
57.250036,-23.525476,72
56.410341,-23.525476,89
55.570647,-23.525476,97
54.730952,-23.525476,106
53.051563,-23.525476,114
52.211868,-23.525476,121
51.372173,-23.525476,130
50.532479,-23.525476,139
49.692784,-23.525476,146
48.853089,-23.525476,163
48.013395,-23.525476,179
47.1737,-23.525476,195
46.334005,-23.525476,213
45.494311,-23.525476,229
44.654616,-23.525476,244
44.654616,-24.365171,253
43.814922,-24.365171,260
42.975227,-24.365171,285
42.135532,-24.365171,318
42.135532,-25.204865,327
41.295838,-25.204865,343
40.456143,-26.04456,359
39.616448,-26.04456,374
39.616448,-26.884255,384
38.776754,-27.723949,392
37.937059,-27.723949,400
37.097364,-28.563644,416
37.097364,-29.403339,424
36.25767,-29.403339,432
35.417975,-30.243033,440
34.57828,-31.082728,449
33.738586,-31.082728,457
33.738586,-31.922423,465
32.898891,-31.922423,473
32.898891,-32.762117,490
32.059196,-32.762117,498
32.059196,-33.601812,507
31.219502,-34.441506,523
30.379807,-35.281201,531
30.379807,-36.120896,548
29.540112,-36.120896,557
29.540112,-36.96059,564
28.700418,-37.800285,581
28.700418,-38.63998,596
27.860723,-38.63998,604
27.860723,-39.479674,613
27.021028,-39.479674,628
27.021028,-40.319369,636
26.181334,-40.319369,652
26.181334,-41.159064,669
25.341639,-41.159064,677
24.501944,-41.998758,693
24.501944,-42.838453,701
24.501944,-43.678148,708
23.66225,-44.517842,717
23.66225,-45.357537,725
23.66225,-46.197232,733
23.66225,-47.036926,741
22.822555,-47.036926,750
22.822555,-47.876621,758
22.822555,-48.716316,767
22.822555,-50.395705,783
22.822555,-52.075094,801
22.822555,-52.914789,809
22.822555,-53.754484,824
22.822555,-54.594178,833
22.822555,-55.433873,840
22.822555,-56.273568,857
22.822555,-57.113262,882
22.822555,-57.952957,890
23.66225,-58.792652,915
23.66225,-59.632346,922
24.501944,-60.472041,938
24.501944,-61.311735,946
25.341639,-61.311735,962
25.341639,-62.15143,971
27.021028,-62.15143,1033
27.021028,-62.991125,1041
27.860723,-62.991125,1050
27.860723,-63.830819,1066
28.700418,-63.830819,1074
29.540112,-63.830819,1082
31.219502,-64.670514,1089
32.898891,-65.510209,1106
34.57828,-66.349903,1114
36.25767,-66.349903,1122
37.097364,-67.189598,1130
38.776754,-67.189598,1138
39.616448,-67.189598,1155
40.456143,-67.189598,1163
41.295838,-67.189598,1170
42.135532,-67.189598,1180
42.975227,-67.189598,1187
43.814922,-67.189598,1195
44.654616,-67.189598,1204
45.494311,-67.189598,1212
46.334005,-67.189598,1228
48.853089,-67.189598,1237
49.692784,-67.189598,1254
52.211868,-67.189598,1261
53.051563,-67.189598,1270
53.891257,-67.189598,1278
54.730952,-67.189598,1285
55.570647,-67.189598,1293
56.410341,-67.189598,1310
57.250036,-67.189598,1318
58.929425,-67.189598,1335
59.76912,-67.189598,1343
61.448509,-66.349903,1359
62.288204,-66.349903,1368
63.127899,-66.349903,1376
63.127899,-65.510209,1383
63.967593,-65.510209,1392
63.967593,-64.670514,1408
64.807288,-64.670514,1424
64.807288,-63.830819,1440
65.646983,-63.830819,1449
65.646983,-62.991125,1455
66.486677,-62.15143,1474
66.486677,-61.311735,1482
67.326372,-60.472041,1490
67.326372,-59.632346,1498
67.326372,-58.792652,1530
67.326372,-57.952957,1563
67.326372,-57.113262,1580
67.326372,-56.273568,1596
67.326372,-55.433873,1603
67.326372,-54.594178,1620
67.326372,-53.754484,1644
67.326372,-52.914789,1651
67.326372,-52.075094,1668
67.326372,-51.2354,1676
67.326372,-50.395705,1692
67.326372,-49.55601,1699
67.326372,-48.716316,1716
67.326372,-47.876621,1731
67.326372,-47.036926,1740
67.326372,-46.197232,1757
67.326372,-44.517842,1765
67.326372,-43.678148,1781
67.326372,-42.838453,1797
67.326372,-41.998758,1813
67.326372,-41.159064,1829
67.326372,-40.319369,1838
67.326372,-39.479674,1846
67.326372,-38.63998,1854
67.326372,-37.800285,1870
67.326372,-36.96059,1878
66.486677,-36.120896,1886
66.486677,-35.281201,1894
66.486677,-34.441506,1902
65.646983,-33.601812,1910
65.646983,-32.762117,1918
64.807288,-31.922423,1926
64.807288,-30.243033,1943
63.967593,-30.243033,1958
63.967593,-29.403339,1967
63.127899,-29.403339,1975
62.288204,-29.403339,2000
62.288204,-28.563644,2023
61.448509,-28.563644,2043
60.608815,-28.563644,2115
60.608815,-27.723949,2131
59.76912,-26.884255,2148
59.76912,-26.04456,2173
58.929425,-26.04456,2181
58.929425,-25.204865,2215
58.089731,-25.204865,2222
57.250036,-25.204865,2270
57.250036,-24.365171,2278
56.410341,-24.365171,2360
BREAK
