START
19.981806,-31.943824,0
69.564016,-32.706627,7
70.326819,-32.706627,30
71.089623,-32.706627,38
71.852426,-32.706627,134
72.615229,-32.706627,149
73.378032,-32.706627,286
74.903639,-32.706627,302
75.666442,-32.706627,310
76.429245,-32.706627,326
76.429245,-33.46943,334
77.954852,-33.46943,350
78.717655,-33.46943,366
78.717655,-34.232234,510
78.717655,-35.75784,526
78.717655,-36.520643,534
78.717655,-37.283446,542
79.480458,-38.809053,550
79.480458,-39.571856,557
79.480458,-40.334659,566
79.480458,-41.860266,574
80.243261,-42.623069,582
80.243261,-44.148676,590
80.243261,-44.911479,598
81.006065,-47.962692,606
81.006065,-48.725495,614
81.006065,-50.251101,622
81.006065,-51.013905,630
81.006065,-51.776708,638
81.768868,-52.539511,646
81.768868,-53.302314,654
81.768868,-54.065118,662
81.768868,-55.590724,678
81.768868,-56.353527,686
81.768868,-57.116331,694
81.768868,-57.879134,702
81.768868,-59.40474,710
81.768868,-60.167543,718
81.768868,-61.69315,734
81.768868,-62.455953,742
80.243261,-63.218756,750
79.480458,-63.98156,766
79.480458,-64.744363,774
78.717655,-66.269969,782
77.954852,-66.269969,790
77.192049,-66.269969,798
76.429245,-67.032773,806
74.903639,-67.032773,814
74.140836,-67.032773,822
73.378032,-67.032773,830
71.852426,-67.032773,838
71.089623,-67.032773,846
69.564016,-67.032773,854
68.801213,-67.032773,862
68.03841,-67.032773,870
67.275606,-67.032773,878
66.512803,-67.032773,886
64.987197,-67.032773,894
63.46159,-66.269969,918
62.698787,-65.507166,926
61.935984,-64.744363,934
60.410377,-63.98156,942
58.884771,-62.455953,950
57.359164,-61.69315,958
55.833558,-60.167543,966
55.070755,-59.40474,974
53.545148,-57.879134,982
52.019542,-57.116331,990
51.256739,-56.353527,998
50.493935,-55.590724,1006
48.968329,-54.065118,1014
48.968329,-53.302314,1022
48.205526,-52.539511,1030
47.442722,-51.776708,1038
46.679919,-51.013905,1046
46.679919,-49.488298,1054
45.154313,-48.725495,1062
45.154313,-47.962692,1070
44.391509,-46.437085,1078
43.628706,-45.674282,1086
43.628706,-44.911479,1094
43.628706,-43.385872,1102
42.865903,-42.623069,1110
42.1031,-41.097463,1118
42.1031,-40.334659,1126
41.340296,-39.571856,1134
41.340296,-38.809053,1150
41.340296,-37.283446,1158
41.340296,-36.520643,1166
41.340296,-35.75784,1174
41.340296,-34.995037,1198
41.340296,-34.232234,1206
41.340296,-33.46943,1214
42.865903,-32.706627,1230
42.865903,-31.943824,1246
43.628706,-31.181021,1262
44.391509,-31.181021,1278
45.154313,-30.418217,1302
46.679919,-30.418217,1470
48.205526,-30.418217,1478
49.731132,-30.418217,1494
BREAK
