START
13.87938,-31.943824,0
14.642183,-31.943824,42
15.404987,-31.943824,105
16.16779,-31.943824,155
16.930593,-31.943824,179
17.693396,-31.943824,189
18.456199,-31.943824,199
19.981806,-31.943824,210
21.507412,-31.943824,220
23.795822,-31.943824,231
25.321429,-31.943824,240
26.084232,-31.943824,251
28.372642,-31.943824,261
29.898248,-31.943824,271
31.423854,-31.943824,282
32.949461,-31.943824,292
33.712264,-31.943824,302
34.475067,-31.943824,313
36.000674,-31.943824,323
37.52628,-31.943824,333
38.289084,-31.943824,354
39.81469,-31.943824,364
41.340296,-31.943824,385
42.1031,-31.943824,395
43.628706,-31.943824,416
44.391509,-31.943824,426
45.917116,-31.943824,446
46.679919,-31.943824,457
47.442722,-31.943824,467
48.205526,-31.943824,477
49.731132,-31.943824,488
51.256739,-31.943824,498
52.782345,-31.943824,508
54.307951,-31.943824,519
55.070755,-31.943824,529
56.596361,-31.943824,539
58.121968,-31.943824,550
59.647574,-31.943824,560
61.173181,-31.943824,581
63.46159,-31.943824,591
65.75,-31.943824,601
66.512803,-31.943824,612
67.275606,-31.943824,622
68.03841,-31.943824,632
68.801213,-31.943824,643
69.564016,-31.943824,653
70.326819,-31.943824,663
71.089623,-31.943824,673
71.852426,-31.943824,694
72.615229,-31.943824,704
73.378032,-31.943824,715
73.378032,-32.706627,746
74.140836,-32.706627,764
74.903639,-32.706627,823
77.192049,-33.46943,880
77.954852,-33.46943,892
79.480458,-33.46943,911
80.243261,-33.46943,932
81.006065,-34.232234,963
81.768868,-34.232234,1025
81.768868,-34.995037,1046
82.531671,-34.995037,1067
82.531671,-35.75784,1077
82.531671,-36.520643,1088
83.294474,-36.520643,1108
83.294474,-37.283446,1119
83.294474,-38.04625,1139
84.057278,-38.04625,1150
84.057278,-38.809053,1160
84.057278,-40.334659,1180
84.057278,-41.097463,1191
84.057278,-42.623069,1211
84.057278,-44.148676,1222
84.820081,-44.148676,1232
84.820081,-45.674282,1242
84.820081,-46.437085,1253
84.820081,-47.199889,1263
84.820081,-47.962692,1273
84.820081,-48.725495,1284
85.582884,-48.725495,1294
86.345687,-48.725495,1304
86.345687,-49.488298,1315
86.345687,-50.251101,1325
84.820081,-51.013905,1335
84.820081,-51.776708,1366
84.820081,-53.302314,1387
84.820081,-54.065118,1407
84.820081,-55.590724,1417
84.820081,-56.353527,1438
84.820081,-57.116331,1448
84.820081,-57.879134,1458
84.820081,-58.641937,1479
84.820081,-59.40474,1489
84.820081,-60.167543,1499
84.057278,-60.167543,1510
84.057278,-60.930347,1520
83.294474,-61.69315,1530
83.294474,-62.455953,1541
81.768868,-63.218756,1561
81.768868,-63.98156,1572
81.768868,-64.744363,1592
82.531671,-64.744363,1613
82.531671,-65.507166,1662
81.768868,-65.507166,1672
81.006065,-66.269969,1693
80.243261,-67.032773,1732
79.480458,-67.032773,1742
79.480458,-67.795576,1774
78.717655,-67.795576,1798
78.717655,-68.558379,1808
77.954852,-69.321182,1849
76.429245,-69.321182,1892
75.666442,-70.083986,1925
74.903639,-70.083986,1959
74.140836,-70.083986,1969
73.378032,-70.846789,1979
72.615229,-70.846789,2061
71.852426,-70.846789,2084
71.089623,-70.846789,2126
70.326819,-70.846789,2149
69.564016,-70.846789,2184
68.801213,-70.846789,2224
67.275606,-70.846789,2272
66.512803,-70.846789,2317
65.75,-70.846789,2347
64.987197,-70.846789,2357
64.224394,-70.083986,2368
63.46159,-70.083986,2378
62.698787,-70.083986,2391
62.698787,-69.321182,2431
61.935984,-69.321182,2441
61.173181,-69.321182,2452
60.410377,-69.321182,2472
59.647574,-69.321182,2505
59.647574,-68.558379,2516
59.647574,-67.795576,2526
58.884771,-67.795576,2538
58.884771,-67.032773,2548
59.647574,-66.269969,2559
59.647574,-65.507166,2655
58.121968,-65.507166,2665
58.121968,-64.744363,2685
58.121968,-63.98156,2695
57.359164,-63.98156,2705
57.359164,-62.455953,2716
56.596361,-62.455953,2726
55.833558,-60.930347,2736
55.833558,-60.167543,2757
55.833558,-59.40474,2767
54.307951,-59.40474,2777
54.307951,-57.879134,2787
54.307951,-57.116331,2835
54.307951,-56.353527,2873
54.307951,-55.590724,2884
53.545148,-55.590724,2901
52.782345,-55.590724,2911
52.782345,-54.827921,2921
52.782345,-54.065118,2932
52.019542,-54.065118,2942
51.256739,-54.065118,2952
51.256739,-53.302314,2963
51.256739,-52.539511,2981
52.019542,-52.539511,2992
52.019542,-51.776708,3002
51.256739,-51.776708,3012
50.493935,-51.776708,3022
50.493935,-50.251101,3033
50.493935,-49.488298,3043
50.493935,-48.725495,3053
51.256739,-48.725495,3064
51.256739,-47.962692,3075
51.256739,-47.199889,3084
51.256739,-46.437085,3095
51.256739,-45.674282,3111
51.256739,-44.911479,3131
49.731132,-44.911479,3141
49.731132,-44.148676,3152
49.731132,-43.385872,3192
49.731132,-42.623069,3212
50.493935,-42.623069,3223
50.493935,-41.860266,3233
50.493935,-41.097463,3258
50.493935,-40.334659,3276
51.256739,-40.334659,3286
51.256739,-39.571856,3297
52.019542,-38.809053,3317
52.019542,-38.04625,3338
52.019542,-37.283446,3348
52.782345,-37.283446,3364
52.782345,-36.520643,3374
52.782345,-35.75784,3404
53.545148,-34.995037,3465
53.545148,-34.232234,3530
54.307951,-34.232234,3540
54.307951,-33.46943,3604
55.070755,-33.46943,3643
55.070755,-32.706627,3682
BREAK
