START
16.73928,-59.911829,0
16.73928,-60.740112,23
17.567562,-60.740112,39
18.395845,-61.568395,55
19.224128,-61.568395,71
20.052411,-62.396678,79
20.880694,-62.396678,87
21.708977,-63.22496,95
23.365542,-63.22496,111
24.193825,-63.22496,119
25.022108,-63.22496,127
25.850391,-64.053243,135
26.678674,-64.053243,151
27.506956,-64.053243,167
28.335239,-64.053243,183
29.163522,-64.053243,199
29.991805,-64.053243,215
30.820088,-64.053243,223
31.64837,-64.053243,231
32.476653,-64.053243,248
33.304936,-64.053243,255
34.133219,-64.053243,263
34.961502,-64.053243,271
36.618067,-64.053243,279
37.44635,-64.053243,287
38.274633,-64.053243,295
39.931199,-64.053243,304
41.587764,-64.053243,311
43.24433,-64.053243,319
44.072613,-64.053243,327
44.900896,-64.053243,335
45.729179,-64.053243,343
46.557461,-64.053243,351
47.385744,-64.053243,368
48.214027,-64.053243,383
49.04231,-63.22496,399
49.870593,-62.396678,415
49.870593,-60.740112,431
50.698876,-60.740112,439
50.698876,-59.911829,447
50.698876,-59.083546,455
50.698876,-58.255263,471
50.698876,-57.426981,487
50.698876,-56.598698,495
49.870593,-55.770415,511
49.870593,-54.942132,519
49.870593,-54.113849,527
49.04231,-53.285567,535
49.04231,-52.457284,543
49.04231,-50.800718,559
48.214027,-49.972435,567
48.214027,-49.144152,575
47.385744,-48.31587,583
46.557461,-46.659304,591
45.729179,-45.831021,599
44.900896,-45.002738,607
44.900896,-44.174455,615
44.072613,-43.346173,623
43.24433,-42.51789,631
42.416047,-41.689607,639
42.416047,-40.861324,647
40.759482,-40.033041,655
40.759482,-39.204758,664
39.931199,-39.204758,671
39.931199,-38.376476,679
39.102916,-37.548193,687
39.102916,-36.71991,695
38.274633,-35.891627,703
37.44635,-35.063344,720
37.44635,-34.235061,727
36.618067,-33.406779,735
36.618067,-31.750213,743
35.789785,-30.92193,751
35.789785,-30.093647,759
34.961502,-30.093647,767
34.961502,-29.265364,775
34.133219,-28.437082,783
34.133219,-27.608799,791
34.133219,-26.780516,799
33.304936,-25.952233,807
33.304936,-25.12395,815
33.304936,-24.295668,823
33.304936,-22.639102,832
33.304936,-21.810819,839
33.304936,-20.982536,855
33.304936,-20.154253,863
33.304936,-19.325971,871
32.476653,-18.497688,879
32.476653,-17.669405,888
32.476653,-16.841122,904
32.476653,-16.012839,912
32.476653,-15.184556,928
32.476653,-14.356274,943
32.476653,-13.527991,968
BREAK
