START
48.877358,-15.702811,0
49.877358,-15.702811,8
50.877358,-15.702811,16
51.877358,-15.702811,24
52.877358,-16.702811,40
54.877358,-16.702811,48
54.877358,-17.702811,56
55.877358,-17.702811,64
56.877358,-17.702811,72
56.877358,-18.702811,120
57.877358,-20.702811,144
57.877358,-21.702811,152
58.877358,-22.702811,160
59.877358,-24.702811,168
59.877358,-25.702811,176
60.877358,-27.702811,184
60.877358,-29.702811,192
60.877358,-30.702811,200
60.877358,-32.702811,208
60.877358,-34.702811,216
60.877358,-37.702811,224
60.877358,-39.702811,232
60.877358,-41.702811,240
60.877358,-43.702811,248
59.877358,-46.702811,256
58.877358,-47.702811,264
57.877358,-48.702811,272
56.877358,-50.702811,280
55.877358,-51.702811,288
53.877358,-53.702811,296
51.877358,-55.702811,304
50.877358,-56.702811,312
48.877358,-57.702811,320
47.877358,-59.702811,328
44.877358,-60.702811,336
43.877358,-61.702811,344
41.877358,-62.702811,352
40.877358,-63.702811,360
39.877358,-63.702811,368
38.877358,-64.702811,376
37.877358,-64.702811,384
35.877358,-64.702811,392
33.877358,-64.702811,400
32.877358,-64.702811,408
31.877358,-64.702811,416
29.877358,-64.702811,424
28.877358,-64.702811,440
29.877358,-63.702811,592
BREAK
61.877358,-43.702811,888
60.877358,-43.702811,952
58.877358,-42.702811,960
55.877358,-41.702811,968
52.877358,-40.702811,976
49.877358,-39.702811,984
46.877358,-39.702811,992
43.877358,-38.702811,1000
42.877358,-38.702811,1008
41.877358,-38.702811,1016
BREAK
51.877358,-17.702811,1552
50.877358,-17.702811,1576
49.877358,-17.702811,1600
48.877358,-17.702811,1616
47.877358,-16.702811,1624
46.877358,-16.702811,1632
45.877358,-16.702811,1640
44.877358,-16.702811,1648
42.877358,-16.702811,1656
42.877358,-15.702811,1664
41.877358,-15.702811,1672
39.877358,-15.702811,1680
38.877358,-15.702811,1696
37.877358,-15.702811,1704
36.877358,-15.702811,1712
35.877358,-15.702811,1728
34.877358,-15.702811,1736
33.877358,-16.702811,1744
32.877358,-17.702811,1752
31.877358,-17.702811,1760
31.877358,-18.702811,1784
BREAK
