START
51.188679,-20.405622,0
51.188679,-22.405622,31
51.188679,-24.405622,39
51.188679,-27.405622,47
51.188679,-30.405622,55
51.188679,-32.405622,63
51.188679,-35.405622,71
51.188679,-38.405622,79
51.188679,-41.405622,87
51.188679,-43.405622,95
51.188679,-45.405622,103
51.188679,-47.405622,111
51.188679,-48.405622,119
51.188679,-51.405622,127
51.188679,-53.405622,135
51.188679,-54.405622,143
51.188679,-56.405622,151
51.188679,-58.405622,159
51.188679,-59.405622,167
51.188679,-60.405622,175
51.188679,-61.405622,183
51.188679,-62.405622,191
51.188679,-63.405622,199
51.188679,-64.405622,215
51.188679,-65.405622,223
51.188679,-66.405622,231
52.188679,-66.405622,255
53.188679,-67.405622,263
54.188679,-67.405622,287
55.188679,-67.405622,295
56.188679,-67.405622,303
58.188679,-67.405622,311
59.188679,-67.405622,327
61.188679,-67.405622,335
62.188679,-67.405622,351
63.188679,-66.405622,359
63.188679,-65.405622,367
63.188679,-64.405622,375
64.188679,-64.405622,383
64.188679,-63.405622,399
64.188679,-62.405622,407
64.188679,-61.405622,431
64.188679,-60.405622,527
64.188679,-59.405622,535
65.188679,-59.405622,551
66.188679,-58.405622,559
BREAK
