START
35.061321,-34.718876,0
36.061321,-34.718876,409
37.061321,-34.718876,480
38.061321,-34.718876,565
39.061321,-34.718876,589
40.061321,-34.718876,772
40.061321,-33.718876,783
40.061321,-32.718876,954
BREAK
40.061321,-32.718876,2960
41.061321,-32.718876,3323
41.061321,-31.718876,3359
41.061321,-30.718876,3505
BREAK
41.061321,-27.718876,4323
41.061321,-28.718876,4492
41.061321,-29.718876,4515
41.061321,-31.718876,4539
41.061321,-32.718876,4564
41.061321,-34.718876,4575
41.061321,-35.718876,4588
41.061321,-36.718876,4600
41.061321,-37.718876,4611
41.061321,-38.718876,4623
41.061321,-39.718876,4636
41.061321,-40.718876,4660
41.061321,-41.718876,4684
41.061321,-42.718876,5170
41.061321,-43.718876,5182
41.061321,-44.718876,5197
41.061321,-45.718876,5208
41.061321,-46.718876,5219
41.061321,-48.718876,5231
41.061321,-49.718876,5243
41.061321,-50.718876,5256
41.061321,-51.718876,5267
41.061321,-52.718876,5279
41.061321,-53.718876,5292
41.061321,-54.718876,5304
41.061321,-55.718876,5328
41.061321,-56.718876,5340
41.061321,-57.718876,5353
41.061321,-58.718876,5366
41.061321,-59.718876,5377
41.061321,-60.718876,5389
41.061321,-61.718876,5416
41.061321,-62.718876,5487
41.061321,-63.718876,5499
41.061321,-64.718876,5535
41.061321,-65.718876,5573
41.061321,-66.718876,5608
41.061321,-67.718876,5698
41.061321,-68.718876,5779
41.061321,-69.718876,5803
41.061321,-70.718876,5863
41.061321,-71.718876,5912
41.061321,-72.718876,5936
41.061321,-73.718876,5997
41.061321,-74.718876,6082
BREAK
41.061321,-74.718876,6656
42.061321,-74.718876,6750
43.061321,-74.718876,6798
44.061321,-74.718876,6823
46.061321,-74.718876,6849
47.061321,-74.718876,6872
48.061321,-74.718876,6885
49.061321,-74.718876,6920
50.061321,-74.718876,6948
51.061321,-74.718876,6969
52.061321,-74.718876,6993
53.061321,-74.718876,7005
54.061321,-74.718876,7030
55.061321,-74.718876,7066
56.061321,-74.718876,7115
57.061321,-74.718876,7152
58.061321,-74.718876,7176
59.061321,-74.718876,7200
60.061321,-74.718876,7212
61.061321,-74.718876,7260
62.061321,-74.718876,7298
63.061321,-74.718876,7346
64.061321,-74.718876,7371
65.061321,-74.718876,7407
66.061321,-74.718876,7443
67.061321,-74.718876,7491
68.061321,-74.718876,7528
69.061321,-74.718876,7564
BREAK
45.061321,-28.718876,10907
45.061321,-30.718876,11171
45.061321,-33.718876,11195
45.061321,-35.718876,11210
45.061321,-36.718876,11234
45.061321,-37.718876,11258
45.061321,-38.718876,11282
45.061321,-39.718876,11306
45.061321,-40.718876,11320
45.061321,-41.718876,11343
45.061321,-42.718876,11405
45.061321,-43.718876,11428
45.061321,-44.718876,11478
45.061321,-46.718876,11490
45.061321,-47.718876,11513
45.061321,-48.718876,11525
45.061321,-49.718876,11538
45.061321,-50.718876,11562
45.061321,-51.718876,11587
45.061321,-52.718876,11623
45.061321,-53.718876,11635
45.061321,-54.718876,11683
45.061321,-55.718876,11733
45.061321,-56.718876,11769
45.061321,-57.718876,11793
45.061321,-58.718876,11830
45.061321,-59.718876,11854
45.061321,-60.718876,11890
45.061321,-61.718876,11914
45.061321,-62.718876,11939
45.061321,-63.718876,11964
45.061321,-64.718876,11988
45.061321,-65.718876,12048
45.061321,-66.718876,12099
45.061321,-67.718876,12113
45.061321,-68.718876,12316
BREAK
47.061321,-69.718876,15598
BREAK
