START
39.061321,-31.718876,0
40.061321,-31.718876,127
41.061321,-30.718876,159
42.061321,-29.718876,183
42.061321,-28.718876,208
44.061321,-28.718876,216
45.061321,-28.718876,231
46.061321,-28.718876,240
47.061321,-28.718876,247
48.061321,-27.718876,271
48.061321,-28.718876,511
48.061321,-29.718876,527
47.061321,-29.718876,537
47.061321,-30.718876,553
47.061321,-31.718876,576
47.061321,-32.718876,583
47.061321,-33.718876,608
47.061321,-34.718876,624
46.061321,-36.718876,648
46.061321,-37.718876,664
46.061321,-39.718876,672
46.061321,-41.718876,688
46.061321,-42.718876,695
46.061321,-44.718876,712
46.061321,-45.718876,736
46.061321,-46.718876,744
46.061321,-47.718876,753
46.061321,-48.718876,776
46.061321,-49.718876,792
46.061321,-51.718876,816
46.061321,-52.718876,840
46.061321,-53.718876,848
46.061321,-54.718876,864
46.061321,-55.718876,872
46.061321,-56.718876,880
46.061321,-58.718876,896
46.061321,-59.718876,906
46.061321,-60.718876,921
46.061321,-61.718876,928
46.061321,-62.718876,937
46.061321,-63.718876,953
46.061321,-64.718876,960
46.061321,-65.718876,984
46.061321,-66.718876,1008
46.061321,-67.718876,1040
46.061321,-68.718876,1048
46.061321,-69.718876,1072
46.061321,-70.718876,1096
46.061321,-71.718876,1112
46.061321,-72.718876,1121
46.061321,-73.718876,1137
46.061321,-74.718876,1144
46.061321,-75.718876,1160
47.061321,-75.718876,1432
48.061321,-75.718876,1440
50.061321,-75.718876,1456
51.061321,-75.718876,1464
52.061321,-75.718876,1472
53.061321,-75.718876,1480
54.061321,-75.718876,1488
55.061321,-75.718876,1496
56.061321,-75.718876,1512
58.061321,-75.718876,1521
59.061321,-75.718876,1537
60.061321,-75.718876,1544
61.061321,-75.718876,1553
62.061321,-75.718876,1560
64.061321,-75.718876,1569
65.061321,-75.718876,1576
66.061321,-75.718876,1584
68.061321,-75.718876,1592
69.061321,-75.718876,1608
70.061321,-75.718876,1632
71.061321,-75.718876,1672
72.061321,-75.718876,1680
73.061321,-75.718876,1696
75.061321,-75.718876,1704
75.061321,-76.718876,1712
76.061321,-76.718876,1736
76.061321,-75.718876,1936
75.061321,-74.718876,1944
BREAK
