START
19.138779,-27.765229,0
22.633515,-27.765229,68
33.99141,-27.765229,79
50.59141,-27.765229,90
72.433515,-27.765229,102
87.286147,-27.765229,113
93.401936,-27.765229,125
95.149305,-27.765229,136
BREAK
71.559831,-29.512598,3107
73.3072,-81.93365,3334
73.3072,-81.93365,3372
BREAK
31.370357,-33.007335,4385
31.370357,-33.881019,4395
32.244042,-35.628387,4407
32.244042,-37.375756,4418
32.244042,-39.123124,4429
32.244042,-40.870492,4441
32.244042,-43.491545,4452
32.244042,-44.365229,4463
32.244042,-45.238914,4475
32.244042,-46.112598,4486
32.244042,-46.986282,4499
32.244042,-47.859966,4510
32.244042,-49.607335,4522
32.244042,-52.228387,4533
33.117726,-53.102071,4556
33.117726,-53.975756,4567
33.117726,-54.84944,4579
33.117726,-55.723124,4590
33.99141,-56.596808,4601
33.99141,-57.470492,4613
34.865094,-58.344177,4624
35.738779,-58.344177,4636
36.612463,-58.344177,4647
36.612463,-59.217861,4658
37.486147,-59.217861,4670
37.486147,-60.091545,4681
38.359831,-60.091545,4692
39.233515,-60.965229,4704
39.233515,-60.965229,4715
40.1072,-61.838914,4726
41.854568,-61.838914,4738
41.854568,-62.712598,4749
41.854568,-63.586282,4761
43.601936,-63.586282,4772
44.475621,-63.586282,4791
45.349305,-64.459966,4802
46.222989,-64.459966,4814
47.096673,-64.459966,4825
47.970357,-63.586282,4851
48.844042,-63.586282,4869
49.717726,-62.712598,4888
50.59141,-62.712598,4900
51.465094,-61.838914,4922
51.465094,-60.965229,4934
52.338779,-60.965229,4945
53.212463,-60.965229,4956
53.212463,-60.091545,4968
53.212463,-59.217861,4982
54.086147,-59.217861,4993
54.959831,-58.344177,5004
54.959831,-58.344177,5016
55.833515,-57.470492,5027
55.833515,-56.596808,5056
55.833515,-55.723124,5067
54.086147,-55.723124,5090
53.212463,-54.84944,5116
53.212463,-53.975756,5138
54.086147,-53.975756,5149
54.086147,-53.102071,5161
54.086147,-52.228387,5172
54.086147,-52.228387,5184
54.086147,-51.354703,5195
54.086147,-49.607335,5206
54.086147,-48.73365,5218
54.086147,-47.859966,5240
54.086147,-46.986282,5252
54.086147,-45.238914,5263
54.086147,-43.491545,5275
54.959831,-43.491545,5298
54.959831,-41.744177,5309
53.212463,-40.870492,5321
53.212463,-39.996808,5332
53.212463,-39.123124,5344
53.212463,-38.24944,5355
53.212463,-38.24944,5367
53.212463,-36.502071,5378
53.212463,-35.628387,5389
53.212463,-35.628387,5413
53.212463,-34.754703,5427
53.212463,-33.007335,5450
53.212463,-32.13365,5463
53.212463,-32.13365,5486
53.212463,-31.259966,5546
BREAK
53.212463,-31.259966,7798
BREAK
29.622989,-30.386282,8998
BREAK
