START
23.5072,-22.523124,0
23.5072,-23.396808,121
23.5072,-24.270492,130
23.5072,-26.017861,151
23.5072,-26.891545,175
24.380884,-26.891545,185
24.380884,-27.765229,206
25.254568,-27.765229,226
25.254568,-28.638914,238
25.254568,-29.512598,258
25.254568,-30.386282,269
25.254568,-31.259966,279
26.128252,-31.259966,290
26.128252,-32.13365,310
27.001936,-32.13365,320
27.001936,-33.881019,331
27.001936,-34.754703,353
27.001936,-35.628387,374
27.001936,-36.502071,395
27.875621,-37.375756,405
27.875621,-38.24944,425
27.875621,-39.123124,438
27.875621,-39.996808,459
27.875621,-40.870492,472
27.875621,-41.744177,498
27.875621,-42.617861,518
27.875621,-43.491545,533
27.875621,-44.365229,543
28.749305,-44.365229,553
28.749305,-45.238914,564
28.749305,-46.112598,586
29.622989,-46.112598,597
29.622989,-46.986282,618
29.622989,-47.859966,662
29.622989,-48.73365,696
30.496673,-48.73365,716
30.496673,-49.607335,726
31.370357,-49.607335,764
32.244042,-49.607335,808
33.117726,-49.607335,873
33.99141,-49.607335,893
34.865094,-49.607335,903
36.612463,-49.607335,914
37.486147,-49.607335,934
38.359831,-49.607335,945
40.1072,-49.607335,965
41.854568,-49.607335,975
42.728252,-49.607335,999
43.601936,-49.607335,1012
44.475621,-49.607335,1035
45.349305,-49.607335,1056
45.349305,-48.73365,1066
46.222989,-48.73365,1078
46.222989,-47.859966,1088
47.096673,-46.986282,1099
47.970357,-46.986282,1116
47.970357,-46.112598,1137
48.844042,-46.112598,1153
48.844042,-45.238914,1163
50.59141,-44.365229,1173
50.59141,-43.491545,1191
51.465094,-43.491545,1203
51.465094,-42.617861,1213
52.338779,-41.744177,1223
53.212463,-40.870492,1234
54.086147,-40.870492,1248
54.086147,-39.996808,1258
54.959831,-39.123124,1269
55.833515,-38.24944,1279
56.7072,-36.502071,1299
56.7072,-35.628387,1319
56.7072,-34.754703,1336
56.7072,-33.881019,1358
57.580884,-33.007335,1370
57.580884,-32.13365,1391
57.580884,-31.259966,1402
57.580884,-30.386282,1423
57.580884,-29.512598,1444
57.580884,-28.638914,1464
57.580884,-27.765229,1480
57.580884,-26.891545,1500
57.580884,-26.017861,1522
57.580884,-25.144177,1532
57.580884,-24.270492,1542
57.580884,-23.396808,1552
57.580884,-22.523124,1577
57.580884,-21.64944,1586
57.580884,-20.775756,1607
58.454568,-19.902071,1627
58.454568,-19.028387,1679
58.454568,-18.154703,1690
58.454568,-17.281019,1720
BREAK
75.928252,-21.64944,2632
75.928252,-22.523124,2786
75.928252,-24.270492,2795
75.928252,-26.017861,2806
75.928252,-28.638914,2816
75.928252,-30.386282,2827
75.928252,-31.259966,2836
75.928252,-33.007335,2847
75.928252,-34.754703,2858
75.928252,-37.375756,2868
76.801936,-38.24944,2878
77.675621,-39.123124,2888
77.675621,-41.744177,2899
78.549305,-42.617861,2910
78.549305,-43.491545,2919
78.549305,-45.238914,2930
79.422989,-46.112598,2940
79.422989,-46.986282,2951
79.422989,-48.73365,2961
79.422989,-49.607335,2971
79.422989,-50.481019,2982
79.422989,-52.228387,2992
79.422989,-53.102071,3002
79.422989,-53.975756,3012
79.422989,-54.84944,3023
79.422989,-55.723124,3034
79.422989,-57.470492,3043
79.422989,-58.344177,3054
79.422989,-59.217861,3064
79.422989,-60.965229,3075
79.422989,-61.838914,3085
79.422989,-62.712598,3095
79.422989,-63.586282,3106
79.422989,-65.33365,3116
79.422989,-66.207335,3137
79.422989,-68.828387,3147
79.422989,-69.702071,3158
79.422989,-70.575756,3167
79.422989,-72.323124,3178
79.422989,-73.196808,3188
79.422989,-74.070492,3199
79.422989,-74.944177,3209
79.422989,-75.817861,3219
79.422989,-77.565229,3240
79.422989,-78.438914,3261
80.296673,-78.438914,3271
80.296673,-79.312598,3291
80.296673,-80.186282,3317
80.296673,-81.059966,3337
80.296673,-81.93365,3359
80.296673,-82.807335,3369
BREAK
10.401936,-19.028387,4208
10.401936,-18.154703,4316
11.275621,-18.154703,4329
12.149305,-18.154703,4356
13.022989,-18.154703,4367
14.770357,-18.154703,4376
16.517726,-18.154703,4387
19.138779,-18.154703,4397
21.759831,-18.154703,4408
24.380884,-18.154703,4418
28.749305,-18.154703,4428
32.244042,-18.154703,4439
35.738779,-18.154703,4449
39.233515,-18.154703,4459
43.601936,-18.154703,4469
47.096673,-18.154703,4480
50.59141,-18.154703,4491
52.338779,-18.154703,4500
54.959831,-18.154703,4511
58.454568,-18.154703,4521
61.075621,-18.154703,4532
63.696673,-18.154703,4542
66.317726,-18.154703,4552
68.938779,-18.154703,4563
71.559831,-18.154703,4573
72.433515,-18.154703,4583
73.3072,-18.154703,4594
75.054568,-18.154703,4604
77.675621,-18.154703,4615
80.296673,-18.154703,4635
82.917726,-18.154703,4646
83.79141,-18.154703,4656
85.538779,-18.154703,4666
86.412463,-18.154703,4676
88.159831,-18.154703,4687
89.033515,-18.154703,4697
90.780884,-18.154703,4707
91.654568,-18.154703,4718
92.528252,-18.154703,4728
94.275621,-18.154703,4739
96.022989,-18.154703,4749
96.896673,-18.154703,4759
97.770357,-18.154703,4806
98.644042,-18.154703,4827
99.517726,-18.154703,4851
BREAK
