START
48.877358,-26.702811,0
48.877358,-31.702811,144
48.877358,-32.702811,152
48.877358,-33.702811,160
48.877358,-35.702811,176
48.877358,-36.702811,184
48.877358,-37.702811,200
48.877358,-38.702811,208
48.877358,-39.702811,224
48.877358,-40.702811,240
48.877358,-41.702811,256
48.877358,-43.702811,272
48.877358,-44.702811,288
48.877358,-45.702811,296
48.877358,-46.702811,312
48.877358,-47.702811,320
48.877358,-48.702811,336
48.877358,-49.702811,352
48.877358,-51.702811,376
48.877358,-52.702811,392
49.877358,-52.702811,408
49.877358,-53.702811,416
49.877358,-54.702811,424
49.877358,-55.702811,448
49.877358,-56.702811,464
49.877358,-57.702811,488
49.877358,-58.702811,512
49.877358,-59.702811,552
49.877358,-61.702811,568
49.877358,-62.702811,584
49.877358,-63.702811,608
49.877358,-64.702811,632
49.877358,-65.702811,656
49.877358,-66.702811,680
49.877358,-67.702811,712
49.877358,-69.702811,752
49.877358,-70.702811,792
49.877358,-71.702811,860
BREAK
33.877358,-21.702811,1465
38.877358,-22.702811,1624
39.877358,-22.702811,1632
40.877358,-22.702811,1640
41.877358,-23.702811,1648
42.877358,-23.702811,1656
43.877358,-23.702811,1664
45.877358,-23.702811,1672
46.877358,-23.702811,1680
47.877358,-23.702811,1704
48.877358,-23.702811,1728
49.877358,-23.702811,1752
50.877358,-23.702811,1776
51.877358,-23.702811,1784
53.877358,-23.702811,1792
54.877358,-23.702811,1800
55.877358,-23.702811,1808
56.877358,-23.702811,1824
57.877358,-23.702811,1859
58.877358,-23.702811,1864
59.877358,-23.702811,1888
61.877358,-23.702811,1920
62.877358,-23.702811,1944
63.877358,-23.702811,1976
64.877358,-23.702811,2177
64.877358,-24.702811,2184
65.877358,-24.702811,2192
66.877358,-25.702811,2201
BREAK
