START
30.061321,-67.718876,0
31.061321,-67.718876,80
32.061321,-67.718876,97
33.061321,-67.718876,104
34.061321,-67.718876,120
36.061321,-67.718876,133
38.061321,-67.718876,144
39.061321,-67.718876,160
40.061321,-67.718876,178
41.061321,-67.718876,217
42.061321,-67.718876,248
43.061321,-67.718876,280
44.061321,-67.718876,368
45.061321,-67.718876,384
BREAK
39.061321,-67.718876,784
39.061321,-66.718876,813
39.061321,-64.718876,864
38.061321,-64.718876,872
38.061321,-63.718876,880
38.061321,-61.718876,888
38.061321,-59.718876,899
38.061321,-58.718876,904
38.061321,-56.718876,912
38.061321,-54.718876,920
38.061321,-52.718876,928
38.061321,-51.718876,937
38.061321,-49.718876,944
38.061321,-47.718876,952
38.061321,-45.718876,961
38.061321,-44.718876,968
38.061321,-42.718876,978
38.061321,-41.718876,984
38.061321,-40.718876,992
38.061321,-39.718876,1000
38.061321,-38.718876,1015
38.061321,-37.718876,1017
38.061321,-36.718876,1032
38.061321,-35.718876,1040
38.061321,-34.718876,1054
38.061321,-32.718876,1056
38.061321,-31.718876,1072
38.061321,-29.718876,1080
38.061321,-27.718876,1098
38.061321,-26.718876,1104
38.061321,-25.718876,1112
38.061321,-24.718876,1120
38.061321,-23.718876,1128
38.061321,-22.718876,1138
38.061321,-21.718876,1152
38.061321,-20.718876,1160
38.061321,-19.718876,1168
38.061321,-18.718876,1184
38.061321,-17.718876,1192
38.061321,-16.718876,1200
38.061321,-15.718876,1216
38.061321,-14.718876,1240
37.061321,-14.718876,1375
36.061321,-14.718876,1392
35.061321,-14.718876,1400
34.061321,-15.718876,1416
33.061321,-15.718876,1424
32.061321,-15.718876,1440
31.061321,-15.718876,1464
31.061321,-16.718876,1472
32.061321,-16.718876,1872
33.061321,-16.718876,1880
34.061321,-16.718876,1896
35.061321,-16.718876,1912
36.061321,-16.718876,1920
37.061321,-16.718876,1937
38.061321,-16.718876,1944
39.061321,-16.718876,1952
41.061321,-16.718876,1960
42.061321,-16.718876,1968
43.061321,-16.718876,1978
46.061321,-15.718876,1984
47.061321,-15.718876,1992
48.061321,-14.718876,2000
49.061321,-14.718876,2008
50.061321,-14.718876,2018
51.061321,-14.718876,2024
52.061321,-14.718876,2040
53.061321,-14.718876,2064
54.061321,-14.718876,2072
55.061321,-14.718876,2088
56.061321,-14.718876,2098
57.061321,-14.718876,2104
58.061321,-15.718876,2112
59.061321,-16.718876,2120
61.061321,-16.718876,2128
62.061321,-17.718876,2144
64.061321,-18.718876,2160
65.061321,-19.718876,2179
66.061321,-20.718876,2192
67.061321,-21.718876,2208
68.061321,-21.718876,2218
68.061321,-22.718876,2224
69.061321,-23.718876,2240
70.061321,-24.718876,2258
70.061321,-25.718876,2264
71.061321,-26.718876,2280
71.061321,-27.718876,2296
71.061321,-28.718876,2312
71.061321,-29.718876,2320
71.061321,-30.718876,2338
71.061321,-31.718876,2352
71.061321,-32.718876,2360
71.061321,-33.718876,2379
71.061321,-34.718876,2384
70.061321,-35.718876,2392
70.061321,-36.718876,2400
69.061321,-37.718876,2416
69.061321,-38.718876,2432
68.061321,-39.718876,2440
67.061321,-40.718876,2448
67.061321,-41.718876,2458
66.061321,-42.718876,2472
65.061321,-43.718876,2488
63.061321,-43.718876,2520
63.061321,-44.718876,2528
62.061321,-45.718876,2538
60.061321,-45.718876,2552
60.061321,-46.718876,2560
59.061321,-46.718876,2575
58.061321,-46.718876,2584
57.061321,-46.718876,2592
56.061321,-46.718876,2608
55.061321,-46.718876,2624
54.061321,-46.718876,2632
53.061321,-46.718876,2656
52.061321,-46.718876,2672
52.061321,-45.718876,2680
52.061321,-44.718876,2688
52.061321,-43.718876,2704
52.061321,-41.718876,2720
52.061321,-40.718876,2728
52.061321,-38.718876,2744
52.061321,-37.718876,2752
52.061321,-36.718876,2760
52.061321,-34.718876,2776
53.061321,-34.718876,2784
54.061321,-33.718876,2792
55.061321,-33.718876,2800
56.061321,-33.718876,2808
58.061321,-32.718876,2819
59.061321,-31.718876,2824
61.061321,-30.718876,2832
62.061321,-29.718876,2840
63.061321,-28.718876,2848
65.061321,-28.718876,2858
66.061321,-27.718876,2864
67.061321,-27.718876,2872
67.061321,-26.718876,2880
68.061321,-26.718876,2890
70.061321,-26.718876,2904
71.061321,-26.718876,2920
73.061321,-26.718876,2936
74.061321,-26.718876,2952
75.061321,-26.718876,2968
76.061321,-26.718876,2978
77.061321,-26.718876,3000
77.061321,-27.718876,3014
78.061321,-27.718876,3040
79.061321,-27.718876,3064
80.061321,-27.718876,3088
80.061321,-28.718876,3098
81.061321,-28.718876,3128
BREAK
