START
29.051887,-24.859438,0
29.051887,-25.859438,70
29.051887,-29.859438,80
29.051887,-34.859438,90
29.051887,-39.859438,100
29.051887,-46.859438,110
29.051887,-54.859438,119
29.051887,-59.859438,130
29.051887,-65.859438,140
29.051887,-70.859438,150
29.051887,-73.859438,159
29.051887,-77.859438,170
29.051887,-79.859438,180
29.051887,-80.859438,190
29.051887,-82.859438,199
29.051887,-83.859438,210
29.051887,-85.859438,220
29.051887,-86.859438,230
29.051887,-87.859438,240
29.051887,-88.859438,260
29.051887,-89.859438,270
28.051887,-89.859438,369
28.051887,-85.859438,389
28.051887,-82.859438,400
BREAK
30.051887,-25.859438,918
32.051887,-25.859438,1028
33.051887,-25.859438,1037
34.051887,-25.859438,1048
35.051887,-25.859438,1108
36.051887,-25.859438,1148
38.051887,-25.859438,1167
39.051887,-25.859438,1247
42.051887,-26.859438,1257
43.051887,-26.859438,1278
44.051887,-26.859438,1347
45.051887,-27.859438,1457
45.051887,-29.859438,1477
45.051887,-30.859438,1487
45.051887,-32.859438,1496
45.051887,-35.859438,1507
45.051887,-38.859438,1517
45.051887,-40.859438,1527
45.051887,-42.859438,1536
45.051887,-44.859438,1547
45.051887,-46.859438,1567
45.051887,-47.859438,1576
45.051887,-48.859438,1607
45.051887,-49.859438,1626
45.051887,-50.859438,1647
45.051887,-51.859438,1657
45.051887,-52.859438,1676
45.051887,-53.859438,1687
45.051887,-54.859438,1697
45.051887,-56.859438,1706
46.051887,-56.859438,1716
47.051887,-57.859438,1726
48.051887,-59.859438,1737
49.051887,-59.859438,1746
50.051887,-60.859438,1756
51.051887,-60.859438,1777
52.051887,-60.859438,1786
53.051887,-60.859438,1796
54.051887,-60.859438,1806
55.051887,-60.859438,1817
56.051887,-60.859438,1826
57.051887,-60.859438,1836
58.051887,-59.859438,1846
59.051887,-58.859438,1856
61.051887,-58.859438,1866
62.051887,-57.859438,1876
64.051887,-56.859438,1886
65.051887,-56.859438,1896
66.051887,-55.859438,1907
67.051887,-54.859438,1916
69.051887,-52.859438,1946
69.051887,-51.859438,1956
70.051887,-49.859438,1966
71.051887,-45.859438,1976
71.051887,-43.859438,1986
72.051887,-41.859438,1996
73.051887,-37.859438,2006
74.051887,-34.859438,2016
74.051887,-31.859438,2026
74.051887,-27.859438,2035
74.051887,-25.859438,2046
74.051887,-23.859438,2056
75.051887,-21.859438,2066
75.051887,-18.859438,2075
75.051887,-17.859438,2086
75.051887,-15.859438,2096
75.051887,-14.859438,2106
75.051887,-12.859438,2115
75.051887,-11.859438,2136
BREAK
