START
26.051887,-17.859438,0
26.051887,-18.859438,287
26.051887,-19.859438,303
26.051887,-21.859438,319
26.051887,-23.859438,327
26.051887,-24.859438,351
26.051887,-25.859438,367
26.051887,-26.859438,383
26.051887,-27.859438,415
25.051887,-27.859438,447
25.051887,-30.859438,455
25.051887,-32.859438,487
25.051887,-33.859438,503
25.051887,-34.859438,519
25.051887,-35.859438,559
25.051887,-37.859438,575
25.051887,-38.859438,591
25.051887,-39.859438,607
25.051887,-40.859438,631
25.051887,-41.859438,639
25.051887,-43.859438,655
25.051887,-45.859438,671
25.051887,-46.859438,695
25.051887,-47.859438,727
25.051887,-48.859438,775
25.051887,-49.859438,783
25.051887,-50.859438,807
25.051887,-52.859438,823
25.051887,-54.859438,848
25.051887,-55.859438,887
25.051887,-56.859438,927
25.051887,-57.859438,935
25.051887,-58.859438,967
25.051887,-60.859438,991
25.051887,-61.859438,999
25.051887,-62.859438,1023
25.051887,-63.859438,1039
25.051887,-65.859438,1063
25.051887,-66.859438,1095
25.051887,-68.859438,1111
25.051887,-69.859438,1119
25.051887,-70.859438,1143
25.051887,-71.859438,1159
25.051887,-72.859438,1175
25.051887,-73.859438,1191
25.051887,-76.859438,1239
25.051887,-77.859438,1279
25.051887,-78.859438,1311
25.051887,-79.859438,1335
25.051887,-80.859438,1343
25.051887,-81.859438,1367
25.051887,-83.859438,1399
25.051887,-84.859438,1423
25.051887,-85.859438,1455
25.051887,-87.859438,1463
25.051887,-88.859438,1479
25.051887,-89.859438,1519
25.051887,-91.859438,1575
25.051887,-92.859438,1583
25.051887,-93.859438,1631
25.051887,-94.859438,1671
25.051887,-95.859438,1759
BREAK
24.051887,-14.859438,9193
26.051887,-14.859438,9448
27.051887,-14.859438,9480
28.051887,-14.859438,9552
29.051887,-14.859438,9584
29.051887,-13.859438,9656
30.051887,-13.859438,9664
31.051887,-13.859438,9768
34.051887,-13.859438,10024
35.051887,-13.859438,10136
BREAK
35.051887,-15.859438,17809
35.051887,-16.859438,17992
35.051887,-18.859438,18008
35.051887,-19.859438,18032
35.051887,-21.859438,18048
35.051887,-22.859438,18144
35.051887,-23.859438,18184
35.051887,-24.859438,18224
35.051887,-26.859438,18256
36.051887,-27.859438,18296
36.051887,-28.859438,18328
36.051887,-29.859438,18344
38.051887,-30.859438,18368
38.051887,-32.859438,18400
39.051887,-34.859438,18424
39.051887,-35.859438,18440
40.051887,-36.859438,18464
41.051887,-37.859438,18480
41.051887,-38.859438,18520
42.051887,-38.859438,18576
42.051887,-39.859438,18584
44.051887,-40.859438,18616
46.051887,-40.859438,18704
46.051887,-43.859438,18728
47.051887,-43.859438,18736
48.051887,-44.859438,18744
49.051887,-44.859438,18768
50.051887,-44.859438,18832
51.051887,-44.859438,18856
53.051887,-44.859438,18889
55.051887,-44.859438,18919
56.051887,-44.859438,18943
57.051887,-44.859438,18984
60.051887,-44.859438,19008
60.051887,-41.859438,19016
61.051887,-41.859438,19040
62.051887,-41.859438,19072
63.051887,-41.859438,19080
63.051887,-40.859438,19104
64.051887,-40.859438,19160
64.051887,-39.859438,19200
66.051887,-39.859438,19248
68.051887,-38.859438,19264
68.051887,-37.859438,19313
69.051887,-37.859438,19320
69.051887,-36.859438,19353
70.051887,-36.859438,19368
70.051887,-35.859438,19401
71.051887,-35.859438,19433
72.051887,-33.859438,19465
72.051887,-32.859438,19481
73.051887,-32.859438,19505
73.051887,-30.859438,19537
75.051887,-29.859438,19585
75.051887,-28.859438,19601
75.051887,-27.859438,19625
77.051887,-25.859438,19657
77.051887,-24.859438,19689
77.051887,-23.859438,19705
78.051887,-22.859438,19737
78.051887,-21.859438,19769
78.051887,-19.859438,19777
78.051887,-17.859438,19817
79.051887,-17.859438,19865
79.051887,-16.859438,19889
79.051887,-15.859438,19905
79.051887,-14.859438,19985
BREAK
