START
47.411497,-37.438057,0
45.479293,-30.675345,6
45.479293,-29.709244,14
46.445395,-29.709244,29
47.411497,-28.743142,44
48.377598,-27.77704,74
49.3437,-27.77704,89
50.309802,-27.77704,112
51.275903,-26.810939,134
52.242005,-26.810939,142
53.208107,-26.810939,157
54.174209,-26.810939,179
55.14031,-26.810939,196
56.106412,-26.810939,211
57.072514,-26.810939,226
58.038615,-26.810939,241
58.038615,-27.77704,256
59.004717,-27.77704,271
59.004717,-28.743142,286
59.970819,-28.743142,308
60.93692,-28.743142,323
61.903022,-29.709244,338
62.869124,-30.675345,361
63.835225,-30.675345,376
63.835225,-31.641447,391
64.801327,-31.641447,406
65.767429,-32.607549,421
66.733531,-33.573651,451
67.699632,-34.539752,466
67.699632,-35.505854,481
67.699632,-36.471956,496
68.665734,-37.438057,527
68.665734,-38.404159,542
68.665734,-39.370261,557
69.631836,-39.370261,565
69.631836,-40.336362,573
69.631836,-41.302464,580
69.631836,-42.268566,595
68.665734,-43.234667,618
68.665734,-44.200769,633
68.665734,-45.166871,648
67.699632,-46.132973,655
67.699632,-47.099074,670
66.733531,-47.099074,678
66.733531,-48.065176,685
65.767429,-48.065176,693
65.767429,-49.031278,708
64.801327,-49.997379,723
63.835225,-50.963481,738
62.869124,-50.963481,753
61.903022,-50.963481,768
60.93692,-50.963481,783
60.93692,-51.929583,798
59.970819,-51.929583,813
59.004717,-51.929583,829
58.038615,-52.895684,859
57.072514,-53.861786,889
56.106412,-54.827888,904
55.14031,-55.79399,934
56.106412,-54.827888,1002
57.072514,-54.827888,1122
57.072514,-53.861786,1138
58.038615,-53.861786,1153
59.004717,-53.861786,1168
59.970819,-53.861786,1199
60.93692,-54.827888,1229
61.903022,-54.827888,1244
61.903022,-55.79399,1259
62.869124,-56.760091,1266
62.869124,-57.726193,1281
63.835225,-58.692295,1296
64.801327,-59.658396,1311
65.767429,-60.624498,1334
65.767429,-61.5906,1349
65.767429,-62.556701,1356
66.733531,-63.522803,1364
66.733531,-64.488905,1379
66.733531,-65.455006,1394
66.733531,-66.421108,1402
67.699632,-67.38721,1424
67.699632,-68.353312,1448
67.699632,-69.319413,1455
67.699632,-70.285515,1470
67.699632,-71.251617,1485
67.699632,-72.217718,1508
67.699632,-73.18382,1523
67.699632,-74.149922,1538
66.733531,-75.116023,1545
66.733531,-76.082125,1560
66.733531,-77.048227,1575
65.767429,-78.014329,1583
64.801327,-78.98043,1598
64.801327,-79.946532,1613
63.835225,-79.946532,1621
63.835225,-80.912634,1628
62.869124,-80.912634,1643
61.903022,-81.878735,1658
60.93692,-81.878735,1666
59.970819,-81.878735,1681
59.004717,-81.878735,1688
58.038615,-81.878735,1703
57.072514,-81.878735,1711
56.106412,-81.878735,1718
55.14031,-81.878735,1726
54.174209,-81.878735,1733
53.208107,-81.878735,1741
52.242005,-81.878735,1749
51.275903,-81.878735,1756
50.309802,-81.878735,1764
49.3437,-81.878735,1779
48.377598,-81.878735,1787
47.411497,-80.912634,1795
46.445395,-80.912634,1809
45.479293,-79.946532,1817
44.513192,-79.946532,1832
43.54709,-79.946532,1840
42.580988,-78.98043,1847
41.614886,-78.98043,1862
40.648785,-78.98043,1870
40.648785,-78.014329,1877
39.682683,-78.014329,1885
39.682683,-77.048227,1892
38.716581,-77.048227,1900
37.75048,-76.082125,1907
36.784378,-75.116023,1922
35.818276,-74.149922,1945
34.852175,-73.18382,1952
33.886073,-72.217718,1967
32.919971,-71.251617,1983
32.919971,-70.285515,1990
31.95387,-70.285515,1998
31.95387,-69.319413,2005
31.95387,-68.353312,2013
30.987768,-67.38721,2028
30.987768,-66.421108,2035
30.987768,-65.455006,2043
30.021666,-64.488905,2050
30.021666,-63.522803,2058
30.021666,-62.556701,2065
29.055564,-61.5906,2074
29.055564,-60.624498,2081
28.089463,-59.658396,2089
28.089463,-58.692295,2096
28.089463,-57.726193,2104
27.123361,-57.726193,2111
27.123361,-56.760091,2119
27.123361,-55.79399,2126
26.157259,-55.79399,2141
26.157259,-54.827888,2157
26.157259,-53.861786,2172
25.191158,-52.895684,2194
BREAK
48.377598,-8.4550065,4110
53.208107,-9.4211082,4117
54.174209,-9.4211082,4124
55.14031,-10.38721,4139
55.14031,-9.4211082,4147
56.106412,-10.38721,4162
57.072514,-10.38721,4169
58.038615,-10.38721,4184
59.004717,-10.38721,4199
59.004717,-11.353312,4207
59.970819,-11.353312,4214
60.93692,-11.353312,4222
61.903022,-11.353312,4237
62.869124,-11.353312,4244
63.835225,-11.353312,4252
64.801327,-11.353312,4268
65.767429,-12.319413,4276
66.733531,-12.319413,4291
67.699632,-12.319413,4306
67.699632,-13.285515,4321
68.665734,-13.285515,4328
69.631836,-13.285515,4336
70.597937,-13.285515,4351
71.564039,-14.251617,4366
72.530141,-14.251617,4381
73.496242,-14.251617,4396
73.496242,-15.217718,4403
74.462344,-15.217718,4418
75.428446,-15.217718,4433
76.394547,-16.18382,4448
77.360649,-16.18382,4463
77.360649,-17.149922,4479
78.326751,-17.149922,4494
79.292853,-18.116023,4509
80.258954,-19.082125,4524
80.258954,-20.048227,4539
81.225056,-21.014329,4554
82.191158,-21.98043,4569
83.157259,-22.946532,4585
84.123361,-23.912634,4607
84.123361,-24.878735,4615
84.123361,-25.844837,4630
85.089463,-25.844837,4637
85.089463,-26.810939,4645
85.089463,-27.77704,4653
86.055564,-28.743142,4667
86.055564,-29.709244,4675
86.055564,-30.675345,4690
86.055564,-31.641447,4698
87.021666,-32.607549,4720
87.021666,-33.573651,4735
87.021666,-34.539752,4750
87.021666,-35.505854,4765
87.021666,-36.471956,4773
87.021666,-37.438057,4781
87.021666,-38.404159,4795
87.021666,-39.370261,4818
87.021666,-40.336362,4833
86.055564,-41.302464,4848
86.055564,-42.268566,4870
86.055564,-43.234667,4886
85.089463,-44.200769,4893
85.089463,-45.166871,4909
84.123361,-46.132973,4924
84.123361,-47.099074,4939
83.157259,-48.065176,4954
83.157259,-49.031278,4962
82.191158,-49.031278,4977
81.225056,-49.997379,4992
80.258954,-49.997379,5007
80.258954,-50.963481,5015
79.292853,-50.963481,5022
78.326751,-50.963481,5037
77.360649,-51.929583,5052
76.394547,-51.929583,5060
75.428446,-51.929583,5074
74.462344,-51.929583,5082
73.496242,-51.929583,5090
72.530141,-52.895684,5105
71.564039,-52.895684,5112
70.597937,-52.895684,5135
69.631836,-52.895684,5150
68.665734,-52.895684,5165
67.699632,-52.895684,5211
68.665734,-52.895684,5248
BREAK
