START
36.877358,-21.859438,0
36.877358,-22.859438,200
36.877358,-23.859438,216
36.877358,-25.859438,224
35.877358,-25.859438,264
35.877358,-26.859438,296
35.877358,-27.859438,320
35.877358,-28.859438,344
35.877358,-29.859438,352
35.877358,-30.859438,376
35.877358,-31.859438,384
35.877358,-32.859438,392
35.877358,-33.859438,400
35.877358,-34.859438,432
35.877358,-35.859438,440
35.877358,-36.859438,448
35.877358,-37.859438,472
35.877358,-38.859438,488
35.877358,-39.859438,504
35.877358,-40.859438,528
35.877358,-41.859438,544
35.877358,-42.859438,576
35.877358,-43.859438,592
35.877358,-44.859438,600
35.877358,-45.859438,616
35.877358,-46.859438,648
35.877358,-47.859438,672
35.877358,-48.859438,680
35.877358,-49.859438,698
35.877358,-50.859438,738
35.877358,-51.859438,754
35.877358,-52.859438,770
35.877358,-53.859438,778
36.877358,-53.859438,794
36.877358,-54.859438,802
36.877358,-55.859438,810
36.877358,-56.859438,858
37.877358,-57.859438,875
38.877358,-58.859438,890
40.877358,-59.859438,898
41.877358,-60.859438,915
42.877358,-60.859438,922
43.877358,-60.859438,930
44.877358,-60.859438,938
45.877358,-60.859438,962
46.877358,-60.859438,994
48.877358,-60.859438,1010
49.877358,-61.859438,1034
50.877358,-61.859438,1066
51.877358,-61.859438,1083
52.877358,-61.859438,1090
53.877358,-61.859438,1106
54.877358,-61.859438,1130
55.877358,-61.859438,1146
56.877358,-61.859438,1170
57.877358,-61.859438,1194
59.877358,-61.859438,1218
61.877358,-60.859438,1282
62.877358,-60.859438,1306
63.877358,-60.859438,1322
63.877358,-59.859438,1346
64.877358,-58.859438,1371
65.877358,-57.859438,1386
66.877358,-57.859438,1410
67.877358,-56.859438,1418
68.877358,-55.859438,1450
69.877358,-54.859438,1466
70.877358,-53.859438,1491
71.877358,-52.859438,1546
72.877358,-51.859438,1610
73.877358,-50.859438,1626
73.877358,-49.859438,1650
73.877358,-48.859438,1667
74.877358,-48.859438,1699
BREAK
75.877358,-9.8594378,8819
74.877358,-9.8594378,9019
74.877358,-10.859438,9027
74.877358,-11.859438,9035
74.877358,-12.859438,9050
73.877358,-12.859438,9059
73.877358,-13.859438,9075
73.877358,-14.859438,9083
73.877358,-15.859438,9090
73.877358,-16.859438,9099
73.877358,-17.859438,9123
73.877358,-18.859438,9130
73.877358,-19.859438,9155
73.877358,-20.859438,9163
73.877358,-21.859438,9195
73.877358,-22.859438,9219
73.877358,-23.859438,9235
73.877358,-24.859438,9251
73.877358,-25.859438,9275
73.877358,-27.859438,9307
73.877358,-28.859438,9331
73.877358,-29.859438,9347
73.877358,-30.859438,9363
73.877358,-31.859438,9395
73.877358,-32.859438,9411
73.877358,-33.859438,9418
73.877358,-34.859438,9435
73.877358,-35.859438,9451
73.877358,-37.859438,9459
73.877358,-38.859438,9483
73.877358,-39.859438,9499
73.877358,-40.859438,9515
73.877358,-41.859438,9523
73.877358,-42.859438,9531
73.877358,-44.859438,9546
73.877358,-46.859438,9563
73.877358,-48.859438,9586
73.877358,-49.859438,9611
73.877358,-50.859438,9619
73.877358,-51.859438,9626
73.877358,-52.859438,9635
73.877358,-54.859438,9651
73.877358,-55.859438,9667
73.877358,-57.859438,9675
73.877358,-58.859438,9691
73.877358,-59.859438,9699
73.877358,-61.859438,9707
73.877358,-62.859438,9715
73.877358,-63.859438,9731
73.877358,-65.859438,9739
73.877358,-66.859438,9747
73.877358,-67.859438,9755
73.877358,-68.859438,9779
73.877358,-69.859438,9787
73.877358,-70.859438,9811
73.877358,-71.859438,9827
73.877358,-72.859438,9875
73.877358,-74.859438,9915
73.877358,-75.859438,9939
73.877358,-76.859438,9947
73.877358,-77.859438,9979
73.877358,-78.859438,10027
73.877358,-79.859438,10051
73.877358,-80.859438,10067
73.877358,-81.859438,10075
73.877358,-82.859438,10099
73.877358,-83.859438,10131
73.877358,-84.859438,10171
73.877358,-85.859438,10203
73.877358,-86.859438,10275
73.877358,-87.859438,10307
73.877358,-88.859438,10523
73.877358,-89.859438,10843
BREAK
