START
30.877358,-25.859438,0
30.877358,-26.859438,164
30.877358,-27.859438,184
30.877358,-28.859438,204
30.877358,-29.859438,214
30.877358,-30.859438,224
30.877358,-31.859438,234
30.877358,-32.859438,254
30.877358,-33.859438,264
30.877358,-34.859438,274
30.877358,-35.859438,294
30.877358,-36.859438,305
30.877358,-37.859438,315
30.877358,-38.859438,335
30.877358,-39.859438,355
30.877358,-40.859438,365
30.877358,-41.859438,385
31.877358,-41.859438,395
31.877358,-42.859438,405
31.877358,-44.859438,425
32.877358,-44.859438,435
32.877358,-45.859438,446
32.877358,-46.859438,476
32.877358,-47.859438,496
32.877358,-48.859438,506
32.877358,-49.859438,526
33.877358,-49.859438,536
33.877358,-50.859438,546
34.877358,-50.859438,556
34.877358,-51.859438,566
35.877358,-51.859438,587
35.877358,-52.859438,597
36.877358,-52.859438,637
36.877358,-53.859438,647
37.877358,-53.859438,667
38.877358,-53.859438,677
39.877358,-53.859438,698
40.877358,-53.859438,708
41.877358,-53.859438,728
42.877358,-53.859438,738
43.877358,-53.859438,768
44.877358,-53.859438,798
45.877358,-53.859438,849
46.877358,-53.859438,859
47.877358,-53.859438,939
48.877358,-53.859438,969
49.877358,-53.859438,1000
50.877358,-53.859438,1070
51.877358,-53.859438,1090
52.877358,-52.859438,1111
53.877358,-52.859438,1141
54.877358,-52.859438,1181
54.877358,-51.859438,1201
55.877358,-51.859438,1211
55.877358,-50.859438,1231
56.877358,-50.859438,1282
56.877358,-49.859438,1342
56.877358,-48.859438,1383
57.877358,-48.859438,1423
57.877358,-47.859438,1433
57.877358,-46.859438,1503
57.877358,-45.859438,1544
58.877358,-45.859438,1735
59.877358,-44.859438,1755
60.877358,-43.859438,1765
BREAK
57.877358,-21.859438,2692
57.877358,-22.859438,2893
57.877358,-23.859438,2913
57.877358,-24.859438,2923
57.877358,-25.859438,2934
57.877358,-26.859438,2944
57.877358,-27.859438,2954
57.877358,-29.859438,2964
57.877358,-30.859438,2974
57.877358,-32.859438,2984
57.877358,-34.859438,2994
57.877358,-35.859438,3004
57.877358,-37.859438,3016
57.877358,-39.859438,3024
57.877358,-40.859438,3034
57.877358,-42.859438,3044
57.877358,-43.859438,3055
57.877358,-45.859438,3065
57.877358,-46.859438,3075
57.877358,-47.859438,3085
57.877358,-49.859438,3095
57.877358,-51.859438,3115
57.877358,-52.859438,3125
57.877358,-53.859438,3135
57.877358,-54.859438,3145
57.877358,-55.859438,3155
57.877358,-56.859438,3165
57.877358,-57.859438,3175
57.877358,-58.859438,3185
57.877358,-59.859438,3195
57.877358,-60.859438,3206
57.877358,-61.859438,3226
57.877358,-62.859438,3236
57.877358,-63.859438,3246
57.877358,-64.859438,3266
57.877358,-65.859438,3276
57.877358,-66.859438,3306
57.877358,-67.859438,3316
57.877358,-68.859438,3336
57.877358,-69.859438,3347
57.877358,-70.859438,3357
57.877358,-71.859438,3377
57.877358,-72.859438,3397
57.877358,-73.859438,3407
57.877358,-74.859438,3417
57.877358,-75.859438,3447
57.877358,-76.859438,3457
57.877358,-77.859438,3478
57.877358,-78.859438,3498
57.877358,-79.859438,3518
57.877358,-80.859438,3538
57.877358,-81.859438,3578
57.877358,-82.859438,3588
57.877358,-83.859438,3619
57.877358,-84.859438,3820
57.877358,-85.859438,3840
57.877358,-86.859438,3870
57.877358,-87.859438,3911
57.877358,-88.859438,3941
58.877358,-87.859438,4344
BREAK
