START
36.071109,-28.119017,0
35.289154,-27.337063,316
34.5072,-27.337063,333
34.5072,-25.773153,349
33.725245,-25.773153,366
33.725245,-24.991198,399
32.161335,-24.991198,432
31.37938,-24.991198,466
30.597425,-24.991198,482
29.81547,-24.991198,515
29.033515,-24.991198,532
28.251561,-24.991198,565
27.469606,-24.991198,582
26.687651,-24.991198,615
25.905696,-24.991198,649
25.123741,-24.991198,698
24.341786,-24.991198,748
23.559831,-24.991198,781
22.777876,-24.991198,798
22.777876,-25.773153,847
22.777876,-26.555108,930
22.777876,-27.337063,947
21.995921,-28.119017,964
21.213967,-28.900972,981
21.213967,-30.464882,997
20.432012,-30.464882,1014
20.432012,-32.028792,1047
19.650057,-32.810747,1096
19.650057,-34.374657,1113
19.650057,-35.156611,1130
18.086147,-36.720521,1146
17.304192,-37.502476,1163
17.304192,-39.066386,1196
16.522237,-39.848341,1263
16.522237,-40.630296,1296
16.522237,-42.194205,1313
16.522237,-42.97616,1329
15.740282,-44.54007,1346
15.740282,-45.322025,1362
15.740282,-46.10398,1379
15.740282,-46.885935,1412
15.740282,-47.66789,1428
15.740282,-48.449844,1462
15.740282,-50.013754,1495
15.740282,-51.577664,1528
15.740282,-52.359619,1545
15.740282,-53.141574,1561
16.522237,-53.923529,1578
16.522237,-54.705484,1595
16.522237,-56.269393,1611
17.304192,-57.833303,1628
17.304192,-58.615258,1645
18.086147,-60.179168,1661
18.868102,-60.961123,1678
18.868102,-61.743078,1695
19.650057,-62.525032,1711
19.650057,-63.306987,1728
20.432012,-63.306987,1744
21.213967,-63.306987,1760
21.995921,-64.088942,1777
22.777876,-64.870897,1794
23.559831,-65.652852,1811
24.341786,-65.652852,1827
25.123741,-65.652852,1844
25.123741,-67.216762,1860
25.905696,-67.216762,1877
26.687651,-67.216762,1894
27.469606,-67.216762,1927
28.251561,-67.216762,1944
29.033515,-66.434807,1960
29.81547,-66.434807,1977
31.37938,-65.652852,1993
32.161335,-65.652852,2010
32.94329,-64.088942,2026
34.5072,-64.088942,2043
35.289154,-64.088942,2060
36.071109,-63.306987,2076
36.853064,-62.525032,2109
36.853064,-61.743078,2126
39.198929,-60.179168,2143
39.980884,-59.397213,2159
40.762839,-58.615258,2192
41.544794,-58.615258,2209
41.544794,-57.051348,2226
41.544794,-56.269393,2259
42.326748,-55.487438,2276
42.326748,-54.705484,2292
42.326748,-53.141574,2309
43.108703,-51.577664,2326
43.108703,-50.795709,2342
44.672613,-50.795709,2359
44.672613,-50.013754,2392
44.672613,-49.231799,2425
44.672613,-48.449844,2441
44.672613,-46.885935,2458
44.672613,-44.54007,2475
44.672613,-43.758115,2492
44.672613,-42.194205,2508
44.672613,-41.412251,2542
44.672613,-40.630296,2558
44.672613,-39.848341,2591
44.672613,-39.066386,2624
43.890658,-39.066386,2658
43.890658,-38.284431,2674
42.326748,-38.284431,2690
41.544794,-37.502476,2707
40.762839,-37.502476,2724
40.762839,-35.938566,2740
39.980884,-35.156611,2757
39.198929,-34.374657,2790
39.198929,-33.592702,2807
39.198929,-32.810747,2824
39.198929,-32.028792,3040
39.198929,-31.246837,3056
39.198929,-30.464882,3089
39.198929,-29.682927,3105
BREAK
66.56735,-24.991198,5085
65.785395,-24.991198,5331
65.00344,-24.991198,5347
64.221485,-24.991198,5364
63.43953,-24.991198,5381
62.657576,-24.991198,5397
61.093666,-24.991198,5414
60.311711,-24.991198,5430
59.529756,-24.991198,5447
58.747801,-24.991198,5463
57.965846,-24.991198,5480
57.183891,-24.991198,5497
56.401936,-25.773153,5513
55.619982,-25.773153,5530
55.619982,-26.555108,5546
54.056072,-27.337063,5580
53.274117,-27.337063,5596
52.492162,-28.900972,5629
52.492162,-29.682927,5696
52.492162,-30.464882,5713
52.492162,-32.810747,5729
51.710207,-34.374657,5746
51.710207,-36.720521,5762
51.710207,-37.502476,5779
50.146297,-39.066386,5795
50.146297,-39.848341,5812
49.364342,-39.848341,5845
49.364342,-41.412251,5879
49.364342,-42.194205,5928
49.364342,-42.97616,5978
49.364342,-43.758115,5995
49.364342,-44.54007,6011
49.364342,-46.10398,6028
49.364342,-46.885935,6045
48.582388,-48.449844,6061
48.582388,-49.231799,6078
48.582388,-50.013754,6111
48.582388,-50.795709,6127
48.582388,-51.577664,6144
48.582388,-52.359619,6161
48.582388,-53.141574,6177
48.582388,-53.923529,6193
48.582388,-54.705484,6227
48.582388,-55.487438,6261
48.582388,-56.269393,6294
48.582388,-57.051348,6327
48.582388,-57.833303,6343
48.582388,-59.397213,6360
48.582388,-60.179168,6377
48.582388,-60.961123,6393
48.582388,-61.743078,6426
49.364342,-62.525032,6476
50.146297,-63.306987,6493
50.928252,-63.306987,6509
52.492162,-64.870897,6526
54.056072,-64.870897,6543
56.401936,-65.652852,6559
57.965846,-65.652852,6576
58.747801,-66.434807,6592
59.529756,-66.434807,6609
60.311711,-66.434807,6626
61.093666,-66.434807,6642
61.875621,-66.434807,6659
62.657576,-66.434807,6675
63.43953,-66.434807,6709
64.221485,-66.434807,6725
65.00344,-66.434807,6758
65.785395,-66.434807,6775
66.56735,-66.434807,6792
68.13126,-66.434807,6825
68.913215,-66.434807,6842
70.477124,-65.652852,6858
72.041034,-65.652852,6875
73.604944,-64.870897,6891
75.168854,-64.870897,6908
75.950809,-64.870897,6925
77.514718,-63.306987,6941
78.296673,-63.306987,6958
79.860583,-61.743078,6991
80.642538,-61.743078,7007
80.642538,-60.961123,7041
82.206448,-60.961123,7058
82.206448,-60.179168,7074
82.988403,-60.179168,7091
82.988403,-59.397213,7107
82.988403,-58.615258,7124
82.988403,-57.051348,7140
82.988403,-55.487438,7157
82.988403,-53.923529,7174
82.988403,-53.141574,7190
82.206448,-51.577664,7207
81.424493,-50.795709,7223
81.424493,-50.013754,7240
79.860583,-48.449844,7257
78.296673,-46.10398,7274
77.514718,-43.758115,7290
75.950809,-41.412251,7306
75.168854,-38.284431,7323
73.604944,-35.938566,7340
72.822989,-34.374657,7357
72.822989,-33.592702,7373
72.041034,-32.810747,7406
72.041034,-32.028792,7440
72.041034,-31.246837,7456
72.041034,-30.464882,7489
71.259079,-29.682927,7522
70.477124,-29.682927,7539
70.477124,-28.119017,7556
69.69517,-28.119017,7622
69.69517,-27.337063,7772
BREAK
