START
35.75,-26.859438,0
35.75,-27.859438,60
35.75,-29.859438,90
35.75,-33.859438,100
35.75,-35.859438,120
35.75,-39.859438,130
35.75,-41.859438,140
35.75,-44.859438,160
35.75,-46.859438,170
35.75,-48.859438,180
35.75,-50.859438,200
35.75,-51.859438,210
35.75,-52.859438,220
35.75,-54.859438,240
35.75,-56.859438,250
35.75,-59.859438,260
35.75,-60.859438,280
36.75,-62.859438,300
36.75,-63.859438,310
37.75,-63.859438,320
38.75,-63.859438,360
38.75,-64.859438,370
38.75,-65.859438,390
40.75,-65.859438,400
41.75,-68.859438,410
42.75,-68.859438,430
44.75,-69.859438,450
45.75,-69.859438,461
47.75,-70.859438,481
48.75,-70.859438,501
49.75,-70.859438,511
50.75,-70.859438,521
52.75,-70.859438,541
53.75,-70.859438,561
54.75,-70.859438,581
56.75,-70.859438,591
57.75,-70.859438,611
58.75,-70.859438,621
60.75,-69.859438,641
62.75,-68.859438,651
62.75,-66.859438,671
63.75,-65.859438,681
63.75,-64.859438,691
63.75,-63.859438,721
64.75,-60.859438,731
64.75,-58.859438,751
64.75,-56.859438,761
64.75,-55.859438,791
64.75,-52.859438,811
64.75,-51.859438,821
64.75,-50.859438,841
64.75,-49.859438,861
64.75,-48.859438,881
64.75,-46.859438,891
64.75,-45.859438,911
65.75,-39.859438,921
65.75,-37.859438,941
65.75,-32.859438,971
65.75,-29.859438,981
65.75,-28.859438,1001
65.75,-27.859438,1021
65.75,-26.859438,1031
BREAK
