START
43.601936,-46.986282,0
42.728252,-46.986282,163
41.854568,-46.112598,172
40.980884,-46.112598,198
40.1072,-46.112598,217
38.359831,-46.112598,235
37.486147,-46.112598,254
36.612463,-46.112598,263
35.738779,-46.112598,272
34.865094,-46.112598,291
33.99141,-46.112598,300
33.117726,-46.112598,309
32.244042,-46.112598,319
31.370357,-46.112598,344
30.496673,-46.112598,363
29.622989,-46.986282,386
28.749305,-46.986282,405
28.749305,-47.859966,421
27.875621,-47.859966,437
27.875621,-48.73365,447
27.001936,-48.73365,456
26.128252,-49.607335,465
25.254568,-50.481019,484
25.254568,-51.354703,493
25.254568,-52.228387,503
25.254568,-53.975756,521
25.254568,-54.84944,540
25.254568,-55.723124,558
25.254568,-56.596808,577
25.254568,-57.470492,586
25.254568,-58.344177,605
25.254568,-59.217861,614
26.128252,-60.091545,634
26.128252,-60.965229,644
26.128252,-61.838914,655
27.001936,-62.712598,672
27.875621,-63.586282,682
27.875621,-64.459966,692
28.749305,-64.459966,701
29.622989,-65.33365,710
30.496673,-66.207335,728
31.370357,-67.081019,747
32.244042,-67.081019,765
33.117726,-67.954703,776
33.99141,-67.954703,784
34.865094,-67.954703,803
35.738779,-67.954703,845
36.612463,-67.954703,870
37.486147,-67.954703,910
38.359831,-67.954703,963
39.233515,-67.954703,972
40.1072,-67.081019,1005
40.1072,-66.207335,1024
40.1072,-65.33365,1033
40.980884,-65.33365,1049
40.980884,-64.459966,1066
41.854568,-63.586282,1091
41.854568,-62.712598,1117
41.854568,-61.838914,1127
41.854568,-60.965229,1146
41.854568,-60.091545,1164
41.854568,-59.217861,1189
41.854568,-58.344177,1207
41.854568,-57.470492,1217
41.854568,-56.596808,1236
42.728252,-55.723124,1254
42.728252,-54.84944,1280
42.728252,-53.975756,1289
42.728252,-53.102071,1307
43.601936,-52.228387,1333
43.601936,-51.354703,1352
44.475621,-50.481019,1361
44.475621,-49.607335,1387
44.475621,-48.73365,1405
45.349305,-48.73365,1425
45.349305,-46.986282,1434
46.222989,-46.112598,1452
47.096673,-45.238914,1470
47.096673,-44.365229,1487
47.970357,-44.365229,1496
47.970357,-43.491545,1506
48.844042,-42.617861,1524
48.844042,-41.744177,1534
49.717726,-41.744177,1543
50.59141,-40.870492,1552
51.465094,-39.996808,1561
52.338779,-39.123124,1580
53.212463,-39.123124,1606
53.212463,-38.24944,1615
54.086147,-38.24944,1633
54.959831,-38.24944,1659
55.833515,-38.24944,1698
56.7072,-38.24944,1724
57.580884,-38.24944,1733
58.454568,-38.24944,1759
59.328252,-38.24944,1785
60.201936,-39.123124,1794
61.949305,-39.123124,1803
62.822989,-39.123124,1822
63.696673,-39.123124,1841
64.570357,-39.123124,1868
65.444042,-39.123124,1896
66.317726,-39.123124,1922
66.317726,-39.996808,1939
66.317726,-40.870492,1957
66.317726,-41.744177,1976
67.19141,-42.617861,1985
67.19141,-43.491545,1994
67.19141,-45.238914,2012
67.19141,-46.112598,2032
67.19141,-46.986282,2050
67.19141,-47.859966,2067
67.19141,-48.73365,2076
67.19141,-49.607335,2085
67.19141,-50.481019,2094
67.19141,-51.354703,2104
67.19141,-52.228387,2112
67.19141,-53.975756,2131
67.19141,-54.84944,2151
67.19141,-55.723124,2159
67.19141,-56.596808,2168
67.19141,-57.470492,2178
67.19141,-59.217861,2196
67.19141,-60.091545,2212
66.317726,-60.091545,2222
66.317726,-60.965229,2231
65.444042,-61.838914,2250
65.444042,-62.712598,2259
64.570357,-63.586282,2278
64.570357,-64.459966,2294
BREAK
44.475621,-25.144177,3464
44.475621,-26.017861,3510
44.475621,-26.891545,3526
44.475621,-27.765229,3545
44.475621,-28.638914,3554
44.475621,-29.512598,3564
44.475621,-31.259966,3573
44.475621,-32.13365,3582
44.475621,-33.007335,3592
44.475621,-34.754703,3601
44.475621,-35.628387,3611
44.475621,-37.375756,3619
44.475621,-39.123124,3629
44.475621,-40.870492,3639
44.475621,-43.491545,3648
44.475621,-45.238914,3657
44.475621,-46.986282,3676
44.475621,-48.73365,3686
44.475621,-49.607335,3697
44.475621,-51.354703,3707
44.475621,-53.102071,3717
44.475621,-54.84944,3726
44.475621,-55.723124,3736
44.475621,-57.470492,3754
44.475621,-58.344177,3773
44.475621,-59.217861,3783
44.475621,-60.091545,3792
44.475621,-60.965229,3801
44.475621,-61.838914,3820
44.475621,-63.586282,3838
44.475621,-64.459966,3857
44.475621,-65.33365,3866
44.475621,-66.207335,3876
44.475621,-67.081019,3885
44.475621,-67.954703,3904
44.475621,-68.828387,3913
44.475621,-69.702071,3932
44.475621,-70.575756,3950
44.475621,-71.44944,3968
44.475621,-72.323124,4001
44.475621,-73.196808,4017
44.475621,-74.070492,4043
44.475621,-74.944177,4069
44.475621,-75.817861,4094
44.475621,-76.691545,4110
44.475621,-77.565229,4143
44.475621,-78.438914,4189
44.475621,-79.312598,4222
44.475621,-80.186282,4245
44.475621,-81.059966,4285
BREAK
26.128252,-24.270492,5756
27.001936,-24.270492,5797
27.875621,-24.270492,5845
28.749305,-24.270492,5878
28.749305,-25.144177,5913
29.622989,-25.144177,5922
30.496673,-25.144177,5951
31.370357,-26.017861,5960
32.244042,-26.017861,5985
33.117726,-26.017861,5994
33.99141,-26.017861,6020
34.865094,-26.017861,6039
35.738779,-26.017861,6049
36.612463,-26.017861,6057
37.486147,-26.017861,6077
39.233515,-26.017861,6086
40.1072,-26.017861,6104
40.980884,-26.017861,6113
41.854568,-26.017861,6122
42.728252,-26.017861,6141
44.475621,-26.017861,6150
45.349305,-26.017861,6170
47.096673,-26.017861,6179
47.970357,-26.017861,6188
48.844042,-26.017861,6197
49.717726,-26.017861,6207
50.59141,-26.017861,6225
51.465094,-26.017861,6234
52.338779,-26.017861,6260
53.212463,-26.017861,6279
54.086147,-26.017861,6287
54.959831,-26.017861,6297
56.7072,-26.017861,6316
57.580884,-26.017861,6325
58.454568,-26.017861,6344
59.328252,-26.017861,6353
60.201936,-26.017861,6369
61.075621,-26.017861,6387
61.949305,-26.017861,6413
BREAK
