START
58.423858,-18.46306,0
58.423858,-17.559507,79
57.520305,-17.559507,104
56.616751,-16.655954,119
55.713198,-16.655954,135
54.809645,-16.655954,183
53.002538,-16.655954,199
52.098985,-17.559507,207
51.195431,-17.559507,215
48.484772,-17.559507,224
47.581218,-17.559507,231
45.774112,-17.559507,239
44.870558,-18.46306,247
43.063452,-19.366614,255
42.159898,-20.270167,367
41.256345,-21.17372,375
41.256345,-22.077274,391
41.256345,-22.980827,415
41.256345,-23.88438,423
41.256345,-24.787933,439
41.256345,-25.691487,455
42.159898,-25.691487,463
42.159898,-26.59504,487
43.063452,-26.59504,495
43.063452,-27.498593,503
44.870558,-27.498593,519
45.774112,-28.402147,535
46.677665,-28.402147,551
48.484772,-28.402147,567
49.388325,-28.402147,575
51.195431,-29.3057,583
53.002538,-29.3057,591
55.713198,-29.3057,599
57.520305,-29.3057,607
60.230964,-29.3057,615
62.038071,-29.3057,623
62.941624,-29.3057,631
63.845178,-29.3057,639
64.748731,-29.3057,647
64.748731,-30.209253,655
64.748731,-31.112807,696
65.652284,-31.112807,711
65.652284,-32.01636,720
65.652284,-32.919913,735
65.652284,-33.823466,759
65.652284,-34.72702,767
66.555838,-35.630573,783
66.555838,-36.534126,799
66.555838,-37.43768,807
66.555838,-38.341233,823
66.555838,-39.244786,839
66.555838,-40.14834,864
65.652284,-41.051893,871
64.748731,-41.051893,887
64.748731,-41.955446,895
63.845178,-41.955446,903
62.941624,-41.955446,943
BREAK
46.677665,-38.341233,1591
46.677665,-39.244786,1663
46.677665,-40.14834,1671
46.677665,-41.051893,1679
45.774112,-41.955446,1687
44.870558,-43.762553,1695
44.870558,-44.666106,1703
44.870558,-45.569659,1711
44.870558,-47.376766,1719
44.870558,-48.280319,1735
44.870558,-49.183873,1743
44.870558,-50.087426,1751
44.870558,-50.990979,1759
44.870558,-51.894532,1767
44.870558,-53.701639,1775
44.870558,-54.605192,1783
44.870558,-55.508746,1791
44.870558,-56.412299,1799
44.870558,-58.219406,1815
45.774112,-59.122959,1823
45.774112,-60.026512,1831
46.677665,-60.930065,1839
47.581218,-61.833619,1847
48.484772,-62.737172,1855
48.484772,-64.544279,1863
51.195431,-66.351385,1871
53.002538,-68.158492,1887
53.906091,-69.062045,1895
54.809645,-69.965598,1903
57.520305,-70.869152,1911
57.520305,-71.772705,1919
59.327411,-72.676258,1927
61.134518,-73.579812,1935
62.941624,-74.483365,1943
63.845178,-74.483365,1951
65.652284,-74.483365,1959
67.459391,-74.483365,1967
69.266497,-75.386918,1975
71.073604,-75.386918,1985
72.880711,-75.386918,1991
73.784264,-75.386918,1999
74.687817,-75.386918,2007
75.591371,-74.483365,2103
BREAK
