START
54.809645,-31.112807,0
54.809645,-30.209253,137
53.906091,-30.209253,147
53.002538,-28.402147,157
51.195431,-27.498593,176
51.195431,-26.59504,186
50.291878,-26.59504,196
49.388325,-25.691487,206
49.388325,-24.787933,245
48.484772,-24.787933,364
47.581218,-24.787933,413
46.677665,-24.787933,452
45.774112,-24.787933,482
44.870558,-24.787933,521
43.967005,-24.787933,551
43.063452,-24.787933,560
42.159898,-24.787933,580
41.256345,-24.787933,600
40.352792,-24.787933,639
39.449239,-24.787933,649
39.449239,-25.691487,669
38.545685,-25.691487,679
37.642132,-26.59504,698
37.642132,-27.498593,718
36.738579,-27.498593,728
36.738579,-28.402147,747
35.835025,-28.402147,767
35.835025,-29.3057,777
35.835025,-30.209253,807
35.835025,-31.112807,846
35.835025,-32.01636,866
35.835025,-32.919913,885
35.835025,-33.823466,905
35.835025,-34.72702,925
35.835025,-35.630573,935
36.738579,-36.534126,944
36.738579,-37.43768,964
36.738579,-38.341233,974
37.642132,-38.341233,994
37.642132,-39.244786,1003
37.642132,-40.14834,1033
38.545685,-41.051893,1063
39.449239,-41.955446,1083
39.449239,-42.858999,1092
40.352792,-43.762553,1112
41.256345,-43.762553,1131
42.159898,-44.666106,1151
43.063452,-44.666106,1161
43.967005,-44.666106,1171
44.870558,-44.666106,1211
45.774112,-44.666106,1279
46.677665,-44.666106,1319
47.581218,-44.666106,1338
49.388325,-44.666106,1368
50.291878,-45.569659,1387
51.195431,-45.569659,1407
52.098985,-45.569659,1417
53.002538,-45.569659,1476
53.002538,-46.473213,1486
53.906091,-46.473213,1506
53.906091,-47.376766,1545
54.809645,-47.376766,1555
54.809645,-48.280319,1565
55.713198,-50.087426,1575
57.520305,-51.894532,1594
57.520305,-52.798086,1604
57.520305,-53.701639,1614
57.520305,-54.605192,1643
57.520305,-55.508746,1663
58.423858,-57.315852,1673
58.423858,-58.219406,1693
58.423858,-59.122959,1712
58.423858,-60.026512,1771
57.520305,-60.026512,1781
56.616751,-60.930065,1801
55.713198,-60.930065,1821
54.809645,-61.833619,1831
53.906091,-61.833619,1909
52.098985,-61.833619,1929
51.195431,-61.833619,1949
50.291878,-61.833619,1968
49.388325,-61.833619,1979
48.484772,-61.833619,2077
47.581218,-61.833619,2096
BREAK
34.027919,-49.183873,2806
33.124365,-49.183873,2845
33.124365,-50.087426,2874
33.124365,-50.990979,2894
33.124365,-51.894532,2903
33.124365,-52.798086,2913
33.124365,-53.701639,2933
33.124365,-54.605192,2953
33.124365,-55.508746,2972
33.124365,-56.412299,2982
33.124365,-57.315852,3002
33.124365,-58.219406,3021
33.124365,-59.122959,3031
33.124365,-60.026512,3041
33.124365,-60.930065,3071
34.027919,-61.833619,3081
34.027919,-62.737172,3090
34.027919,-63.640725,3110
34.027919,-64.544279,3120
34.027919,-65.447832,3130
34.931472,-65.447832,3140
34.931472,-66.351385,3149
34.931472,-67.254939,3159
34.931472,-68.158492,3179
34.931472,-69.062045,3189
34.931472,-70.869152,3199
34.931472,-71.772705,3209
36.738579,-72.676258,3218
36.738579,-74.483365,3228
37.642132,-75.386918,3238
38.545685,-76.290472,3248
39.449239,-77.194025,3258
40.352792,-78.097578,3268
41.256345,-78.097578,3287
41.256345,-79.001131,3297
42.159898,-79.001131,3307
43.063452,-79.001131,3318
43.967005,-79.904685,3327
44.870558,-79.904685,3337
45.774112,-80.808238,3346
46.677665,-81.711791,3356
48.484772,-81.711791,3366
50.291878,-81.711791,3386
51.195431,-81.711791,3396
52.098985,-81.711791,3406
53.906091,-81.711791,3415
55.713198,-81.711791,3425
57.520305,-81.711791,3435
58.423858,-81.711791,3445
60.230964,-81.711791,3455
62.038071,-81.711791,3465
62.941624,-81.711791,3484
63.845178,-81.711791,3514
64.748731,-81.711791,3534
64.748731,-80.808238,3543
65.652284,-80.808238,3553
64.748731,-80.808238,3652
BREAK
