START
62.683962,-19.859438,0
61.683962,-19.859438,42
60.683962,-19.859438,53
59.683962,-19.859438,64
57.683962,-18.859438,75
54.683962,-17.859438,86
52.683962,-17.859438,98
51.683962,-17.859438,109
48.683962,-17.859438,120
46.683962,-17.859438,131
44.683962,-17.859438,149
41.683962,-17.859438,160
39.683962,-17.859438,171
37.683962,-17.859438,182
36.683962,-17.859438,194
34.683962,-18.859438,216
33.683962,-19.859438,227
32.683962,-20.859438,238
32.683962,-21.859438,249
31.683962,-22.859438,260
29.683962,-24.859438,272
29.683962,-27.859438,283
28.683962,-29.859438,294
28.683962,-31.859438,305
27.683962,-31.859438,316
26.683962,-32.859438,328
25.683962,-35.859438,339
24.683962,-37.859438,350
23.683962,-38.859438,361
23.683962,-40.859438,372
23.683962,-42.859438,384
22.683962,-43.859438,395
22.683962,-45.859438,406
22.683962,-46.859438,417
22.683962,-47.859438,428
22.683962,-49.859438,440
22.683962,-51.859438,451
22.683962,-52.859438,462
22.683962,-54.859438,473
22.683962,-55.859438,484
22.683962,-57.859438,496
22.683962,-58.859438,507
22.683962,-59.859438,518
22.683962,-60.859438,529
22.683962,-61.859438,558
23.683962,-62.859438,569
23.683962,-63.859438,580
23.683962,-65.859438,592
24.683962,-66.859438,614
25.683962,-68.859438,625
26.683962,-69.859438,636
28.683962,-71.859438,648
29.683962,-72.859438,659
30.683962,-73.859438,670
31.683962,-74.859438,681
33.683962,-76.859438,692
35.683962,-78.859438,715
37.683962,-79.859438,726
39.683962,-80.859438,737
41.683962,-82.859438,748
43.683962,-82.859438,759
44.683962,-84.859438,770
45.683962,-84.859438,781
45.683962,-85.859438,793
46.683962,-85.859438,804
46.683962,-86.859438,815
48.683962,-86.859438,826
49.683962,-86.859438,877
50.683962,-86.859438,900
50.683962,-87.859438,918
52.683962,-87.859438,929
54.683962,-87.859438,951
55.683962,-87.859438,962
57.683962,-87.859438,973
58.683962,-87.859438,984
59.683962,-87.859438,995
60.683962,-87.859438,1007
62.683962,-87.859438,1029
63.683962,-87.859438,1058
64.683962,-87.859438,1076
64.683962,-86.859438,1087
65.683962,-85.859438,1098
66.683962,-85.859438,1109
67.683962,-83.859438,1120
69.683962,-83.859438,1132
70.683962,-80.859438,1143
70.683962,-79.859438,1165
71.683962,-77.859438,1176
71.683962,-76.859438,1187
71.683962,-75.859438,1198
71.683962,-72.859438,1210
71.683962,-69.859438,1221
71.683962,-66.859438,1232
71.683962,-64.859438,1243
71.683962,-63.859438,1254
71.683962,-62.859438,1272
71.683962,-60.859438,1283
71.683962,-59.859438,1301
71.683962,-58.859438,1312
71.683962,-56.859438,1323
71.683962,-54.859438,1334
71.683962,-53.859438,1345
71.683962,-51.859438,1368
71.683962,-50.859438,1379
71.683962,-49.859438,1403
71.683962,-48.859438,1415
71.683962,-46.859438,1437
71.683962,-44.859438,1448
71.683962,-42.859438,1459
71.683962,-41.859438,1495
71.683962,-39.859438,1506
71.683962,-37.859438,1517
71.683962,-36.859438,1528
71.683962,-35.859438,1539
71.683962,-32.859438,1550
71.683962,-31.859438,1561
70.683962,-31.859438,1597
70.683962,-29.859438,1608
70.683962,-28.859438,1644
69.683962,-27.859438,1673
69.683962,-26.859438,1685
67.683962,-26.859438,1696
67.683962,-25.859438,1707
65.683962,-24.859438,1720
63.683962,-23.859438,1729
63.683962,-22.859438,1740
63.683962,-21.859438,1752
61.683962,-21.859438,1763
60.683962,-19.859438,1774
58.683962,-19.859438,1785
58.683962,-18.859438,1796
57.683962,-18.859438,1807
56.683962,-18.859438,1819
56.683962,-17.859438,1830
54.683962,-17.859438,1841
54.683962,-16.859438,1852
53.683962,-15.859438,1863
52.683962,-15.859438,1874
51.683962,-15.859438,1926
BREAK
21.683962,-51.859438,2795
22.683962,-51.859438,2888
24.683962,-51.859438,2910
25.683962,-51.859438,2921
28.683962,-51.859438,2932
29.683962,-51.859438,2943
32.683962,-51.859438,2954
34.683962,-51.859438,2965
35.683962,-51.859438,2977
37.683962,-51.859438,2988
38.683962,-51.859438,3030
39.683962,-51.859438,3055
40.683962,-51.859438,3077
41.683962,-51.859438,3088
42.683962,-51.859438,3099
43.683962,-51.859438,3111
44.683962,-51.859438,3122
45.683962,-51.859438,3133
46.683962,-51.859438,3144
48.683962,-51.859438,3155
51.683962,-51.859438,3166
54.683962,-51.859438,3177
57.683962,-51.859438,3188
59.683962,-51.859438,3199
60.683962,-51.859438,3211
62.683962,-51.859438,3222
63.683962,-51.859438,3233
65.683962,-51.859438,3244
67.683962,-51.859438,3255
69.683962,-51.859438,3266
70.683962,-51.859438,3277
71.683962,-51.859438,3289
72.683962,-51.859438,3324
BREAK
