START
55.641509,-7.8594378,0
55.641509,-10.859438,63
55.641509,-13.859438,71
55.641509,-16.859438,79
55.641509,-20.859438,87
55.641509,-23.859438,95
55.641509,-28.859438,102
55.641509,-34.859438,111
55.641509,-39.859438,119
55.641509,-45.859438,127
55.641509,-48.859438,135
55.641509,-52.859438,143
56.641509,-56.859438,151
56.641509,-59.859438,159
56.641509,-62.859438,167
56.641509,-65.859438,175
56.641509,-68.859438,183
56.641509,-72.859438,191
56.641509,-74.859438,199
57.641509,-77.859438,207
57.641509,-80.859438,215
58.641509,-82.859438,223
58.641509,-83.859438,231
58.641509,-86.859438,239
58.641509,-87.859438,255
58.641509,-88.859438,263
58.641509,-89.859438,279
BREAK
27.641509,-33.859438,1007
28.641509,-33.859438,1055
30.641509,-33.859438,1063
32.641509,-33.859438,1071
35.641509,-33.859438,1079
38.641509,-32.859438,1087
40.641509,-31.859438,1095
43.641509,-31.859438,1103
44.641509,-31.859438,1111
45.641509,-31.859438,1119
46.641509,-31.859438,1127
47.641509,-31.859438,1159
47.641509,-30.859438,1191
49.641509,-30.859438,1207
50.641509,-30.859438,1231
51.641509,-30.859438,1255
52.641509,-30.859438,1312
53.641509,-30.859438,1351
54.641509,-30.859438,1495
55.641509,-30.859438,1527
BREAK
34.641509,-68.859438,2104
35.641509,-68.859438,2111
36.641509,-66.859438,2119
40.641509,-65.859438,2127
43.641509,-64.859438,2135
45.641509,-64.859438,2143
47.641509,-62.859438,2151
50.641509,-62.859438,2159
51.641509,-62.859438,2167
54.641509,-61.859438,2175
55.641509,-61.859438,2183
56.641509,-61.859438,2191
57.641509,-61.859438,2199
58.641509,-61.859438,2207
58.641509,-60.859438,2215
59.641509,-60.859438,2271
BREAK
