START
66.641509,-20.859438,0
67.641509,-20.859438,128
68.641509,-20.859438,160
69.641509,-20.859438,200
69.641509,-21.859438,208
70.641509,-21.859438,224
71.641509,-21.859438,264
71.641509,-22.859438,528
71.641509,-23.859438,552
71.641509,-25.859438,568
72.641509,-25.859438,576
72.641509,-26.859438,584
72.641509,-28.859438,592
72.641509,-30.859438,608
72.641509,-31.859438,616
72.641509,-32.859438,624
72.641509,-33.859438,632
72.641509,-34.859438,640
72.641509,-36.859438,656
72.641509,-37.859438,680
72.641509,-38.859438,728
72.641509,-39.859438,760
72.641509,-40.859438,776
72.641509,-41.859438,792
72.641509,-43.859438,808
72.641509,-44.859438,824
72.641509,-45.859438,832
73.641509,-46.859438,840
73.641509,-47.859438,848
73.641509,-48.859438,864
74.641509,-49.859438,880
74.641509,-50.859438,888
74.641509,-51.859438,904
74.641509,-52.859438,928
74.641509,-53.859438,952
74.641509,-54.859438,968
74.641509,-55.859438,976
74.641509,-56.859438,992
74.641509,-57.859438,1000
74.641509,-58.859438,1008
74.641509,-59.859438,1024
74.641509,-60.859438,1040
74.641509,-61.859438,1056
74.641509,-62.859438,1064
74.641509,-63.859438,1080
74.641509,-64.859438,1104
74.641509,-66.859438,1128
74.641509,-67.859438,1144
73.641509,-67.859438,1152
73.641509,-68.859438,1160
73.641509,-69.859438,1168
73.641509,-70.859438,1176
73.641509,-72.859438,1184
73.641509,-74.859438,1200
73.641509,-75.859438,1208
73.641509,-77.859438,1224
73.641509,-78.859438,1248
73.641509,-79.859438,1264
73.641509,-80.859438,1288
73.641509,-81.859438,1297
72.641509,-82.859438,1320
72.641509,-83.859438,1336
72.641509,-84.859438,1352
72.641509,-85.859438,1360
72.641509,-86.859438,1376
72.641509,-87.859438,1408
72.641509,-88.859438,1449
71.641509,-88.859438,1496
71.641509,-89.859438,1520
70.641509,-89.859438,1528
70.641509,-90.859438,1680
69.641509,-89.859438,1689
68.641509,-89.859438,1736
BREAK
45.641509,-45.859438,2753
46.641509,-45.859438,2760
47.641509,-45.859438,2776
48.641509,-45.859438,2784
49.641509,-45.859438,2792
50.641509,-45.859438,2808
51.641509,-45.859438,2832
51.641509,-46.859438,2840
52.641509,-46.859438,2848
53.641509,-46.859438,2856
54.641509,-46.859438,2864
55.641509,-46.859438,2872
56.641509,-46.859438,2880
59.641509,-47.859438,2888
60.641509,-47.859438,2896
62.641509,-47.859438,2904
63.641509,-48.859438,2912
65.641509,-47.859438,2920
66.641509,-47.859438,2928
67.641509,-47.859438,2936
67.641509,-46.859438,2976
68.641509,-46.859438,2984
69.641509,-46.859438,3016
70.641509,-46.859438,3032
71.641509,-46.859438,3040
71.641509,-45.859438,3048
72.641509,-45.859438,3056
72.641509,-44.859438,3064
71.641509,-44.859438,3168
70.641509,-44.859438,3184
69.641509,-44.859438,3232
69.641509,-45.859438,3241
BREAK
48.641509,-67.859438,6296
50.641509,-67.859438,6424
50.641509,-66.859438,6429
51.641509,-66.859438,6456
52.641509,-66.859438,6488
53.641509,-66.859438,6496
53.641509,-65.859438,6520
54.641509,-65.859438,6528
55.641509,-65.859438,6568
56.641509,-65.859438,6600
57.641509,-65.859438,6608
57.641509,-64.859438,6640
58.641509,-64.859438,6648
58.641509,-63.859438,6656
59.641509,-63.859438,6672
60.641509,-63.859438,6688
61.641509,-63.859438,6696
63.641509,-63.859438,6704
64.641509,-63.859438,6720
66.641509,-63.859438,6728
67.641509,-63.859438,6736
68.641509,-62.859438,6752
69.641509,-62.859438,6760
71.641509,-62.859438,6768
71.641509,-61.859438,6776
72.641509,-61.859438,6792
73.641509,-61.859438,6840
72.641509,-61.859438,7040
71.641509,-61.859438,7088
BREAK
