START
25.087629,-15.64847,0
25.994845,-14.741254,80
25.994845,-13.834037,96
26.902062,-13.834037,104
26.902062,-12.926821,120
27.809278,-12.926821,128
28.716495,-12.926821,144
29.623711,-12.019604,152
30.530928,-12.019604,160
31.438144,-12.019604,176
30.530928,-12.019604,192
31.438144,-12.019604,208
32.345361,-12.019604,232
34.159794,-12.926821,248
35.06701,-12.926821,256
35.974227,-12.926821,272
36.881443,-13.834037,280
38.695876,-13.834037,288
38.695876,-15.64847,296
40.510309,-14.741254,304
42.324742,-14.741254,320
43.231959,-14.741254,328
43.231959,-15.64847,336
44.139175,-15.64847,344
45.046392,-15.64847,368
45.953608,-15.64847,376
45.953608,-16.555687,384
46.860825,-16.555687,400
46.860825,-17.462903,408
47.768041,-18.37012,416
47.768041,-17.462903,432
48.675258,-18.37012,440
48.675258,-17.462903,448
49.582474,-18.37012,456
49.582474,-19.277336,464
49.582474,-18.37012,472
48.675258,-18.37012,480
48.675258,-17.462903,496
48.675258,-18.37012,504
49.582474,-18.37012,512
49.582474,-20.184553,520
49.582474,-21.998986,528
50.489691,-22.906202,544
49.582474,-23.813419,560
49.582474,-25.627852,576
49.582474,-26.535068,584
49.582474,-27.442285,592
49.582474,-29.256718,600
49.582474,-30.163934,608
49.582474,-31.978367,624
49.582474,-32.885584,632
49.582474,-33.7928,640
50.489691,-35.607233,648
50.489691,-36.51445,656
50.489691,-37.421666,664
50.489691,-39.236099,672
50.489691,-41.957749,680
50.489691,-42.864965,688
50.489691,-45.586614,696
51.396907,-46.493831,704
51.396907,-48.308264,712
51.396907,-49.21548,720
51.396907,-50.122697,728
51.396907,-51.029913,736
51.396907,-51.93713,744
51.396907,-52.844346,752
51.396907,-53.751563,768
51.396907,-54.658779,776
51.396907,-55.565996,784
51.396907,-57.380429,792
51.396907,-58.287645,808
52.304124,-59.194862,824
52.304124,-61.009295,832
52.304124,-61.916511,840
52.304124,-63.730944,848
52.304124,-66.452594,856
52.304124,-67.35981,864
52.304124,-70.08146,872
52.304124,-70.988676,880
52.304124,-72.803109,888
52.304124,-73.710326,896
52.304124,-74.617542,904
52.304124,-76.431975,912
52.304124,-78.246408,920
52.304124,-79.153625,928
52.304124,-80.060841,936
52.304124,-80.968058,944
52.304124,-82.782491,952
52.304124,-83.689707,968
52.304124,-84.596924,984
52.304124,-85.50414,1016
52.304124,-86.411357,1032
52.304124,-85.50414,1048
52.304124,-86.411357,1064
52.304124,-87.318573,1088
52.304124,-86.411357,1096
52.304124,-85.50414,1112
52.304124,-86.411357,1120
52.304124,-85.50414,1128
52.304124,-84.596924,1144
51.396907,-84.596924,1408
BREAK
36.881443,-48.308264,1921
36.881443,-49.21548,1928
36.881443,-47.401047,1936
37.78866,-47.401047,1992
38.695876,-47.401047,2016
39.603093,-47.401047,2024
41.417526,-47.401047,2032
42.324742,-47.401047,2040
45.046392,-47.401047,2048
46.860825,-47.401047,2056
47.768041,-47.401047,2064
49.582474,-47.401047,2072
50.489691,-47.401047,2080
52.304124,-47.401047,2088
53.21134,-46.493831,2096
54.118557,-46.493831,2104
55.025773,-46.493831,2128
55.93299,-46.493831,2152
56.840206,-46.493831,2160
58.654639,-45.586614,2168
61.376289,-45.586614,2176
61.376289,-44.679398,2192
60.469072,-44.679398,2224
61.376289,-44.679398,2240
61.376289,-43.772182,2248
63.190722,-43.772182,2256
65.005155,-43.772182,2264
68.634021,-43.772182,2272
70.448454,-43.772182,2280
73.170103,-43.772182,2288
74.984536,-43.772182,2296
74.07732,-43.772182,2463
73.170103,-43.772182,2464
73.170103,-42.864965,2472
BREAK
26.902062,-24.720635,2896
BREAK
