START
21.98286,-29.403339,0
21.98286,-30.243033,207
21.143166,-31.082728,231
21.143166,-31.922423,256
20.303471,-31.922423,282
20.303471,-32.762117,290
20.303471,-33.601812,323
19.463776,-33.601812,341
19.463776,-34.441506,364
19.463776,-35.281201,396
19.463776,-36.120896,421
19.463776,-36.96059,445
19.463776,-37.800285,488
19.463776,-38.63998,544
20.303471,-38.63998,642
20.303471,-39.479674,651
21.143166,-39.479674,667
21.143166,-40.319369,683
21.98286,-40.319369,699
22.822555,-40.319369,739
23.66225,-40.319369,764
24.501944,-40.319369,797
25.341639,-40.319369,830
26.181334,-40.319369,854
27.021028,-40.319369,878
27.860723,-40.319369,911
28.700418,-40.319369,919
29.540112,-40.319369,927
30.379807,-40.319369,951
31.219502,-40.319369,984
32.898891,-39.479674,1001
33.738586,-39.479674,1016
33.738586,-38.63998,1024
33.738586,-39.479674,1551
33.738586,-40.319369,1575
33.738586,-41.159064,1599
34.57828,-41.159064,1845
35.417975,-41.159064,1861
36.25767,-41.159064,1870
37.097364,-41.159064,1878
37.937059,-41.159064,1894
38.776754,-41.159064,1933
40.456143,-41.159064,1957
41.295838,-41.159064,1966
42.135532,-41.159064,1982
42.975227,-41.159064,2023
43.814922,-41.159064,2032
44.654616,-41.159064,2047
45.494311,-41.159064,2056
46.334005,-41.159064,2072
47.1737,-41.159064,2096
48.013395,-41.159064,2104
48.853089,-41.159064,2112
49.692784,-41.159064,2120
50.532479,-41.159064,2128
51.372173,-41.159064,2136
52.211868,-41.159064,2144
53.051563,-41.159064,2169
53.051563,-40.319369,2194
53.051563,-39.479674,2210
53.891257,-39.479674,2226
53.891257,-38.63998,2234
54.730952,-37.800285,2258
54.730952,-36.96059,2291
54.730952,-36.120896,2315
54.730952,-35.281201,2331
54.730952,-34.441506,2339
55.570647,-34.441506,2347
55.570647,-33.601812,2356
55.570647,-32.762117,2380
55.570647,-31.922423,2412
56.410341,-31.922423,2436
56.410341,-32.762117,2616
56.410341,-33.601812,2625
56.410341,-34.441506,2641
56.410341,-35.281201,2658
56.410341,-36.120896,2682
56.410341,-36.96059,2690
56.410341,-37.800285,2707
56.410341,-38.63998,2715
56.410341,-39.479674,2732
56.410341,-40.319369,2740
56.410341,-41.159064,2757
56.410341,-41.998758,2766
56.410341,-42.838453,2774
56.410341,-43.678148,2791
56.410341,-44.517842,2799
56.410341,-45.357537,2825
56.410341,-46.197232,2832
56.410341,-47.036926,2856
56.410341,-47.876621,2866
56.410341,-48.716316,2882
56.410341,-49.55601,2898
56.410341,-50.395705,2923
55.570647,-50.395705,2931
55.570647,-51.2354,2939
54.730952,-52.075094,2957
53.891257,-52.914789,2982
53.051563,-53.754484,2998
53.051563,-54.594178,3014
52.211868,-54.594178,3023
52.211868,-55.433873,3031
52.211868,-56.273568,3038
51.372173,-57.113262,3055
50.532479,-57.952957,3071
50.532479,-58.792652,3087
49.692784,-58.792652,3095
49.692784,-59.632346,3103
48.853089,-59.632346,3111
48.853089,-60.472041,3120
48.013395,-61.311735,3128
48.013395,-62.15143,3152
47.1737,-62.15143,3160
47.1737,-62.991125,3168
46.334005,-62.991125,3176
46.334005,-63.830819,3193
45.494311,-64.670514,3200
44.654616,-64.670514,3233
44.654616,-65.510209,3240
43.814922,-65.510209,3257
43.814922,-66.349903,3273
42.975227,-66.349903,3281
42.135532,-66.349903,3299
41.295838,-66.349903,3307
40.456143,-66.349903,3322
39.616448,-66.349903,3348
38.776754,-66.349903,3365
37.937059,-66.349903,3390
37.097364,-66.349903,3413
36.25767,-66.349903,3430
35.417975,-66.349903,3463
34.57828,-66.349903,3487
33.738586,-66.349903,3504
32.898891,-66.349903,3537
BREAK
31.219502,-39.479674,4627
31.219502,-38.63998,4823
31.219502,-37.800285,4881
31.219502,-36.96059,4910
31.219502,-36.120896,4962
32.059196,-35.281201,4986
32.059196,-34.441506,5019
32.898891,-34.441506,5049
32.898891,-33.601812,5057
33.738586,-32.762117,5074
33.738586,-31.922423,5090
34.57828,-31.082728,5107
34.57828,-30.243033,5123
34.57828,-29.403339,5147
34.57828,-28.563644,5172
35.417975,-27.723949,5203
BREAK
