START
71.29717,-47.389558,0
71.29717,-48.389558,250
71.29717,-49.389558,275
71.29717,-50.389558,286
71.29717,-51.389558,298
71.29717,-52.389558,311
71.29717,-53.389558,348
70.29717,-53.389558,385
69.29717,-53.389558,432
68.29717,-53.389558,468
67.29717,-53.389558,481
66.29717,-53.389558,497
65.29717,-52.389558,520
64.29717,-52.389558,545
63.29717,-52.389558,557
63.29717,-51.389558,582
63.29717,-50.389558,645
63.29717,-49.389558,731
64.29717,-49.389558,742
64.29717,-48.389558,752
65.29717,-48.389558,767
66.29717,-47.389558,791
67.29717,-47.389558,802
68.29717,-47.389558,815
69.29717,-47.389558,852
70.29717,-47.389558,889
71.29717,-47.389558,915
71.29717,-48.389558,938
71.29717,-49.389558,979
72.29717,-49.389558,992
72.29717,-50.389558,1006
72.29717,-51.389558,1029
72.29717,-52.389558,1040
72.29717,-53.389558,1066
72.29717,-54.389558,1100
72.29717,-55.389558,1126
72.29717,-56.389558,1137
71.29717,-56.389558,1149
70.29717,-56.389558,1162
70.29717,-57.389558,1177
69.29717,-57.389558,1189
68.29717,-57.389558,1213
67.29717,-57.389558,1226
66.29717,-57.389558,1250
65.29717,-57.389558,1260
64.29717,-57.389558,1273
63.29717,-57.389558,1299
62.29717,-57.389558,1313
61.29717,-57.389558,1326
60.29717,-57.389558,1338
60.29717,-56.389558,1349
60.29717,-55.389558,1372
60.29717,-54.389558,1399
60.29717,-53.389558,1411
60.29717,-52.389558,1436
60.29717,-51.389558,1460
60.29717,-50.389558,1483
61.29717,-49.389558,1496
63.29717,-47.389558,1521
BREAK
68.29717,-13.389558,2656
68.29717,-14.389558,2841
68.29717,-15.389558,2882
68.29717,-17.389558,2909
68.29717,-18.389558,2932
67.29717,-19.389558,2944
66.29717,-20.389558,2957
65.29717,-20.389558,2982
64.29717,-20.389558,3007
63.29717,-20.389558,3019
62.29717,-20.389558,3032
61.29717,-20.389558,3059
60.29717,-20.389558,3083
59.29717,-20.389558,3108
59.29717,-19.389558,3130
59.29717,-18.389558,3154
59.29717,-17.389558,3192
59.29717,-16.389558,3217
59.29717,-15.389558,3240
59.29717,-14.389558,3264
59.29717,-13.389558,3278
60.29717,-12.389558,3314
61.29717,-12.389558,3327
61.29717,-11.389558,3339
63.29717,-10.389558,3350
64.29717,-10.389558,3363
65.29717,-10.389558,3374
65.29717,-9.3895582,3388
66.29717,-9.3895582,3400
67.29717,-9.3895582,3428
68.29717,-9.3895582,3451
69.29717,-9.3895582,3462
70.29717,-9.3895582,3488
70.29717,-10.389558,3499
70.29717,-11.389558,3523
70.29717,-12.389558,3538
70.29717,-13.389558,3550
70.29717,-14.389558,3562
70.29717,-15.389558,3575
70.29717,-16.389558,3588
70.29717,-18.389558,3599
70.29717,-19.389558,3624
68.29717,-19.389558,3634
67.29717,-19.389558,3659
65.29717,-19.389558,3685
64.29717,-19.389558,3709
62.29717,-19.389558,3720
61.29717,-19.389558,3748
61.29717,-18.389558,3799
61.29717,-17.389558,3810
61.29717,-16.389558,3850
61.29717,-15.389558,3912
62.29717,-15.389558,3952
63.29717,-15.389558,4015
BREAK
66.29717,-81.389558,5477
67.29717,-81.389558,5751
68.29717,-82.389558,5762
69.29717,-82.389558,5786
69.29717,-83.389558,5800
69.29717,-84.389558,5861
69.29717,-85.389558,5885
69.29717,-86.389558,5909
69.29717,-87.389558,5922
69.29717,-88.389558,5972
68.29717,-88.389558,5984
67.29717,-89.389558,5997
67.29717,-90.389558,6009
67.29717,-91.389558,6021
66.29717,-92.389558,6032
65.29717,-93.389558,6059
64.29717,-93.389558,6111
63.29717,-93.389558,6146
62.29717,-93.389558,6160
61.29717,-93.389558,6184
61.29717,-92.389558,6210
60.29717,-91.389558,6221
60.29717,-90.389558,6244
60.29717,-89.389558,6281
60.29717,-88.389558,6304
60.29717,-87.389558,6320
60.29717,-86.389558,6331
60.29717,-84.389558,6354
60.29717,-83.389558,6380
61.29717,-83.389558,6493
62.29717,-83.389558,6553
63.29717,-83.389558,6592
64.29717,-83.389558,6616
65.29717,-83.389558,6627
65.29717,-84.389558,6681
66.29717,-84.389558,6727
66.29717,-85.389558,6750
66.29717,-86.389558,6813
66.29717,-87.389558,6840
66.29717,-88.389558,6887
66.29717,-89.389558,6923
66.29717,-90.389558,6935
65.29717,-90.389558,6997
64.29717,-90.389558,7022
64.29717,-89.389558,7172
BREAK
35.29717,-53.389558,8162
34.29717,-53.389558,8423
33.29717,-53.389558,8435
31.29717,-53.389558,8448
30.29717,-53.389558,8462
29.29717,-53.389558,8484
28.29717,-53.389558,8497
28.29717,-51.389558,8546
28.29717,-50.389558,8572
29.29717,-49.389558,8646
30.29717,-49.389558,8718
31.29717,-49.389558,8755
32.29717,-49.389558,8792
33.29717,-49.389558,8804
34.29717,-49.389558,8839
35.29717,-49.389558,8876
36.29717,-49.389558,8902
36.29717,-50.389558,9025
36.29717,-51.389558,9049
36.29717,-52.389558,9073
36.29717,-53.389558,9089
36.29717,-54.389558,9102
36.29717,-55.389558,9128
36.29717,-56.389558,9152
36.29717,-57.389558,9262
35.29717,-57.389558,9274
34.29717,-57.389558,9297
33.29717,-57.389558,9322
32.29717,-57.389558,9384
31.29717,-57.389558,9583
29.29717,-52.389558,9712
29.29717,-51.389558,9733
BREAK
