START
34.84913,-44.302902,0
35.245414,-43.906617,30
35.641699,-43.906617,60
36.434269,-43.906617,120
36.830554,-43.906617,150
37.623123,-43.906617,170
38.019408,-43.906617,200
38.415693,-44.699187,230
38.415693,-45.095472,250
38.811978,-45.491756,280
38.811978,-46.284326,320
38.811978,-47.076896,350
38.811978,-48.26575,391
38.811978,-48.662035,411
38.811978,-49.454605,461
38.415693,-49.454605,481
37.226839,-49.454605,531
36.830554,-49.454605,561
35.641699,-49.454605,601
35.245414,-49.454605,631
34.84913,-49.05832,671
34.84913,-48.662035,751
34.452845,-48.26575,771
34.05656,-47.076896,801
34.05656,-46.680611,851
34.05656,-46.284326,881
34.05656,-45.095472,911
34.05656,-44.699187,941
35.641699,-43.906617,971
37.226839,-43.906617,1001
37.623123,-43.906617,1041
41.982257,-43.510332,1072
42.378541,-43.510332,1112
43.171111,-43.510332,1142
43.567396,-43.510332,1182
44.75625,-43.906617,1212
45.54882,-45.095472,1262
45.54882,-45.888041,1292
45.54882,-47.473181,1342
45.54882,-48.662035,1372
45.54882,-50.247174,1392
45.54882,-51.436029,1442
45.54882,-53.021168,1462
44.359966,-55.795162,1512
43.963681,-56.191447,1552
40.793402,-56.587732,1582
38.019408,-56.984017,1632
32.867705,-56.984017,1652
28.112288,-57.776586,1702
24.545724,-57.776586,1732
19.790306,-57.776586,1773
17.808882,-57.776586,1803
16.620027,-57.776586,1843
15.827458,-57.776586,1873
16.620027,-57.776586,2223
22.168015,-57.776586,2253
27.319718,-57.776586,2283
30.886281,-57.776586,2313
33.26399,-57.776586,2343
36.037984,-57.776586,2373
41.189687,-58.965441,2403
43.963681,-58.965441,2433
46.737675,-58.965441,2474
51.493092,-59.361726,2504
57.437365,-59.361726,2554
59.022504,-59.361726,2574
61.796498,-59.361726,2624
62.985353,-59.361726,2654
68.53334,-60.154295,2694
68.929625,-60.154295,2724
70.118479,-60.154295,2784
72.099904,-60.154295,2814
72.892473,-60.154295,2844
72.496188,-60.154295,3044
72.496188,-59.361726,3084
72.496188,-58.172871,3114
72.496188,-56.587732,3144
72.496188,-55.002592,3175
72.496188,-53.813738,3205
72.496188,-52.228599,3225
72.496188,-50.247174,3265
72.496188,-48.26575,3295
72.496188,-45.095472,3325
71.703619,-41.528908,3365
71.307334,-41.528908,3395
71.307334,-41.132623,3445
70.911049,-41.132623,3485
69.722195,-41.132623,3525
68.53334,-41.132623,3555
67.74077,-41.528908,3585
67.344486,-41.925193,3615
65.759346,-43.114048,3655
65.363062,-43.510332,3685
64.966777,-44.302902,3725
64.966777,-45.095472,3755
64.570492,-45.095472,3795
64.174207,-47.076896,3825
64.174207,-49.05832,3866
64.174207,-51.039744,3896
64.174207,-54.210023,3946
64.174207,-55.002592,3976
64.174207,-56.984017,4026
63.381637,-58.172871,4046
63.381637,-58.965441,4146
63.381637,-59.75801,4176
BREAK
