START
42.774826,-41.528908,0
43.171111,-41.528908,90
43.171111,-41.925193,120
43.171111,-43.510332,150
43.171111,-44.699187,180
43.963681,-46.284326,200
44.75625,-47.076896,240
45.54882,-47.076896,270
46.34139,-47.076896,310
47.133959,-47.076896,340
47.530244,-45.491756,380
47.530244,-45.095472,410
47.530244,-44.302902,451
47.530244,-43.510332,481
47.530244,-42.717763,511
47.530244,-41.925193,541
47.530244,-41.132623,561
47.530244,-40.736339,591
47.530244,-40.340054,631
47.133959,-40.340054,671
46.737675,-40.340054,761
45.152535,-40.340054,781
43.963681,-40.340054,811
43.567396,-40.340054,841
43.171111,-40.736339,871
42.774826,-40.736339,891
42.378541,-41.132623,961
42.378541,-41.925193,991
42.378541,-42.717763,1021
42.378541,-43.114048,1041
42.378541,-43.906617,1071
42.378541,-45.095472,1111
42.378541,-45.491756,1142
42.774826,-46.284326,1182
42.774826,-47.869465,1212
42.774826,-48.26575,1262
42.774826,-48.662035,1292
42.774826,-49.454605,1312
42.774826,-50.247174,1342
43.171111,-50.247174,1372
43.963681,-51.039744,1402
44.75625,-51.039744,1432
45.945105,-51.039744,1452
47.133959,-51.039744,1482
49.907953,-51.039744,1522
51.096808,-51.039744,1552
52.285662,-51.039744,1602
54.663371,-51.039744,1632
55.455941,-51.039744,1662
57.437365,-51.039744,1692
59.022504,-51.039744,1722
60.211359,-51.039744,1772
60.607644,-51.039744,1802
62.192783,-49.454605,1843
62.985353,-49.05832,1873
63.381637,-47.473181,1913
63.381637,-47.076896,1943
63.381637,-45.095472,1983
63.381637,-44.699187,2013
63.381637,-43.906617,2053
63.381637,-43.114048,2083
63.381637,-41.925193,2113
63.381637,-41.528908,2153
63.381637,-41.132623,2183
62.985353,-40.736339,2233
62.589068,-40.340054,2283
62.192783,-40.340054,2313
61.796498,-39.943769,2343
61.400213,-39.943769,2373
61.003928,-39.547484,2403
60.211359,-39.547484,2433
59.418789,-39.547484,2453
58.626219,-39.943769,2493
58.229935,-39.943769,2524
57.83365,-40.340054,2564
57.83365,-40.736339,2604
57.437365,-40.736339,2634
57.437365,-41.528908,2664
57.437365,-41.925193,2684
57.437365,-42.717763,2714
57.437365,-43.510332,2744
57.437365,-43.906617,2784
57.437365,-44.699187,2814
57.437365,-45.491756,2864
57.437365,-45.888041,2884
58.626219,-45.888041,2934
59.022504,-45.888041,2964
60.607644,-45.888041,3004
61.400213,-45.888041,3034
62.589068,-45.888041,3084
63.381637,-45.888041,3114
63.777922,-45.888041,3295
BREAK
42.774826,-52.624883,4556
42.774826,-53.021168,5197
42.774826,-53.813738,5227
41.982257,-54.606308,5257
41.982257,-55.398877,5277
41.585972,-55.795162,5308
41.585972,-56.191447,5358
41.585972,-57.380301,5388
41.585972,-58.965441,5418
41.585972,-60.154295,5448
41.585972,-61.739435,5488
41.585972,-63.324574,5518
41.585972,-64.117143,5558
42.378541,-65.305998,5588
43.567396,-66.098568,5628
45.54882,-66.098568,5658
46.737675,-66.098568,5708
47.926529,-66.098568,5728
49.907953,-66.098568,5778
50.700523,-65.305998,5798
50.700523,-64.909713,5848
51.493092,-64.513428,5868
51.493092,-64.117143,5918
51.493092,-63.324574,5938
51.493092,-62.532004,5989
51.493092,-62.135719,6019
51.493092,-61.739435,6079
51.889377,-61.739435,6299
52.285662,-61.739435,6349
52.285662,-63.324574,6369
52.285662,-63.720859,6399
52.285662,-64.513428,6429
52.285662,-64.909713,6459
52.285662,-65.305998,6489
52.285662,-65.702283,6519
52.681947,-66.494852,6559
53.078232,-66.494852,6589
55.059656,-66.494852,6629
58.626219,-66.891137,6659
60.607644,-66.891137,6710
61.796498,-66.891137,6730
64.966777,-66.891137,6780
65.759346,-65.702283,6810
66.948201,-64.513428,6850
66.948201,-63.324574,6880
66.948201,-62.135719,6930
66.948201,-61.34315,6960
66.948201,-60.55058,6990
66.948201,-59.75801,7020
66.948201,-59.361726,7050
66.948201,-57.776586,7090
66.948201,-57.380301,7120
66.948201,-56.587732,7170
66.551916,-56.191447,7220
66.155631,-55.398877,7250
65.363062,-54.210023,7290
64.966777,-53.813738,7320
64.570492,-53.417453,7360
64.174207,-53.417453,7391
63.381637,-53.021168,7441
62.985353,-52.624883,7461
61.796498,-52.228599,7511
61.400213,-52.228599,7541
60.607644,-51.832314,7581
60.211359,-51.436029,7611
59.418789,-51.436029,7651
59.022504,-51.436029,7741
58.626219,-51.436029,7771
58.229935,-51.436029,7801
57.83365,-51.436029,7831
57.437365,-51.436029,7871
57.04108,-51.436029,7901
56.24851,-51.436029,7931
55.852226,-51.436029,7971
55.059656,-51.436029,7991
53.870801,-51.436029,8041
53.474517,-51.436029,8071
51.889377,-51.436029,8112
51.096808,-51.436029,8142
49.115383,-51.436029,8192
48.322814,-51.436029,8222
47.926529,-51.436029,8262
47.530244,-51.436029,8292
46.737675,-51.436029,8332
45.945105,-51.436029,8362
44.75625,-51.832314,8412
43.963681,-52.228599,8432
43.171111,-52.624883,8482
41.982257,-52.624883,8512
41.585972,-52.624883,8562
41.585972,-53.021168,8592
41.585972,-53.417453,8622
41.585972,-53.813738,8692
41.585972,-54.210023,8722
41.189687,-54.210023,8762
41.189687,-54.606308,8793
41.189687,-55.002592,8823
41.189687,-55.795162,8853
41.189687,-56.191447,8933
41.189687,-56.587732,8973
41.189687,-56.984017,9003
41.189687,-57.380301,9073
41.189687,-57.776586,9103
BREAK
