START
15.037906,-64.261733,0
15.940433,-64.261733,84
15.940433,-63.359206,131
15.940433,-62.456679,149
15.940433,-61.554152,168
15.940433,-60.651625,177
15.940433,-58.84657,187
15.940433,-57.944043,196
16.84296,-57.944043,205
17.745487,-56.138989,215
17.745487,-54.333935,224
17.745487,-53.431408,233
18.648014,-51.626354,243
18.648014,-49.8213,261
19.550542,-48.918773,271
19.550542,-48.016245,280
19.550542,-47.113718,289
20.453069,-45.308664,308
20.453069,-44.406137,317
20.453069,-43.50361,327
20.453069,-41.698556,336
21.355596,-41.698556,345
21.355596,-40.796029,355
21.355596,-39.893502,364
21.355596,-38.990975,374
21.355596,-38.088448,383
21.355596,-37.185921,411
21.355596,-36.283394,420
21.355596,-35.380866,429
21.355596,-34.478339,439
21.355596,-33.575812,458
21.355596,-32.673285,467
21.355596,-31.770758,514
21.355596,-30.868231,532
21.355596,-29.965704,570
21.355596,-29.063177,616
21.355596,-29.965704,868
21.355596,-30.868231,906
21.355596,-31.770758,915
21.355596,-32.673285,924
21.355596,-33.575812,943
21.355596,-34.478339,952
21.355596,-35.380866,962
21.355596,-36.283394,971
21.355596,-37.185921,980
21.355596,-38.088448,999
21.355596,-38.990975,1008
21.355596,-39.893502,1018
21.355596,-40.796029,1027
21.355596,-41.698556,1046
22.258123,-42.601083,1064
23.16065,-43.50361,1074
23.16065,-44.406137,1092
24.063177,-45.308664,1120
24.965704,-46.211191,1130
24.965704,-47.113718,1139
24.965704,-48.016245,1148
25.868231,-48.016245,1167
26.770758,-48.918773,1176
27.673285,-48.918773,1195
28.575812,-48.918773,1204
28.575812,-49.8213,1214
29.478339,-49.8213,1232
29.478339,-50.723827,1242
30.380866,-50.723827,1261
30.380866,-51.626354,1270
31.283394,-51.626354,1288
32.185921,-52.528881,1298
33.088448,-53.431408,1307
33.990975,-54.333935,1317
33.990975,-55.236462,1326
34.893502,-55.236462,1335
35.796029,-55.236462,1401
35.796029,-56.138989,1410
36.698556,-56.138989,1438
37.601083,-56.138989,1447
38.50361,-56.138989,1475
39.406137,-56.138989,1485
40.308664,-56.138989,1494
41.211191,-56.138989,1503
42.113718,-56.138989,1531
43.016245,-56.138989,1541
43.918773,-56.138989,1559
44.8213,-56.138989,1569
45.723827,-56.138989,1587
46.626354,-56.138989,1597
47.528881,-56.138989,1606
48.431408,-56.138989,1615
50.236462,-56.138989,1634
51.138989,-56.138989,1653
52.041516,-56.138989,1662
52.041516,-55.236462,1671
52.944043,-55.236462,1690
52.944043,-54.333935,1700
52.944043,-53.431408,1718
53.84657,-53.431408,1728
54.749097,-52.528881,1737
55.651625,-51.626354,1746
55.651625,-50.723827,1756
55.651625,-49.8213,1765
56.554152,-48.918773,1774
56.554152,-48.016245,1802
57.456679,-47.113718,1812
57.456679,-46.211191,1821
57.456679,-45.308664,1830
57.456679,-44.406137,1849
57.456679,-43.50361,1858
57.456679,-42.601083,1868
57.456679,-41.698556,1877
57.456679,-40.796029,1886
57.456679,-39.893502,1905
57.456679,-38.990975,1914
57.456679,-37.185921,1924
57.456679,-36.283394,1942
57.456679,-34.478339,1961
57.456679,-33.575812,1980
57.456679,-32.673285,1989
57.456679,-31.770758,1998
57.456679,-30.868231,2017
57.456679,-29.965704,2036
57.456679,-29.063177,2045
57.456679,-28.16065,2054
57.456679,-27.258123,2083
57.456679,-26.355596,2101
57.456679,-25.453069,2112
57.456679,-24.550542,2129
57.456679,-23.648014,2157
57.456679,-22.745487,2185
57.456679,-21.84296,2223
BREAK
