START
66.75,-35.859438,0
65.75,-35.859438,46
63.75,-35.859438,63
59.75,-35.859438,79
56.75,-35.859438,96
50.75,-35.859438,113
48.75,-35.859438,129
45.75,-35.859438,146
43.75,-36.859438,163
40.75,-37.859438,179
38.75,-39.859438,196
36.75,-42.859438,213
34.75,-44.859438,229
33.75,-48.859438,246
31.75,-52.859438,263
31.75,-55.859438,279
31.75,-57.859438,296
31.75,-58.859438,313
31.75,-59.859438,330
31.75,-61.859438,346
33.75,-63.859438,363
36.75,-64.859438,380
38.75,-66.859438,396
42.75,-67.859438,413
46.75,-67.859438,430
52.75,-66.859438,446
58.75,-62.859438,463
62.75,-58.859438,480
66.75,-55.859438,497
68.75,-53.859438,513
69.75,-51.859438,547
70.75,-49.859438,563
71.75,-47.859438,580
71.75,-45.859438,597
71.75,-44.859438,613
71.75,-43.859438,630
71.75,-42.859438,647
71.75,-41.859438,663
72.75,-40.859438,680
72.75,-39.859438,730
72.75,-38.859438,781
71.75,-37.859438,797
70.75,-37.859438,847
69.75,-38.859438,947
69.75,-41.859438,964
69.75,-47.859438,981
69.75,-53.859438,997
69.75,-58.859438,1014
69.75,-62.859438,1031
69.75,-64.859438,1047
69.75,-66.859438,1064
69.75,-67.859438,1081
69.75,-68.859438,1098
67.75,-68.859438,1114
66.75,-70.859438,1148
65.75,-70.859438,1164
65.75,-72.859438,1181
63.75,-72.859438,1198
61.75,-74.859438,1214
59.75,-76.859438,1231
57.75,-77.859438,1248
56.75,-78.859438,1265
55.75,-78.859438,1281
54.75,-79.859438,1298
53.75,-79.859438,1315
51.75,-79.859438,1331
50.75,-80.859438,1348
47.75,-80.859438,1365
46.75,-81.859438,1381
44.75,-81.859438,1415
43.75,-81.859438,1432
40.75,-82.859438,1448
37.75,-83.859438,1465
34.75,-84.859438,1482
31.75,-85.859438,1498
29.75,-85.859438,1515
28.75,-85.859438,1532
28.75,-84.859438,1665
27.75,-82.859438,1682
27.75,-81.859438,1699
27.75,-80.859438,1715
27.75,-79.859438,1732
26.75,-79.859438,1749
26.75,-77.859438,1782
26.75,-76.859438,1799
26.75,-75.859438,1832
26.75,-74.859438,1849
24.75,-74.859438,1866
24.75,-73.859438,1899
23.75,-73.859438,1932
22.75,-73.859438,1966
BREAK
