START
31.317259,-23.88438,0
30.413706,-23.88438,143
30.413706,-24.787933,163
30.413706,-25.691487,317
28.606599,-26.59504,368
28.606599,-27.498593,388
28.606599,-28.402147,460
26.799492,-28.402147,480
26.799492,-29.3057,511
26.799492,-30.209253,572
26.799492,-31.112807,603
26.799492,-32.01636,633
26.799492,-32.919913,643
26.799492,-33.823466,664
26.799492,-34.72702,684
26.799492,-36.534126,705
26.799492,-37.43768,735
26.799492,-38.341233,776
26.799492,-39.244786,797
26.799492,-40.14834,819
27.703046,-40.14834,827
27.703046,-41.051893,838
28.606599,-41.955446,889
28.606599,-42.858999,940
29.510152,-42.858999,971
30.413706,-43.762553,1001
30.413706,-44.666106,1022
31.317259,-44.666106,1042
31.317259,-45.569659,1052
32.220812,-45.569659,1073
32.220812,-46.473213,1083
33.124365,-47.376766,1124
34.027919,-47.376766,1155
34.027919,-48.280319,1165
34.931472,-49.183873,1195
35.835025,-50.087426,1216
36.738579,-50.087426,1298
36.738579,-50.990979,1308
37.642132,-50.990979,1328
37.642132,-51.894532,1338
38.545685,-51.894532,1410
39.449239,-51.894532,1461
40.352792,-52.798086,1512
41.256345,-52.798086,1533
42.159898,-52.798086,1635
43.063452,-52.798086,1655
43.967005,-52.798086,1778
45.774112,-52.798086,1788
46.677665,-52.798086,1931
47.581218,-52.798086,1941
48.484772,-52.798086,2095
49.388325,-52.798086,2115
50.291878,-52.798086,2299
BREAK
46.677665,-52.798086,3014
45.774112,-52.798086,3034
44.870558,-52.798086,3065
43.967005,-52.798086,3147
43.063452,-52.798086,3239
43.063452,-53.701639,3249
41.256345,-53.701639,3382
41.256345,-54.605192,3392
39.449239,-54.605192,3504
39.449239,-55.508746,3515
39.449239,-56.412299,3617
37.642132,-56.412299,3627
37.642132,-57.315852,3637
37.642132,-58.219406,3770
37.642132,-59.122959,3780
35.835025,-59.122959,3893
35.835025,-60.026512,3903
35.835025,-60.930065,3964
35.835025,-61.833619,4005
35.835025,-62.737172,4026
35.835025,-63.640725,4077
35.835025,-64.544279,4128
36.738579,-65.447832,4169
36.738579,-67.254939,4250
36.738579,-68.158492,4271
36.738579,-69.062045,4281
37.642132,-69.965598,4352
37.642132,-70.869152,4383
37.642132,-71.772705,4414
38.545685,-71.772705,4455
38.545685,-72.676258,4485
38.545685,-73.579812,4496
39.449239,-73.579812,4506
39.449239,-74.483365,4516
40.352792,-74.483365,4639
40.352792,-75.386918,4649
41.256345,-76.290472,4720
42.159898,-77.194025,4731
42.159898,-78.097578,4751
43.063452,-78.097578,4761
43.967005,-78.097578,4823
44.870558,-79.904685,4833
45.774112,-79.904685,4884
46.677665,-80.808238,4925
47.581218,-80.808238,4945
49.388325,-80.808238,5027
50.291878,-80.808238,5037
51.195431,-80.808238,5119
52.098985,-80.808238,5139
53.002538,-80.808238,5211
53.906091,-80.808238,5231
54.809645,-80.808238,5242
56.616751,-80.808238,5313
57.520305,-80.808238,5333
58.423858,-80.808238,5354
59.327411,-80.808238,5436
59.327411,-79.001131,5458
60.230964,-79.001131,5466
61.134518,-79.001131,5558
62.038071,-79.001131,5579
62.038071,-77.194025,5609
62.941624,-76.290472,5640
62.941624,-75.386918,5671
63.845178,-75.386918,5681
63.845178,-73.579812,5763
64.748731,-72.676258,5773
64.748731,-71.772705,5814
64.748731,-70.869152,5855
64.748731,-69.965598,5916
64.748731,-69.062045,5947
64.748731,-68.158492,5977
64.748731,-66.351385,6018
64.748731,-65.447832,6049
64.748731,-64.544279,6069
64.748731,-63.640725,6100
65.652284,-63.640725,6120
65.652284,-61.833619,6131
65.652284,-60.930065,6151
65.652284,-60.026512,6182
65.652284,-59.122959,6202
65.652284,-58.219406,6223
65.652284,-57.315852,6233
65.652284,-56.412299,6315
65.652284,-54.605192,6325
65.652284,-53.701639,6335
65.652284,-52.798086,6355
65.652284,-51.894532,6396
65.652284,-50.990979,6417
65.652284,-50.087426,6447
65.652284,-49.183873,6468
65.652284,-47.376766,6499
65.652284,-46.473213,6509
65.652284,-45.569659,6539
65.652284,-44.666106,6560
66.555838,-43.762553,6590
66.555838,-42.858999,6631
66.555838,-41.955446,6652
66.555838,-40.14834,6672
66.555838,-39.244786,6723
66.555838,-38.341233,6744
66.555838,-37.43768,6764
66.555838,-36.534126,6877
66.555838,-35.630573,6907
66.555838,-34.72702,6979
66.555838,-33.823466,6989
66.555838,-32.01636,7009
66.555838,-31.112807,7040
66.555838,-30.209253,7173
66.555838,-29.3057,7244
66.555838,-28.402147,7265
66.555838,-27.498593,7286
BREAK
64.748731,-28.402147,7663
64.748731,-29.3057,7673
64.748731,-30.209253,7683
64.748731,-31.112807,7693
64.748731,-32.01636,7704
64.748731,-32.919913,7724
64.748731,-33.823466,7755
64.748731,-35.630573,7775
64.748731,-36.534126,7785
64.748731,-37.43768,7806
64.748731,-38.341233,7836
64.748731,-39.244786,7847
64.748731,-40.14834,7867
64.748731,-41.051893,7888
64.748731,-42.858999,7908
64.748731,-43.762553,7918
64.748731,-44.666106,7949
64.748731,-45.569659,7969
64.748731,-46.473213,7990
64.748731,-47.376766,8020
64.748731,-48.280319,8041
64.748731,-50.087426,8072
64.748731,-50.990979,8092
64.748731,-51.894532,8112
64.748731,-52.798086,8133
64.748731,-53.701639,8143
64.748731,-54.605192,8174
64.748731,-55.508746,8204
64.748731,-56.412299,8235
64.748731,-58.219406,8256
64.748731,-59.122959,8276
64.748731,-60.026512,8317
64.748731,-60.930065,8337
64.748731,-61.833619,8368
64.748731,-62.737172,8399
64.748731,-63.640725,8450
64.748731,-65.447832,8470
64.748731,-66.351385,8491
64.748731,-67.254939,8531
64.748731,-68.158492,8542
64.748731,-69.062045,8562
64.748731,-69.965598,8603
64.748731,-70.869152,8634
64.748731,-72.676258,8654
64.748731,-73.579812,8705
64.748731,-74.483365,8726
65.652284,-75.386918,8746
65.652284,-76.290472,8797
66.555838,-77.194025,8838
66.555838,-78.097578,8910
67.459391,-78.097578,8920
67.459391,-79.001131,8940
68.362944,-79.001131,8950
68.362944,-79.904685,8961
69.266497,-79.904685,9063
69.266497,-80.808238,9094
70.170051,-81.711791,9134
71.073604,-81.711791,9216
71.073604,-82.615345,9226
71.977157,-82.615345,9247
72.880711,-82.615345,9390
73.784264,-82.615345,9400
74.687817,-82.615345,9482
75.591371,-82.615345,9512
73.784264,-80.808238,9768
73.784264,-79.904685,9778
BREAK
