START
33.124365,-14.848847,0
32.220812,-14.848847,23
32.220812,-15.7524,47
31.317259,-15.7524,55
31.317259,-16.655954,63
30.413706,-16.655954,79
30.413706,-17.559507,95
29.510152,-18.46306,111
29.510152,-19.366614,127
28.606599,-19.366614,151
27.703046,-19.366614,159
27.703046,-20.270167,167
26.799492,-20.270167,183
26.799492,-21.17372,199
25.895939,-22.077274,231
25.895939,-22.980827,240
25.895939,-23.88438,279
24.992386,-23.88438,303
24.088832,-23.88438,319
24.088832,-24.787933,328
24.088832,-25.691487,359
24.088832,-26.59504,375
24.088832,-27.498593,400
24.088832,-28.402147,423
24.088832,-29.3057,455
24.088832,-30.209253,463
24.088832,-31.112807,488
24.088832,-32.01636,527
24.992386,-32.01636,544
24.992386,-32.919913,551
24.992386,-33.823466,559
25.895939,-34.72702,584
25.895939,-35.630573,600
26.799492,-35.630573,624
26.799492,-36.534126,632
26.799492,-37.43768,648
27.703046,-37.43768,656
28.606599,-38.341233,672
29.510152,-38.341233,703
29.510152,-39.244786,712
30.413706,-39.244786,720
31.317259,-39.244786,736
32.220812,-39.244786,752
33.124365,-40.14834,760
34.027919,-40.14834,791
34.931472,-40.14834,808
35.835025,-40.14834,831
36.738579,-40.14834,848
37.642132,-41.051893,864
38.545685,-41.051893,872
39.449239,-41.051893,888
40.352792,-41.051893,959
41.256345,-41.051893,1016
BREAK
40.352792,-41.051893,1464
39.449239,-41.051893,1519
39.449239,-41.955446,1535
38.545685,-41.955446,1543
37.642132,-41.955446,1551
36.738579,-41.955446,1567
35.835025,-41.955446,1575
34.931472,-42.858999,1591
33.124365,-42.858999,1615
32.220812,-43.762553,1639
31.317259,-44.666106,1663
30.413706,-44.666106,1671
29.510152,-44.666106,1695
29.510152,-45.569659,1703
28.606599,-45.569659,1727
28.606599,-46.473213,1735
27.703046,-46.473213,1751
26.799492,-47.376766,1775
26.799492,-48.280319,1783
26.799492,-49.183873,1807
25.895939,-49.183873,1815
25.895939,-50.087426,1823
24.992386,-50.990979,1840
24.992386,-51.894532,1855
24.088832,-51.894532,1871
24.088832,-52.798086,1879
23.185279,-53.701639,1903
23.185279,-54.605192,1928
23.185279,-55.508746,1935
22.281726,-55.508746,1943
22.281726,-56.412299,1952
22.281726,-57.315852,1975
22.281726,-58.219406,1999
22.281726,-59.122959,2030
22.281726,-60.026512,2032
22.281726,-60.930065,2048
22.281726,-61.833619,2064
22.281726,-62.737172,2080
22.281726,-63.640725,2096
22.281726,-64.544279,2112
22.281726,-65.447832,2127
22.281726,-66.351385,2135
22.281726,-67.254939,2151
23.185279,-67.254939,2160
23.185279,-68.158492,2176
24.088832,-68.158492,2192
24.088832,-69.062045,2208
24.992386,-69.965598,2224
25.895939,-69.965598,2240
26.799492,-70.869152,2248
27.703046,-71.772705,2264
28.606599,-71.772705,2272
29.510152,-72.676258,2280
30.413706,-72.676258,2288
30.413706,-73.579812,2296
31.317259,-73.579812,2304
32.220812,-73.579812,2312
33.124365,-73.579812,2320
34.931472,-74.483365,2336
35.835025,-75.386918,2352
37.642132,-75.386918,2360
38.545685,-75.386918,2368
39.449239,-75.386918,2376
40.352792,-75.386918,2392
41.256345,-75.386918,2408
43.063452,-75.386918,2424
43.967005,-75.386918,2440
44.870558,-75.386918,2448
45.774112,-75.386918,2456
46.677665,-75.386918,2464
46.677665,-74.483365,2472
47.581218,-74.483365,2480
48.484772,-74.483365,2488
48.484772,-73.579812,2496
49.388325,-73.579812,2520
49.388325,-72.676258,2528
49.388325,-71.772705,2552
50.291878,-70.869152,2560
51.195431,-70.869152,2576
52.098985,-69.965598,2584
53.002538,-69.062045,2608
53.002538,-68.158492,2624
53.906091,-67.254939,2632
53.906091,-66.351385,2648
54.809645,-65.447832,2664
55.713198,-65.447832,2672
55.713198,-64.544279,2688
55.713198,-63.640725,2696
56.616751,-62.737172,2704
56.616751,-61.833619,2728
56.616751,-60.930065,2736
57.520305,-60.930065,2744
57.520305,-60.026512,2752
58.423858,-59.122959,2768
58.423858,-58.219406,2776
58.423858,-57.315852,2784
58.423858,-56.412299,2800
59.327411,-55.508746,2816
59.327411,-54.605192,2832
59.327411,-53.701639,2840
59.327411,-52.798086,2856
59.327411,-51.894532,2864
59.327411,-50.990979,2872
59.327411,-50.087426,2888
60.230964,-49.183873,2904
60.230964,-48.280319,2920
60.230964,-47.376766,2928
60.230964,-46.473213,2936
60.230964,-45.569659,2944
60.230964,-44.666106,2960
60.230964,-43.762553,2968
60.230964,-42.858999,2976
60.230964,-41.955446,2992
60.230964,-41.051893,3000
60.230964,-40.14834,3016
60.230964,-39.244786,3032
60.230964,-38.341233,3040
60.230964,-37.43768,3061
60.230964,-36.534126,3072
60.230964,-35.630573,3088
60.230964,-34.72702,3104
60.230964,-33.823466,3112
60.230964,-32.919913,3128
60.230964,-32.01636,3144
60.230964,-31.112807,3152
60.230964,-30.209253,3168
60.230964,-29.3057,3192
60.230964,-28.402147,3208
60.230964,-27.498593,3224
60.230964,-26.59504,3240
60.230964,-25.691487,3264
60.230964,-24.787933,3304
60.230964,-23.88438,3320
60.230964,-22.980827,3344
60.230964,-22.077274,3384
BREAK
60.230964,-22.077274,3664
60.230964,-22.980827,3695
60.230964,-23.88438,3703
60.230964,-24.787933,3719
60.230964,-25.691487,3727
60.230964,-26.59504,3743
60.230964,-27.498593,3759
60.230964,-28.402147,3767
60.230964,-29.3057,3775
60.230964,-30.209253,3783
60.230964,-31.112807,3791
60.230964,-32.01636,3799
61.134518,-32.01636,3807
61.134518,-33.823466,3815
61.134518,-34.72702,3823
61.134518,-35.630573,3831
62.038071,-36.534126,3840
62.038071,-37.43768,3847
62.038071,-38.341233,3855
62.038071,-39.244786,3863
62.038071,-40.14834,3871
62.038071,-41.955446,3887
62.038071,-42.858999,3903
62.038071,-44.666106,3919
62.038071,-45.569659,3935
62.038071,-47.376766,3951
62.038071,-48.280319,3967
62.038071,-49.183873,3976
62.038071,-50.990979,3992
62.038071,-51.894532,4007
62.038071,-52.798086,4024
62.038071,-53.701639,4032
62.038071,-54.605192,4047
62.038071,-55.508746,4064
62.038071,-56.412299,4090
62.038071,-57.315852,4096
62.038071,-58.219406,4104
62.038071,-59.122959,4119
62.038071,-60.026512,4135
62.038071,-60.930065,4152
62.038071,-61.833619,4160
62.941624,-61.833619,4168
62.941624,-62.737172,4176
62.941624,-63.640725,4191
62.941624,-64.544279,4216
62.941624,-65.447832,4224
62.941624,-66.351385,4240
63.845178,-66.351385,4248
63.845178,-67.254939,4256
63.845178,-69.062045,4271
63.845178,-69.965598,4287
63.845178,-70.869152,4303
63.845178,-71.772705,4320
64.748731,-72.676258,4328
64.748731,-73.579812,4344
65.652284,-73.579812,4352
65.652284,-75.386918,4360
66.555838,-76.290472,4384
66.555838,-77.194025,4392
67.459391,-78.097578,4408
68.362944,-79.001131,4424
69.266497,-79.904685,4440
69.266497,-80.808238,4456
70.170051,-81.711791,4464
71.073604,-81.711791,4480
71.977157,-82.615345,4488
72.880711,-82.615345,4512
72.880711,-83.518898,4536
73.784264,-83.518898,4544
74.687817,-83.518898,4560
75.591371,-83.518898,4568
76.494924,-83.518898,4584
77.398477,-83.518898,4606
78.30203,-83.518898,4616
79.205584,-83.518898,4632
80.109137,-83.518898,4648
81.01269,-83.518898,4672
81.01269,-82.615345,4680
81.01269,-81.711791,4736
BREAK
