START
29.877358,-24.702811,0
28.877358,-26.702811,139
28.877358,-27.702811,149
28.877358,-29.702811,158
28.877358,-31.702811,177
28.877358,-33.702811,186
28.877358,-35.702811,195
28.877358,-37.702811,205
28.877358,-39.702811,223
28.877358,-40.702811,233
28.877358,-42.702811,242
28.877358,-43.702811,260
28.877358,-45.702811,270
28.877358,-46.702811,279
28.877358,-47.702811,288
28.877358,-48.702811,307
28.877358,-49.702811,335
28.877358,-50.702811,400
29.877358,-50.702811,540
30.877358,-50.702811,680
31.877358,-50.702811,708
32.877358,-50.702811,717
34.877358,-50.702811,736
36.877358,-50.702811,745
38.877358,-50.702811,754
39.877358,-50.702811,763
41.877358,-50.702811,773
43.877358,-50.702811,782
45.877358,-50.702811,791
46.877358,-50.702811,801
47.877358,-50.702811,810
48.877358,-50.702811,829
50.877358,-50.702811,838
51.877358,-50.702811,857
52.877358,-50.702811,875
53.877358,-50.702811,885
54.877358,-50.702811,903
55.877358,-50.702811,913
56.877358,-50.702811,922
58.877358,-50.702811,940
59.877358,-50.702811,950
61.877358,-50.702811,959
63.877358,-50.702811,978
64.877358,-50.702811,987
65.877358,-50.702811,996
66.877358,-50.702811,1015
68.877358,-50.702811,1024
69.877358,-50.702811,1034
70.877358,-50.702811,1043
71.877358,-50.702811,1062
72.877358,-50.702811,1071
73.877358,-50.702811,1090
74.877358,-50.702811,1108
75.877358,-50.702811,1136
76.877358,-50.702811,1146
77.877358,-50.702811,1202
78.877358,-50.702811,1211
79.877358,-50.702811,1229
80.877358,-50.702811,1248
81.877358,-50.702811,1342
81.877358,-52.702811,1472
81.877358,-53.702811,1481
81.877358,-55.702811,1490
81.877358,-56.702811,1509
81.877358,-58.702811,1518
81.877358,-60.702811,1528
81.877358,-61.702811,1546
81.877358,-63.702811,1556
81.877358,-64.702811,1565
81.877358,-66.702811,1574
81.877358,-67.702811,1593
81.877358,-68.702811,1602
81.877358,-69.702811,1612
81.877358,-70.702811,1621
81.877358,-71.702811,1639
81.877358,-72.702811,1658
81.877358,-73.702811,1677
81.877358,-74.702811,1686
81.877358,-75.702811,1695
BREAK
67.877358,-22.702811,2682
67.877358,-23.702811,2784
67.877358,-24.702811,2794
67.877358,-26.702811,2803
67.877358,-28.702811,2822
67.877358,-30.702811,2831
67.877358,-32.702811,2840
67.877358,-34.702811,2850
67.877358,-36.702811,2868
67.877358,-37.702811,2878
67.877358,-38.702811,2887
67.877358,-39.702811,2896
67.877358,-40.702811,2906
67.877358,-41.702811,2915
67.877358,-42.702811,2924
67.877358,-43.702811,2934
67.877358,-44.702811,2952
67.877358,-45.702811,2971
67.877358,-46.702811,2980
67.877358,-47.702811,3008
67.877358,-48.702811,3036
67.877358,-49.702811,3045
BREAK
45.877358,-24.702811,4153
45.877358,-25.702811,4284
45.877358,-26.702811,4293
45.877358,-27.702811,4302
45.877358,-28.702811,4311
45.877358,-29.702811,4321
45.877358,-30.702811,4330
45.877358,-31.702811,4339
45.877358,-33.702811,4349
45.877358,-34.702811,4358
45.877358,-35.702811,4367
45.877358,-36.702811,4377
45.877358,-37.702811,4386
45.877358,-38.702811,4395
45.877358,-39.702811,4423
45.877358,-41.702811,4442
45.877358,-42.702811,4460
45.877358,-43.702811,4470
45.877358,-44.702811,4554
45.877358,-45.702811,4591
45.877358,-46.702811,4619
45.877358,-47.702811,4665
BREAK
