START
54.061321,-12.718876,0
52.061321,-12.718876,418
50.061321,-12.718876,439
48.061321,-12.718876,479
46.061321,-12.718876,503
44.061321,-12.718876,543
44.061321,-13.718876,567
42.061321,-13.718876,624
41.061321,-13.718876,655
40.061321,-14.718876,663
39.061321,-15.718876,679
38.061321,-16.718876,695
37.061321,-17.718876,704
36.061321,-17.718876,711
35.061321,-18.718876,720
35.061321,-19.718876,728
34.061321,-20.718876,737
33.061321,-21.718876,753
33.061321,-22.718876,761
32.061321,-22.718876,807
32.061321,-23.718876,903
33.061321,-23.718876,935
33.061321,-24.718876,943
34.061321,-24.718876,951
35.061321,-24.718876,975
36.061321,-25.718876,991
37.061321,-25.718876,1015
38.061321,-25.718876,1031
39.061321,-26.718876,1055
40.061321,-26.718876,1087
41.061321,-26.718876,1127
41.061321,-27.718876,1167
42.061321,-27.718876,1191
43.061321,-27.718876,1231
43.061321,-28.718876,1247
44.061321,-28.718876,1271
45.061321,-28.718876,1311
45.061321,-29.718876,1320
46.061321,-29.718876,1335
47.061321,-29.718876,1367
47.061321,-30.718876,1391
48.061321,-30.718876,1410
49.061321,-30.718876,1426
50.061321,-30.718876,1448
50.061321,-31.718876,1464
51.061321,-31.718876,1479
52.061321,-31.718876,1519
53.061321,-32.718876,1535
54.061321,-32.718876,1567
55.061321,-32.718876,1575
55.061321,-33.718876,1591
56.061321,-33.718876,1599
56.061321,-34.718876,1615
57.061321,-34.718876,1623
58.061321,-34.718876,1655
59.061321,-34.718876,1679
59.061321,-35.718876,1695
60.061321,-35.718876,1703
61.061321,-35.718876,1719
61.061321,-36.718876,1743
62.061321,-36.718876,1752
63.061321,-36.718876,1775
63.061321,-37.718876,1783
64.061321,-37.718876,1799
65.061321,-37.718876,1831
65.061321,-38.718876,1855
66.061321,-38.718876,1864
67.061321,-38.718876,1888
68.061321,-38.718876,1912
68.061321,-39.718876,1920
69.061321,-39.718876,1951
69.061321,-40.718876,1999
70.061321,-40.718876,2007
71.061321,-40.718876,2040
71.061321,-41.718876,2088
72.061321,-41.718876,2097
73.061321,-41.718876,2167
73.061321,-42.718876,2215
74.061321,-42.718876,2231
74.061321,-43.718876,2335
74.061321,-44.718876,2384
74.061321,-45.718876,2407
74.061321,-46.718876,2423
74.061321,-47.718876,2440
74.061321,-48.718876,2480
74.061321,-49.718876,2535
74.061321,-50.718876,2559
74.061321,-51.718876,2583
74.061321,-52.718876,2607
74.061321,-53.718876,2688
73.061321,-54.718876,2720
73.061321,-55.718876,2728
73.061321,-56.718876,2745
72.061321,-57.718876,2768
72.061321,-58.718876,2776
72.061321,-59.718876,2799
71.061321,-59.718876,2807
71.061321,-60.718876,2831
71.061321,-61.718876,2847
70.061321,-61.718876,2912
70.061321,-62.718876,2920
70.061321,-63.718876,2952
69.061321,-64.718876,2961
68.061321,-65.718876,2991
68.061321,-66.718876,3007
67.061321,-66.718876,3023
67.061321,-67.718876,3031
66.061321,-67.718876,3039
66.061321,-68.718876,3047
65.061321,-68.718876,3080
64.061321,-69.718876,3087
63.061321,-70.718876,3103
62.061321,-70.718876,3119
61.061321,-71.718876,3143
60.061321,-71.718876,3151
59.061321,-71.718876,3167
58.061321,-72.718876,3191
57.061321,-72.718876,3207
56.061321,-72.718876,3223
55.061321,-72.718876,3255
54.061321,-73.718876,3271
53.061321,-73.718876,3287
52.061321,-73.718876,3311
51.061321,-73.718876,3327
50.061321,-73.718876,3351
49.061321,-73.718876,3367
34.061321,-62.718876,4402
BREAK
56.061321,-17.718876,8119
56.061321,-18.718876,8431
56.061321,-19.718876,8455
56.061321,-20.718876,8471
56.061321,-22.718876,8479
56.061321,-23.718876,8495
56.061321,-24.718876,8503
56.061321,-25.718876,8511
56.061321,-26.718876,8519
56.061321,-27.718876,8535
56.061321,-28.718876,8543
56.061321,-29.718876,8559
56.061321,-30.718876,8575
56.061321,-31.718876,8591
56.061321,-32.718876,8607
56.061321,-33.718876,8615
56.061321,-34.718876,8639
55.061321,-35.718876,8647
55.061321,-36.718876,8671
55.061321,-37.718876,8687
55.061321,-38.718876,8695
55.061321,-39.718876,8711
55.061321,-40.718876,8719
55.061321,-41.718876,8735
55.061321,-42.718876,8743
55.061321,-43.718876,8759
55.061321,-44.718876,8767
55.061321,-45.718876,8783
55.061321,-46.718876,8799
55.061321,-47.718876,8807
55.061321,-48.718876,8823
55.061321,-49.718876,8831
55.061321,-50.718876,8855
55.061321,-51.718876,8863
55.061321,-52.718876,8872
55.061321,-53.718876,8880
54.061321,-54.718876,8888
54.061321,-55.718876,8904
54.061321,-56.718876,8914
54.061321,-57.718876,8928
54.061321,-58.718876,8939
54.061321,-59.718876,8944
54.061321,-60.718876,8959
54.061321,-61.718876,8967
54.061321,-62.718876,8983
54.061321,-63.718876,8999
54.061321,-64.718876,9007
54.061321,-65.718876,9015
54.061321,-66.718876,9031
54.061321,-67.718876,9047
54.061321,-68.718876,9063
54.061321,-69.718876,9071
54.061321,-70.718876,9087
54.061321,-71.718876,9095
54.061321,-72.718876,9127
54.061321,-73.718876,9151
54.061321,-74.718876,9159
54.061321,-75.718876,9183
54.061321,-76.718876,9207
54.061321,-77.718876,9215
54.061321,-78.718876,9255
54.061321,-79.718876,9295
54.061321,-80.718876,9311
54.061321,-81.718876,9335
54.061321,-82.718876,9359
54.061321,-83.718876,9383
54.061321,-84.718876,9399
54.061321,-85.718876,9407
54.061321,-86.718876,9431
54.061321,-87.718876,9455
54.061321,-88.718876,9495
54.061321,-89.718876,9591
BREAK
40.061321,-92.718876,13918
48.061321,-91.718876,14252
49.061321,-91.718876,14267
50.061321,-91.718876,14289
51.061321,-91.718876,14296
52.061321,-91.718876,14312
52.061321,-90.718876,14325
53.061321,-90.718876,14352
54.061321,-90.718876,14415
55.061321,-90.718876,14443
56.061321,-90.718876,14467
57.061321,-90.718876,14499
58.061321,-90.718876,14523
59.061321,-90.718876,14546
60.061321,-90.718876,14567
61.061321,-90.718876,14576
62.061321,-91.718876,14599
63.061321,-91.718876,14615
64.061321,-91.718876,14632
65.061321,-92.718876,14672
66.061321,-92.718876,14695
67.061321,-92.718876,14743
BREAK
