START
62.038071,-22.980827,0
60.230964,-22.077274,127
59.327411,-22.077274,143
59.327411,-21.17372,151
58.423858,-21.17372,159
58.423858,-20.270167,167
57.520305,-19.366614,191
56.616751,-18.46306,207
55.713198,-18.46306,231
54.809645,-18.46306,247
54.809645,-17.559507,255
53.906091,-17.559507,272
53.002538,-17.559507,288
52.098985,-17.559507,311
51.195431,-17.559507,319
50.291878,-17.559507,327
49.388325,-17.559507,335
48.484772,-16.655954,343
47.581218,-16.655954,351
45.774112,-16.655954,359
44.870558,-16.655954,375
43.967005,-16.655954,383
43.063452,-16.655954,391
42.159898,-16.655954,407
41.256345,-16.655954,432
40.352792,-17.559507,448
39.449239,-17.559507,456
38.545685,-17.559507,472
38.545685,-18.46306,480
37.642132,-18.46306,488
36.738579,-19.366614,504
35.835025,-19.366614,512
35.835025,-20.270167,528
34.931472,-21.17372,536
34.931472,-22.077274,560
34.027919,-22.980827,576
34.027919,-23.88438,592
34.027919,-24.787933,608
34.027919,-25.691487,623
34.027919,-26.59504,640
34.027919,-27.498593,648
34.027919,-28.402147,672
34.027919,-29.3057,688
34.931472,-31.112807,704
34.931472,-32.01636,720
35.835025,-33.823466,736
35.835025,-34.72702,760
36.738579,-34.72702,768
36.738579,-35.630573,776
36.738579,-36.534126,792
37.642132,-37.43768,800
37.642132,-38.341233,816
38.545685,-38.341233,824
38.545685,-39.244786,832
39.449239,-40.14834,856
39.449239,-41.051893,864
40.352792,-41.051893,872
41.256345,-41.051893,880
41.256345,-41.955446,888
42.159898,-41.955446,896
43.063452,-41.955446,912
43.063452,-42.858999,920
43.967005,-42.858999,936
44.870558,-42.858999,944
45.774112,-43.762553,968
46.677665,-43.762553,992
47.581218,-43.762553,1032
48.484772,-43.762553,1072
48.484772,-44.666106,1088
48.484772,-43.762553,1096
49.388325,-43.762553,1120
49.388325,-44.666106,1152
50.291878,-44.666106,1208
51.195431,-44.666106,1248
52.098985,-44.666106,1304
BREAK
54.809645,-43.762553,2400
53.906091,-43.762553,2511
53.002538,-43.762553,2567
52.098985,-43.762553,2615
51.195431,-44.666106,2631
50.291878,-44.666106,2639
49.388325,-44.666106,2647
48.484772,-44.666106,2655
47.581218,-44.666106,2671
46.677665,-44.666106,2743
45.774112,-44.666106,2759
44.870558,-45.569659,2767
43.967005,-44.666106,2775
42.159898,-44.666106,2791
41.256345,-44.666106,2808
39.449239,-44.666106,2815
38.545685,-44.666106,2831
37.642132,-44.666106,2856
37.642132,-45.569659,2959
36.738579,-45.569659,2967
35.835025,-46.473213,2984
35.835025,-47.376766,3007
34.931472,-48.280319,3040
34.931472,-49.183873,3048
34.931472,-50.087426,3071
34.027919,-50.087426,3080
34.027919,-50.990979,3088
34.027919,-51.894532,3112
34.027919,-52.798086,3120
34.027919,-53.701639,3136
33.124365,-54.605192,3160
33.124365,-55.508746,3175
33.124365,-56.412299,3184
33.124365,-57.315852,3200
33.124365,-58.219406,3216
33.124365,-59.122959,3232
33.124365,-60.026512,3263
33.124365,-60.930065,3287
33.124365,-61.833619,3304
33.124365,-62.737172,3328
33.124365,-63.640725,3335
33.124365,-64.544279,3367
33.124365,-65.447832,3399
44.870558,-75.386918,3668
45.774112,-76.290472,3678
46.677665,-76.290472,3686
47.581218,-76.290472,3694
48.484772,-76.290472,3710
50.291878,-76.290472,3726
51.195431,-76.290472,3734
52.098985,-76.290472,3750
53.002538,-76.290472,3880
53.906091,-76.290472,3888
55.713198,-76.290472,3896
56.616751,-76.290472,3904
57.520305,-75.386918,3912
59.327411,-75.386918,3920
59.327411,-74.483365,3928
60.230964,-74.483365,3968
60.230964,-73.579812,3976
61.134518,-73.579812,4000
62.038071,-72.676258,4008
62.941624,-71.772705,4024
63.845178,-70.869152,4072
64.748731,-69.965598,4096
65.652284,-69.965598,4104
65.652284,-69.062045,4120
66.555838,-68.158492,4128
66.555838,-67.254939,4136
67.459391,-67.254939,4144
67.459391,-66.351385,4152
67.459391,-65.447832,4160
68.362944,-65.447832,4168
69.266497,-64.544279,4176
69.266497,-63.640725,4192
70.170051,-63.640725,4200
70.170051,-62.737172,4224
71.073604,-62.737172,4240
71.073604,-61.833619,4439
BREAK
