START
23.667256,-46.676152,0
23.667256,-45.105243,216
23.667256,-44.319788,246
23.667256,-43.534334,263
23.667256,-42.748879,288
23.667256,-41.963425,318
23.667256,-41.17797,382
23.667256,-40.392516,406
23.667256,-39.607061,422
23.667256,-38.821606,451
24.45271,-38.821606,454
25.238165,-38.036152,475
25.238165,-37.250697,495
26.023619,-36.465243,529
26.809074,-36.465243,535
27.594528,-35.679788,574
28.379983,-35.679788,597
29.165437,-35.679788,622
29.950892,-35.679788,630
30.736346,-35.679788,680
31.521801,-35.679788,718
31.521801,-36.465243,742
32.307256,-37.250697,760
33.09271,-37.250697,766
33.09271,-38.036152,790
33.878165,-38.036152,806
33.878165,-38.821606,814
33.878165,-39.607061,822
33.878165,-40.392516,862
33.878165,-41.17797,896
33.878165,-41.963425,921
33.878165,-42.748879,934
33.878165,-43.534334,966
33.878165,-44.319788,999
33.878165,-45.105243,1022
33.878165,-45.890697,1038
33.878165,-46.676152,1081
33.878165,-47.461606,1102
33.878165,-48.247061,1134
33.09271,-48.247061,1142
33.09271,-49.032516,1161
33.09271,-49.81797,1174
33.09271,-50.603425,1198
32.307256,-50.603425,1214
32.307256,-51.388879,1222
32.307256,-52.174334,1242
32.307256,-52.959788,1254
32.307256,-53.745243,1270
32.307256,-54.530697,1286
32.307256,-55.316152,1302
32.307256,-56.101606,1321
32.307256,-56.887061,1335
32.307256,-57.672516,1342
32.307256,-58.45797,1358
32.307256,-59.243425,1382
32.307256,-60.028879,1406
32.307256,-60.814334,1422
32.307256,-61.599788,1446
33.09271,-61.599788,1454
33.09271,-62.385243,1490
33.09271,-63.170697,1518
33.878165,-63.170697,1534
33.878165,-63.956152,1543
33.878165,-64.741606,1566
34.663619,-64.741606,1574
34.663619,-65.527061,1582
35.449074,-65.527061,1598
36.234528,-65.527061,1622
37.019983,-65.527061,1686
37.805437,-65.527061,1723
37.805437,-66.312516,1727
38.590892,-66.312516,1759
39.376346,-66.312516,1783
40.161801,-66.312516,1815
40.161801,-67.09797,1839
40.947256,-67.09797,1892
40.161801,-67.09797,2049
39.376346,-67.09797,2063
39.376346,-66.312516,2071
38.590892,-65.527061,2079
38.590892,-64.741606,2095
37.805437,-62.385243,2131
37.805437,-60.814334,2135
37.805437,-60.028879,2143
37.805437,-59.243425,2159
37.805437,-58.45797,2167
37.805437,-57.672516,2213
37.805437,-56.887061,2216
37.805437,-56.101606,2231
37.805437,-55.316152,2247
37.805437,-54.530697,2263
37.805437,-52.959788,2290
37.805437,-52.174334,2303
37.805437,-51.388879,2311
37.805437,-50.603425,2335
38.590892,-49.81797,2343
38.590892,-49.032516,2370
38.590892,-48.247061,2375
38.590892,-47.461606,2391
38.590892,-46.676152,2407
39.376346,-45.890697,2452
39.376346,-45.105243,2455
39.376346,-44.319788,2479
39.376346,-43.534334,2487
40.161801,-43.534334,2497
40.161801,-42.748879,2530
40.947256,-41.963425,2535
41.73271,-41.963425,2543
41.73271,-41.17797,2560
42.518165,-41.17797,2567
43.303619,-39.607061,2610
44.089074,-39.607061,2631
44.874528,-38.821606,2639
45.659983,-38.821606,2664
46.445437,-38.036152,2692
46.445437,-37.250697,2703
47.230892,-37.250697,2719
48.016346,-36.465243,2743
48.801801,-36.465243,2771
49.587256,-36.465243,2783
50.37271,-36.465243,2799
51.158165,-36.465243,2807
51.943619,-36.465243,2815
52.729074,-36.465243,2849
53.514528,-36.465243,2854
54.299983,-36.465243,2862
55.085437,-36.465243,2887
55.870892,-36.465243,2919
56.656346,-36.465243,2934
57.441801,-36.465243,2942
58.227256,-36.465243,2974
59.01271,-37.250697,3002
59.798165,-37.250697,3022
60.583619,-37.250697,3030
60.583619,-38.036152,3046
61.369074,-38.036152,3062
61.369074,-38.821606,3081
62.154528,-38.821606,3086
62.939983,-38.821606,3103
62.939983,-39.607061,3110
62.939983,-40.392516,3118
63.725437,-41.17797,3159
63.725437,-42.748879,3174
63.725437,-43.534334,3198
63.725437,-44.319788,3222
63.725437,-45.105243,3255
62.939983,-45.890697,3263
62.154528,-46.676152,3287
61.369074,-47.461606,3324
60.583619,-47.461606,3327
59.01271,-47.461606,3343
58.227256,-48.247061,3351
57.441801,-48.247061,3359
56.656346,-48.247061,3383
55.870892,-49.032516,3402
55.085437,-49.032516,3407
54.299983,-49.032516,3439
53.514528,-49.81797,3455
52.729074,-49.81797,3463
51.943619,-49.81797,3482
51.158165,-49.81797,3487
50.37271,-49.81797,3513
48.801801,-50.603425,3767
49.587256,-50.603425,3919
50.37271,-50.603425,3935
51.158165,-50.603425,3943
53.514528,-50.603425,3965
54.299983,-50.603425,3968
55.870892,-50.603425,3975
56.656346,-50.603425,3983
58.227256,-50.603425,3991
59.01271,-50.603425,3999
59.798165,-50.603425,4007
60.583619,-50.603425,4015
60.583619,-51.388879,4023
61.369074,-51.388879,4045
62.154528,-51.388879,4055
62.939983,-51.388879,4063
63.725437,-52.174334,4087
64.510892,-52.174334,4103
64.510892,-52.959788,4124
65.296346,-53.745243,4135
66.081801,-53.745243,4143
66.081801,-54.530697,4151
66.081801,-55.316152,4159
66.081801,-56.101606,4183
66.081801,-57.672516,4208
66.081801,-59.243425,4223
66.081801,-60.028879,4239
66.081801,-60.814334,4247
66.081801,-62.385243,4284
65.296346,-62.385243,4303
65.296346,-63.170697,4311
65.296346,-63.956152,4365
65.296346,-64.741606,4383
65.296346,-65.527061,4399
64.510892,-65.527061,4479
64.510892,-63.956152,4495
BREAK
