START
23.667256,-38.821606,0
24.45271,-38.821606,8
25.238165,-38.821606,96
25.238165,-38.036152,111
26.023619,-37.250697,119
27.594528,-35.679788,136
28.379983,-35.679788,160
29.165437,-34.894334,168
29.950892,-34.894334,176
30.736346,-34.108879,191
31.521801,-34.108879,200
32.307256,-33.323425,224
33.09271,-33.323425,231
33.878165,-33.323425,256
34.663619,-33.323425,271
35.449074,-33.323425,279
35.449074,-34.108879,311
36.234528,-34.894334,328
36.234528,-35.679788,344
36.234528,-37.250697,352
36.234528,-38.036152,367
36.234528,-39.607061,376
36.234528,-41.17797,392
36.234528,-41.963425,399
36.234528,-43.534334,407
36.234528,-45.890697,416
36.234528,-46.676152,424
36.234528,-48.247061,432
35.449074,-50.603425,439
35.449074,-52.959788,456
34.663619,-52.959788,464
34.663619,-54.530697,472
33.878165,-55.316152,479
33.09271,-56.101606,496
33.09271,-56.887061,504
32.307256,-57.672516,519
31.521801,-58.45797,528
30.736346,-59.243425,544
29.950892,-59.243425,567
29.165437,-59.243425,576
29.165437,-60.028879,584
28.379983,-60.028879,592
27.594528,-60.028879,607
26.809074,-60.028879,616
26.023619,-60.028879,632
25.238165,-60.028879,640
24.45271,-60.028879,664
23.667256,-60.028879,687
22.881801,-60.028879,704
22.881801,-59.243425,727
22.881801,-58.45797,735
22.881801,-57.672516,744
22.881801,-56.887061,752
22.881801,-56.101606,760
22.881801,-55.316152,768
22.881801,-54.530697,792
22.881801,-53.745243,800
22.881801,-52.959788,815
22.881801,-52.174334,832
22.881801,-51.388879,840
23.667256,-50.603425,848
24.45271,-50.603425,855
24.45271,-49.81797,864
25.238165,-49.81797,880
26.023619,-49.032516,895
26.809074,-49.032516,920
27.594528,-48.247061,936
28.379983,-48.247061,943
29.165437,-48.247061,968
29.950892,-48.247061,976
31.521801,-48.247061,1000
32.307256,-48.247061,1016
33.09271,-48.247061,1023
33.878165,-48.247061,1032
34.663619,-48.247061,1040
36.234528,-49.032516,1048
37.019983,-49.032516,1063
37.805437,-49.81797,1072
38.590892,-49.81797,1080
39.376346,-49.81797,1088
40.161801,-50.603425,1096
40.161801,-51.388879,1103
40.947256,-51.388879,1112
42.518165,-51.388879,1120
42.518165,-52.174334,1128
43.303619,-52.959788,1136
44.089074,-52.959788,1144
44.874528,-52.959788,1160
45.659983,-54.530697,1168
46.445437,-54.530697,1176
46.445437,-55.316152,1184
47.230892,-56.101606,1192
48.016346,-56.887061,1200
48.801801,-57.672516,1216
49.587256,-58.45797,1224
50.37271,-58.45797,1231
51.943619,-58.45797,1248
52.729074,-58.45797,1256
53.514528,-58.45797,1271
54.299983,-58.45797,1280
55.085437,-58.45797,1288
55.870892,-58.45797,1296
56.656346,-58.45797,1304
57.441801,-58.45797,1311
59.01271,-58.45797,1320
60.583619,-57.672516,1336
61.369074,-57.672516,1344
61.369074,-56.887061,1352
62.154528,-56.101606,1360
62.939983,-56.101606,1368
62.939983,-55.316152,1376
62.939983,-54.530697,1384
62.939983,-53.745243,1400
63.725437,-53.745243,1408
63.725437,-52.959788,1416
63.725437,-52.174334,1424
63.725437,-51.388879,1440
63.725437,-50.603425,1448
63.725437,-49.81797,1456
63.725437,-49.032516,1464
63.725437,-48.247061,1472
63.725437,-47.461606,1480
63.725437,-46.676152,1496
63.725437,-45.890697,1504
63.725437,-45.105243,1512
62.939983,-43.534334,1519
62.939983,-42.748879,1536
62.939983,-41.963425,1544
62.154528,-41.17797,1553
61.369074,-40.392516,1568
60.583619,-39.607061,1576
59.798165,-39.607061,1584
59.798165,-38.821606,1592
58.227256,-37.250697,1600
56.656346,-36.465243,1608
55.870892,-36.465243,1624
55.085437,-35.679788,1634
54.299983,-34.894334,1640
53.514528,-34.108879,1648
52.729074,-34.108879,1656
52.729074,-33.323425,1664
51.158165,-33.323425,1672
50.37271,-33.323425,1680
49.587256,-32.53797,1688
48.801801,-32.53797,1696
48.016346,-32.53797,1704
48.016346,-31.752516,1712
47.230892,-31.752516,1720
46.445437,-31.752516,1728
45.659983,-31.752516,1736
45.659983,-30.967061,1872
46.445437,-30.967061,1880
47.230892,-30.967061,1888
48.016346,-30.967061,1904
48.801801,-30.967061,1912
50.37271,-30.967061,1928
51.158165,-30.967061,1936
51.943619,-30.967061,1944
52.729074,-30.967061,1952
53.514528,-30.967061,1960
54.299983,-30.967061,1968
55.870892,-30.967061,1976
56.656346,-30.967061,1992
57.441801,-30.967061,2000
58.227256,-30.967061,2008
59.01271,-30.967061,2024
59.798165,-30.967061,2032
59.798165,-31.752516,2040
60.583619,-32.53797,2048
62.154528,-32.53797,2056
62.939983,-33.323425,2072
63.725437,-34.108879,2080
64.510892,-34.108879,2088
65.296346,-34.894334,2096
66.081801,-35.679788,2104
66.867256,-35.679788,2112
67.65271,-35.679788,2120
68.438165,-36.465243,2128
68.438165,-37.250697,2136
69.223619,-37.250697,2144
70.794528,-37.250697,2152
70.794528,-38.036152,2160
70.794528,-38.821606,2168
71.579983,-38.821606,2176
72.365437,-39.607061,2185
72.365437,-40.392516,2192
73.150892,-41.17797,2200
73.936346,-41.17797,2208
74.721801,-42.748879,2216
74.721801,-43.534334,2225
75.507256,-43.534334,2232
75.507256,-45.105243,2240
76.29271,-45.105243,2256
76.29271,-45.890697,2265
76.29271,-46.676152,2272
76.29271,-47.461606,2296
76.29271,-48.247061,2305
76.29271,-49.032516,2320
76.29271,-49.81797,2328
76.29271,-50.603425,2344
76.29271,-51.388879,2352
76.29271,-52.174334,2360
76.29271,-52.959788,2368
76.29271,-53.745243,2376
76.29271,-54.530697,2384
76.29271,-55.316152,2393
76.29271,-56.101606,2400
76.29271,-56.887061,2416
76.29271,-57.672516,2425
76.29271,-58.45797,2433
76.29271,-59.243425,2440
76.29271,-60.028879,2448
75.507256,-60.814334,2456
75.507256,-61.599788,2464
75.507256,-62.385243,2473
74.721801,-63.170697,2480
74.721801,-63.956152,2504
74.721801,-64.741606,2520
73.936346,-64.741606,2664
73.936346,-63.956152,2672
BREAK
