START
12.641509,-9.8594378,0
13.641509,-9.8594378,248
13.641509,-10.859438,264
14.641509,-11.859438,296
15.641509,-12.859438,312
15.641509,-13.859438,328
16.641509,-14.859438,344
17.641509,-14.859438,360
17.641509,-15.859438,368
18.641509,-16.859438,432
18.641509,-17.859438,464
18.641509,-18.859438,480
19.641509,-18.859438,496
19.641509,-19.859438,504
19.641509,-20.859438,528
19.641509,-21.859438,544
19.641509,-22.859438,560
20.641509,-23.859438,576
20.641509,-24.859438,624
20.641509,-25.859438,648
21.641509,-25.859438,656
21.641509,-26.859438,680
21.641509,-27.859438,712
21.641509,-28.859438,736
21.641509,-29.859438,760
21.641509,-30.859438,768
21.641509,-31.859438,784
22.641509,-31.859438,800
22.641509,-32.859438,808
22.641509,-33.859438,840
22.641509,-34.859438,848
22.641509,-35.859438,872
21.641509,-35.859438,888
21.641509,-36.859438,896
21.641509,-37.859438,928
21.641509,-38.859438,936
21.641509,-39.859438,960
21.641509,-40.859438,984
22.641509,-40.859438,992
22.641509,-41.859438,1000
21.641509,-42.859438,1008
21.641509,-43.859438,1024
21.641509,-44.859438,1048
21.641509,-45.859438,1072
21.641509,-46.859438,1080
21.641509,-47.859438,1105
22.641509,-47.859438,1113
22.641509,-48.859438,1120
22.641509,-49.859438,1144
22.641509,-50.859438,1152
22.641509,-51.859438,1176
22.641509,-52.859438,1200
22.641509,-53.859438,1216
22.641509,-54.859438,1224
22.641509,-55.859438,1248
22.641509,-56.859438,1264
22.641509,-57.859438,1296
22.641509,-58.859438,1320
22.641509,-59.859438,1336
23.641509,-59.859438,1344
23.641509,-60.859438,1360
23.641509,-62.859438,1384
23.641509,-63.859438,1408
23.641509,-64.859438,1432
23.641509,-65.859438,1448
23.641509,-66.859438,1456
24.641509,-67.859438,1473
23.641509,-67.859438,1480
23.641509,-68.859438,1488
23.641509,-69.859438,1496
23.641509,-70.859438,1504
23.641509,-71.859438,1528
24.641509,-71.859438,1536
24.641509,-72.859438,1544
24.641509,-73.859438,1569
24.641509,-74.859438,1585
24.641509,-75.859438,1601
24.641509,-76.859438,1625
24.641509,-77.859438,1665
23.641509,-77.859438,1681
23.641509,-78.859438,1689
22.641509,-78.859438,1713
21.641509,-78.859438,1777
21.641509,-79.859438,1785
BREAK
24.641509,-75.859438,2480
25.641509,-75.859438,2808
26.641509,-75.859438,2816
29.641509,-75.859438,2824
31.641509,-75.859438,2832
34.641509,-76.859438,2840
36.641509,-76.859438,2848
38.641509,-77.859438,2856
40.641509,-77.859438,2864
41.641509,-77.859438,2872
42.641509,-77.859438,2880
44.641509,-77.859438,3136
45.641509,-77.859438,3144
47.641509,-77.859438,3152
49.641509,-77.859438,3160
50.641509,-77.859438,3168
52.641509,-77.859438,3176
54.641509,-77.859438,3184
56.641509,-77.859438,3192
57.641509,-77.859438,3200
58.641509,-77.859438,3216
59.641509,-77.859438,3224
60.641509,-77.859438,3304
62.641509,-77.859438,3312
64.641509,-77.859438,3320
65.641509,-77.859438,3328
66.641509,-77.859438,3336
68.641509,-77.859438,3344
69.641509,-77.859438,3352
71.641509,-77.859438,3368
72.641509,-77.859438,3384
71.641509,-77.859438,3496
70.641509,-77.859438,3544
70.641509,-76.859438,3552
BREAK
21.641509,-43.859438,4440
22.641509,-43.859438,4464
22.641509,-44.859438,4504
23.641509,-44.859438,4528
24.641509,-44.859438,4544
26.641509,-44.859438,4552
27.641509,-44.859438,4560
29.641509,-44.859438,4568
31.641509,-44.859438,4576
34.641509,-44.859438,4584
36.641509,-44.859438,4592
38.641509,-45.859438,4600
40.641509,-45.859438,4608
41.641509,-45.859438,4616
42.641509,-46.859438,4624
43.641509,-46.859438,4642
43.641509,-45.859438,4656
43.641509,-44.859438,4680
44.641509,-44.859438,4696
45.641509,-44.859438,4712
46.641509,-44.859438,4721
47.641509,-44.859438,4728
48.641509,-44.859438,4736
49.641509,-44.859438,4744
50.641509,-44.859438,4752
51.641509,-44.859438,4760
52.641509,-44.859438,4784
53.641509,-44.859438,4864
54.641509,-44.859438,4880
55.641509,-44.859438,4888
56.641509,-45.859438,4896
57.641509,-45.859438,4904
58.641509,-45.859438,4920
58.641509,-44.859438,4976
59.641509,-44.859438,5040
59.641509,-43.859438,5105
60.641509,-43.859438,5120
61.641509,-43.859438,5128
63.641509,-43.859438,5137
65.641509,-43.859438,5144
66.641509,-43.859438,5152
67.641509,-43.859438,5161
69.641509,-43.859438,5168
BREAK
23.641509,-16.859438,5896
24.641509,-17.859438,5928
24.641509,-16.859438,5936
25.641509,-16.859438,5984
26.641509,-16.859438,5992
28.641509,-16.859438,6000
30.641509,-16.859438,6008
33.641509,-17.859438,6016
35.641509,-17.859438,6024
38.641509,-18.859438,6032
40.641509,-18.859438,6040
42.641509,-18.859438,6048
43.641509,-18.859438,6056
45.641509,-18.859438,6064
46.641509,-18.859438,6072
47.641509,-18.859438,6080
48.641509,-18.859438,6160
49.641509,-18.859438,6168
51.641509,-18.859438,6184
52.641509,-18.859438,6192
53.641509,-18.859438,6200
55.641509,-19.859438,6208
56.641509,-19.859438,6312
57.641509,-20.859438,6344
57.641509,-19.859438,6352
59.641509,-19.859438,6360
60.641509,-20.859438,6376
61.641509,-20.859438,6392
62.641509,-20.859438,6416
63.641509,-20.859438,6472
64.641509,-20.859438,6505
65.641509,-20.859438,6544
66.641509,-20.859438,6552
67.641509,-20.859438,6576
66.641509,-20.859438,6776
BREAK
