START
28.683962,-19.859438,0
28.683962,-20.859438,523
28.683962,-21.859438,548
28.683962,-21.859438,573
28.683962,-22.859438,610
28.683962,-23.859438,623
28.683962,-24.859438,646
29.683962,-25.859438,695
29.683962,-26.859438,708
29.683962,-26.859438,718
30.683962,-26.859438,730
30.683962,-27.859438,756
31.683962,-28.859438,768
31.683962,-29.859438,791
31.683962,-30.859438,815
31.683962,-30.859438,840
32.683962,-30.859438,864
32.683962,-31.859438,877
32.683962,-32.859438,888
32.683962,-33.859438,900
32.683962,-34.859438,925
33.683962,-34.859438,939
33.683962,-35.859438,963
33.683962,-36.859438,988
34.683962,-37.859438,1000
35.683962,-37.859438,1022
35.683962,-38.859438,1037
35.683962,-39.859438,1048
35.683962,-39.859438,1058
35.683962,-40.859438,1086
36.683962,-41.859438,1096
36.683962,-41.859438,1119
36.683962,-42.859438,1131
37.683962,-43.859438,1157
37.683962,-43.859438,1168
37.683962,-44.859438,1205
38.683962,-45.859438,1230
38.683962,-46.859438,1242
39.683962,-46.859438,1265
39.683962,-47.859438,1278
40.683962,-48.859438,1304
40.683962,-48.859438,1326
40.683962,-49.859438,1339
41.683962,-51.859438,1352
41.683962,-52.859438,1377
41.683962,-52.859438,1388
41.683962,-52.859438,1401
42.683962,-52.859438,1413
42.683962,-53.859438,1449
42.683962,-54.859438,1462
42.683962,-55.859438,1488
43.683962,-55.859438,1500
44.683962,-56.859438,1522
44.683962,-57.859438,1533
44.683962,-57.859438,1558
44.683962,-58.859438,1584
45.683962,-58.859438,1594
45.683962,-59.859438,1608
45.683962,-60.859438,1631
45.683962,-61.859438,1644
45.683962,-61.859438,1658
46.683962,-61.859438,1669
46.683962,-62.859438,1694
46.683962,-63.859438,1704
46.683962,-64.859438,1717
47.683962,-64.859438,1741
47.683962,-65.859438,1765
48.683962,-65.859438,1778
48.683962,-66.859438,1789
49.683962,-66.859438,1814
49.683962,-66.859438,1825
49.683962,-67.859438,1850
49.683962,-68.859438,1875
49.683962,-68.859438,1937
49.683962,-69.859438,1946
49.683962,-70.859438,1961
49.683962,-70.859438,1972
50.683962,-70.859438,1984
50.683962,-71.859438,2022
50.683962,-72.859438,2045
50.683962,-73.859438,2083
51.683962,-73.859438,2096
51.683962,-74.859438,2107
51.683962,-75.859438,2142
52.683962,-75.859438,2181
52.683962,-75.859438,2216
53.683962,-76.859438,2252
53.683962,-77.859438,2276
53.683962,-78.859438,2324
53.683962,-79.859438,2337
54.683962,-79.859438,2386
54.683962,-79.859438,2398
54.683962,-80.859438,2472
54.683962,-79.859438,2567
BREAK
54.683962,-79.859438,3675
54.683962,-79.859438,4077
54.683962,-78.859438,4101
54.683962,-77.859438,4186
54.683962,-77.859438,4198
54.683962,-76.859438,4223
54.683962,-75.859438,4247
55.683962,-75.859438,4259
55.683962,-75.859438,4285
55.683962,-74.859438,4294
55.683962,-73.859438,4307
56.683962,-72.859438,4345
56.683962,-71.859438,4357
56.683962,-70.859438,4379
57.683962,-70.859438,4392
57.683962,-70.859438,4432
57.683962,-69.859438,4444
57.683962,-68.859438,4480
58.683962,-67.859438,4503
58.683962,-66.859438,4515
58.683962,-66.859438,4539
58.683962,-66.859438,4550
58.683962,-65.859438,4575
59.683962,-64.859438,4589
59.683962,-63.859438,4627
59.683962,-62.859438,4648
59.683962,-61.859438,4684
60.683962,-61.859438,4709
60.683962,-60.859438,4735
61.683962,-60.859438,4759
61.683962,-59.859438,4771
61.683962,-58.859438,4807
62.683962,-57.859438,4830
62.683962,-57.859438,4869
62.683962,-56.859438,4892
62.683962,-55.859438,4930
62.683962,-54.859438,4942
63.683962,-53.859438,4965
63.683962,-52.859438,5002
63.683962,-52.859438,5012
63.683962,-51.859438,5024
63.683962,-50.859438,5050
63.683962,-49.859438,5062
63.683962,-48.859438,5099
63.683962,-48.859438,5111
63.683962,-47.859438,5123
63.683962,-46.859438,5147
64.683962,-45.859438,5158
64.683962,-44.859438,5172
64.683962,-43.859438,5195
64.683962,-42.859438,5208
65.683962,-41.859438,5233
65.683962,-40.859438,5257
65.683962,-39.859438,5269
65.683962,-39.859438,5294
66.683962,-38.859438,5305
66.683962,-37.859438,5331
66.683962,-36.859438,5354
66.683962,-35.859438,5365
66.683962,-34.859438,5391
67.683962,-34.859438,5426
67.683962,-33.859438,5439
67.683962,-32.859438,5476
67.683962,-31.859438,5488
67.683962,-30.859438,5511
68.683962,-30.859438,5538
68.683962,-29.859438,5547
68.683962,-28.859438,5587
68.683962,-27.859438,5609
68.683962,-26.859438,5645
69.683962,-26.859438,5659
69.683962,-26.859438,5685
70.683962,-25.859438,5720
70.683962,-24.859438,5744
70.683962,-23.859438,5828
70.683962,-22.859438,5868
71.683962,-22.859438,5913
71.683962,-21.859438,5938
71.683962,-21.859438,6084
71.683962,-20.859438,6122
71.683962,-19.859438,6182
71.683962,-18.859438,6631
71.683962,-17.859438,6778
71.683962,-17.859438,6899
71.683962,-16.859438,7010
BREAK
