START
26.683962,-40.859438,0
27.683962,-41.859438,58
27.683962,-42.859438,66
28.683962,-43.859438,75
29.683962,-45.859438,83
30.683962,-46.859438,91
31.683962,-48.859438,99
31.683962,-50.859438,116
33.683962,-51.859438,124
34.683962,-54.859438,132
35.683962,-55.859438,141
36.683962,-57.859438,149
37.683962,-59.859438,157
38.683962,-60.859438,165
38.683962,-62.859438,174
39.683962,-64.859438,182
40.683962,-65.859438,190
40.683962,-66.859438,198
40.683962,-68.859438,206
41.683962,-68.859438,215
41.683962,-70.859438,223
41.683962,-71.859438,231
42.683962,-72.859438,240
42.683962,-73.859438,247
42.683962,-74.859438,256
42.683962,-75.859438,272
42.683962,-76.859438,281
42.683962,-77.859438,289
42.683962,-78.859438,305
42.683962,-79.859438,322
42.683962,-80.859438,330
42.683962,-79.859438,484
43.683962,-78.859438,492
43.683962,-77.859438,500
45.683962,-75.859438,508
46.683962,-73.859438,517
47.683962,-72.859438,525
49.683962,-70.859438,533
51.683962,-68.859438,541
52.683962,-64.859438,549
53.683962,-61.859438,558
55.683962,-58.859438,566
55.683962,-56.859438,574
56.683962,-54.859438,582
56.683962,-51.859438,591
56.683962,-49.859438,599
56.683962,-48.859438,607
57.683962,-47.859438,615
57.683962,-46.859438,624
57.683962,-45.859438,632
57.683962,-44.859438,640
57.683962,-43.859438,657
57.683962,-42.859438,665
58.683962,-41.859438,673
58.683962,-40.859438,690
58.683962,-39.859438,698
58.683962,-38.859438,714
58.683962,-37.859438,797
59.683962,-37.859438,814
BREAK
