START
23.258954,-22.946532,0
24.225056,-22.946532,2
25.191158,-22.946532,16
26.157259,-22.946532,25
27.123361,-22.946532,31
28.089463,-22.946532,33
29.055564,-22.946532,39
30.021666,-22.946532,43
30.987768,-22.946532,45
31.95387,-22.946532,49
33.886073,-22.946532,53
34.852175,-22.946532,57
35.818276,-22.946532,59
36.784378,-22.946532,61
37.75048,-22.946532,63
38.716581,-22.946532,65
39.682683,-22.946532,67
40.648785,-22.946532,69
41.614886,-22.946532,71
42.580988,-22.946532,73
43.54709,-22.946532,75
44.513192,-22.946532,77
46.445395,-22.946532,79
47.411497,-22.946532,83
49.3437,-22.946532,85
50.309802,-22.946532,89
51.275903,-22.946532,91
52.242005,-22.946532,93
53.208107,-22.946532,95
53.208107,-21.98043,97
54.174209,-21.98043,99
55.14031,-21.98043,101
56.106412,-21.98043,105
57.072514,-21.98043,107
58.038615,-21.98043,109
59.004717,-21.98043,113
59.970819,-21.98043,115
73.496242,-21.014329,177
74.462344,-21.014329,186
75.428446,-21.014329,193
76.394547,-21.014329,203
77.360649,-21.014329,208
78.326751,-21.014329,218
79.292853,-21.014329,227
80.258954,-21.014329,231
81.225056,-21.014329,237
82.191158,-21.014329,246
83.157259,-21.014329,276
84.123361,-21.014329,285
85.089463,-21.014329,298
BREAK
57.072514,-51.929583,790
56.106412,-51.929583,839
55.14031,-50.963481,846
54.174209,-50.963481,859
53.208107,-50.963481,871
52.242005,-50.963481,875
52.242005,-49.997379,877
51.275903,-49.997379,882
51.275903,-49.031278,885
50.309802,-49.031278,888
50.309802,-48.065176,894
49.3437,-48.065176,896
48.377598,-48.065176,898
47.411497,-48.065176,904
47.411497,-47.099074,906
46.445395,-47.099074,912
46.445395,-46.132973,916
45.479293,-46.132973,921
45.479293,-45.166871,923
45.479293,-44.200769,936
45.479293,-43.234667,947
44.513192,-43.234667,949
44.513192,-42.268566,957
44.513192,-41.302464,980
45.479293,-41.302464,998
46.445395,-41.302464,1004
47.411497,-41.302464,1014
48.377598,-41.302464,1022
49.3437,-41.302464,1024
50.309802,-41.302464,1029
51.275903,-40.336362,1034
52.242005,-40.336362,1038
53.208107,-40.336362,1040
54.174209,-40.336362,1044
55.14031,-40.336362,1048
56.106412,-40.336362,1050
57.072514,-40.336362,1054
58.038615,-40.336362,1058
59.004717,-40.336362,1063
59.970819,-40.336362,1067
60.93692,-40.336362,1074
61.903022,-40.336362,1085
62.869124,-40.336362,1090
62.869124,-41.302464,1093
63.835225,-41.302464,1097
63.835225,-42.268566,1102
64.801327,-42.268566,1106
64.801327,-43.234667,1108
65.767429,-43.234667,1117
65.767429,-44.200769,1120
66.733531,-44.200769,1123
66.733531,-45.166871,1130
66.733531,-46.132973,1135
67.699632,-46.132973,1137
67.699632,-47.099074,1140
67.699632,-48.065176,1147
68.665734,-48.065176,1150
68.665734,-49.031278,1153
68.665734,-49.997379,1155
69.631836,-49.997379,1161
69.631836,-50.963481,1163
69.631836,-51.929583,1167
69.631836,-52.895684,1169
69.631836,-53.861786,1173
69.631836,-54.827888,1178
69.631836,-55.79399,1182
69.631836,-56.760091,1184
69.631836,-57.726193,1188
69.631836,-58.692295,1192
69.631836,-59.658396,1195
69.631836,-60.624498,1200
69.631836,-61.5906,1206
69.631836,-62.556701,1211
69.631836,-63.522803,1215
69.631836,-64.488905,1221
69.631836,-65.455006,1227
69.631836,-66.421108,1233
69.631836,-67.38721,1241
68.665734,-67.38721,1246
68.665734,-68.353312,1248
67.699632,-68.353312,1255
67.699632,-69.319413,1257
67.699632,-70.285515,1260
66.733531,-70.285515,1262
65.767429,-70.285515,1266
65.767429,-71.251617,1268
64.801327,-71.251617,1270
63.835225,-72.217718,1275
62.869124,-72.217718,1277
62.869124,-73.18382,1279
61.903022,-73.18382,1281
59.970819,-73.18382,1287
59.970819,-74.149922,1290
59.004717,-74.149922,1292
58.038615,-74.149922,1298
57.072514,-74.149922,1300
57.072514,-75.116023,1302
56.106412,-75.116023,1304
55.14031,-75.116023,1308
54.174209,-75.116023,1313
53.208107,-75.116023,1315
52.242005,-75.116023,1319
51.275903,-75.116023,1323
50.309802,-75.116023,1326
49.3437,-75.116023,1330
48.377598,-75.116023,1334
47.411497,-75.116023,1340
46.445395,-75.116023,1342
45.479293,-75.116023,1346
44.513192,-75.116023,1350
43.54709,-75.116023,1352
42.580988,-75.116023,1354
41.614886,-74.149922,1358
40.648785,-74.149922,1362
39.682683,-74.149922,1365
38.716581,-73.18382,1367
37.75048,-73.18382,1369
36.784378,-72.217718,1373
35.818276,-72.217718,1378
34.852175,-72.217718,1380
33.886073,-71.251617,1384
32.919971,-71.251617,1388
31.95387,-71.251617,1392
30.987768,-70.285515,1394
30.021666,-69.319413,1398
29.055564,-69.319413,1403
28.089463,-69.319413,1405
28.089463,-68.353312,1407
27.123361,-68.353312,1409
26.157259,-67.38721,1413
26.157259,-66.421108,1415
24.225056,-66.421108,1417
23.258954,-66.421108,1421
23.258954,-65.455006,1423
22.292853,-65.455006,1425
21.326751,-65.455006,1427
21.326751,-64.488905,1429
20.360649,-63.522803,1433
19.394547,-62.556701,1437
18.428446,-61.5906,1441
17.462344,-60.624498,1447
17.462344,-59.658396,1449
16.496242,-59.658396,1453
16.496242,-58.692295,1455
16.496242,-57.726193,1459
15.530141,-57.726193,1464
15.530141,-56.760091,1466
14.564039,-55.79399,1468
14.564039,-54.827888,1473
14.564039,-53.861786,1477
14.564039,-52.895684,1480
13.597937,-51.929583,1484
13.597937,-50.963481,1491
13.597937,-49.997379,1496
13.597937,-49.031278,1499
12.631836,-49.031278,1507
12.631836,-48.065176,1512
12.631836,-47.099074,1532
BREAK
