START
14.135379,-30.868231,0
15.037906,-30.868231,104
15.940433,-30.868231,112
16.84296,-30.868231,120
17.745487,-30.868231,128
19.550542,-30.868231,136
21.355596,-30.868231,144
23.16065,-30.868231,152
24.965704,-30.868231,160
27.673285,-29.965704,168
29.478339,-29.965704,176
31.283394,-29.965704,184
33.088448,-29.965704,192
33.990975,-29.965704,200
34.893502,-29.063177,208
36.698556,-29.063177,216
37.601083,-29.063177,224
38.50361,-29.063177,232
39.406137,-29.063177,240
40.308664,-29.063177,248
41.211191,-29.063177,256
42.113718,-29.063177,264
43.016245,-29.063177,273
43.918773,-29.063177,280
44.8213,-29.063177,288
45.723827,-29.063177,296
46.626354,-29.063177,304
48.431408,-29.063177,320
49.333935,-29.063177,336
50.236462,-29.063177,344
51.138989,-29.063177,352
52.041516,-29.063177,360
52.944043,-29.063177,377
53.84657,-29.063177,384
54.749097,-29.063177,392
55.651625,-29.063177,408
56.554152,-29.063177,416
58.359206,-29.063177,424
59.261733,-29.063177,432
60.16426,-29.063177,440
61.066787,-29.063177,448
61.969314,-29.063177,456
62.871841,-29.063177,464
63.774368,-29.063177,472
64.676895,-29.063177,480
65.579422,-29.063177,488
66.481949,-29.063177,496
67.384477,-29.063177,504
68.287004,-29.063177,512
69.189531,-29.063177,520
70.092058,-29.063177,528
70.994585,-29.063177,536
71.897112,-29.063177,544
73.702166,-29.063177,552
74.604693,-29.063177,568
75.50722,-29.063177,576
76.409747,-29.063177,592
77.312274,-29.063177,600
78.214801,-29.063177,616
79.117329,-29.063177,632
80.019856,-29.063177,648
80.922383,-29.063177,664
81.82491,-29.063177,680
82.727437,-29.063177,696
83.629964,-29.063177,712
84.532491,-29.063177,736
85.435018,-29.063177,752
86.337545,-29.063177,776
BREAK
35.796029,-10.110108,1385
35.796029,-11.012635,1480
35.796029,-11.915162,1496
35.796029,-12.81769,1504
35.796029,-14.622744,1513
35.796029,-16.427798,1520
35.796029,-18.232852,1528
35.796029,-20.037906,1536
36.698556,-23.648014,1544
36.698556,-26.355596,1552
37.601083,-29.063177,1560
37.601083,-30.868231,1568
37.601083,-33.575812,1576
37.601083,-36.283394,1584
37.601083,-38.088448,1592
37.601083,-39.893502,1600
37.601083,-42.601083,1608
37.601083,-44.406137,1616
37.601083,-47.113718,1624
36.698556,-48.918773,1632
36.698556,-50.723827,1640
35.796029,-53.431408,1648
35.796029,-54.333935,1656
34.893502,-57.041516,1664
33.990975,-57.944043,1673
33.990975,-59.749097,1681
33.990975,-61.554152,1688
33.088448,-62.456679,1696
33.088448,-64.261733,1704
33.088448,-65.16426,1712
33.088448,-66.066787,1720
33.088448,-66.969314,1728
33.088448,-67.871841,1752
33.088448,-68.774368,1817
33.088448,-69.676895,1832
33.088448,-70.579422,1856
BREAK
64.676895,-9.2075812,2792
65.579422,-9.2075812,2808
65.579422,-10.110108,2904
65.579422,-11.012635,2936
66.481949,-11.915162,2952
66.481949,-12.81769,2960
66.481949,-14.622744,2968
66.481949,-16.427798,2976
66.481949,-18.232852,2984
66.481949,-20.037906,2992
66.481949,-22.745487,3001
66.481949,-25.453069,3008
66.481949,-28.16065,3016
66.481949,-30.868231,3024
66.481949,-33.575812,3032
66.481949,-36.283394,3040
67.384477,-38.088448,3049
67.384477,-40.796029,3056
67.384477,-43.50361,3064
68.287004,-45.308664,3072
68.287004,-47.113718,3080
69.189531,-49.8213,3088
69.189531,-51.626354,3096
69.189531,-53.431408,3104
69.189531,-55.236462,3112
69.189531,-56.138989,3120
69.189531,-57.944043,3128
69.189531,-59.749097,3137
69.189531,-60.651625,3144
69.189531,-61.554152,3153
69.189531,-62.456679,3161
69.189531,-64.261733,3168
69.189531,-65.16426,3176
69.189531,-66.066787,3184
69.189531,-66.969314,3192
69.189531,-67.871841,3208
69.189531,-68.774368,3216
69.189531,-69.676895,3232
69.189531,-70.579422,3248
69.189531,-71.481949,3257
69.189531,-72.384477,3280
69.189531,-73.287004,3296
69.189531,-74.189531,3304
69.189531,-75.092058,3320
69.189531,-75.994585,3329
69.189531,-76.897112,3344
69.189531,-77.799639,3360
69.189531,-78.702166,3392
69.189531,-79.604693,3416
70.092058,-79.604693,3432
70.092058,-80.50722,3440
BREAK
