START
31.188679,-32.405622,0
32.188679,-32.405622,238
33.188679,-32.405622,278
35.188679,-33.405622,308
35.188679,-34.405622,327
36.188679,-34.405622,337
36.188679,-35.405622,348
37.188679,-36.405622,367
37.188679,-37.405622,387
38.188679,-37.405622,407
38.188679,-38.405622,417
39.188679,-39.405622,437
39.188679,-41.405622,447
40.188679,-42.405622,467
40.188679,-43.405622,477
40.188679,-44.405622,496
41.188679,-44.405622,506
41.188679,-45.405622,526
43.188679,-45.405622,556
43.188679,-46.405622,566
44.188679,-47.405622,606
44.188679,-49.405622,626
45.188679,-49.405622,645
45.188679,-50.405622,655
45.188679,-51.405622,675
45.188679,-52.405622,715
46.188679,-52.405622,735
46.188679,-53.405622,745
47.188679,-53.405622,765
47.188679,-54.405622,775
47.188679,-55.405622,795
48.188679,-57.405622,804
48.188679,-59.405622,815
49.188679,-60.405622,834
49.188679,-61.405622,855
49.188679,-62.405622,865
49.188679,-64.405622,884
51.188679,-65.405622,914
51.188679,-66.405622,934
51.188679,-67.405622,964
51.188679,-68.405622,995
51.188679,-69.405622,1015
51.188679,-70.405622,1033
52.188679,-71.405622,1043
52.188679,-73.405622,1053
52.188679,-74.405622,1063
53.188679,-75.405622,1083
53.188679,-76.405622,1103
53.188679,-77.405622,1113
53.188679,-78.405622,1123
53.188679,-79.405622,1133
53.188679,-81.405622,1153
53.188679,-82.405622,1173
53.188679,-83.405622,1283
53.188679,-84.405622,1352
53.188679,-85.405622,1382
53.188679,-86.405622,1411
53.188679,-87.405622,1640
53.188679,-89.405622,1680
51.188679,-89.405622,2137
51.188679,-87.405622,2167
50.188679,-87.405622,2177
50.188679,-86.405622,2187
50.188679,-85.405622,2227
50.188679,-84.405622,2256
50.188679,-83.405622,2276
49.188679,-83.405622,2286
49.188679,-82.405622,2306
49.188679,-81.405622,2326
49.188679,-79.405622,2346
49.188679,-78.405622,2386
49.188679,-77.405622,2425
49.188679,-76.405622,2465
49.188679,-75.405622,2475
49.188679,-74.405622,2505
49.188679,-73.405622,2525
49.188679,-71.405622,2545
49.188679,-70.405622,2565
49.188679,-69.405622,2584
49.188679,-68.405622,2604
49.188679,-66.405622,2624
49.188679,-64.405622,2634
49.188679,-62.405622,2644
49.188679,-61.405622,2654
49.188679,-60.405622,2664
49.188679,-59.405622,2684
49.188679,-57.405622,2694
49.188679,-56.405622,2714
49.188679,-55.405622,2753
49.188679,-54.405622,2773
49.188679,-53.405622,2803
49.188679,-52.405622,2833
49.188679,-51.405622,2863
49.188679,-50.405622,2902
50.188679,-48.405622,2942
50.188679,-47.405622,3012
50.188679,-46.405622,3082
51.188679,-45.405622,3102
51.188679,-44.405622,3121
52.188679,-44.405622,3131
52.188679,-43.405622,3141
52.188679,-42.405622,3181
53.188679,-42.405622,3201
53.188679,-40.405622,3211
53.188679,-39.405622,3250
53.188679,-38.405622,3280
54.188679,-38.405622,3300
54.188679,-37.405622,3310
54.188679,-36.405622,3360
55.188679,-36.405622,3390
55.188679,-35.405622,3400
56.188679,-35.405622,3430
56.188679,-34.405622,3439
56.188679,-32.405622,3479
58.188679,-32.405622,3489
58.188679,-31.405622,3520
58.188679,-30.405622,3549
58.188679,-29.405622,3708
58.188679,-28.405622,3848
59.188679,-28.405622,3877
59.188679,-27.405622,3888
59.188679,-26.405622,3907
59.188679,-24.405622,3947
BREAK
