START
30.877358,-17.859438,0
31.877358,-17.859438,127
32.877358,-17.859438,152
32.877358,-18.859438,176
33.877358,-18.859438,193
34.877358,-18.859438,215
35.877358,-18.859438,255
36.877358,-18.859438,287
36.877358,-19.859438,295
38.877358,-19.859438,303
39.877358,-19.859438,312
40.877358,-19.859438,320
41.877358,-20.859438,328
42.877358,-20.859438,360
43.877358,-20.859438,400
43.877358,-21.859438,432
44.877358,-21.859438,456
44.877358,-20.859438,472
45.877358,-20.859438,479
47.877358,-20.859438,487
48.877358,-20.859438,495
50.877358,-21.859438,503
51.877358,-21.859438,511
52.877358,-21.859438,519
53.877358,-21.859438,528
55.877358,-21.859438,536
56.877358,-21.859438,544
57.877358,-21.859438,552
58.877358,-21.859438,568
59.877358,-21.859438,600
60.877358,-21.859438,608
61.877358,-21.859438,616
62.877358,-21.859438,632
63.877358,-21.859438,640
64.877358,-21.859438,728
64.877358,-20.859438,760
65.877358,-20.859438,768
66.877358,-19.859438,776
67.877358,-19.859438,784
68.877358,-19.859438,792
70.877358,-18.859438,816
71.877358,-18.859438,832
72.877358,-18.859438,896
73.877358,-18.859438,944
75.877358,-18.859438,952
76.877358,-18.859438,960
77.877358,-18.859438,968
78.877358,-18.859438,992
79.877358,-18.859438,1096
80.877358,-18.859438,1144
79.877358,-17.859438,1152
80.877358,-17.859438,1168
81.877358,-17.859438,1280
81.877358,-18.859438,1304
BREAK
43.877358,-23.859438,2280
42.877358,-24.859438,2536
42.877358,-25.859438,2544
42.877358,-26.859438,2568
42.877358,-27.859438,2584
41.877358,-27.859438,2848
41.877358,-28.859438,2856
41.877358,-29.859438,2872
41.877358,-30.859438,2880
41.877358,-31.859438,2896
40.877358,-31.859438,2904
40.877358,-32.859438,2936
40.877358,-33.859438,2960
39.877358,-34.859438,2976
39.877358,-35.859438,3000
39.877358,-36.859438,3024
39.877358,-37.859438,3040
39.877358,-38.859438,3048
38.877358,-39.859438,3064
38.877358,-40.859438,3080
38.877358,-41.859438,3096
37.877358,-42.859438,3144
37.877358,-43.859438,3152
37.877358,-44.859438,3176
37.877358,-45.859438,3184
37.877358,-46.859438,3192
36.877358,-46.859438,3200
36.877358,-47.859438,3216
36.877358,-48.859438,3232
36.877358,-49.859438,3256
36.877358,-50.859438,3272
36.877358,-51.859438,3296
36.877358,-52.859438,3312
36.877358,-53.859438,3328
35.877358,-54.859438,3336
35.877358,-55.859438,3352
35.877358,-56.859438,3360
35.877358,-57.859438,3376
35.877358,-58.859438,3384
34.877358,-58.859438,3392
34.877358,-59.859438,3400
34.877358,-61.859438,3416
34.877358,-62.859438,3432
34.877358,-63.859438,3456
34.877358,-64.859438,3472
34.877358,-65.859438,3480
34.877358,-66.859438,3496
35.877358,-66.859438,3512
35.877358,-67.859438,3520
35.877358,-68.859438,3544
36.877358,-68.859438,3552
36.877358,-69.859438,3568
36.877358,-70.859438,3576
37.877358,-70.859438,3585
37.877358,-71.859438,3600
38.877358,-71.859438,3608
39.877358,-71.859438,3616
39.877358,-72.859438,3624
40.877358,-72.859438,3632
40.877358,-73.859438,3640
41.877358,-74.859438,3648
42.877358,-74.859438,3664
42.877358,-75.859438,3672
43.877358,-75.859438,3680
43.877358,-76.859438,3696
44.877358,-77.859438,3704
45.877358,-77.859438,3712
46.877358,-78.859438,3720
47.877358,-78.859438,3728
48.877358,-79.859438,3736
49.877358,-80.859438,3744
50.877358,-80.859438,3768
50.877358,-81.859438,3784
51.877358,-81.859438,3840
52.877358,-82.859438,3848
53.877358,-82.859438,3856
55.877358,-83.859438,3872
56.877358,-84.859438,3880
57.877358,-84.859438,3888
57.877358,-83.859438,4024
58.877358,-83.859438,4080
59.877358,-84.859438,4160
60.877358,-84.859438,4168
62.877358,-84.859438,4176
64.877358,-85.859438,4184
65.877358,-85.859438,4200
64.877358,-85.859438,4240
63.877358,-85.859438,4336
63.877358,-84.859438,4352
63.877358,-83.859438,4464
63.877358,-82.859438,4488
64.877358,-82.859438,4496
64.877358,-81.859438,4608
65.877358,-81.859438,4648
65.877358,-80.859438,4656
66.877358,-80.859438,4665
66.877358,-79.859438,4672
67.877358,-79.859438,4681
68.877358,-78.859438,4760
68.877358,-77.859438,4785
68.877358,-76.859438,4800
69.877358,-76.859438,4808
70.877358,-75.859438,4832
71.877358,-75.859438,4848
71.877358,-74.859438,4865
72.877358,-74.859438,4889
72.877358,-73.859438,4912
73.877358,-73.859438,4920
73.877358,-72.859438,4936
75.877358,-72.859438,4945
76.877358,-72.859438,5033
75.877358,-72.859438,5121
76.877358,-71.859438,5208
BREAK
