START
24.877358,-26.859438,0
32.877358,-25.859438,224
35.877358,-25.859438,230
41.877358,-25.859438,235
43.877358,-24.859438,241
46.877358,-24.859438,256
50.877358,-24.859438,264
51.877358,-24.859438,272
52.877358,-24.859438,280
54.877358,-24.859438,288
55.877358,-24.859438,304
57.877358,-24.859438,312
61.877358,-24.859438,320
62.877358,-24.859438,328
64.877358,-24.859438,336
66.877358,-24.859438,352
69.877358,-24.859438,360
70.877358,-24.859438,368
71.877358,-24.859438,392
72.877358,-24.859438,448
73.877358,-24.859438,456
75.877358,-24.859438,464
76.877358,-24.859438,472
77.877358,-24.859438,488
BREAK
36.877358,-28.859438,1536
36.877358,-29.859438,1607
35.877358,-30.859438,1615
35.877358,-31.859438,1623
34.877358,-31.859438,1631
33.877358,-33.859438,1648
32.877358,-35.859438,1656
31.877358,-36.859438,1671
30.877358,-38.859438,1679
29.877358,-39.859438,1703
28.877358,-41.859438,1719
27.877358,-42.859438,1743
27.877358,-44.859438,1768
26.877358,-46.859438,1800
26.877358,-47.859438,1815
26.877358,-48.859438,1840
26.877358,-49.859438,1848
26.877358,-50.859438,1856
26.877358,-51.859438,1864
26.877358,-52.859438,1871
26.877358,-53.859438,1880
26.877358,-55.859438,1896
26.877358,-56.859438,1911
26.877358,-57.859438,1920
26.877358,-58.859438,1936
26.877358,-59.859438,1944
26.877358,-63.859438,1960
26.877358,-64.859438,1984
26.877358,-66.859438,1992
26.877358,-68.859438,2007
26.877358,-70.859438,2024
27.877358,-72.859438,2040
27.877358,-73.859438,2055
27.877358,-75.859438,2071
27.877358,-76.859438,2088
28.877358,-77.859438,2096
28.877358,-78.859438,2112
28.877358,-79.859438,2120
28.877358,-80.859438,2128
28.877358,-82.859438,2160
29.877358,-82.859438,2168
30.877358,-84.859438,2184
31.877358,-84.859438,2192
31.877358,-85.859438,2216
32.877358,-86.859438,2232
33.877358,-86.859438,2264
33.877358,-87.859438,2280
34.877358,-87.859438,2288
35.877358,-87.859438,2312
37.877358,-87.859438,2328
39.877358,-87.859438,2352
41.877358,-87.859438,2368
42.877358,-88.859438,2376
43.877358,-88.859438,2384
45.877358,-88.859438,2400
46.877358,-88.859438,2416
47.877358,-88.859438,2424
48.877358,-88.859438,2464
49.877358,-88.859438,2520
50.877358,-88.859438,2528
52.877358,-88.859438,2544
54.877358,-88.859438,2560
55.877358,-88.859438,2568
55.877358,-87.859438,2576
57.877358,-87.859438,2592
58.877358,-86.859438,2608
59.877358,-85.859438,2704
60.877358,-85.859438,2712
60.877358,-84.859438,2728
61.877358,-83.859438,2744
62.877358,-83.859438,2752
62.877358,-82.859438,2768
63.877358,-81.859438,2840
64.877358,-80.859438,2856
65.877358,-78.859438,2888
BREAK
