START
43.063452,-19.366614,0
43.967005,-19.366614,136
44.870558,-19.366614,144
45.774112,-19.366614,152
46.677665,-19.366614,160
47.581218,-19.366614,168
48.484772,-19.366614,184
49.388325,-20.270167,216
50.291878,-21.17372,232
50.291878,-22.077274,240
51.195431,-22.980827,248
52.098985,-24.787933,256
52.098985,-25.691487,264
53.002538,-27.498593,272
53.906091,-28.402147,288
53.906091,-29.3057,296
53.906091,-30.209253,304
53.906091,-31.112807,320
53.906091,-32.01636,336
53.906091,-32.919913,352
53.002538,-33.823466,360
52.098985,-34.72702,369
51.195431,-35.630573,376
51.195431,-37.43768,384
50.291878,-38.341233,400
50.291878,-39.244786,408
48.484772,-40.14834,416
47.581218,-41.955446,432
46.677665,-41.955446,448
45.774112,-42.858999,456
45.774112,-43.762553,464
44.870558,-44.666106,472
43.967005,-44.666106,480
43.063452,-45.569659,488
43.063452,-46.473213,496
41.256345,-47.376766,504
41.256345,-48.280319,512
40.352792,-48.280319,520
39.449239,-49.183873,528
39.449239,-50.087426,552
39.449239,-50.990979,560
39.449239,-51.894532,576
39.449239,-52.798086,584
39.449239,-54.605192,600
39.449239,-57.315852,608
39.449239,-58.219406,616
39.449239,-59.122959,624
39.449239,-60.026512,640
40.352792,-61.833619,656
41.256345,-62.737172,672
42.159898,-63.640725,688
43.063452,-64.544279,696
43.967005,-64.544279,704
43.967005,-65.447832,712
44.870558,-65.447832,720
45.774112,-66.351385,728
46.677665,-66.351385,736
47.581218,-67.254939,744
48.484772,-67.254939,752
49.388325,-67.254939,768
50.291878,-67.254939,776
51.195431,-67.254939,784
53.002538,-67.254939,792
53.906091,-67.254939,800
54.809645,-67.254939,808
55.713198,-67.254939,816
56.616751,-66.351385,824
57.520305,-65.447832,840
58.423858,-65.447832,856
59.327411,-64.544279,881
59.327411,-63.640725,897
60.230964,-62.737172,912
60.230964,-61.833619,920
61.134518,-60.930065,928
61.134518,-60.026512,944
62.038071,-59.122959,952
62.038071,-58.219406,960
62.941624,-57.315852,968
62.941624,-56.412299,976
62.941624,-55.508746,1000
63.845178,-55.508746,1249
BREAK
