START
32.220812,-32.919913,0
32.220812,-31.112807,51
32.220812,-30.209253,112
33.124365,-30.209253,122
34.027919,-30.209253,143
34.027919,-28.402147,153
34.931472,-28.402147,163
34.931472,-26.59504,184
35.835025,-26.59504,214
36.738579,-24.787933,225
37.642132,-24.787933,235
38.545685,-24.787933,245
39.449239,-24.787933,255
40.352792,-24.787933,286
41.256345,-24.787933,306
43.063452,-24.787933,317
44.870558,-22.980827,327
47.581218,-22.980827,337
48.484772,-22.980827,347
49.388325,-22.980827,357
50.291878,-22.980827,368
50.291878,-23.88438,419
51.195431,-23.88438,429
52.098985,-23.88438,449
53.002538,-23.88438,460
53.906091,-24.787933,470
54.809645,-24.787933,511
54.809645,-25.691487,521
55.713198,-25.691487,562
55.713198,-26.59504,572
56.616751,-27.498593,582
56.616751,-28.402147,603
57.520305,-28.402147,613
57.520305,-29.3057,634
57.520305,-30.209253,654
58.423858,-30.209253,664
59.327411,-31.112807,674
59.327411,-32.01636,685
59.327411,-32.919913,715
59.327411,-33.823466,746
60.230964,-33.823466,756
60.230964,-34.72702,766
60.230964,-35.630573,797
60.230964,-36.534126,807
60.230964,-37.43768,828
58.423858,-37.43768,838
58.423858,-38.341233,848
58.423858,-39.244786,869
58.423858,-40.14834,899
56.616751,-40.14834,920
56.616751,-41.051893,931
54.809645,-41.051893,950
54.809645,-41.955446,981
54.809645,-42.858999,1022
53.002538,-42.858999,1032
53.002538,-43.762553,1052
51.195431,-43.762553,1063
50.291878,-43.762553,1083
50.291878,-44.666106,1104
48.484772,-44.666106,1134
48.484772,-45.569659,1144
46.677665,-45.569659,1185
46.677665,-46.473213,1196
44.870558,-46.473213,1257
43.967005,-47.376766,1287
43.063452,-47.376766,1359
43.063452,-48.280319,1369
41.256345,-48.280319,1441
41.256345,-49.183873,1461
39.449239,-49.183873,1471
38.545685,-49.183873,1482
38.545685,-50.087426,1492
36.738579,-50.087426,1533
36.738579,-50.990979,1553
34.931472,-50.990979,1625
34.931472,-51.894532,1645
33.124365,-51.894532,1655
33.124365,-52.798086,1666
31.317259,-52.798086,1707
31.317259,-53.701639,1737
29.510152,-53.701639,1747
29.510152,-54.605192,1758
27.703046,-54.605192,1768
27.703046,-55.508746,1778
27.703046,-56.412299,1829
27.703046,-57.315852,1839
25.895939,-57.315852,1850
25.895939,-58.219406,1860
25.895939,-59.122959,1880
25.895939,-60.026512,1911
25.895939,-60.930065,1952
24.088832,-60.930065,1972
24.088832,-61.833619,1982
24.088832,-62.737172,2003
24.088832,-63.640725,2023
24.088832,-64.544279,2044
24.088832,-65.447832,2096
24.088832,-66.351385,2115
24.088832,-67.254939,2125
24.088832,-69.062045,2156
24.992386,-69.062045,2187
24.992386,-69.965598,2197
24.992386,-70.869152,2228
26.799492,-72.676258,2248
27.703046,-73.579812,2258
27.703046,-75.386918,2268
28.606599,-76.290472,2279
28.606599,-77.194025,2371
29.510152,-77.194025,2381
30.413706,-78.097578,2401
30.413706,-79.001131,2432
31.317259,-79.001131,2442
32.220812,-79.904685,2452
33.124365,-80.808238,2463
34.027919,-80.808238,2483
34.931472,-80.808238,2555
35.835025,-81.711791,2565
36.738579,-81.711791,2585
38.545685,-81.711791,2606
39.449239,-82.615345,2667
40.352792,-82.615345,2677
41.256345,-82.615345,2698
41.256345,-83.518898,2718
43.063452,-83.518898,2728
43.967005,-84.422451,2739
44.870558,-84.422451,2749
45.774112,-84.422451,2769
46.677665,-84.422451,2861
48.484772,-84.422451,2871
49.388325,-84.422451,2892
50.291878,-84.422451,2902
51.195431,-84.422451,2912
52.098985,-82.615345,2963
53.002538,-82.615345,2994
53.906091,-82.615345,3014
53.906091,-80.808238,3025
54.809645,-80.808238,3035
55.713198,-80.808238,3045
55.713198,-79.001131,3066
56.616751,-79.001131,3086
57.520305,-77.194025,3107
58.423858,-77.194025,3127
59.327411,-75.386918,3137
59.327411,-74.483365,3147
60.230964,-74.483365,3158
60.230964,-72.676258,3168
60.230964,-71.772705,3239
61.134518,-70.869152,3260
61.134518,-69.965598,3280
62.038071,-69.062045,3342
62.038071,-68.158492,3372
62.038071,-67.254939,3423
62.941624,-67.254939,3444
62.941624,-65.447832,3454
62.941624,-64.544279,3464
63.845178,-64.544279,3474
63.845178,-62.737172,3485
63.845178,-61.833619,3587
63.845178,-60.930065,3628
62.038071,-60.930065,3781
BREAK
