START
40.352792,-20.270167,0
45.774112,-18.46306,50
46.677665,-18.46306,56
48.484772,-18.46306,64
49.388325,-18.46306,72
50.291878,-17.559507,80
51.195431,-17.559507,88
52.098985,-17.559507,104
53.906091,-17.559507,112
54.809645,-18.46306,128
56.616751,-19.366614,136
58.423858,-20.270167,144
60.230964,-20.270167,152
61.134518,-21.17372,160
61.134518,-22.077274,168
61.134518,-22.980827,192
61.134518,-23.88438,208
61.134518,-24.787933,224
61.134518,-25.691487,232
61.134518,-26.59504,240
61.134518,-27.498593,248
60.230964,-29.3057,264
60.230964,-30.209253,272
59.327411,-32.01636,280
58.423858,-32.919913,288
58.423858,-33.823466,296
57.520305,-34.72702,304
55.713198,-36.534126,312
54.809645,-38.341233,328
54.809645,-39.244786,336
53.906091,-39.244786,344
53.002538,-41.051893,352
51.195431,-41.955446,368
51.195431,-42.858999,376
49.388325,-44.666106,392
48.484772,-45.569659,400
48.484772,-47.376766,408
47.581218,-49.183873,416
46.677665,-50.087426,424
46.677665,-50.990979,432
45.774112,-51.894532,440
44.870558,-52.798086,448
44.870558,-53.701639,456
43.967005,-54.605192,464
43.967005,-55.508746,472
43.063452,-55.508746,480
43.063452,-56.412299,488
43.063452,-58.219406,496
42.159898,-59.122959,504
42.159898,-60.026512,512
41.256345,-61.833619,520
41.256345,-62.737172,528
41.256345,-64.544279,536
41.256345,-66.351385,544
41.256345,-67.254939,552
41.256345,-69.062045,560
42.159898,-70.869152,576
43.063452,-71.772705,584
44.870558,-72.676258,592
45.774112,-74.483365,600
47.581218,-75.386918,608
49.388325,-76.290472,616
52.098985,-78.097578,624
53.002538,-78.097578,632
53.906091,-78.097578,640
55.713198,-78.097578,648
56.616751,-78.097578,656
57.520305,-78.097578,664
58.423858,-78.097578,672
60.230964,-75.386918,680
61.134518,-75.386918,688
62.941624,-73.579812,696
62.941624,-71.772705,704
64.748731,-69.965598,712
65.652284,-68.158492,720
65.652284,-66.351385,728
67.459391,-65.447832,736
67.459391,-63.640725,744
68.362944,-60.930065,752
69.266497,-59.122959,760
70.170051,-57.315852,768
70.170051,-56.412299,776
70.170051,-55.508746,784
70.170051,-54.605192,792
BREAK
