START
59.108491,-17.281124,0
60.108491,-17.281124,122
61.108491,-17.281124,148
62.108491,-17.281124,175
63.108491,-17.281124,215
64.108491,-17.281124,227
65.108491,-18.281124,255
66.108491,-19.281124,281
67.108491,-20.281124,294
67.108491,-21.281124,307
68.108491,-23.281124,320
69.108491,-24.281124,334
70.108491,-27.281124,347
71.108491,-30.281124,360
72.108491,-33.281124,374
72.108491,-35.281124,386
73.108491,-37.281124,400
75.108491,-39.281124,414
75.108491,-41.281124,426
75.108491,-43.281124,440
75.108491,-45.281124,453
75.108491,-47.281124,466
75.108491,-49.281124,479
75.108491,-51.281124,493
75.108491,-53.281124,506
75.108491,-56.281124,519
76.108491,-58.281124,533
76.108491,-60.281124,546
76.108491,-61.281124,559
76.108491,-63.281124,572
76.108491,-65.281124,586
75.108491,-66.281124,599
75.108491,-67.281124,612
73.108491,-69.281124,626
73.108491,-71.281124,638
71.108491,-72.281124,652
70.108491,-74.281124,666
70.108491,-76.281124,678
69.108491,-76.281124,692
69.108491,-77.281124,705
68.108491,-77.281124,718
67.108491,-77.281124,731
65.108491,-78.281124,745
64.108491,-78.281124,758
63.108491,-78.281124,771
60.108491,-78.281124,785
58.108491,-78.281124,798
56.108491,-78.281124,811
55.108491,-78.281124,870
53.108491,-78.281124,882
51.108491,-78.281124,896
49.108491,-78.281124,909
48.108491,-78.281124,923
47.108491,-78.281124,936
46.108491,-78.281124,988
46.108491,-76.281124,1001
44.108491,-76.281124,1014
44.108491,-74.281124,1027
43.108491,-74.281124,1041
43.108491,-72.281124,1053
42.108491,-71.281124,1081
42.108491,-70.281124,1093
41.108491,-69.281124,1107
41.108491,-68.281124,1133
41.108491,-67.281124,1147
41.108491,-66.281124,1160
41.108491,-65.281124,1173
41.108491,-64.281124,1186
41.108491,-63.281124,1200
41.108491,-61.281124,1213
41.108491,-60.281124,1240
41.108491,-59.281124,1253
41.108491,-58.281124,1266
41.108491,-57.281124,1280
43.108491,-56.281124,1293
43.108491,-55.281124,1305
44.108491,-54.281124,1333
45.108491,-53.281124,1359
46.108491,-53.281124,1372
47.108491,-52.281124,1385
48.108491,-51.281124,1398
49.108491,-51.281124,1412
51.108491,-51.281124,1425
53.108491,-51.281124,1438
55.108491,-51.281124,1452
58.108491,-51.281124,1465
61.108491,-51.281124,1478
64.108491,-51.281124,1492
65.108491,-51.281124,1518
66.108491,-51.281124,1557
66.108491,-52.281124,1596
67.108491,-52.281124,1609
69.108491,-54.281124,1623
70.108491,-56.281124,1635
71.108491,-57.281124,1649
71.108491,-58.281124,1663
71.108491,-59.281124,1779
BREAK
