START
57.108491,-20.281124,0
58.108491,-20.281124,63
59.108491,-20.281124,191
60.108491,-20.281124,208
60.108491,-19.281124,215
61.108491,-19.281124,223
62.108491,-19.281124,231
64.108491,-19.281124,239
65.108491,-19.281124,255
66.108491,-19.281124,263
65.108491,-19.281124,383
66.108491,-20.281124,471
67.108491,-20.281124,503
68.108491,-20.281124,511
69.108491,-21.281124,519
71.108491,-22.281124,527
72.108491,-22.281124,543
72.108491,-23.281124,551
73.108491,-23.281124,559
74.108491,-23.281124,655
74.108491,-24.281124,679
75.108491,-24.281124,696
75.108491,-25.281124,703
76.108491,-26.281124,719
77.108491,-27.281124,743
78.108491,-28.281124,767
78.108491,-29.281124,784
79.108491,-29.281124,792
79.108491,-30.281124,799
79.108491,-31.281124,824
80.108491,-32.281124,840
80.108491,-33.281124,864
81.108491,-34.281124,872
81.108491,-35.281124,896
81.108491,-36.281124,920
81.108491,-37.281124,944
82.108491,-38.281124,959
82.108491,-39.281124,976
82.108491,-40.281124,992
82.108491,-41.281124,1016
82.108491,-42.281124,1024
82.108491,-43.281124,1056
82.108491,-44.281124,1079
82.108491,-45.281124,1103
82.108491,-46.281124,1119
82.108491,-47.281124,1135
82.108491,-48.281124,1151
82.108491,-49.281124,1167
82.108491,-50.281124,1183
83.108491,-51.281124,1199
83.108491,-52.281124,1207
83.108491,-53.281124,1215
83.108491,-54.281124,1231
83.108491,-55.281124,1256
83.108491,-56.281124,1272
83.108491,-57.281124,1288
83.108491,-58.281124,1312
83.108491,-59.281124,1336
83.108491,-60.281124,1352
83.108491,-61.281124,1360
83.108491,-62.281124,1392
83.108491,-63.281124,1416
83.108491,-64.281124,1432
83.108491,-65.281124,1448
83.108491,-66.281124,1464
82.108491,-66.281124,1480
82.108491,-67.281124,1488
82.108491,-68.281124,1504
82.108491,-69.281124,1512
82.108491,-70.281124,1536
82.108491,-71.281124,1560
82.108491,-72.281124,1584
82.108491,-73.281124,1600
81.108491,-73.281124,1608
81.108491,-74.281124,1616
81.108491,-75.281124,1648
81.108491,-76.281124,1672
80.108491,-76.281124,1680
80.108491,-77.281124,1696
80.108491,-78.281124,1704
80.108491,-79.281124,1728
80.108491,-80.281124,1744
80.108491,-81.281124,1768
80.108491,-82.281124,1784
79.108491,-82.281124,1792
79.108491,-83.281124,1816
79.108491,-84.281124,1840
78.108491,-84.281124,1856
78.108491,-85.281124,1864
78.108491,-86.281124,1880
77.108491,-87.281124,1904
76.108491,-87.281124,1928
75.108491,-87.281124,1968
75.108491,-88.281124,1976
73.108491,-89.281124,1992
72.108491,-90.281124,2008
71.108491,-90.281124,2016
70.108491,-90.281124,2024
69.108491,-91.281124,2032
68.108491,-91.281124,2048
67.108491,-92.281124,2056
66.108491,-92.281124,2088
65.108491,-92.281124,2120
64.108491,-92.281124,2136
63.108491,-92.281124,2144
62.108491,-92.281124,2152
61.108491,-92.281124,2168
60.108491,-92.281124,2232
59.108491,-92.281124,2248
59.108491,-91.281124,2256
58.108491,-90.281124,2264
57.108491,-89.281124,2296
57.108491,-88.281124,2312
56.108491,-88.281124,2320
55.108491,-87.281124,2328
55.108491,-86.281124,2336
55.108491,-85.281124,2352
55.108491,-84.281124,2376
54.108491,-84.281124,2392
54.108491,-83.281124,2400
54.108491,-82.281124,2408
54.108491,-81.281124,2424
53.108491,-81.281124,2432
53.108491,-80.281124,2440
53.108491,-79.281124,2456
53.108491,-78.281124,2464
53.108491,-77.281124,2480
53.108491,-76.281124,2496
53.108491,-75.281124,2520
53.108491,-74.281124,2528
53.108491,-73.281124,2536
53.108491,-72.281124,2552
53.108491,-71.281124,2560
53.108491,-70.281124,2568
53.108491,-69.281124,2584
53.108491,-68.281124,2600
53.108491,-67.281124,2608
53.108491,-66.281124,2616
53.108491,-65.281124,2632
53.108491,-64.281124,2640
53.108491,-63.281124,2648
54.108491,-62.281124,2664
54.108491,-61.281124,2680
54.108491,-60.281124,2697
55.108491,-60.281124,2736
55.108491,-59.281124,2745
55.108491,-58.281124,2776
56.108491,-58.281124,2784
56.108491,-57.281124,2816
57.108491,-57.281124,2824
58.108491,-57.281124,2832
58.108491,-56.281124,2848
59.108491,-56.281124,2856
59.108491,-55.281124,2864
60.108491,-55.281124,2872
62.108491,-55.281124,2888
62.108491,-54.281124,2896
63.108491,-54.281124,2912
64.108491,-54.281124,2928
65.108491,-54.281124,2936
65.108491,-53.281124,2944
66.108491,-53.281124,2952
66.108491,-52.281124,2961
67.108491,-52.281124,2968
68.108491,-52.281124,2992
69.108491,-52.281124,3016
70.108491,-52.281124,3032
71.108491,-52.281124,3048
72.108491,-52.281124,3072
73.108491,-52.281124,3112
74.108491,-52.281124,3144
75.108491,-52.281124,3161
76.108491,-52.281124,3168
77.108491,-53.281124,3184
78.108491,-53.281124,3193
79.108491,-53.281124,3200
80.108491,-53.281124,3232
81.108491,-53.281124,3296
82.108491,-54.281124,3305
83.108491,-54.281124,3313
BREAK
