START
22.061321,-26.718876,0
23.061321,-25.718876,155
24.061321,-24.718876,192
25.061321,-24.718876,254
25.061321,-23.718876,278
26.061321,-23.718876,315
27.061321,-22.718876,391
28.061321,-22.718876,472
29.061321,-21.718876,496
30.061321,-21.718876,533
30.061321,-22.718876,973
30.061321,-23.718876,997
30.061321,-24.718876,1022
30.061321,-25.718876,1034
30.061321,-26.718876,1059
30.061321,-27.718876,1082
30.061321,-28.718876,1111
30.061321,-29.718876,1118
30.061321,-30.718876,1142
30.061321,-31.718876,1154
30.061321,-33.718876,1178
30.061321,-34.718876,1204
30.061321,-35.718876,1215
30.061321,-36.718876,1227
30.061321,-37.718876,1239
30.061321,-38.718876,1267
30.061321,-39.718876,1275
30.061321,-40.718876,1311
30.061321,-41.718876,1335
30.061321,-42.718876,1372
30.061321,-43.718876,1699
30.061321,-44.718876,1712
30.061321,-45.718876,1724
30.061321,-46.718876,1736
30.061321,-47.718876,1748
30.061321,-48.718876,1760
30.061321,-49.718876,1773
30.061321,-50.718876,1785
30.061321,-51.718876,1809
30.061321,-52.718876,1821
30.061321,-53.718876,1845
30.061321,-54.718876,1860
30.061321,-56.718876,1882
30.061321,-57.718876,1894
30.061321,-58.718876,1906
30.061321,-60.718876,1918
30.061321,-61.718876,1943
30.061321,-62.718876,1967
BREAK
24.061321,-64.718876,2746
25.061321,-64.718876,2926
25.061321,-63.718876,2938
26.061321,-63.718876,2954
27.061321,-63.718876,3016
28.061321,-62.718876,3048
29.061321,-62.718876,3060
30.061321,-62.718876,3109
31.061321,-62.718876,3242
32.061321,-62.718876,3303
33.061321,-62.718876,3328
34.061321,-62.718876,3377
35.061321,-62.718876,3437
36.061321,-62.718876,3643
37.061321,-62.718876,3668
38.061321,-62.718876,3717
39.061321,-62.718876,3753
BREAK
33.061321,-25.718876,5418
33.061321,-24.718876,5540
33.061321,-23.718876,5599
34.061321,-23.718876,5625
34.061321,-22.718876,5638
35.061321,-21.718876,5661
36.061321,-20.718876,5684
37.061321,-20.718876,5708
38.061321,-19.718876,5720
39.061321,-19.718876,5734
40.061321,-19.718876,5755
40.061321,-18.718876,5767
41.061321,-18.718876,5779
42.061321,-18.718876,5792
43.061321,-18.718876,5816
43.061321,-17.718876,5829
44.061321,-17.718876,5852
45.061321,-17.718876,5876
46.061321,-17.718876,5900
47.061321,-17.718876,5912
47.061321,-16.718876,5924
48.061321,-16.718876,5936
49.061321,-16.718876,5971
50.061321,-16.718876,6359
51.061321,-16.718876,6369
52.061321,-17.718876,6393
53.061321,-17.718876,6418
53.061321,-18.718876,6441
54.061321,-18.718876,6453
55.061321,-18.718876,6466
56.061321,-19.718876,6549
57.061321,-19.718876,6585
57.061321,-20.718876,6597
57.061321,-21.718876,6621
58.061321,-22.718876,6657
58.061321,-23.718876,6693
59.061321,-25.718876,6705
59.061321,-26.718876,6718
59.061321,-27.718876,6742
59.061321,-28.718876,6754
59.061321,-29.718876,6816
59.061321,-30.718876,6840
59.061321,-31.718876,6876
59.061321,-32.718876,6892
59.061321,-33.718876,6900
59.061321,-34.718876,6913
59.061321,-36.718876,6937
59.061321,-37.718876,6963
59.061321,-39.718876,6973
59.061321,-40.718876,7022
59.061321,-41.718876,7059
59.061321,-42.718876,7070
59.061321,-43.718876,7083
59.061321,-44.718876,7111
59.061321,-45.718876,7136
59.061321,-46.718876,7166
59.061321,-47.718876,7219
59.061321,-48.718876,7254
59.061321,-49.718876,7302
59.061321,-50.718876,7339
59.061321,-51.718876,7387
59.061321,-52.718876,7436
59.061321,-53.718876,7532
59.061321,-54.718876,7582
59.061321,-55.718876,7605
59.061321,-56.718876,7642
BREAK
55.061321,-61.718876,8663
55.061321,-60.718876,8765
56.061321,-60.718876,8786
57.061321,-59.718876,8822
58.061321,-59.718876,8846
59.061321,-59.718876,8870
60.061321,-59.718876,8882
61.061321,-59.718876,8922
62.061321,-59.718876,8954
63.061321,-59.718876,8990
64.061321,-59.718876,9002
65.061321,-59.718876,9050
66.061321,-59.718876,9136
67.061321,-59.718876,9196
68.061321,-59.718876,9257
BREAK
