START
33.088448,-53.431408,0
33.088448,-52.528881,393
33.088448,-51.626354,404
33.088448,-50.723827,424
33.088448,-49.8213,434
33.088448,-48.918773,445
33.088448,-48.016245,467
33.088448,-47.113718,488
33.088448,-46.211191,499
31.283394,-46.211191,520
31.283394,-45.308664,532
31.283394,-44.406137,542
31.283394,-43.50361,552
30.380866,-43.50361,574
29.478339,-42.601083,584
29.478339,-41.698556,595
29.478339,-40.796029,607
28.575812,-40.796029,622
27.673285,-39.893502,632
27.673285,-38.990975,642
27.673285,-38.088448,664
27.673285,-37.185921,690
27.673285,-36.283394,700
27.673285,-35.380866,723
27.673285,-34.478339,745
27.673285,-33.575812,781
27.673285,-32.673285,810
27.673285,-31.770758,831
28.575812,-31.770758,841
28.575812,-30.868231,862
29.478339,-29.965704,916
29.478339,-29.063177,930
29.478339,-28.16065,966
29.478339,-27.258123,997
30.380866,-26.355596,1049
30.380866,-25.453069,1079
30.380866,-24.550542,1117
30.380866,-23.648014,1154
30.380866,-22.745487,1195
29.478339,-21.84296,1221
29.478339,-20.940433,1232
28.575812,-20.940433,1263
28.575812,-20.037906,1281
26.770758,-20.037906,1291
26.770758,-19.135379,1311
25.868231,-19.135379,1322
24.965704,-18.232852,1332
24.063177,-17.330325,1342
23.16065,-17.330325,1368
22.258123,-17.330325,1380
20.453069,-17.330325,1401
19.550542,-17.330325,1411
18.648014,-17.330325,1421
17.745487,-17.330325,1432
16.84296,-17.330325,1469
15.940433,-18.232852,1518
15.037906,-18.232852,1565
15.037906,-19.135379,1575
14.135379,-19.135379,1594
13.232852,-20.037906,1605
13.232852,-20.940433,1626
12.330325,-21.84296,1647
12.330325,-22.745487,1666
11.427798,-22.745487,1693
12.330325,-22.745487,1714
12.330325,-23.648014,1724
12.330325,-24.550542,1746
13.232852,-24.550542,1768
13.232852,-25.453069,1778
13.232852,-26.355596,1799
13.232852,-27.258123,1819
14.135379,-28.16065,1830
14.135379,-29.063177,1851
15.037906,-29.063177,1872
15.037906,-29.965704,1888
15.940433,-29.965704,1930
15.940433,-30.868231,1940
15.940433,-31.770758,1961
15.940433,-32.673285,1985
16.84296,-32.673285,2006
17.745487,-32.673285,2027
18.648014,-32.673285,2083
20.453069,-32.673285,2094
20.453069,-33.575812,2104
21.355596,-33.575812,2114
22.258123,-33.575812,2135
23.16065,-33.575812,2159
24.063177,-33.575812,2179
25.868231,-33.575812,2200
26.770758,-33.575812,2220
28.575812,-33.575812,2231
29.478339,-33.575812,2241
30.380866,-33.575812,2251
31.283394,-33.575812,2272
33.088448,-33.575812,2293
33.990975,-33.575812,2323
34.893502,-33.575812,2334
35.796029,-33.575812,2344
36.698556,-33.575812,2354
37.601083,-33.575812,2365
38.50361,-33.575812,2385
39.406137,-33.575812,2396
40.308664,-33.575812,2406
41.211191,-33.575812,2430
42.113718,-33.575812,2440
43.016245,-33.575812,2461
43.918773,-33.575812,2471
44.8213,-33.575812,2492
45.723827,-33.575812,2502
47.528881,-32.673285,2523
48.431408,-32.673285,2533
49.333935,-31.770758,2553
50.236462,-31.770758,2564
51.138989,-30.868231,2574
52.944043,-29.965704,2584
53.84657,-29.063177,2607
54.749097,-28.16065,2617
55.651625,-28.16065,2632
56.554152,-27.258123,2654
57.456679,-26.355596,2667
58.359206,-26.355596,2692
58.359206,-25.453069,2708
60.16426,-24.550542,2733
60.16426,-23.648014,2758
61.066787,-23.648014,2779
61.066787,-22.745487,2789
61.066787,-21.84296,2800
61.066787,-20.940433,2820
61.969314,-20.940433,2831
61.969314,-20.037906,2847
61.969314,-19.135379,2920
61.969314,-20.037906,3216
61.066787,-20.037906,3230
61.066787,-20.940433,3241
60.16426,-22.745487,3251
60.16426,-23.648014,3273
60.16426,-24.550542,3294
60.16426,-25.453069,3304
60.16426,-26.355596,3325
60.16426,-27.258123,3345
60.16426,-28.16065,3356
60.16426,-29.063177,3366
60.16426,-29.965704,3377
60.16426,-30.868231,3388
60.16426,-31.770758,3398
60.16426,-32.673285,3408
60.16426,-33.575812,3418
60.16426,-34.478339,3429
60.16426,-35.380866,3439
60.16426,-37.185921,3449
60.16426,-38.088448,3460
60.16426,-38.990975,3470
60.16426,-39.893502,3480
60.16426,-41.698556,3490
61.066787,-42.601083,3511
61.066787,-43.50361,3521
61.969314,-44.406137,3532
61.969314,-46.211191,3560
61.969314,-47.113718,3570
61.969314,-48.918773,3581
61.969314,-49.8213,3591
61.969314,-50.723827,3601
61.969314,-52.528881,3612
61.969314,-54.333935,3622
61.969314,-55.236462,3632
61.969314,-56.138989,3653
61.969314,-57.041516,3663
61.969314,-57.944043,3684
61.969314,-59.749097,3694
61.969314,-60.651625,3715
61.969314,-61.554152,3725
61.969314,-62.456679,3735
61.969314,-63.359206,3756
61.969314,-64.261733,3766
61.969314,-65.16426,3787
62.871841,-65.16426,3808
62.871841,-66.066787,3828
62.871841,-66.969314,3850
62.871841,-67.871841,3861
62.871841,-68.774368,3870
62.871841,-69.676895,3892
62.871841,-70.579422,3901
62.871841,-71.481949,3923
62.871841,-72.384477,3933
62.871841,-73.287004,3943
62.871841,-75.092058,3964
62.871841,-75.994585,3987
62.871841,-76.897112,4018
62.871841,-77.799639,4038
62.871841,-78.702166,4049
62.871841,-79.604693,4069
61.969314,-80.50722,4110
61.066787,-80.50722,4120
61.066787,-81.409747,4156
61.066787,-82.312274,4170
61.066787,-83.214801,4271
61.066787,-84.117329,4282
61.969314,-84.117329,4384
BREAK
