START
33.990975,-45.308664,0
33.990975,-44.406137,51
33.990975,-43.50361,64
33.990975,-42.601083,79
33.990975,-41.698556,111
33.990975,-40.796029,134
33.990975,-38.990975,154
33.990975,-37.185921,174
33.990975,-35.380866,195
33.990975,-33.575812,212
33.990975,-32.673285,227
33.990975,-31.770758,242
33.990975,-30.868231,262
33.990975,-29.063177,285
33.990975,-28.16065,305
33.088448,-26.355596,325
33.088448,-25.453069,347
32.185921,-23.648014,368
32.185921,-21.84296,389
32.185921,-20.940433,413
32.185921,-20.037906,433
32.185921,-19.135379,474
31.283394,-19.135379,813
30.380866,-19.135379,898
29.478339,-19.135379,974
28.575812,-19.135379,1016
28.575812,-20.037906,1035
27.673285,-20.037906,1056
26.770758,-20.037906,1101
26.770758,-20.940433,1119
25.868231,-20.940433,1141
24.965704,-22.745487,1159
24.063177,-22.745487,1173
24.063177,-23.648014,1187
24.063177,-24.550542,1245
24.063177,-25.453069,1287
24.063177,-26.355596,1371
24.063177,-29.965704,1393
24.063177,-32.673285,1414
24.063177,-33.575812,1436
24.965704,-34.478339,1487
25.868231,-34.478339,1547
25.868231,-35.380866,1559
26.770758,-36.283394,1588
28.575812,-36.283394,1623
28.575812,-37.185921,1645
30.380866,-37.185921,1661
31.283394,-38.088448,1710
32.185921,-38.088448,1731
33.088448,-38.990975,1753
34.893502,-38.990975,1771
37.601083,-39.893502,1792
38.50361,-39.893502,1814
39.406137,-39.893502,1859
40.308664,-39.893502,1878
41.211191,-40.796029,1897
43.016245,-40.796029,1940
43.918773,-40.796029,1964
44.8213,-40.796029,1984
45.723827,-40.796029,2008
46.626354,-39.893502,2026
47.528881,-39.893502,2043
47.528881,-38.990975,2057
48.431408,-38.990975,2070
49.333935,-38.990975,2122
49.333935,-38.088448,2145
52.041516,-35.380866,2167
52.944043,-34.478339,2184
53.84657,-33.575812,2204
53.84657,-32.673285,2215
54.749097,-31.770758,2232
54.749097,-30.868231,2306
54.749097,-29.965704,2379
54.749097,-29.063177,2464
54.749097,-28.16065,2485
54.749097,-27.258123,2549
54.749097,-26.355596,2629
54.749097,-27.258123,2838
54.749097,-28.16065,2879
54.749097,-29.063177,2900
54.749097,-29.965704,2924
54.749097,-30.868231,2942
54.749097,-31.770758,2963
54.749097,-32.673285,2985
54.749097,-33.575812,3024
54.749097,-36.283394,3043
54.749097,-38.088448,3060
54.749097,-40.796029,3082
54.749097,-43.50361,3100
54.749097,-44.406137,3144
54.749097,-45.308664,3161
54.749097,-46.211191,3180
54.749097,-48.918773,3225
54.749097,-53.431408,3245
54.749097,-57.944043,3265
54.749097,-59.749097,3286
54.749097,-62.456679,3307
54.749097,-63.359206,3349
54.749097,-65.16426,3411
54.749097,-68.774368,3432
54.749097,-70.579422,3452
54.749097,-72.384477,3472
54.749097,-73.287004,3495
54.749097,-74.189531,3535
54.749097,-75.092058,3557
54.749097,-75.994585,3652
54.749097,-76.897112,3743
54.749097,-77.799639,3817
54.749097,-78.702166,3838
55.651625,-78.702166,3858
55.651625,-79.604693,3929
BREAK
