START
36.698556,-34.478339,0
36.698556,-33.575812,156
36.698556,-32.673285,179
36.698556,-31.770758,189
36.698556,-30.868231,199
36.698556,-29.965704,209
36.698556,-29.063177,219
35.796029,-29.063177,230
35.796029,-28.16065,239
35.796029,-27.258123,260
35.796029,-26.355596,270
35.796029,-25.453069,290
35.796029,-24.550542,301
35.796029,-23.648014,311
34.893502,-23.648014,320
34.893502,-22.745487,331
34.893502,-21.84296,352
33.990975,-20.940433,362
33.990975,-20.037906,371
33.990975,-19.135379,392
33.990975,-18.232852,403
33.990975,-17.330325,422
33.990975,-16.427798,433
33.990975,-15.525271,453
33.990975,-14.622744,463
33.990975,-13.720217,473
33.990975,-12.81769,484
33.990975,-11.915162,535
33.990975,-11.012635,569
33.990975,-10.110108,584
33.990975,-9.2075812,691
33.088448,-9.2075812,755
32.185921,-9.2075812,766
31.283394,-9.2075812,945
30.380866,-9.2075812,955
29.478339,-9.2075812,976
29.478339,-8.3050542,987
28.575812,-8.3050542,996
27.673285,-8.3050542,1006
26.770758,-8.3050542,1016
25.868231,-8.3050542,1027
25.868231,-9.2075812,1036
24.965704,-9.2075812,1047
24.063177,-9.2075812,1057
23.16065,-9.2075812,1067
22.258123,-9.2075812,1077
21.355596,-9.2075812,1087
20.453069,-9.2075812,1098
19.550542,-9.2075812,1108
18.648014,-10.110108,1128
18.648014,-11.012635,1149
18.648014,-11.915162,1173
17.745487,-11.915162,1184
16.84296,-11.915162,1194
15.940433,-11.915162,1214
15.037906,-12.81769,1224
15.037906,-13.720217,1235
14.135379,-13.720217,1270
13.232852,-13.720217,1288
13.232852,-14.622744,1300
13.232852,-15.525271,1317
13.232852,-16.427798,1343
12.330325,-16.427798,1361
12.330325,-17.330325,1376
12.330325,-18.232852,1408
11.427798,-18.232852,1420
11.427798,-19.135379,1433
11.427798,-20.037906,1461
11.427798,-20.940433,1484
10.525271,-21.84296,1493
10.525271,-22.745487,1514
10.525271,-23.648014,1524
10.525271,-24.550542,1544
10.525271,-25.453069,1567
11.427798,-25.453069,1578
11.427798,-26.355596,1600
12.330325,-26.355596,1620
12.330325,-27.258123,1630
12.330325,-28.16065,1666
13.232852,-28.16065,1677
13.232852,-29.063177,1696
14.135379,-29.965704,1706
14.135379,-30.868231,1742
15.037906,-31.770758,1752
15.037906,-32.673285,1782
15.940433,-32.673285,1793
16.84296,-33.575812,1813
17.745487,-33.575812,1823
17.745487,-34.478339,1848
18.648014,-34.478339,1859
19.550542,-35.380866,1869
20.453069,-35.380866,1879
21.355596,-35.380866,1889
22.258123,-35.380866,1909
23.16065,-36.283394,1930
24.063177,-37.185921,1940
24.965704,-37.185921,1950
27.673285,-37.185921,1961
28.575812,-38.088448,1971
29.478339,-38.088448,1981
30.380866,-38.088448,1990
30.380866,-38.990975,2001
31.283394,-38.990975,2011
32.185921,-38.990975,2021
33.088448,-38.990975,2031
33.990975,-38.990975,2041
34.893502,-38.990975,2052
35.796029,-38.990975,2062
36.698556,-38.990975,2071
37.601083,-38.990975,2082
38.50361,-38.990975,2092
39.406137,-38.990975,2112
40.308664,-38.088448,2122
41.211191,-38.088448,2133
43.918773,-37.185921,2143
44.8213,-37.185921,2154
48.431408,-36.283394,2163
51.138989,-36.283394,2173
52.041516,-36.283394,2184
52.944043,-35.380866,2194
53.84657,-35.380866,2214
54.749097,-34.478339,2224
55.651625,-34.478339,2235
55.651625,-33.575812,2244
56.554152,-32.673285,2254
57.456679,-32.673285,2265
58.359206,-31.770758,2276
59.261733,-30.868231,2285
60.16426,-30.868231,2295
61.066787,-29.965704,2306
61.969314,-29.063177,2316
62.871841,-29.063177,2325
63.774368,-29.063177,2336
64.676895,-28.16065,2346
65.579422,-27.258123,2366
65.579422,-26.355596,2376
66.481949,-26.355596,2387
67.384477,-25.453069,2397
68.287004,-24.550542,2406
69.189531,-23.648014,2417
70.092058,-22.745487,2427
70.994585,-21.84296,2438
70.994585,-20.940433,2458
70.994585,-20.037906,2468
71.897112,-20.037906,2478
71.897112,-19.135379,2488
71.897112,-18.232852,2498
71.897112,-17.330325,2541
71.897112,-18.232852,2692
71.897112,-19.135379,2711
70.994585,-20.037906,2732
70.994585,-20.940433,2741
70.994585,-21.84296,2752
70.994585,-22.745487,2762
70.994585,-23.648014,2773
71.897112,-24.550542,2782
72.799639,-25.453069,2793
72.799639,-26.355596,2803
72.799639,-27.258123,2813
72.799639,-28.16065,2823
73.702166,-29.063177,2833
73.702166,-31.770758,2843
73.702166,-32.673285,2854
73.702166,-35.380866,2863
73.702166,-36.283394,2874
73.702166,-38.990975,2884
73.702166,-39.893502,2894
73.702166,-40.796029,2904
73.702166,-41.698556,2914
73.702166,-42.601083,2925
73.702166,-43.50361,2935
73.702166,-44.406137,2945
73.702166,-45.308664,2955
73.702166,-46.211191,2965
73.702166,-47.113718,2976
73.702166,-48.016245,2986
73.702166,-48.918773,2995
73.702166,-51.626354,3006
73.702166,-52.528881,3016
73.702166,-53.431408,3027
74.604693,-54.333935,3036
74.604693,-55.236462,3046
75.50722,-56.138989,3057
75.50722,-57.041516,3067
75.50722,-57.944043,3077
75.50722,-58.84657,3087
75.50722,-59.749097,3097
75.50722,-60.651625,3108
75.50722,-61.554152,3117
75.50722,-62.456679,3128
76.409747,-63.359206,3138
76.409747,-66.066787,3148
77.312274,-66.969314,3158
77.312274,-67.871841,3168
77.312274,-68.774368,3179
77.312274,-69.676895,3189
77.312274,-70.579422,3198
77.312274,-71.481949,3209
77.312274,-72.384477,3219
77.312274,-73.287004,3230
77.312274,-74.189531,3239
77.312274,-75.092058,3249
78.214801,-75.092058,3260
79.117329,-75.994585,3270
79.117329,-76.897112,3290
79.117329,-77.799639,3301
80.019856,-77.799639,3320
80.019856,-78.702166,3331
80.019856,-79.604693,3341
80.019856,-80.50722,3351
80.922383,-81.409747,3362
80.922383,-82.312274,3371
81.82491,-82.312274,3382
82.727437,-82.312274,3412
81.82491,-82.312274,3498
81.82491,-81.409747,3509
80.922383,-80.50722,3519
BREAK
