START
48.528302,-14.686747,0
48.528302,-15.686747,67
48.528302,-16.686747,75
48.528302,-17.686747,82
48.528302,-19.686747,92
48.528302,-21.686747,100
48.528302,-22.686747,108
48.528302,-24.686747,116
48.528302,-26.686747,134
48.528302,-28.686747,142
48.528302,-29.686747,150
48.528302,-31.686747,159
48.528302,-32.686747,166
48.528302,-33.686747,174
48.528302,-36.686747,183
48.528302,-37.686747,191
48.528302,-38.686747,199
48.528302,-40.686747,207
48.528302,-41.686747,215
49.528302,-42.686747,224
49.528302,-43.686747,231
49.528302,-44.686747,239
49.528302,-45.686747,247
49.528302,-46.686747,263
49.528302,-47.686747,272
49.528302,-48.686747,280
49.528302,-49.686747,288
49.528302,-50.686747,296
49.528302,-51.686747,312
49.528302,-52.686747,329
49.528302,-53.686747,338
49.528302,-54.686747,346
49.528302,-55.686747,362
49.528302,-56.686747,378
49.528302,-57.686747,387
49.528302,-58.686747,404
49.528302,-59.686747,412
49.528302,-60.686747,429
49.528302,-61.686747,437
49.528302,-62.686747,454
49.528302,-63.686747,470
49.528302,-65.686747,481
49.528302,-66.686747,497
49.528302,-67.686747,503
49.528302,-68.686747,511
49.528302,-70.686747,529
49.528302,-72.686747,544
49.528302,-73.686747,561
49.528302,-74.686747,569
49.528302,-75.686747,577
49.528302,-76.686747,594
49.528302,-77.686747,602
49.528302,-78.686747,610
49.528302,-79.686747,628
49.528302,-80.686747,635
49.528302,-81.686747,652
49.528302,-82.686747,661
49.528302,-83.686747,677
49.528302,-84.686747,685
49.528302,-85.686747,693
49.528302,-86.686747,700
49.528302,-87.686747,726
49.528302,-88.686747,768
BREAK
32.528302,-36.686747,1616
38.528302,-38.686747,1663
39.528302,-38.686747,1672
40.528302,-39.686747,1679
42.528302,-40.686747,1688
43.528302,-41.686747,1697
44.528302,-41.686747,1712
45.528302,-42.686747,1720
45.528302,-43.686747,1727
46.528302,-43.686747,1737
47.528302,-43.686747,1745
47.528302,-44.686747,1752
48.528302,-44.686747,1760
49.528302,-45.686747,1769
50.528302,-45.686747,1777
51.528302,-46.686747,1785
53.528302,-47.686747,1803
53.528302,-48.686747,1811
54.528302,-49.686747,1827
55.528302,-49.686747,1834
56.528302,-50.686747,1843
57.528302,-51.686747,1858
58.528302,-52.686747,1867
59.528302,-52.686747,1875
60.528302,-53.686747,1891
61.528302,-53.686747,1899
62.528302,-54.686747,1925
62.528302,-55.686747,1941
63.528302,-55.686747,1949
64.528302,-55.686747,2006
64.528302,-56.686747,2013
BREAK
