START
43.963681,-42.321478,0
44.359966,-42.717763,384
44.359966,-43.114048,440
44.359966,-42.717763,464
44.359966,-43.114048,536
44.359966,-43.510332,672
44.359966,-43.906617,704
44.359966,-44.302902,736
44.359966,-44.699187,800
44.359966,-45.095472,824
44.359966,-45.491756,848
44.359966,-45.888041,880
44.359966,-46.284326,992
44.359966,-46.680611,1016
44.359966,-47.076896,1040
44.359966,-47.473181,1096
44.359966,-47.869465,1160
44.359966,-48.26575,1192
44.359966,-48.662035,1216
44.359966,-49.05832,1272
44.359966,-49.454605,1304
44.359966,-49.85089,1344
44.359966,-50.247174,1368
44.359966,-50.643459,1400
44.359966,-51.039744,1432
43.963681,-51.039744,1472
43.963681,-51.436029,1480
43.567396,-51.436029,1488
43.567396,-51.832314,1504
43.171111,-51.832314,1520
43.171111,-52.228599,1528
43.171111,-52.624883,1536
43.171111,-53.021168,1568
43.171111,-53.417453,1664
42.774826,-53.417453,1680
42.774826,-53.813738,1720
42.774826,-54.210023,1768
42.378541,-54.210023,1800
42.378541,-54.606308,1808
41.982257,-54.606308,1824
41.982257,-55.002592,1832
41.585972,-55.002592,1840
41.189687,-55.002592,1856
40.793402,-55.002592,1880
40.793402,-55.398877,1888
40.397117,-55.398877,1904
40.000832,-55.398877,1912
39.604548,-55.398877,1928
39.208263,-55.398877,1944
38.811978,-55.795162,1968
38.415693,-55.795162,1984
38.019408,-55.795162,2057
37.623123,-55.795162,2064
37.226839,-55.795162,2072
36.830554,-55.795162,2080
36.830554,-55.398877,2232
36.830554,-55.002592,2248
36.434269,-54.606308,2256
36.037984,-54.606308,2280
35.641699,-54.210023,2288
35.245414,-54.210023,2320
35.245414,-53.813738,2328
35.245414,-53.417453,2392
35.245414,-53.021168,2400
35.245414,-52.624883,2424
34.84913,-52.228599,2464
34.84913,-51.832314,2520
34.84913,-51.436029,2528
34.84913,-51.039744,2552
34.84913,-50.643459,2600
34.84913,-50.247174,2640
34.84913,-49.85089,2648
35.245414,-49.85089,2664
35.245414,-49.454605,2681
35.245414,-49.05832,2728
35.641699,-49.05832,2744
35.641699,-48.662035,2768
35.641699,-48.26575,2784
36.037984,-48.26575,2800
36.037984,-47.869465,2832
36.434269,-47.869465,2856
36.830554,-47.869465,2880
36.830554,-47.473181,2896
37.226839,-47.473181,2913
37.623123,-47.473181,2960
38.019408,-47.473181,2977
38.415693,-47.473181,2985
38.811978,-47.473181,2993
39.208263,-47.076896,3009
39.604548,-47.076896,3016
40.000832,-47.076896,3113
40.397117,-47.076896,3120
40.793402,-47.076896,3137
41.189687,-47.076896,3145
41.189687,-46.680611,3153
41.585972,-46.680611,3160
41.982257,-46.680611,3353
42.378541,-46.680611,3377
42.774826,-46.680611,3384
43.171111,-46.680611,3401
43.567396,-46.680611,3529
43.963681,-46.680611,3537
44.359966,-46.680611,3553
44.75625,-46.680611,3697
44.75625,-47.076896,3705
45.54882,-47.076896,3713
45.945105,-47.076896,3729
46.34139,-47.076896,3737
46.737675,-47.076896,3857
47.133959,-47.076896,3865
47.530244,-47.076896,3873
48.322814,-47.076896,3889
48.719099,-47.076896,3969
49.115383,-47.076896,3985
49.511668,-47.076896,4001
49.907953,-47.076896,4009
50.304238,-47.473181,4025
50.700523,-47.473181,4049
51.096808,-47.473181,4089
51.493092,-47.473181,4105
51.889377,-47.473181,4121
52.285662,-47.473181,4137
52.681947,-47.473181,4193
53.078232,-47.473181,4209
53.474517,-47.473181,4233
53.870801,-47.473181,4241
54.267086,-47.473181,4257
54.663371,-47.473181,4264
55.059656,-47.473181,4329
55.059656,-47.076896,4353
55.455941,-47.076896,4369
55.852226,-47.076896,4377
56.24851,-47.076896,4385
56.24851,-47.473181,4401
56.24851,-47.076896,4409
56.644795,-47.076896,4449
57.04108,-47.076896,4473
57.437365,-47.076896,4489
57.83365,-47.076896,4521
58.229935,-47.076896,4553
59.022504,-47.076896,4569
59.418789,-47.076896,4585
59.815074,-47.076896,4601
60.211359,-47.076896,4625
60.607644,-47.076896,4649
61.003928,-47.076896,4657
61.003928,-47.473181,4673
61.400213,-47.473181,4681
61.796498,-47.473181,4689
62.192783,-47.473181,4697
62.589068,-47.473181,4713
62.985353,-47.473181,4753
63.777922,-47.473181,4769
64.174207,-47.473181,4785
64.570492,-47.473181,4793
64.966777,-47.473181,4801
65.363062,-47.473181,4825
65.759346,-47.473181,4889
66.155631,-47.473181,4913
66.551916,-47.869465,4929
66.948201,-47.869465,4985
67.344486,-47.869465,5009
67.74077,-48.26575,5169
68.137055,-48.662035,5209
68.53334,-48.662035,5217
68.53334,-49.05832,5225
68.929625,-49.05832,5233
68.929625,-49.454605,5249
69.32591,-49.454605,5265
69.32591,-49.85089,5313
69.32591,-50.247174,5353
69.722195,-50.643459,5369
70.118479,-50.643459,5393
70.118479,-51.039744,5401
70.118479,-51.436029,5433
70.514764,-51.832314,5513
70.514764,-52.228599,5521
70.514764,-52.624883,5593
70.118479,-52.624883,5625
70.118479,-53.021168,5641
70.118479,-53.417453,5673
70.118479,-53.813738,5689
70.118479,-54.210023,5785
70.118479,-54.606308,5817
70.118479,-55.002592,5849
70.118479,-55.398877,5889
69.722195,-55.398877,5913
69.722195,-55.795162,5929
69.722195,-56.191447,5945
69.722195,-56.587732,5969
69.722195,-56.984017,5977
69.32591,-56.984017,5985
69.32591,-57.380301,6001
68.929625,-57.380301,6025
68.929625,-57.776586,6041
68.929625,-58.172871,6065
68.53334,-58.172871,6073
68.53334,-58.569156,6089
68.53334,-58.965441,6121
68.53334,-59.361726,6162
68.137055,-59.361726,6169
68.137055,-59.75801,6186
67.74077,-59.75801,6193
67.74077,-60.154295,6217
67.344486,-60.154295,6225
67.344486,-60.55058,6233
66.948201,-60.946865,6257
66.948201,-61.34315,6282
66.551916,-61.34315,6289
66.155631,-61.739435,6313
65.759346,-62.135719,6329
65.363062,-62.532004,6345
64.966777,-62.532004,6370
64.966777,-62.928289,6386
64.174207,-62.928289,6393
63.777922,-62.928289,6417
63.777922,-63.324574,6425
63.381637,-63.324574,6434
62.985353,-63.720859,6442
62.589068,-63.720859,6450
62.192783,-63.720859,6466
61.796498,-63.720859,6474
61.400213,-63.720859,6481
61.003928,-63.720859,6498
60.607644,-64.117143,6521
60.211359,-64.117143,6529
59.815074,-64.117143,6545
59.418789,-64.117143,6578
59.418789,-64.513428,6586
59.022504,-64.513428,6593
58.626219,-64.513428,6618
58.229935,-64.513428,6689
58.229935,-64.909713,6698
57.83365,-64.909713,6706
57.437365,-65.305998,6713
57.04108,-65.305998,6721
56.644795,-65.305998,6738
56.24851,-65.702283,6778
55.852226,-65.702283,6810
55.455941,-65.702283,6826
54.663371,-65.305998,6834
53.870801,-65.305998,6841
53.078232,-65.305998,6858
52.681947,-65.305998,6866
52.285662,-65.305998,6874
51.889377,-65.305998,6890
51.493092,-65.305998,6906
51.096808,-65.305998,6930
50.700523,-64.909713,6954
50.304238,-64.513428,6978
49.907953,-64.513428,6994
49.115383,-64.513428,7002
49.115383,-64.909713,7010
48.719099,-64.909713,7018
47.926529,-64.909713,7025
47.530244,-64.909713,7034
47.133959,-64.909713,7042
46.737675,-64.909713,7058
46.34139,-64.909713,7090
46.34139,-65.305998,7098
45.945105,-65.305998,7106
45.54882,-65.305998,7114
45.152535,-65.305998,7130
44.75625,-65.305998,7138
44.359966,-65.305998,7210
43.963681,-65.305998,7218
43.567396,-65.305998,7234
43.171111,-65.305998,7242
42.774826,-65.305998,7258
42.378541,-65.305998,7274
41.585972,-65.305998,7330
41.189687,-65.305998,7338
40.793402,-65.305998,7346
40.397117,-64.909713,7354
39.604548,-64.909713,7362
39.208263,-64.909713,7378
39.208263,-64.513428,7386
38.811978,-64.513428,7394
38.019408,-64.513428,7458
37.623123,-64.513428,7474
37.226839,-64.513428,7482
36.830554,-64.513428,7490
36.434269,-64.513428,7506
36.434269,-64.117143,7530
36.037984,-64.117143,7538
35.641699,-64.117143,7554
35.245414,-63.720859,7562
34.84913,-63.720859,7570
34.452845,-63.720859,7578
34.05656,-63.720859,7586
34.05656,-63.324574,7602
33.660275,-63.324574,7610
33.26399,-63.324574,7634
32.867705,-63.324574,7650
32.471421,-62.928289,7666
32.075136,-62.928289,7682
31.678851,-62.928289,7706
31.282566,-62.532004,7746
30.886281,-62.135719,7770
30.093712,-62.135719,7778
29.301142,-61.739435,7794
28.904857,-61.34315,7882
28.904857,-60.946865,7890
28.508572,-60.55058,7914
28.508572,-60.154295,7930
28.112288,-60.154295,7938
28.112288,-59.75801,7946
28.112288,-59.361726,7962
27.716003,-59.361726,7971
27.716003,-58.965441,7986
27.716003,-58.569156,8010
27.319718,-58.569156,8020
27.319718,-58.172871,8050
27.319718,-57.776586,8058
26.923433,-57.380301,8082
26.923433,-56.984017,8114
26.527148,-56.984017,8130
26.527148,-56.587732,8146
26.130863,-56.191447,8162
26.130863,-55.795162,8202
25.734579,-55.398877,8234
25.734579,-55.002592,8290
26.130863,-54.606308,8394
26.130863,-54.210023,8419
26.527148,-53.813738,8426
BREAK
38.019408,-40.736339,14496
38.415693,-40.736339,14632
38.019408,-41.132623,14656
38.019408,-41.528908,14720
38.415693,-41.528908,14728
38.415693,-41.925193,14816
38.415693,-42.321478,14848
38.415693,-42.717763,14864
38.019408,-42.717763,14888
38.019408,-43.114048,14896
38.019408,-43.510332,14920
37.623123,-43.510332,14928
37.623123,-43.906617,14984
37.623123,-44.302902,15000
37.623123,-44.699187,15024
37.623123,-45.095472,15048
37.623123,-45.491756,15088
37.623123,-45.888041,15112
38.019408,-46.284326,15152
37.623123,-46.284326,15200
37.623123,-45.888041,15224
37.623123,-45.491756,15240
BREAK
38.811978,-40.340054,16072
39.208263,-40.340054,16232
39.604548,-40.340054,16240
40.000832,-40.340054,16256
40.397117,-40.340054,16264
40.793402,-40.340054,16280
41.189687,-40.340054,16384
41.585972,-40.736339,16400
41.585972,-40.340054,16408
41.982257,-40.340054,16416
42.378541,-40.340054,16472
42.774826,-40.340054,16512
43.171111,-40.736339,16560
43.567396,-40.736339,16592
43.963681,-40.736339,16616
44.359966,-40.736339,16632
45.152535,-40.736339,16648
45.54882,-40.736339,16672
45.945105,-40.736339,16752
46.34139,-40.736339,16768
46.737675,-40.736339,16784
47.133959,-40.736339,16864
47.530244,-40.736339,17024
47.926529,-40.736339,17144
48.322814,-40.736339,17168
48.719099,-40.736339,17184
49.115383,-40.736339,17201
49.115383,-40.340054,17208
49.511668,-40.340054,17232
49.907953,-40.340054,17264
50.304238,-40.340054,17288
50.700523,-40.340054,17312
BREAK
54.267086,-48.26575,19457
54.663371,-48.26575,19472
54.663371,-48.662035,19576
54.663371,-49.05832,19600
54.663371,-49.454605,19720
54.663371,-49.85089,19800
55.059656,-50.247174,19848
55.059656,-50.643459,19864
55.059656,-51.039744,19895
55.059656,-51.436029,19935
54.663371,-51.436029,19975
54.663371,-51.832314,19991
54.663371,-52.228599,20031
54.663371,-52.624883,20079
54.663371,-53.021168,20096
54.663371,-53.417453,20120
55.059656,-53.417453,20136
54.663371,-53.417453,20144
54.663371,-53.813738,20160
54.267086,-53.813738,20168
54.267086,-54.210023,20208
54.267086,-54.606308,20248
54.663371,-54.606308,20480
55.059656,-54.606308,20560
55.455941,-54.606308,20568
55.852226,-54.606308,20576
56.24851,-55.002592,20584
56.644795,-55.002592,20664
57.04108,-55.002592,20752
57.437365,-55.002592,20760
57.437365,-54.606308,20792
57.437365,-54.210023,20808
57.83365,-54.210023,20840
58.229935,-54.210023,20856
58.626219,-54.210023,20888
59.022504,-54.210023,20912
58.626219,-54.606308,20920
58.626219,-54.210023,20928
58.229935,-54.210023,20936
58.229935,-53.813738,20968
58.626219,-53.813738,21016
58.626219,-54.210023,21024
59.022504,-54.210023,21032
58.626219,-54.210023,21128
58.626219,-54.606308,21152
58.229935,-54.606308,21168
BREAK
60.607644,-41.925193,22384
60.607644,-42.321478,22408
60.607644,-42.717763,22424
60.607644,-43.114048,22448
60.607644,-43.510332,22472
60.607644,-43.906617,22520
60.607644,-44.302902,22536
60.607644,-44.699187,22576
61.003928,-44.699187,22592
61.003928,-45.095472,22601
61.003928,-45.491756,22616
61.003928,-45.888041,22624
60.607644,-45.888041,22632
60.607644,-46.284326,22648
60.607644,-46.680611,22664
60.607644,-47.076896,22688
60.607644,-47.473181,22704
60.607644,-47.869465,22728
60.607644,-48.26575,22760
61.003928,-48.26575,22776
61.003928,-48.662035,22784
61.003928,-49.05832,22792
61.003928,-49.454605,22816
61.003928,-49.85089,22832
61.003928,-50.247174,22856
61.003928,-50.643459,22864
61.003928,-51.039744,22896
61.003928,-51.436029,22944
61.003928,-51.832314,22976
61.003928,-52.228599,22992
61.003928,-52.624883,23008
61.003928,-53.021168,23024
61.003928,-53.417453,23056
61.003928,-53.813738,23072
61.003928,-54.210023,23136
61.003928,-54.606308,23168
60.607644,-54.606308,23432
60.211359,-54.210023,23440
BREAK
