START
24.193825,-20.982536,0
25.022108,-20.982536,143
25.850391,-21.810819,159
26.678674,-21.810819,167
27.506956,-23.467385,175
28.335239,-23.467385,183
28.335239,-24.295668,192
29.991805,-25.12395,200
30.820088,-25.952233,215
30.820088,-26.780516,224
32.476653,-26.780516,231
32.476653,-28.437082,239
33.304936,-28.437082,247
34.961502,-29.265364,264
34.961502,-30.093647,272
36.618067,-30.92193,279
36.618067,-31.750213,287
36.618067,-32.578496,295
38.274633,-33.406779,304
39.102916,-35.063344,319
39.931199,-35.063344,336
39.931199,-35.891627,343
40.759482,-35.891627,360
40.759482,-36.71991,376
41.587764,-36.71991,384
41.587764,-37.548193,392
41.587764,-38.376476,408
42.416047,-39.204758,416
43.24433,-40.033041,432
44.072613,-40.861324,456
44.072613,-41.689607,480
44.900896,-42.51789,496
44.900896,-43.346173,504
45.729179,-44.174455,520
46.557461,-45.002738,536
46.557461,-46.659304,552
47.385744,-46.659304,560
47.385744,-47.487587,568
48.214027,-47.487587,576
49.04231,-47.487587,584
49.04231,-49.144152,592
49.870593,-50.800718,608
51.527158,-50.800718,624
51.527158,-52.457284,632
52.355441,-52.457284,640
52.355441,-53.285567,648
54.012007,-53.285567,657
54.012007,-54.942132,664
54.84029,-54.942132,672
55.668573,-56.598698,680
56.496855,-56.598698,696
56.496855,-57.426981,704
57.325138,-57.426981,712
58.153421,-58.255263,720
58.153421,-59.083546,736
58.981704,-59.083546,744
58.981704,-59.911829,752
59.809987,-59.911829,760
60.638269,-60.740112,776
60.638269,-61.568395,817
61.466552,-61.568395,824
62.294835,-62.396678,840
63.123118,-62.396678,864
63.951401,-63.22496,880
64.779684,-64.053243,896
64.779684,-64.881526,904
65.607966,-64.881526,920
65.607966,-65.709809,936
66.436249,-65.709809,944
67.264532,-66.538092,952
67.264532,-67.366375,960
68.921098,-68.194657,976
69.749381,-69.02294,1000
69.749381,-69.851223,1024
70.577663,-69.851223,1032
71.405946,-69.851223,1048
71.405946,-70.679506,1056
72.234229,-70.679506,1064
72.234229,-71.507789,1080
73.062512,-71.507789,1096
73.890795,-71.507789,1128
74.719078,-71.507789,1184
74.719078,-72.336072,1200
75.54736,-72.336072,1208
75.54736,-73.164354,1232
76.375643,-73.164354,1248
76.375643,-72.336072,1336
77.203926,-72.336072,1344
77.203926,-71.507789,1352
78.032209,-71.507789,1360
78.032209,-70.679506,1368
78.032209,-69.851223,1376
78.860492,-69.02294,1392
78.860492,-68.194657,1400
78.860492,-67.366375,1417
79.688775,-67.366375,1424
79.688775,-66.538092,1432
79.688775,-65.709809,1448
80.517057,-64.881526,1456
80.517057,-64.053243,1472
80.517057,-63.22496,1488
80.517057,-62.396678,1504
81.34534,-62.396678,1512
81.34534,-61.568395,1520
81.34534,-60.740112,1536
81.34534,-59.911829,1552
82.173623,-59.911829,1568
82.173623,-59.083546,1576
82.173623,-58.255263,1584
82.173623,-57.426981,1600
82.173623,-56.598698,1616
82.173623,-55.770415,1624
82.173623,-54.942132,1640
82.173623,-54.113849,1664
83.001906,-54.113849,1672
83.001906,-53.285567,1688
83.001906,-52.457284,1696
83.001906,-51.629001,1720
83.830189,-51.629001,1728
83.830189,-50.800718,1760
83.830189,-49.972435,1776
83.830189,-49.144152,1808
83.001906,-49.144152,2105
82.173623,-49.144152,2128
81.34534,-49.144152,2152
80.517057,-49.144152,2176
79.688775,-50.800718,2184
78.860492,-50.800718,2200
78.032209,-50.800718,2216
77.203926,-50.800718,2224
76.375643,-50.800718,2240
75.54736,-50.800718,2248
74.719078,-51.629001,2256
73.890795,-51.629001,2272
73.062512,-51.629001,2288
72.234229,-51.629001,2305
71.405946,-51.629001,2312
70.577663,-52.457284,2320
69.749381,-52.457284,2328
68.921098,-53.285567,2336
68.092815,-53.285567,2352
68.092815,-54.113849,2360
67.264532,-54.113849,2368
66.436249,-54.113849,2376
65.607966,-54.113849,2392
64.779684,-54.113849,2400
63.951401,-54.113849,2408
63.123118,-54.113849,2424
61.466552,-54.113849,2432
61.466552,-54.942132,2440
59.809987,-54.942132,2449
58.981704,-54.942132,2456
58.153421,-55.770415,2464
57.325138,-55.770415,2472
56.496855,-55.770415,2481
55.668573,-55.770415,2488
54.012007,-55.770415,2504
54.012007,-56.598698,2513
53.183724,-57.426981,2528
52.355441,-57.426981,2536
51.527158,-57.426981,2552
50.698876,-57.426981,2568
49.870593,-57.426981,2584
49.04231,-57.426981,2601
49.04231,-58.255263,2609
48.214027,-58.255263,2617
47.385744,-58.255263,2624
46.557461,-58.255263,2640
46.557461,-59.083546,2649
45.729179,-59.083546,2656
44.900896,-59.083546,2664
44.072613,-59.083546,2673
43.24433,-59.083546,2688
42.416047,-59.083546,2704
41.587764,-59.911829,2713
40.759482,-59.911829,2736
39.931199,-59.911829,2752
39.102916,-59.911829,2760
38.274633,-59.911829,2777
37.44635,-59.911829,2801
36.618067,-59.911829,2817
35.789785,-59.911829,2825
34.961502,-59.911829,2841
33.304936,-59.911829,2849
32.476653,-59.911829,2864
31.64837,-59.911829,2873
30.820088,-59.911829,2881
29.163522,-59.911829,2896
28.335239,-59.911829,2905
26.678674,-59.911829,2921
25.850391,-59.911829,2929
24.193825,-59.911829,2937
23.365542,-59.911829,2945
21.708977,-59.911829,2953
20.880694,-59.911829,2961
20.052411,-59.911829,2977
19.224128,-59.911829,2985
18.395845,-59.911829,3009
17.567562,-59.911829,3025
16.73928,-59.083546,3041
15.910997,-59.083546,3161
15.082714,-58.255263,3193
14.254431,-58.255263,3273
14.254431,-57.426981,3457
15.082714,-57.426981,3481
15.082714,-56.598698,3489
15.910997,-56.598698,3497
16.73928,-56.598698,3513
17.567562,-56.598698,3529
18.395845,-56.598698,3569
19.224128,-56.598698,3593
19.224128,-55.770415,3601
20.052411,-55.770415,3617
20.052411,-54.942132,3705
20.052411,-55.770415,3969
20.052411,-56.598698,4001
20.052411,-57.426981,4041
20.052411,-58.255263,4097
19.224128,-58.255263,4249
17.567562,-58.255263,4305
16.73928,-58.255263,4345
15.910997,-57.426981,4377
15.910997,-56.598698,4393
15.910997,-55.770415,4441
15.082714,-55.770415,4449
15.082714,-54.942132,4481
15.082714,-54.113849,4489
15.082714,-53.285567,4529
BREAK
