START
12.631836,-17.149922,0
13.597937,-17.149922,160
15.530141,-17.149922,180
18.428446,-17.149922,199
20.360649,-17.149922,237
21.326751,-17.149922,262
22.292853,-17.149922,279
23.258954,-17.149922,296
27.123361,-16.18382,312
30.021666,-16.18382,327
32.919971,-16.18382,344
34.852175,-16.18382,363
36.784378,-16.18382,381
38.716581,-16.18382,402
39.682683,-16.18382,409
40.648785,-16.18382,449
42.580988,-16.18382,480
43.54709,-16.18382,512
45.479293,-16.18382,529
46.445395,-16.18382,549
48.377598,-16.18382,566
49.3437,-16.18382,578
50.309802,-16.18382,596
51.275903,-16.18382,613
52.242005,-16.18382,648
53.208107,-15.217718,662
54.174209,-14.251617,697
55.14031,-14.251617,731
56.106412,-14.251617,750
57.072514,-14.251617,762
58.038615,-14.251617,781
59.970819,-14.251617,800
60.93692,-14.251617,818
61.903022,-14.251617,847
62.869124,-14.251617,864
63.835225,-14.251617,882
64.801327,-14.251617,902
65.767429,-14.251617,922
67.699632,-14.251617,948
69.631836,-14.251617,967
71.564039,-14.251617,986
73.496242,-14.251617,996
74.462344,-14.251617,1015
75.428446,-14.251617,1033
76.394547,-14.251617,1048
78.326751,-14.251617,1068
79.292853,-14.251617,1088
79.292853,-13.285515,1107
81.225056,-13.285515,1152
82.191158,-13.285515,1184
83.157259,-13.285515,1198
84.123361,-13.285515,1217
86.055564,-13.285515,1235
87.987768,-14.251617,1248
88.95387,-14.251617,1267
89.919971,-15.217718,1305
90.886073,-15.217718,1352
BREAK
58.038615,-37.438057,3064
57.072514,-37.438057,3295
56.106412,-37.438057,3359
55.14031,-37.438057,3417
54.174209,-37.438057,3430
53.208107,-37.438057,3465
52.242005,-37.438057,3496
51.275903,-37.438057,3514
50.309802,-37.438057,3572
49.3437,-38.404159,3604
49.3437,-39.370261,3612
49.3437,-40.336362,3630
47.411497,-42.268566,3648
47.411497,-44.200769,3669
47.411497,-45.166871,3711
46.445395,-46.132973,3726
46.445395,-47.099074,3748
46.445395,-48.065176,3801
46.445395,-49.031278,3815
47.411497,-49.031278,3831
47.411497,-49.997379,3850
49.3437,-49.997379,3883
50.309802,-50.963481,3924
52.242005,-52.895684,3951
53.208107,-52.895684,3970
54.174209,-52.895684,3984
55.14031,-53.861786,4015
56.106412,-53.861786,4034
57.072514,-53.861786,4051
58.038615,-53.861786,4083
59.004717,-53.861786,4122
59.970819,-53.861786,4131
60.93692,-53.861786,4151
61.903022,-53.861786,4169
63.835225,-53.861786,4184
64.801327,-52.895684,4202
65.767429,-51.929583,4221
66.733531,-51.929583,4237
66.733531,-50.963481,4250
67.699632,-49.997379,4270
67.699632,-49.031278,4287
68.665734,-49.031278,4319
68.665734,-48.065176,4335
69.631836,-48.065176,4368
70.597937,-48.065176,4438
70.597937,-47.099074,4472
70.597937,-46.132973,4501
70.597937,-45.166871,4520
70.597937,-44.200769,4539
70.597937,-42.268566,4571
70.597937,-41.302464,4587
70.597937,-40.336362,4605
70.597937,-39.370261,4640
70.597937,-38.404159,4705
69.631836,-38.404159,4768
69.631836,-37.438057,5075
69.631836,-36.471956,5141
69.631836,-35.505854,5256
71.564039,-35.505854,5492
75.428446,-35.505854,5509
77.360649,-36.471956,5542
78.326751,-36.471956,5559
78.326751,-37.438057,5576
79.292853,-38.404159,5615
79.292853,-39.370261,5635
80.258954,-40.336362,5639
80.258954,-42.268566,5660
80.258954,-45.166871,5677
81.225056,-47.099074,5694
81.225056,-49.031278,5711
82.191158,-51.929583,5743
82.191158,-52.895684,5761
82.191158,-53.861786,5777
82.191158,-55.79399,5796
82.191158,-57.726193,5810
82.191158,-61.5906,5827
82.191158,-63.522803,5845
82.191158,-64.488905,5863
82.191158,-65.455006,5881
82.191158,-66.421108,5900
82.191158,-67.38721,5929
82.191158,-68.353312,5989
82.191158,-69.319413,6014
82.191158,-70.285515,6032
82.191158,-71.251617,6044
82.191158,-73.18382,6062
82.191158,-74.149922,6079
82.191158,-75.116023,6098
80.258954,-75.116023,6113
79.292853,-76.082125,6133
78.326751,-76.082125,6154
76.394547,-77.048227,6184
75.428446,-77.048227,6202
74.462344,-77.048227,6209
73.496242,-77.048227,6231
71.564039,-77.048227,6250
70.597937,-77.048227,6262
70.597937,-78.014329,6278
68.665734,-78.014329,6297
66.733531,-78.014329,6315
65.767429,-78.014329,6333
62.869124,-78.014329,6347
60.93692,-78.014329,6365
58.038615,-78.014329,6384
56.106412,-78.014329,6402
55.14031,-78.014329,6412
54.174209,-78.014329,6432
52.242005,-78.014329,6449
49.3437,-78.014329,6468
45.479293,-78.014329,6485
44.513192,-78.014329,6497
42.580988,-78.014329,6517
41.614886,-78.014329,6533
40.648785,-78.014329,6548
39.682683,-78.014329,6891
38.716581,-77.048227,6919
37.75048,-77.048227,6968
37.75048,-76.082125,6986
36.784378,-76.082125,7001
35.818276,-76.082125,7018
33.886073,-76.082125,7039
32.919971,-75.116023,7052
30.987768,-74.149922,7072
29.055564,-73.18382,7102
28.089463,-72.217718,7120
27.123361,-71.251617,7153
26.157259,-69.319413,7172
25.191158,-68.353312,7190
25.191158,-67.38721,7200
25.191158,-65.455006,7219
24.225056,-64.488905,7240
24.225056,-63.522803,7252
24.225056,-62.556701,7270
22.292853,-62.556701,7290
22.292853,-60.624498,7305
22.292853,-58.692295,7319
21.326751,-56.760091,7338
21.326751,-55.79399,7354
21.326751,-54.827888,7372
21.326751,-53.861786,7409
21.326751,-51.929583,7440
21.326751,-50.963481,7475
20.360649,-50.963481,7505
20.360649,-49.997379,7547
BREAK
