START
56.254717,-21.827309,0
55.254717,-21.827309,50
BREAK
55.254717,-21.827309,590
55.254717,-22.827309,671
55.254717,-23.827309,876
55.254717,-24.827309,918
55.254717,-25.827309,959
55.254717,-26.827309,978
55.254717,-27.827309,1000
55.254717,-28.827309,1011
55.254717,-29.827309,1025
55.254717,-30.827309,1052
55.254717,-31.827309,1077
55.254717,-32.827309,1113
55.254717,-33.827309,1128
55.254717,-34.827309,1159
55.254717,-35.827309,1181
55.254717,-36.827309,1204
55.254717,-37.827309,1217
55.254717,-38.827309,1257
55.254717,-39.827309,1307
55.254717,-40.827309,1333
55.254717,-41.827309,1355
55.254717,-42.827309,1369
55.254717,-43.827309,1407
55.254717,-44.827309,1484
54.254717,-45.827309,1822
53.254717,-46.827309,1845
52.254717,-47.827309,1895
51.254717,-48.827309,1923
49.254717,-50.827309,1946
48.254717,-51.827309,1969
45.254717,-53.827309,1991
43.254717,-55.827309,2014
41.254717,-55.827309,2025
40.254717,-57.827309,2037
39.254717,-58.827309,2062
38.254717,-58.827309,2087
37.254717,-59.827309,2102
35.254717,-60.827309,2113
34.254717,-61.827309,2124
33.254717,-61.827309,2135
32.254717,-62.827309,2147
32.254717,-63.827309,2161
30.254717,-63.827309,2172
29.254717,-63.827309,2184
27.254717,-64.827309,2195
24.254717,-66.827309,2217
23.254717,-66.827309,2229
21.254717,-68.827309,2239
20.254717,-68.827309,2251
19.254717,-70.827309,2262
18.254717,-70.827309,2273
BREAK
56.254717,-45.827309,3322
57.254717,-46.827309,3605
58.254717,-46.827309,3616
59.254717,-46.827309,3686
60.254717,-46.827309,3698
60.254717,-47.827309,3720
61.254717,-47.827309,3731
62.254717,-47.827309,3789
63.254717,-47.827309,3854
63.254717,-48.827309,3934
64.254717,-48.827309,3965
64.254717,-49.827309,4029
65.254717,-49.827309,4063
65.254717,-50.827309,4150
66.254717,-50.827309,4187
66.254717,-51.827309,4215
67.254717,-51.827309,4249
67.254717,-52.827309,4264
68.254717,-52.827309,4275
68.254717,-53.827309,4288
69.254717,-54.827309,4309
70.254717,-54.827309,4334
70.254717,-55.827309,4362
71.254717,-55.827309,4373
71.254717,-56.827309,4393
72.254717,-56.827309,4414
73.254717,-56.827309,4457
73.254717,-57.827309,4490
74.254717,-57.827309,4502
74.254717,-58.827309,4541
75.254717,-58.827309,4565
76.254717,-59.827309,4599
77.254717,-59.827309,4649
77.254717,-60.827309,4672
78.254717,-60.827309,4703
78.254717,-61.827309,4714
79.254717,-61.827309,4759
79.254717,-62.827309,4795
80.254717,-62.827309,4807
80.254717,-63.827309,4847
81.254717,-63.827309,4872
82.254717,-64.827309,4884
82.254717,-65.827309,4931
83.254717,-65.827309,5280
84.254717,-65.827309,5317
85.254717,-65.827309,5391
85.254717,-66.827309,5404
86.254717,-66.827309,5433
86.254717,-67.827309,5512
87.254717,-67.827309,5532
BREAK
88.254717,-68.827309,7959
BREAK
17.254717,-71.827309,9239
BREAK
55.254717,-15.827309,10263
BREAK
54.254717,-16.827309,11293
BREAK
58.254717,-15.827309,11913
59.254717,-15.827309,11924
BREAK
57.254717,-15.827309,12608
58.254717,-15.827309,12724
BREAK
91.254717,-68.827309,14190
BREAK
91.254717,-71.827309,14594
BREAK
89.254717,-71.827309,15000
BREAK
15.254717,-74.827309,16222
BREAK
16.254717,-75.827309,16591
BREAK
12.254717,-77.827309,17001
BREAK
