START
50.254717,-17.827309,0
50.254717,-18.827309,167
51.254717,-20.827309,179
51.254717,-22.827309,190
51.254717,-23.827309,201
51.254717,-24.827309,212
51.254717,-25.827309,223
51.254717,-26.827309,234
51.254717,-27.827309,245
51.254717,-28.827309,256
52.254717,-29.827309,268
52.254717,-30.827309,279
52.254717,-31.827309,301
52.254717,-32.827309,332
52.254717,-33.827309,344
52.254717,-34.827309,365
52.254717,-35.827309,388
52.254717,-36.827309,399
52.254717,-37.827309,415
52.254717,-38.827309,474
52.254717,-39.827309,503
BREAK
52.254717,-39.827309,992
52.254717,-40.827309,1114
52.254717,-41.827309,1128
51.254717,-42.827309,1150
50.254717,-43.827309,1161
50.254717,-44.827309,1172
50.254717,-45.827309,1184
49.254717,-46.827309,1195
49.254717,-47.827309,1206
48.254717,-49.827309,1228
48.254717,-50.827309,1239
48.254717,-51.827309,1250
48.254717,-52.827309,1261
47.254717,-53.827309,1273
47.254717,-54.827309,1284
45.254717,-55.827309,1295
45.254717,-56.827309,1307
45.254717,-57.827309,1318
43.254717,-57.827309,1330
43.254717,-59.827309,1340
43.254717,-60.827309,1351
41.254717,-60.827309,1362
41.254717,-61.827309,1374
39.254717,-61.827309,1385
39.254717,-62.827309,1396
38.254717,-62.827309,1407
37.254717,-62.827309,1418
35.254717,-63.827309,1441
35.254717,-64.827309,1463
34.254717,-64.827309,1474
32.254717,-65.827309,1496
32.254717,-66.827309,1521
31.254717,-66.827309,1532
30.254717,-67.827309,1566
29.254717,-67.827309,1577
29.254717,-68.827309,1612
28.254717,-68.827309,1653
29.254717,-68.827309,1820
BREAK
52.254717,-44.827309,2444
53.254717,-44.827309,2661
55.254717,-46.827309,2672
57.254717,-48.827309,2683
59.254717,-51.827309,2694
62.254717,-53.827309,2705
63.254717,-54.827309,2716
64.254717,-55.827309,2727
65.254717,-56.827309,2739
66.254717,-56.827309,2765
66.254717,-57.827309,2777
67.254717,-57.827309,2796
67.254717,-58.827309,2807
68.254717,-59.827309,2818
70.254717,-60.827309,2841
70.254717,-61.827309,2867
71.254717,-62.827309,2878
72.254717,-63.827309,2901
73.254717,-64.827309,2912
74.254717,-65.827309,2967
75.254717,-66.827309,2996
76.254717,-67.827309,3362
77.254717,-67.827309,3402
78.254717,-68.827309,3414
78.254717,-69.827309,3425
BREAK
85.254717,-67.827309,4208
84.254717,-67.827309,4320
83.254717,-67.827309,4371
83.254717,-68.827309,4396
81.254717,-68.827309,4407
81.254717,-69.827309,4506
81.254717,-70.827309,4527
81.254717,-71.827309,4559
82.254717,-72.827309,4595
84.254717,-73.827309,4707
85.254717,-73.827309,4736
86.254717,-73.827309,4759
86.254717,-74.827309,4770
87.254717,-74.827309,4812
88.254717,-74.827309,4843
87.254717,-74.827309,5051
86.254717,-74.827309,5062
86.254717,-73.827309,5073
86.254717,-72.827309,5084
86.254717,-71.827309,5098
86.254717,-70.827309,5126
86.254717,-69.827309,5137
85.254717,-69.827309,5169
85.254717,-68.827309,5180
86.254717,-68.827309,5392
BREAK
25.254717,-67.827309,6755
24.254717,-67.827309,6884
23.254717,-67.827309,6915
22.254717,-67.827309,6948
21.254717,-67.827309,6965
21.254717,-68.827309,6977
20.254717,-68.827309,6989
20.254717,-69.827309,7040
19.254717,-69.827309,7115
19.254717,-70.827309,7150
20.254717,-71.827309,7172
20.254717,-72.827309,7206
21.254717,-73.827309,7240
22.254717,-74.827309,7263
23.254717,-75.827309,7274
24.254717,-76.827309,7303
25.254717,-77.827309,7349
26.254717,-77.827309,7360
26.254717,-76.827309,7563
26.254717,-75.827309,7574
27.254717,-75.827309,7585
27.254717,-74.827309,7596
27.254717,-72.827309,7607
27.254717,-71.827309,7629
28.254717,-71.827309,7641
28.254717,-70.827309,7653
28.254717,-69.827309,7664
BREAK
79.254717,-68.827309,9302
BREAK
47.254717,-6.8273092,10240
47.254717,-7.8273092,10381
48.254717,-9.8273092,10392
46.254717,-9.8273092,10403
46.254717,-10.827309,10432
47.254717,-11.827309,10443
47.254717,-12.827309,10466
47.254717,-13.827309,10482
47.254717,-14.827309,10494
48.254717,-14.827309,10505
48.254717,-15.827309,10523
49.254717,-16.827309,10534
50.254717,-16.827309,10585
51.254717,-16.827309,10619
52.254717,-16.827309,10666
53.254717,-16.827309,10688
53.254717,-15.827309,10699
54.254717,-15.827309,10713
55.254717,-14.827309,10735
56.254717,-13.827309,10746
56.254717,-12.827309,10774
56.254717,-11.827309,10797
56.254717,-10.827309,10808
56.254717,-9.8273092,10839
56.254717,-8.8273092,10850
56.254717,-7.8273092,10986
55.254717,-7.8273092,11014
54.254717,-7.8273092,11036
53.254717,-6.8273092,11096
53.254717,-5.8273092,11141
51.254717,-5.8273092,11152
50.254717,-5.8273092,11240
49.254717,-5.8273092,11314
48.254717,-5.8273092,11325
48.254717,-6.8273092,11337
48.254717,-7.8273092,11349
48.254717,-8.8273092,11371
48.254717,-9.8273092,11384
48.254717,-10.827309,11409
48.254717,-11.827309,11435
49.254717,-12.827309,11446
50.254717,-13.827309,11458
50.254717,-14.827309,11469
51.254717,-14.827309,11646
51.254717,-13.827309,11729
51.254717,-12.827309,11751
51.254717,-11.827309,11763
51.254717,-10.827309,11774
52.254717,-10.827309,11785
52.254717,-8.8273092,11796
53.254717,-8.8273092,11818
BREAK
