START
57.683962,-38.859438,0
56.683962,-38.859438,152
55.683962,-38.859438,160
54.683962,-38.859438,184
53.683962,-38.859438,200
52.683962,-38.859438,216
51.683962,-38.859438,256
50.683962,-38.859438,296
49.683962,-38.859438,320
48.683962,-38.859438,336
48.683962,-37.859438,344
48.683962,-36.859438,376
47.683962,-36.859438,384
47.683962,-35.859438,400
47.683962,-34.859438,416
47.683962,-33.859438,432
46.683962,-33.859438,440
46.683962,-32.859438,472
46.683962,-31.859438,488
46.683962,-30.859438,504
46.683962,-29.859438,520
46.683962,-28.859438,536
46.683962,-27.859438,544
46.683962,-26.859438,584
47.683962,-26.859438,600
48.683962,-26.859438,632
49.683962,-26.859438,640
50.683962,-26.859438,680
51.683962,-26.859438,696
52.683962,-26.859438,720
53.683962,-26.859438,729
54.683962,-26.859438,760
55.683962,-26.859438,800
56.683962,-26.859438,816
57.683962,-26.859438,848
58.683962,-26.859438,880
58.683962,-27.859438,888
58.683962,-28.859438,904
59.683962,-28.859438,912
60.683962,-28.859438,936
60.683962,-29.859438,960
60.683962,-30.859438,992
61.683962,-30.859438,1016
61.683962,-31.859438,1024
61.683962,-32.859438,1032
61.683962,-33.859438,1056
61.683962,-34.859438,1104
61.683962,-35.859438,1120
61.683962,-36.859438,1136
61.683962,-37.859438,1160
61.683962,-38.859438,1200
60.683962,-38.859438,1216
60.683962,-39.859438,1240
BREAK
33.683962,-45.859438,1632
34.683962,-45.859438,1712
36.683962,-46.859438,1728
38.683962,-46.859438,1736
41.683962,-46.859438,1744
44.683962,-47.859438,1752
47.683962,-47.859438,1760
49.683962,-47.859438,1768
51.683962,-47.859438,1776
54.683962,-47.859438,1784
56.683962,-47.859438,1792
58.683962,-47.859438,1808
59.683962,-47.859438,1825
60.683962,-47.859438,1832
61.683962,-47.859438,1840
62.683962,-47.859438,1848
62.683962,-48.859438,1856
64.683962,-48.859438,1864
65.683962,-48.859438,1872
67.683962,-48.859438,1880
68.683962,-49.859438,1888
70.683962,-49.859438,1896
71.683962,-49.859438,1912
72.683962,-49.859438,1920
BREAK
60.683962,-71.859438,2488
59.683962,-71.859438,2552
58.683962,-71.859438,2584
57.683962,-71.859438,2600
56.683962,-71.859438,2608
55.683962,-71.859438,2624
54.683962,-71.859438,2648
53.683962,-71.859438,2656
52.683962,-71.859438,2688
51.683962,-71.859438,2704
50.683962,-70.859438,2720
49.683962,-70.859438,2728
48.683962,-70.859438,2736
47.683962,-70.859438,2760
47.683962,-69.859438,2768
46.683962,-69.859438,2776
46.683962,-68.859438,2784
46.683962,-67.859438,2792
46.683962,-66.859438,2808
45.683962,-65.859438,2816
45.683962,-64.859438,2824
45.683962,-63.859438,2832
45.683962,-61.859438,2848
45.683962,-60.859438,2864
45.683962,-59.859438,2880
46.683962,-58.859438,2888
47.683962,-58.859438,2904
48.683962,-58.859438,2936
49.683962,-58.859438,2960
50.683962,-58.859438,2976
51.683962,-58.859438,2984
52.683962,-58.859438,3008
53.683962,-58.859438,3024
53.683962,-59.859438,3032
54.683962,-59.859438,3048
55.683962,-59.859438,3056
56.683962,-59.859438,3072
57.683962,-59.859438,3088
58.683962,-59.859438,3096
58.683962,-60.859438,3104
59.683962,-60.859438,3120
59.683962,-61.859438,3160
60.683962,-61.859438,3168
60.683962,-62.859438,3184
60.683962,-63.859438,3200
61.683962,-63.859438,3208
61.683962,-64.859438,3216
62.683962,-64.859438,3224
62.683962,-65.859438,3232
62.683962,-66.859438,3240
62.683962,-67.859438,3264
62.683962,-68.859438,3281
62.683962,-69.859438,3296
62.683962,-70.859438,3321
62.683962,-71.859438,3369
61.683962,-71.859438,3376
60.683962,-71.859438,3400
60.683962,-72.859438,3416
59.683962,-72.859438,3432
59.683962,-73.859438,3464
BREAK
