START
42.975227,-23.525476,0
42.975227,-24.365171,299
42.135532,-24.365171,317
42.135532,-25.204865,319
41.295838,-25.204865,324
41.295838,-26.04456,330
41.295838,-26.884255,394
41.295838,-27.723949,402
40.456143,-27.723949,408
39.616448,-27.723949,412
39.616448,-28.563644,420
39.616448,-29.403339,430
39.616448,-29.403339,436
38.776754,-29.403339,448
37.937059,-29.403339,451
37.937059,-30.243033,465
37.937059,-31.082728,480
37.097364,-31.082728,486
37.097364,-31.922423,492
37.097364,-32.762117,522
37.097364,-32.762117,564
37.097364,-33.601812,572
37.097364,-34.441506,582
36.25767,-34.441506,592
36.25767,-35.281201,596
36.25767,-36.120896,611
36.25767,-36.96059,637
35.417975,-36.96059,656
35.417975,-36.96059,657
35.417975,-37.800285,668
35.417975,-38.63998,676
35.417975,-39.479674,686
34.57828,-39.479674,694
33.738586,-39.479674,704
33.738586,-40.319369,730
33.738586,-41.159064,742
33.738586,-41.998758,762
32.898891,-41.998758,802
33.738586,-41.998758,976
34.57828,-41.998758,984
35.417975,-41.998758,996
36.25767,-41.998758,1012
36.25767,-42.838453,1014
37.097364,-42.838453,1016
37.097364,-42.838453,1018
37.937059,-42.838453,1023
38.776754,-42.838453,1028
39.616448,-42.838453,1041
40.456143,-42.838453,1045
41.295838,-42.838453,1052
41.295838,-43.678148,1068
42.135532,-43.678148,1069
42.975227,-43.678148,1083
43.814922,-43.678148,1090
44.654616,-43.678148,1096
44.654616,-43.678148,1102
45.494311,-43.678148,1114
46.334005,-43.678148,1143
47.1737,-43.678148,1158
48.013395,-43.678148,1168
48.853089,-43.678148,1183
48.853089,-44.517842,1190
49.692784,-44.517842,1199
50.532479,-44.517842,1213
51.372173,-44.517842,1220
52.211868,-44.517842,1229
52.211868,-44.517842,1247
53.051563,-44.517842,1253
53.891257,-44.517842,1261
54.730952,-44.517842,1273
55.570647,-44.517842,1286
56.410341,-44.517842,1305
57.250036,-44.517842,1314
58.089731,-44.517842,1324
58.929425,-44.517842,1328
58.929425,-43.678148,1332
59.76912,-43.678148,1355
59.76912,-43.678148,1356
60.608815,-43.678148,1362
60.608815,-42.838453,1370
61.448509,-42.838453,1372
62.288204,-42.838453,1376
62.288204,-41.998758,1387
62.288204,-41.159064,1397
63.127899,-41.159064,1401
63.967593,-41.159064,1405
63.967593,-40.319369,1425
64.807288,-40.319369,1432
65.646983,-40.319369,1450
65.646983,-39.479674,1468
66.486677,-39.479674,1481
66.486677,-38.63998,1483
66.486677,-37.800285,1493
67.326372,-37.800285,1499
67.326372,-36.96059,1527
67.326372,-36.96059,1547
67.326372,-36.96059,1556
67.326372,-36.96059,1873
67.326372,-36.96059,1874
67.326372,-37.800285,1877
66.486677,-37.800285,1881
66.486677,-38.63998,1884
66.486677,-39.479674,1895
66.486677,-40.319369,1906
65.646983,-40.319369,1914
65.646983,-41.159064,1917
64.807288,-41.159064,1919
64.807288,-41.998758,1921
64.807288,-42.838453,1924
63.967593,-42.838453,1930
63.967593,-43.678148,1935
63.127899,-43.678148,1938
63.127899,-44.517842,1940
63.127899,-44.517842,1943
63.127899,-45.357537,1947
63.127899,-46.197232,1950
63.127899,-47.036926,1955
62.288204,-47.876621,1959
61.448509,-47.876621,1961
61.448509,-48.716316,1963
61.448509,-49.55601,1965
61.448509,-50.395705,1972
60.608815,-50.395705,1974
59.76912,-50.395705,1976
59.76912,-51.2354,1978
59.76912,-52.075094,1981
59.76912,-52.075094,1984
59.76912,-52.914789,1991
59.76912,-53.754484,1998
58.929425,-53.754484,2000
58.929425,-54.594178,2004
58.929425,-55.433873,2007
58.929425,-56.273568,2010
58.089731,-56.273568,2021
58.089731,-57.113262,2024
57.250036,-57.113262,2032
56.410341,-57.113262,2034
56.410341,-57.952957,2036
56.410341,-58.792652,2039
56.410341,-59.632346,2047
56.410341,-59.632346,2061
55.570647,-59.632346,2085
55.570647,-60.472041,2091
55.570647,-61.311735,2099
54.730952,-61.311735,2107
54.730952,-62.15143,2109
53.891257,-62.15143,2111
53.891257,-62.991125,2117
53.891257,-63.830819,2132
53.051563,-63.830819,2135
53.051563,-64.670514,2137
52.211868,-65.510209,2157
52.211868,-66.349903,2171
52.211868,-67.189598,2189
52.211868,-67.189598,2201
52.211868,-67.189598,2212
52.211868,-68.029293,2218
52.211868,-68.868987,2223
51.372173,-68.868987,2233
51.372173,-69.708682,2241
50.532479,-69.708682,2245
50.532479,-70.548377,2251
49.692784,-70.548377,2266
49.692784,-72.227766,2272
49.692784,-73.067461,2284
49.692784,-73.907155,2290
48.853089,-73.907155,2307
48.853089,-74.74685,2328
48.013395,-74.74685,2330
47.1737,-74.74685,2341
47.1737,-74.74685,2352
47.1737,-75.586545,2362
46.334005,-76.426239,2370
46.334005,-77.265934,2404
45.494311,-77.265934,2415
45.494311,-78.105629,2447
44.654616,-78.105629,2454
44.654616,-78.945323,2471
43.814922,-78.945323,2479
43.814922,-79.785018,2493
42.975227,-79.785018,2509
42.975227,-80.624713,2529
42.135532,-80.624713,2535
41.295838,-80.624713,2549
40.456143,-80.624713,2555
40.456143,-81.464407,2560
39.616448,-81.464407,2570
39.616448,-82.304102,2594
38.776754,-82.304102,2604
38.776754,-82.304102,2606
37.937059,-82.304102,2609
37.097364,-82.304102,2619
37.097364,-82.304102,2623
36.25767,-83.143797,2631
35.417975,-83.143797,2646
34.57828,-83.143797,2655
33.738586,-83.143797,2681
32.898891,-83.143797,2700
32.059196,-83.143797,2716
31.219502,-83.143797,2727
30.379807,-83.143797,2759
29.540112,-83.143797,2804
29.540112,-83.143797,2827
28.700418,-83.143797,2861
28.700418,-83.983491,2864
27.860723,-83.983491,2932
27.021028,-83.983491,2940
27.021028,-84.823186,2965
26.181334,-84.823186,3003
25.341639,-84.823186,3029
24.501944,-84.823186,3040
23.66225,-84.823186,3077
22.822555,-84.823186,3120
BREAK
