START
30.093712,-45.491756,0
30.489996,-47.473181,153
30.489996,-47.869465,176
30.489996,-48.26575,255
30.093712,-48.26575,294
29.697427,-48.26575,314
29.301142,-48.26575,422
28.904857,-48.26575,442
28.508572,-48.26575,462
28.112288,-48.26575,481
27.716003,-48.26575,570
27.319718,-47.473181,590
26.923433,-47.473181,600
26.923433,-47.076896,609
26.527148,-47.076896,619
26.527148,-46.680611,629
26.527148,-46.284326,648
26.130863,-46.284326,658
26.130863,-45.888041,678
26.130863,-45.491756,708
26.130863,-45.095472,767
26.130863,-44.699187,816
26.130863,-44.302902,835
26.130863,-43.906617,865
26.130863,-43.510332,885
26.130863,-43.114048,895
26.527148,-43.114048,914
26.527148,-42.717763,924
26.527148,-42.321478,944
26.923433,-42.321478,964
26.923433,-41.925193,983
27.319718,-41.925193,1013
27.319718,-41.528908,1023
27.716003,-41.528908,1042
28.112288,-41.528908,1082
28.112288,-41.132623,1111
28.508572,-41.132623,1151
28.904857,-41.132623,1170
29.697427,-41.132623,1190
30.093712,-41.132623,1210
30.489996,-41.132623,1229
30.886281,-41.132623,1249
31.282566,-41.132623,1259
31.678851,-41.132623,1278
32.075136,-41.132623,1288
32.471421,-41.528908,1318
32.867705,-41.528908,1327
32.867705,-41.925193,1348
33.26399,-41.925193,1357
33.26399,-42.321478,1368
33.660275,-42.717763,1397
33.660275,-43.114048,1426
33.660275,-43.510332,1446
34.05656,-43.906617,1456
34.05656,-44.302902,1476
34.05656,-44.699187,1486
34.05656,-45.095472,1496
34.05656,-45.491756,1515
34.05656,-45.888041,1525
34.05656,-46.680611,1545
34.05656,-47.076896,1564
34.05656,-47.869465,1584
34.05656,-48.26575,1603
34.05656,-48.662035,1613
34.05656,-49.454605,1633
34.05656,-49.85089,1653
34.05656,-50.247174,1673
34.05656,-50.643459,1692
33.660275,-51.039744,1712
33.660275,-51.436029,1731
33.26399,-51.832314,1751
32.867705,-51.832314,1771
32.471421,-52.228599,1811
32.075136,-52.228599,1860
31.678851,-52.624883,1879
31.282566,-52.624883,1889
30.886281,-52.624883,1918
30.489996,-52.624883,1928
30.489996,-53.021168,1938
30.093712,-53.021168,1948
29.697427,-53.021168,1967
29.301142,-53.417453,1987
28.904857,-53.417453,1998
28.508572,-53.417453,2027
28.112288,-53.417453,2047
27.716003,-53.417453,2067
27.716003,-53.813738,2076
27.319718,-53.813738,2085
27.319718,-54.210023,2105
26.923433,-54.210023,2115
26.527148,-54.210023,2135
26.527148,-54.606308,2156
26.130863,-54.606308,2166
25.734579,-54.606308,2174
25.734579,-55.002592,2194
25.338294,-55.002592,2204
24.942009,-55.002592,2223
24.942009,-55.398877,2233
24.545724,-55.398877,2243
24.545724,-55.795162,2263
24.149439,-55.795162,2272
24.149439,-56.191447,2282
23.753154,-56.587732,2302
23.753154,-56.984017,2322
23.753154,-57.380301,2332
23.753154,-57.776586,2352
23.753154,-58.172871,2381
23.753154,-58.569156,2411
23.753154,-58.965441,2420
23.753154,-59.361726,2441
23.753154,-59.75801,2460
24.149439,-59.75801,2470
24.545724,-60.154295,2490
24.942009,-60.55058,2519
24.942009,-60.946865,2529
25.338294,-61.34315,2538
25.734579,-61.34315,2549
25.734579,-61.739435,2559
26.130863,-61.739435,2569
26.527148,-61.739435,2579
26.923433,-61.739435,2588
26.923433,-62.135719,2607
27.319718,-62.135719,2617
27.716003,-62.135719,2637
28.112288,-62.135719,2657
28.508572,-62.135719,2667
28.904857,-62.135719,2686
29.301142,-62.135719,2706
30.093712,-62.135719,2726
30.489996,-62.135719,2736
30.886281,-62.135719,2755
31.282566,-62.135719,2766
31.678851,-62.135719,2785
32.075136,-62.135719,2795
32.867705,-62.135719,2814
33.660275,-62.135719,2824
34.05656,-62.135719,2834
34.452845,-61.739435,2844
34.84913,-61.739435,2863
35.641699,-61.739435,2874
35.641699,-61.34315,2884
36.037984,-61.34315,2894
36.434269,-61.34315,2904
36.434269,-60.946865,2913
36.830554,-60.946865,2923
37.226839,-60.55058,2942
37.226839,-60.154295,2962
37.623123,-59.75801,2982
37.623123,-58.965441,3001
37.623123,-58.569156,3012
38.019408,-58.172871,3022
38.415693,-57.776586,3041
38.415693,-57.380301,3070
38.415693,-56.984017,3081
38.415693,-56.587732,3110
38.415693,-56.191447,3120
38.415693,-56.587732,3287
38.415693,-56.984017,3306
38.415693,-57.380301,3316
38.811978,-57.776586,3326
38.811978,-58.172871,3336
39.208263,-58.569156,3346
39.208263,-58.965441,3356
39.604548,-59.361726,3375
39.604548,-59.75801,3385
40.000832,-60.55058,3405
40.397117,-60.55058,3414
40.397117,-60.946865,3424
40.793402,-60.946865,3434
40.793402,-61.34315,3444
41.189687,-61.739435,3464
41.585972,-61.739435,3484
41.585972,-62.135719,3494
41.982257,-62.135719,3503
42.378541,-62.135719,3534
42.774826,-62.135719,3562
43.171111,-62.135719,3572
43.567396,-62.135719,3592
43.963681,-62.135719,3602
44.359966,-62.135719,3612
44.75625,-62.135719,3641
45.152535,-62.135719,3662
45.945105,-62.135719,3671
46.34139,-62.135719,3690
46.737675,-62.135719,3700
47.133959,-62.135719,3710
47.530244,-62.135719,3720
47.926529,-62.135719,3729
48.322814,-62.135719,3740
48.719099,-62.135719,3749
49.115383,-62.135719,3760
49.511668,-62.135719,3770
50.304238,-62.135719,3779
50.700523,-62.135719,3798
51.096808,-62.135719,3819
51.889377,-62.135719,3829
52.285662,-62.135719,3839
52.681947,-62.135719,3849
53.078232,-62.135719,3859
53.474517,-61.739435,3877
53.870801,-61.739435,3887
53.870801,-61.34315,3897
54.267086,-61.34315,3907
54.267086,-60.946865,3916
54.663371,-60.946865,3926
54.663371,-60.55058,3936
55.059656,-60.154295,3956
55.059656,-59.75801,3966
55.059656,-59.361726,3976
55.455941,-58.965441,3985
55.455941,-58.569156,3995
55.852226,-58.172871,4005
55.852226,-57.776586,4015
55.852226,-57.380301,4025
55.852226,-56.587732,4044
55.852226,-56.191447,4064
55.852226,-55.795162,4084
55.852226,-55.398877,4094
55.852226,-55.002592,4103
55.852226,-54.606308,4113
55.852226,-54.210023,4123
55.852226,-53.813738,4133
55.852226,-53.417453,4143
55.852226,-53.021168,4153
55.852226,-52.624883,4163
55.852226,-52.228599,4173
55.852226,-51.832314,4182
55.455941,-51.832314,4192
55.455941,-51.436029,4203
55.059656,-50.643459,4212
55.059656,-50.247174,4232
54.663371,-49.85089,4241
53.870801,-49.05832,4251
53.474517,-48.26575,4261
52.681947,-47.076896,4271
52.285662,-46.284326,4281
51.493092,-45.095472,4291
50.700523,-43.906617,4300
49.907953,-42.717763,4310
49.907953,-42.321478,4320
49.511668,-41.925193,4330
BREAK
