START
48.719099,-41.925193,0
48.719099,-41.132623,14
48.719099,-41.925193,24
48.719099,-42.321478,179
48.719099,-42.321478,220
49.115383,-42.321478,355
49.511668,-42.321478,406
49.511668,-41.925193,416
49.907953,-41.925193,435
50.700523,-41.132623,533
50.700523,-41.132623,591
51.096808,-41.132623,645
51.096808,-40.340054,662
51.493092,-40.340054,748
51.889377,-40.340054,831
52.285662,-40.340054,924
52.285662,-40.736339,934
52.681947,-40.736339,945
52.681947,-41.132623,956
52.681947,-41.528908,1000
52.681947,-41.925193,1031
52.681947,-41.925193,1075
53.078232,-41.925193,1091
53.474517,-42.717763,1129
53.474517,-43.114048,1167
53.474517,-43.510332,1187
53.474517,-43.906617,1232
53.870801,-43.906617,1242
54.267086,-43.906617,1252
54.267086,-44.302902,1272
54.267086,-44.699187,1317
53.474517,-44.699187,1331
53.474517,-45.095472,1344
52.681947,-45.095472,1355
52.681947,-45.491756,1422
52.681947,-45.888041,1433
52.681947,-45.888041,1468
52.285662,-45.888041,1499
51.889377,-45.888041,1581
51.493092,-45.888041,1603
51.493092,-46.284326,1662
50.700523,-46.284326,1671
50.700523,-46.284326,1687
50.700523,-46.680611,1698
49.907953,-47.076896,1757
49.511668,-47.076896,1848
BREAK
48.719099,-47.473181,2193
48.719099,-47.869465,2375
48.322814,-47.869465,2435
48.322814,-47.076896,2446
47.133959,-47.076896,2462
47.133959,-46.284326,2479
46.737675,-46.284326,2499
46.34139,-46.284326,2528
45.945105,-45.888041,2558
45.945105,-45.095472,2671
45.152535,-45.095472,2696
45.152535,-44.302902,2735
45.152535,-45.095472,2746
44.75625,-45.095472,2911
44.75625,-44.302902,2934
44.75625,-43.906617,2987
44.75625,-43.510332,3003
44.75625,-43.114048,3040
44.75625,-42.717763,3077
44.75625,-41.925193,3132
44.75625,-41.925193,3142
44.75625,-41.528908,3153
44.75625,-41.132623,3200
44.75625,-40.736339,3258
45.152535,-40.736339,3281
45.54882,-40.736339,3321
45.54882,-39.943769,3339
45.54882,-39.943769,3350
45.945105,-39.943769,3388
45.945105,-39.151199,3416
46.34139,-39.151199,3428
46.737675,-39.151199,3464
46.737675,-38.35863,3481
46.737675,-37.962345,3514
46.737675,-37.962345,3528
47.133959,-37.56606,3583
47.530244,-37.169775,3618
47.926529,-37.169775,3729
47.926529,-36.377205,3754
48.322814,-36.377205,3804
48.719099,-36.377205,3854
48.719099,-36.377205,3878
48.719099,-35.980921,3912
49.115383,-35.980921,3921
49.511668,-35.188351,3932
49.907953,-35.188351,3951
50.304238,-35.188351,3961
50.700523,-35.188351,3996
50.700523,-35.188351,4014
51.096808,-35.188351,4031
51.889377,-35.188351,4053
52.285662,-35.188351,4070
52.681947,-35.188351,4110
52.681947,-35.188351,4140
53.078232,-35.188351,4168
53.474517,-35.188351,4192
53.870801,-35.188351,4203
54.663371,-35.188351,4230
54.663371,-35.188351,4240
55.059656,-35.584636,4290
55.455941,-35.584636,4365
55.852226,-35.584636,4384
56.24851,-35.980921,4396
56.644795,-35.980921,4414
57.04108,-35.980921,4466
57.437365,-35.980921,4500
57.437365,-36.377205,4531
57.83365,-36.377205,4541
58.229935,-36.377205,4612
58.229935,-37.169775,4627
58.626219,-37.56606,4705
58.626219,-37.962345,4739
58.626219,-37.962345,4781
BREAK
45.945105,-41.925193,5747
BREAK
56.24851,-35.980921,7427
56.24851,-35.980921,7693
56.644795,-35.980921,8162
56.644795,-35.980921,8193
BREAK
56.644795,-35.980921,8667
56.644795,-36.377205,8723
56.644795,-36.77349,8765
57.04108,-36.77349,8847
57.437365,-36.77349,8859
57.437365,-37.169775,8874
57.437365,-37.56606,8900
57.437365,-37.962345,8928
57.83365,-37.962345,8938
57.83365,-37.962345,8956
58.229935,-38.35863,8968
58.229935,-38.754914,8997
58.229935,-39.151199,9023
58.229935,-39.547484,9040
58.626219,-39.547484,9049
58.626219,-39.943769,9085
58.626219,-39.943769,9112
58.626219,-39.943769,9122
58.626219,-40.340054,9137
58.626219,-40.736339,9174
58.626219,-41.132623,9184
59.022504,-41.132623,9206
59.022504,-41.528908,9230
59.022504,-41.925193,9297
59.418789,-41.925193,9329
59.418789,-41.925193,9380
59.418789,-42.321478,9392
59.815074,-42.321478,9405
59.815074,-42.717763,9489
59.815074,-43.114048,9504
BREAK
58.626219,-41.925193,10349
58.626219,-42.321478,10720
58.626219,-42.717763,10733
58.626219,-43.114048,10767
58.626219,-43.510332,10782
58.626219,-43.906617,10822
58.626219,-43.906617,10867
58.626219,-44.302902,10876
58.626219,-45.095472,10917
58.626219,-45.491756,10928
58.626219,-45.888041,10970
58.626219,-45.888041,11003
58.626219,-46.284326,11021
58.626219,-46.680611,11080
58.626219,-47.869465,11128
58.626219,-47.869465,11174
58.626219,-48.26575,11190
58.229935,-48.26575,11222
58.229935,-48.662035,11232
58.229935,-49.05832,11245
57.437365,-49.05832,11261
57.437365,-49.454605,11325
56.644795,-49.454605,11371
56.644795,-49.85089,11401
56.24851,-49.85089,11419
56.24851,-49.85089,11440
55.455941,-50.247174,11493
55.059656,-50.247174,11527
55.059656,-50.643459,11538
54.663371,-51.039744,11547
54.267086,-51.436029,11611
53.870801,-51.832314,11694
53.474517,-51.832314,11707
53.474517,-52.228599,11842
52.681947,-52.228599,11852
52.681947,-52.228599,11922
52.681947,-52.624883,11944
51.889377,-53.021168,11962
51.493092,-53.021168,12022
51.096808,-53.021168,12071
51.096808,-53.417453,12084
50.700523,-53.417453,12231
BREAK
50.700523,-52.228599,12621
49.907953,-52.624883,12856
49.511668,-53.021168,12866
49.115383,-53.021168,12889
48.719099,-53.021168,12904
48.719099,-53.021168,12979
48.322814,-53.417453,13008
47.926529,-53.813738,13019
47.133959,-53.813738,13047
46.737675,-53.813738,13062
46.737675,-53.813738,13103
46.34139,-54.210023,13153
45.945105,-54.606308,13165
45.54882,-55.002592,13225
45.152535,-55.398877,13264
44.75625,-55.795162,13275
44.359966,-55.795162,13324
43.963681,-56.587732,13357
43.567396,-56.984017,13375
43.567396,-57.380301,13423
43.567396,-57.776586,13441
43.567396,-57.776586,13502
43.567396,-58.172871,13612
43.963681,-58.172871,13665
43.963681,-58.569156,13686
44.359966,-58.569156,13696
44.359966,-58.965441,13817
44.359966,-59.361726,13840
44.359966,-59.75801,13863
44.359966,-59.75801,13895
44.359966,-60.154295,13906
44.359966,-60.55058,13978
44.359966,-60.946865,14002
44.359966,-61.739435,14090
44.75625,-61.739435,14187
44.75625,-62.135719,14283
44.75625,-62.532004,14366
45.152535,-62.532004,14389
45.152535,-62.928289,14490
45.54882,-62.928289,14510
45.54882,-63.324574,14532
45.945105,-63.324574,14574
46.34139,-63.324574,14588
46.34139,-63.720859,14606
46.737675,-63.720859,14682
46.737675,-64.117143,14693
47.133959,-64.117143,14747
47.530244,-64.117143,14787
47.530244,-64.513428,14796
47.530244,-64.909713,14822
47.926529,-64.909713,14845
47.926529,-65.305998,14870
48.322814,-65.305998,14880
48.719099,-65.305998,14899
48.719099,-65.702283,14948
48.719099,-65.702283,14969
49.115383,-65.702283,14979
49.115383,-65.702283,14992
49.115383,-66.098568,15005
49.511668,-66.098568,15026
49.907953,-66.098568,15044
50.304238,-66.098568,15103
50.700523,-66.098568,15130
50.700523,-66.098568,15141
51.096808,-66.494852,15160
51.493092,-66.494852,15192
52.285662,-66.494852,15210
52.681947,-66.891137,15235
52.681947,-67.287422,15246
53.078232,-67.287422,15283
53.474517,-67.287422,15314
53.870801,-67.287422,15324
54.267086,-67.287422,15346
54.663371,-67.287422,15356
55.059656,-67.287422,15386
55.455941,-67.287422,15402
55.852226,-67.287422,15412
56.24851,-67.287422,15425
56.644795,-67.287422,15435
56.644795,-66.494852,15446
57.437365,-66.494852,15456
57.83365,-66.494852,15466
58.229935,-66.494852,15477
58.626219,-66.494852,15488
58.626219,-66.494852,15510
59.022504,-66.494852,15530
60.211359,-65.702283,15544
60.607644,-65.702283,15555
60.607644,-65.702283,15568
61.003928,-65.702283,15581
61.400213,-65.702283,15591
61.796498,-64.909713,15602
62.589068,-64.513428,15613
62.589068,-64.513428,15635
62.985353,-64.513428,15685
62.985353,-63.720859,15696
63.777922,-63.720859,15708
64.570492,-62.928289,15739
64.966777,-62.928289,15764
64.966777,-62.135719,15775
65.363062,-62.135719,15795
65.363062,-61.739435,15806
65.759346,-61.34315,15850
65.759346,-60.946865,15879
65.759346,-60.55058,15954
65.759346,-60.154295,15963
66.155631,-60.154295,16142
66.551916,-59.361726,16168
66.551916,-58.965441,16194
66.551916,-58.569156,16293
66.551916,-58.172871,16304
66.551916,-58.965441,16337
BREAK
66.551916,-58.965441,16846
66.948201,-59.361726,17019
67.344486,-59.75801,17067
67.344486,-59.75801,17113
67.344486,-60.55058,17138
67.74077,-60.946865,17183
67.74077,-61.34315,17228
67.74077,-61.739435,17239
68.137055,-61.739435,17278
68.53334,-61.739435,17314
68.53334,-61.739435,17328
68.53334,-62.135719,17355
68.53334,-62.532004,17429
68.53334,-61.739435,17655
68.53334,-61.739435,18335
69.32591,-61.739435,18630
70.514764,-62.135719,18658
70.514764,-62.532004,18676
70.514764,-62.928289,18722
70.911049,-63.720859,18739
71.307334,-63.720859,18757
71.307334,-63.720859,18782
71.703619,-63.720859,18847
71.703619,-64.117143,18863
72.099904,-64.117143,18873
72.496188,-64.117143,18883
72.496188,-64.117143,18894
72.892473,-64.117143,18929
73.288758,-64.117143,18964
73.288758,-64.513428,18975
74.081328,-64.909713,18985
74.477613,-64.909713,19003
75.666467,-65.305998,19111
76.062752,-65.305998,19142
76.459037,-65.305998,19152
76.855322,-65.305998,19178
77.647891,-65.305998,19206
78.044176,-65.305998,19230
78.440461,-65.305998,19255
78.836746,-65.305998,19266
79.629315,-65.305998,19276
80.0256,-65.305998,19290
80.421885,-65.305998,19322
80.81817,-65.305998,19332
80.81817,-65.305998,19384
81.214455,-65.305998,19417
82.007024,-65.305998,19441
82.403309,-65.305998,19483
82.799594,-64.513428,19496
83.195879,-64.513428,19517
84.384733,-63.720859,19560
85.177303,-63.720859,19578
85.969873,-63.324574,19605
86.762442,-62.532004,19622
86.762442,-62.135719,19696
87.158727,-62.135719,19747
87.555012,-62.135719,19756
87.555012,-61.739435,19769
87.951297,-61.739435,19780
88.347582,-60.946865,19790
88.347582,-60.55058,19812
88.347582,-60.154295,19835
88.347582,-59.75801,19848
88.743866,-59.75801,19860
88.743866,-59.361726,19871
88.743866,-58.965441,19880
88.743866,-58.569156,19908
88.743866,-58.172871,19954
88.743866,-57.776586,20002
88.743866,-57.776586,20012
89.140151,-57.776586,20025
89.140151,-56.984017,20042
89.140151,-56.587732,20061
89.536436,-56.587732,20079
89.932721,-55.795162,20088
89.932721,-55.398877,20099
89.932721,-55.002592,20116
89.932721,-54.606308,20133
89.932721,-54.210023,20148
90.329006,-53.813738,20168
90.725291,-53.417453,20179
90.725291,-53.021168,20219
90.725291,-52.624883,20243
90.725291,-52.228599,20252
90.725291,-51.832314,20274
89.932721,-51.039744,20325
89.932721,-50.643459,20424
89.932721,-50.247174,20452
89.140151,-49.85089,20462
88.743866,-49.85089,20482
88.743866,-49.454605,20493
88.743866,-48.662035,20504
88.743866,-47.869465,20522
88.347582,-47.869465,20533
87.951297,-47.076896,20552
87.951297,-46.680611,20580
87.158727,-45.888041,20593
86.762442,-45.491756,20603
86.762442,-45.095472,20650
86.366157,-44.699187,20692
85.969873,-44.302902,20715
85.573588,-43.906617,20740
84.781018,-43.906617,20760
84.781018,-43.114048,20771
84.384733,-42.717763,20806
83.988449,-42.321478,20840
83.592164,-41.925193,20850
83.195879,-41.925193,20907
82.799594,-41.528908,20932
82.403309,-41.132623,20946
82.007024,-41.132623,20973
81.61074,-41.132623,20983
81.214455,-40.340054,21016
80.81817,-40.340054,21067
80.81817,-40.340054,21078
80.421885,-39.943769,21117
79.629315,-39.547484,21142
79.233031,-39.547484,21166
78.836746,-39.547484,21216
78.836746,-39.547484,21258
78.836746,-38.754914,21268
78.044176,-38.754914,21306
78.044176,-37.962345,21319
76.855322,-37.962345,21356
76.855322,-37.962345,21381
76.459037,-37.962345,21391
76.062752,-37.962345,21518
75.666467,-37.962345,21565
74.873897,-37.962345,21704
74.873897,-37.962345,21816
74.477613,-38.35863,21919
74.081328,-38.754914,21965
BREAK
