START
19.571066,-27.498593,0
20.474619,-27.498593,72
21.378173,-27.498593,104
22.281726,-27.498593,128
23.185279,-27.498593,136
24.088832,-27.498593,154
24.992386,-27.498593,159
25.895939,-26.59504,169
26.799492,-26.59504,175
27.703046,-25.691487,193
28.606599,-25.691487,200
28.606599,-24.787933,207
29.510152,-24.787933,224
30.413706,-24.787933,240
31.317259,-24.787933,256
32.220812,-24.787933,277
33.124365,-24.787933,288
34.027919,-24.787933,304
34.931472,-24.787933,312
35.835025,-24.787933,328
36.738579,-25.691487,336
37.642132,-25.691487,344
39.449239,-27.498593,357
40.352792,-28.402147,360
41.256345,-29.3057,368
42.159898,-30.209253,376
43.967005,-32.01636,384
44.870558,-32.919913,400
44.870558,-33.823466,408
45.774112,-34.72702,416
46.677665,-35.630573,438
46.677665,-37.43768,440
46.677665,-38.341233,448
47.581218,-40.14834,456
47.581218,-41.051893,464
48.484772,-42.858999,477
48.484772,-43.762553,480
48.484772,-46.473213,488
48.484772,-47.376766,496
48.484772,-48.280319,504
48.484772,-49.183873,512
48.484772,-50.087426,528
48.484772,-50.990979,536
48.484772,-51.894532,544
48.484772,-53.701639,560
48.484772,-54.605192,568
48.484772,-56.412299,584
48.484772,-58.219406,600
48.484772,-59.122959,616
47.581218,-59.122959,640
47.581218,-60.026512,648
47.581218,-60.930065,678
46.677665,-61.833619,680
45.774112,-62.737172,696
44.870558,-62.737172,720
43.967005,-62.737172,728
43.967005,-63.640725,736
43.063452,-63.640725,744
41.256345,-64.544279,760
39.449239,-64.544279,776
38.545685,-64.544279,784
36.738579,-64.544279,800
35.835025,-64.544279,808
34.931472,-64.544279,816
34.027919,-64.544279,834
33.124365,-64.544279,840
32.220812,-64.544279,848
31.317259,-64.544279,856
29.510152,-63.640725,877
27.703046,-63.640725,888
26.799492,-62.737172,904
25.895939,-62.737172,921
25.895939,-61.833619,1033
25.895939,-60.930065,1040
BREAK
58.423858,-19.366614,1608
58.423858,-20.270167,1655
58.423858,-21.17372,1679
58.423858,-22.077274,1695
58.423858,-22.980827,1704
58.423858,-23.88438,1720
59.327411,-25.691487,1728
59.327411,-27.498593,1736
60.230964,-28.402147,1743
60.230964,-31.112807,1754
61.134518,-32.919913,1759
61.134518,-33.823466,1768
61.134518,-35.630573,1775
61.134518,-37.43768,1784
61.134518,-38.341233,1791
62.038071,-40.14834,1801
62.038071,-41.955446,1807
62.038071,-42.858999,1816
62.038071,-43.762553,1824
62.038071,-45.569659,1838
62.941624,-47.376766,1839
62.941624,-48.280319,1848
62.941624,-50.087426,1856
62.941624,-51.894532,1864
62.941624,-53.701639,1877
62.941624,-54.605192,1879
62.941624,-55.508746,1888
62.941624,-56.412299,1896
62.941624,-57.315852,1904
62.941624,-58.219406,1920
62.941624,-59.122959,1936
62.941624,-60.026512,1944
62.941624,-60.930065,1962
62.941624,-61.833619,1968
62.941624,-62.737172,1976
62.941624,-63.640725,1984
62.941624,-64.544279,2000
62.941624,-65.447832,2008
63.845178,-65.447832,2016
63.845178,-66.351385,2038
63.845178,-67.254939,2048
64.748731,-68.158492,2064
64.748731,-69.062045,2077
64.748731,-69.965598,2088
65.652284,-69.965598,2096
65.652284,-70.869152,2120
66.555838,-70.869152,2136
66.555838,-71.772705,2144
67.459391,-71.772705,2160
68.362944,-71.772705,2176
68.362944,-72.676258,2192
69.266497,-72.676258,2202
70.170051,-72.676258,2216
71.073604,-72.676258,2238
71.977157,-72.676258,2288
72.880711,-72.676258,2320
73.784264,-72.676258,2357
74.687817,-72.676258,2360
74.687817,-71.772705,2368
74.687817,-70.869152,2376
BREAK
