START
30.528302,-23.686747,0
30.528302,-24.686747,440
30.528302,-25.686747,460
30.528302,-26.686747,480
30.528302,-27.686747,499
30.528302,-28.686747,509
30.528302,-29.686747,529
30.528302,-30.686747,539
30.528302,-32.686747,569
30.528302,-33.686747,589
30.528302,-34.686747,619
30.528302,-35.686747,639
30.528302,-36.686747,678
30.528302,-37.686747,688
30.528302,-38.686747,708
30.528302,-40.686747,728
30.528302,-41.686747,749
30.528302,-42.686747,768
30.528302,-43.686747,788
30.528302,-44.686747,808
30.528302,-45.686747,838
30.528302,-46.686747,857
30.528302,-48.686747,877
30.528302,-49.686747,897
30.528302,-50.686747,907
30.528302,-51.686747,937
30.528302,-52.686747,957
30.528302,-53.686747,997
30.528302,-54.686747,1026
30.528302,-55.686747,1047
30.528302,-57.686747,1066
30.528302,-58.686747,1096
30.528302,-59.686747,1126
30.528302,-60.686747,1156
30.528302,-61.686747,1176
30.528302,-62.686747,1195
30.528302,-63.686747,1225
30.528302,-65.686747,1255
30.528302,-66.686747,1285
30.528302,-67.686747,1305
30.528302,-68.686747,1325
30.528302,-69.686747,1354
30.528302,-70.686747,1394
30.528302,-71.686747,1553
30.528302,-73.686747,1583
30.528302,-74.686747,1613
30.528302,-75.686747,1653
30.528302,-76.686747,1683
30.528302,-77.686747,1792
30.528302,-78.686747,1822
30.528302,-79.686747,1832
30.528302,-81.686747,1872
30.528302,-82.686747,1931
28.528302,-82.686747,2110
28.528302,-83.686747,2120
28.528302,-84.686747,2130
27.528302,-85.686747,2160
27.528302,-86.686747,2190
BREAK
31.528302,-17.686747,5804
32.528302,-17.686747,6221
33.528302,-17.686747,6251
33.528302,-18.686747,6330
34.528302,-18.686747,6340
35.528302,-18.686747,6350
36.528302,-18.686747,6380
37.528302,-18.686747,6390
40.528302,-18.686747,6400
41.528302,-19.686747,6410
42.528302,-19.686747,6420
43.528302,-19.686747,6430
44.528302,-19.686747,6450
45.528302,-19.686747,6470
47.528302,-19.686747,6479
47.528302,-20.686747,6489
48.528302,-20.686747,6499
49.528302,-20.686747,6539
50.528302,-20.686747,6589
50.528302,-21.686747,6719
51.528302,-21.686747,7458
52.528302,-21.686747,7518
53.528302,-21.686747,7567
55.528302,-21.686747,7597
56.528302,-21.686747,7637
57.528302,-21.686747,7677
57.528302,-22.686747,7707
58.528302,-22.686747,7717
59.528302,-22.686747,7757
59.528302,-23.686747,7776
60.528302,-23.686747,7796
61.528302,-23.686747,7836
61.528302,-24.686747,7846
63.528302,-24.686747,7876
64.528302,-26.686747,7916
65.528302,-26.686747,7935
65.528302,-27.686747,7955
66.528302,-27.686747,7966
67.528302,-27.686747,8005
68.528302,-27.686747,8035
69.528302,-27.686747,8184
69.528302,-28.686747,8194
70.528302,-28.686747,8264
72.528302,-28.686747,8313
72.528302,-29.686747,8565
70.528302,-29.686747,9042
69.528302,-29.686747,9132
68.528302,-29.686747,9182
67.528302,-29.686747,9221
67.528302,-30.686747,9231
67.528302,-31.686747,9271
66.528302,-32.686747,9291
66.528302,-34.686747,9322
65.528302,-35.686747,9342
65.528302,-36.686747,9372
64.528302,-36.686747,9391
64.528302,-37.686747,9401
64.528302,-38.686747,9442
62.528302,-38.686747,9461
62.528302,-39.686747,9481
61.528302,-39.686747,9511
61.528302,-40.686747,9521
60.528302,-40.686747,9551
60.528302,-42.686747,9560
59.528302,-43.686747,9590
58.528302,-44.686747,9630
57.528302,-45.686747,9670
56.528302,-46.686747,9710
54.528302,-46.686747,9739
54.528302,-47.686747,9749
53.528302,-47.686747,9820
53.528302,-48.686747,9839
52.528302,-48.686747,9859
52.528302,-49.686747,9889
51.528302,-49.686747,9899
51.528302,-51.686747,9929
50.528302,-51.686747,9938
49.528302,-51.686747,9958
49.528302,-52.686747,9968
48.528302,-52.686747,9989
48.528302,-53.686747,9998
46.528302,-53.686747,10009
45.528302,-53.686747,10048
46.528302,-53.686747,11225
47.528302,-54.686747,11274
48.528302,-55.686747,11304
48.528302,-56.686747,11314
49.528302,-56.686747,11324
49.528302,-57.686747,11334
50.528302,-59.686747,11364
50.528302,-60.686747,11394
51.528302,-60.686747,11404
51.528302,-61.686747,11434
52.528302,-61.686747,11443
54.528302,-61.686747,11473
54.528302,-62.686747,11483
55.528302,-62.686747,11523
55.528302,-63.686747,11533
56.528302,-63.686747,11563
56.528302,-64.686747,11583
57.528302,-64.686747,11603
57.528302,-65.686747,11613
58.528302,-65.686747,11623
59.528302,-67.686747,11652
60.528302,-67.686747,11692
62.528302,-67.686747,11752
63.528302,-68.686747,11782
64.528302,-68.686747,11791
64.528302,-69.686747,11801
66.528302,-70.686747,11812
67.528302,-71.686747,11831
69.528302,-71.686747,11861
69.528302,-72.686747,11991
70.528302,-72.686747,12010
71.528302,-74.686747,12041
71.528302,-75.686747,12081
72.528302,-75.686747,12090
72.528302,-76.686747,12110
72.528302,-77.686747,12151
73.528302,-77.686747,12230
73.528302,-78.686747,12518
74.528302,-78.686747,12538
74.528302,-79.686747,12588
BREAK
