START
33.528302,-22.686747,0
34.528302,-22.686747,9
34.528302,-23.686747,20
34.528302,-24.686747,76
34.528302,-28.686747,98
35.528302,-33.686747,120
35.528302,-36.686747,143
36.528302,-39.686747,168
36.528302,-40.686747,186
36.528302,-41.686747,208
36.528302,-43.686747,229
37.528302,-44.686747,251
37.528302,-46.686747,270
37.528302,-48.686747,293
37.528302,-49.686747,313
37.528302,-50.686747,336
37.528302,-52.686747,356
37.528302,-54.686747,379
37.528302,-55.686747,400
37.528302,-56.686747,421
37.528302,-57.686747,441
37.528302,-58.686747,484
37.528302,-61.686747,505
37.528302,-63.686747,521
37.528302,-64.686747,571
37.528302,-65.686747,613
37.528302,-66.686747,668
38.528302,-68.686747,708
38.528302,-70.686747,731
38.528302,-72.686747,751
38.528302,-73.686747,792
38.528302,-74.686747,867
BREAK
36.528302,-20.686747,2025
37.528302,-20.686747,2079
37.528302,-21.686747,2118
37.528302,-22.686747,2190
38.528302,-22.686747,2203
38.528302,-23.686747,2267
39.528302,-23.686747,2288
41.528302,-25.686747,2327
42.528302,-25.686747,2342
43.528302,-25.686747,2357
44.528302,-26.686747,2380
44.528302,-27.686747,2400
45.528302,-27.686747,2421
46.528302,-27.686747,2443
47.528302,-28.686747,2507
48.528302,-28.686747,2528
51.528302,-30.686747,2549
53.528302,-31.686747,2570
55.528302,-32.686747,2590
56.528302,-33.686747,2611
57.528302,-33.686747,2657
57.528302,-34.686747,2807
57.528302,-35.686747,2922
57.528302,-36.686747,2944
57.528302,-37.686747,3020
56.528302,-37.686747,3040
55.528302,-37.686747,3088
55.528302,-38.686747,3126
54.528302,-38.686747,3175
54.528302,-39.686747,3199
54.528302,-40.686747,3243
53.528302,-40.686747,3296
53.528302,-41.686747,3396
52.528302,-41.686747,3418
51.528302,-41.686747,3501
51.528302,-42.686747,3586
51.528302,-43.686747,3700
51.528302,-44.686747,3722
51.528302,-45.686747,3796
50.528302,-45.686747,3818
50.528302,-46.686747,3890
50.528302,-47.686747,4098
50.528302,-48.686747,4170
49.528302,-48.686747,4193
49.528302,-49.686747,4316
50.528302,-49.686747,4534
51.528302,-49.686747,4555
52.528302,-49.686747,4599
53.528302,-49.686747,4622
57.528302,-52.686747,4644
60.528302,-54.686747,4664
61.528302,-55.686747,4681
61.528302,-56.686747,4697
62.528302,-56.686747,4711
63.528302,-56.686747,4731
64.528302,-58.686747,4850
67.528302,-61.686747,4873
68.528302,-62.686747,4894
68.528302,-63.686747,4917
69.528302,-64.686747,4958
71.528302,-65.686747,5091
71.528302,-68.686747,5113
72.528302,-68.686747,5136
73.528302,-69.686747,5155
73.528302,-70.686747,5322
BREAK
