START
30.597425,-28.900972,0
26.687651,-28.900972,170
25.123741,-28.900972,184
24.341786,-28.900972,215
23.559831,-28.900972,239
22.777876,-28.900972,263
21.995921,-28.900972,271
21.213967,-28.900972,289
20.432012,-29.682927,305
19.650057,-29.682927,312
18.086147,-29.682927,319
17.304192,-29.682927,328
16.522237,-29.682927,352
15.740282,-29.682927,392
14.958327,-30.464882,450
14.176373,-31.246837,461
14.176373,-32.028792,463
13.394418,-32.810747,471
13.394418,-33.592702,504
13.394418,-34.374657,520
13.394418,-35.156611,544
13.394418,-35.938566,560
13.394418,-36.720521,568
12.612463,-36.720521,575
12.612463,-37.502476,584
12.612463,-38.284431,608
12.612463,-39.066386,615
12.612463,-39.848341,637
12.612463,-40.630296,648
12.612463,-41.412251,669
12.612463,-42.194205,671
12.612463,-42.97616,688
12.612463,-43.758115,704
12.612463,-44.54007,719
12.612463,-45.322025,736
12.612463,-46.10398,760
12.612463,-46.885935,779
13.394418,-47.66789,794
13.394418,-48.449844,800
13.394418,-49.231799,824
13.394418,-50.013754,839
14.176373,-50.795709,855
14.958327,-50.795709,872
14.958327,-51.577664,888
15.740282,-51.577664,895
16.522237,-51.577664,920
16.522237,-52.359619,927
16.522237,-53.141574,959
17.304192,-53.141574,1032
17.304192,-53.923529,1048
18.086147,-53.923529,1056
18.086147,-54.705484,1074
18.868102,-54.705484,1079
20.432012,-54.705484,1107
21.213967,-54.705484,1111
21.995921,-54.705484,1119
22.777876,-55.487438,1136
23.559831,-55.487438,1144
24.341786,-55.487438,1152
25.123741,-55.487438,1200
25.905696,-55.487438,1217
26.687651,-55.487438,1224
28.251561,-56.269393,1234
30.597425,-56.269393,1240
31.37938,-56.269393,1256
32.161335,-56.269393,1280
32.94329,-56.269393,1344
32.94329,-55.487438,1352
32.94329,-54.705484,1360
33.725245,-54.705484,1367
34.5072,-54.705484,1376
36.853064,-54.705484,1385
37.635019,-54.705484,1392
38.416974,-54.705484,1408
38.416974,-53.923529,1416
38.416974,-53.141574,1455
39.198929,-53.141574,1481
39.980884,-52.359619,1487
40.762839,-52.359619,1495
42.326748,-51.577664,1503
44.672613,-51.577664,1512
45.454568,-50.795709,1521
46.236523,-50.013754,1544
47.018478,-50.013754,1547
47.018478,-49.231799,1560
47.018478,-48.449844,1584
47.018478,-47.66789,1654
47.018478,-46.885935,1664
47.018478,-46.10398,1687
47.018478,-45.322025,1696
47.018478,-44.54007,1720
47.018478,-43.758115,1730
47.800433,-42.97616,1735
47.800433,-42.194205,1744
47.800433,-41.412251,1763
47.800433,-40.630296,1778
47.800433,-39.848341,1784
47.800433,-39.066386,1809
47.800433,-38.284431,1832
47.800433,-37.502476,1856
47.018478,-36.720521,1873
47.018478,-35.938566,1896
46.236523,-35.938566,1928
46.236523,-35.156611,1937
46.236523,-34.374657,1952
45.454568,-34.374657,1969
44.672613,-34.374657,1984
44.672613,-33.592702,1986
44.672613,-32.810747,1991
43.890658,-32.810747,2000
43.108703,-32.028792,2007
42.326748,-31.246837,2026
41.544794,-30.464882,2048
40.762839,-30.464882,2071
39.980884,-29.682927,2091
39.198929,-29.682927,2104
38.416974,-29.682927,2128
38.416974,-28.900972,2136
37.635019,-28.900972,2152
36.853064,-28.900972,2185
36.071109,-28.900972,2201
35.289154,-28.900972,2232
34.5072,-28.900972,2264
33.725245,-28.900972,2310
32.94329,-28.900972,2320
32.161335,-28.900972,2344
31.37938,-28.900972,2376
30.597425,-28.900972,2417
29.81547,-28.900972,2438
29.033515,-28.900972,2472
28.251561,-28.900972,2554
BREAK
24.341786,-28.900972,3152
25.123741,-28.900972,3175
25.123741,-29.682927,3199
25.123741,-30.464882,3215
25.123741,-31.246837,3223
25.123741,-32.028792,3251
25.123741,-32.810747,3263
25.123741,-34.374657,3281
25.123741,-35.156611,3295
25.123741,-35.938566,3304
25.123741,-36.720521,3319
25.123741,-37.502476,3327
25.123741,-38.284431,3344
25.123741,-39.066386,3353
25.123741,-39.848341,3359
25.123741,-40.630296,3375
25.123741,-41.412251,3392
25.123741,-42.97616,3407
25.123741,-43.758115,3423
25.123741,-44.54007,3431
25.123741,-45.322025,3447
25.123741,-46.10398,3455
25.123741,-46.885935,3464
24.341786,-46.885935,3482
23.559831,-46.885935,3495
23.559831,-47.66789,3521
22.777876,-47.66789,3536
22.777876,-48.449844,3544
21.995921,-49.231799,3559
21.213967,-50.013754,3584
21.213967,-50.795709,3599
20.432012,-50.795709,3607
19.650057,-51.577664,3616
18.868102,-52.359619,3640
18.086147,-52.359619,3664
17.304192,-52.359619,3697
16.522237,-52.359619,3785
15.740282,-52.359619,3808
14.958327,-52.359619,3880
BREAK
26.687651,-57.051348,5080
26.687651,-57.833303,5344
26.687651,-58.615258,5351
26.687651,-60.179168,5367
27.469606,-60.961123,5383
27.469606,-61.743078,5400
27.469606,-62.525032,5416
27.469606,-63.306987,5423
27.469606,-64.088942,5456
27.469606,-64.870897,5480
28.251561,-64.870897,5503
28.251561,-65.652852,5519
29.033515,-66.434807,5527
29.81547,-67.216762,5543
29.81547,-67.998717,5552
30.597425,-68.780672,5567
30.597425,-69.562626,5583
30.597425,-70.344581,5599
30.597425,-71.126536,5607
30.597425,-71.908491,5640
30.597425,-72.690446,5663
30.597425,-73.472401,5695
30.597425,-74.254356,5712
30.597425,-75.036311,5719
30.597425,-75.818266,5744
30.597425,-76.60022,5770
30.597425,-77.382175,5815
30.597425,-78.16413,5856
30.597425,-78.946085,5896
31.37938,-79.72804,5903
31.37938,-80.509995,5919
32.161335,-81.29195,5935
32.161335,-82.073905,5959
32.94329,-82.073905,5968
32.94329,-82.85586,5975
32.94329,-83.637814,6023
33.725245,-83.637814,6031
34.5072,-84.419769,6040
35.289154,-84.419769,6055
36.071109,-85.201724,6063
36.853064,-85.983679,6079
38.416974,-85.983679,6104
39.198929,-85.983679,6112
39.980884,-86.765634,6119
41.544794,-87.547589,6127
42.326748,-87.547589,6143
44.672613,-87.547589,6151
46.236523,-87.547589,6159
47.018478,-87.547589,6168
47.800433,-87.547589,6175
47.800433,-86.765634,6183
48.582388,-86.765634,6191
49.364342,-86.765634,6215
50.146297,-86.765634,6224
50.928252,-86.765634,6241
51.710207,-86.765634,6251
52.492162,-86.765634,6255
53.274117,-85.983679,6263
54.056072,-85.983679,6271
55.619982,-85.983679,6287
56.401936,-85.983679,6295
57.183891,-85.983679,6304
57.965846,-85.983679,6311
58.747801,-85.983679,6320
60.311711,-85.201724,6328
61.093666,-85.201724,6336
62.657576,-85.201724,6343
63.43953,-85.201724,6351
64.221485,-85.201724,6367
65.00344,-84.419769,6376
65.00344,-83.637814,6416
65.00344,-82.85586,6440
65.00344,-82.073905,6456
65.00344,-81.29195,6472
65.785395,-80.509995,6479
65.785395,-79.72804,6504
65.785395,-78.946085,6527
65.785395,-78.16413,6559
65.785395,-77.382175,6576
65.785395,-76.60022,6584
65.785395,-75.036311,6599
65.785395,-74.254356,6615
65.785395,-73.472401,6624
65.785395,-72.690446,6639
65.785395,-71.908491,6642
65.785395,-71.126536,6656
65.785395,-70.344581,6672
65.785395,-69.562626,6679
65.785395,-68.780672,6687
65.785395,-67.998717,6696
65.785395,-66.434807,6704
65.785395,-65.652852,6712
65.785395,-64.870897,6720
65.785395,-64.088942,6727
65.785395,-61.743078,6736
66.56735,-60.961123,6743
67.349305,-60.179168,6751
67.349305,-58.615258,6767
67.349305,-57.833303,6776
67.349305,-57.051348,6785
67.349305,-56.269393,6800
67.349305,-55.487438,6808
67.349305,-53.923529,6815
67.349305,-53.141574,6824
67.349305,-51.577664,6833
67.349305,-50.795709,6848
67.349305,-49.231799,6856
67.349305,-48.449844,6874
67.349305,-47.66789,6889
67.349305,-46.885935,6895
67.349305,-46.10398,6912
67.349305,-45.322025,6928
67.349305,-44.54007,6936
67.349305,-43.758115,6944
67.349305,-42.97616,6960
67.349305,-42.194205,6968
67.349305,-41.412251,6976
67.349305,-40.630296,6985
67.349305,-39.848341,6992
67.349305,-39.066386,7000
67.349305,-38.284431,7016
67.349305,-36.720521,7024
67.349305,-35.938566,7031
67.349305,-34.374657,7039
67.349305,-32.810747,7047
67.349305,-32.028792,7055
67.349305,-31.246837,7063
67.349305,-30.464882,7072
67.349305,-29.682927,7088
67.349305,-28.900972,7095
67.349305,-28.119017,7112
67.349305,-26.555108,7128
67.349305,-25.773153,7144
67.349305,-24.991198,7168
67.349305,-24.209243,7176
67.349305,-23.427288,7215
BREAK
