START
45.877358,-14.859438,0
40.877358,-13.859438,119
38.877358,-13.859438,135
37.877358,-13.859438,151
36.877358,-13.859438,159
35.877358,-13.859438,175
34.877358,-14.859438,183
33.877358,-14.859438,191
31.877358,-16.859438,207
30.877358,-17.859438,223
29.877358,-17.859438,231
28.877358,-18.859438,247
27.877358,-18.859438,255
26.877358,-19.859438,263
25.877358,-20.859438,287
25.877358,-21.859438,295
24.877358,-21.859438,303
24.877358,-22.859438,311
24.877358,-23.859438,327
24.877358,-24.859438,335
24.877358,-25.859438,343
24.877358,-26.859438,359
24.877358,-28.859438,367
24.877358,-29.859438,375
24.877358,-30.859438,391
24.877358,-31.859438,399
24.877358,-33.859438,415
24.877358,-34.859438,423
24.877358,-35.859438,431
24.877358,-36.859438,447
24.877358,-38.859438,455
24.877358,-40.859438,487
25.877358,-41.859438,503
26.877358,-42.859438,511
26.877358,-43.859438,519
27.877358,-43.859438,535
27.877358,-44.859438,543
28.877358,-45.859438,559
29.877358,-45.859438,567
29.877358,-46.859438,575
30.877358,-46.859438,583
30.877358,-47.859438,591
31.877358,-48.859438,607
32.877358,-48.859438,615
33.877358,-49.859438,623
33.877358,-50.859438,639
35.877358,-51.859438,655
36.877358,-51.859438,663
37.877358,-51.859438,671
38.877358,-51.859438,679
39.877358,-52.859438,687
40.877358,-53.859438,695
41.877358,-53.859438,712
42.877358,-53.859438,719
43.877358,-53.859438,735
45.877358,-53.859438,743
46.877358,-53.859438,751
47.877358,-53.859438,767
48.877358,-53.859438,775
49.877358,-53.859438,783
51.877358,-53.859438,791
52.877358,-53.859438,799
54.877358,-53.859438,815
55.877358,-53.859438,823
56.877358,-53.859438,831
58.877358,-53.859438,839
59.877358,-53.859438,855
60.877358,-53.859438,863
61.877358,-53.859438,871
62.877358,-53.859438,887
64.877358,-52.859438,903
65.877358,-52.859438,927
65.877358,-51.859438,942
66.877358,-51.859438,943
67.877358,-50.859438,951
67.877358,-49.859438,967
67.877358,-48.859438,983
68.877358,-48.859438,991
68.877358,-47.859438,999
68.877358,-45.859438,1015
68.877358,-44.859438,1023
68.877358,-43.859438,1031
68.877358,-42.859438,1039
68.877358,-41.859438,1047
68.877358,-40.859438,1063
68.877358,-39.859438,1071
68.877358,-38.859438,1079
68.877358,-36.859438,1095
68.877358,-35.859438,1103
68.877358,-34.859438,1119
68.877358,-33.859438,1127
68.877358,-32.859438,1135
68.877358,-31.859438,1151
68.877358,-30.859438,1159
68.877358,-29.859438,1167
68.877358,-28.859438,1191
68.877358,-27.859438,1199
68.877358,-26.859438,1207
67.877358,-25.859438,1223
67.877358,-24.859438,1239
66.877358,-23.859438,1247
66.877358,-22.859438,1263
65.877358,-21.859438,1279
65.877358,-20.859438,1287
64.877358,-20.859438,1295
63.877358,-19.859438,1303
63.877358,-18.859438,1311
61.877358,-17.859438,1327
61.877358,-16.859438,1343
60.877358,-15.859438,1351
58.877358,-13.859438,1375
57.877358,-13.859438,1423
56.877358,-13.859438,1439
55.877358,-13.859438,1447
54.877358,-13.859438,1463
53.877358,-13.859438,1471
52.877358,-13.859438,1479
51.877358,-13.859438,1495
49.877358,-13.859438,1503
48.877358,-13.859438,1519
47.877358,-13.859438,1527
46.877358,-13.859438,1535
45.877358,-13.859438,1543
44.877358,-13.859438,1551
43.877358,-13.859438,1559
42.877358,-13.859438,1575
41.877358,-13.859438,1591
40.877358,-13.859438,1607
39.877358,-13.859438,1631
38.877358,-13.859438,1648
37.877358,-13.859438,1679
BREAK
46.877358,-16.859438,4999
46.877358,-21.859438,5159
46.877358,-22.859438,5175
46.877358,-23.859438,5183
46.877358,-24.859438,5191
46.877358,-26.859438,5215
46.877358,-27.859438,5231
46.877358,-29.859438,5247
46.877358,-30.859438,5263
46.877358,-32.859438,5279
46.877358,-34.859438,5295
46.877358,-35.859438,5311
46.877358,-36.859438,5327
46.877358,-38.859438,5343
46.877358,-39.859438,5367
46.877358,-40.859438,5383
46.877358,-41.859438,5391
46.877358,-42.859438,5399
46.877358,-43.859438,5407
46.877358,-44.859438,5415
46.877358,-46.859438,5431
46.877358,-47.859438,5439
46.877358,-48.859438,5463
46.877358,-49.859438,5471
46.877358,-50.859438,5479
46.877358,-51.859438,5503
46.877358,-52.859438,5511
46.877358,-53.859438,5519
46.877358,-55.859438,5543
46.877358,-56.859438,5551
46.877358,-57.859438,5559
46.877358,-58.859438,5583
46.877358,-59.859438,5591
46.877358,-60.859438,5599
46.877358,-61.859438,5615
46.877358,-62.859438,5623
46.877358,-63.859438,5631
46.877358,-64.859438,5655
46.877358,-66.859438,5663
46.877358,-67.859438,5695
46.877358,-68.859438,5703
46.877358,-69.859438,5719
46.877358,-70.859438,5751
46.877358,-71.859438,5759
46.877358,-72.859438,5767
46.877358,-73.859438,5791
46.877358,-74.859438,5807
46.877358,-75.859438,5815
46.877358,-76.859438,5839
46.877358,-77.859438,5855
46.877358,-78.859438,5871
46.877358,-79.859438,5887
46.877358,-80.859438,5895
46.877358,-81.859438,5903
46.877358,-82.859438,5919
46.877358,-83.859438,5942
46.877358,-84.859438,5959
46.877358,-85.859438,5999
46.877358,-86.859438,6015
46.877358,-87.859438,6023
46.877358,-88.859438,6063
BREAK
