START
55.877358,-17.859438,0
55.877358,-16.859438,30
54.877358,-16.859438,81
54.877358,-15.859438,100
53.877358,-15.859438,140
52.877358,-15.859438,159
51.877358,-15.859438,179
50.877358,-15.859438,190
49.877358,-15.859438,200
48.877358,-15.859438,212
47.877358,-15.859438,232
46.877358,-15.859438,252
45.877358,-15.859438,262
44.877358,-15.859438,281
43.877358,-15.859438,301
42.877358,-15.859438,322
41.877358,-15.859438,332
40.877358,-16.859438,352
39.877358,-16.859438,362
38.877358,-18.859438,372
36.877358,-19.859438,383
35.877358,-20.859438,394
34.877358,-22.859438,404
33.877358,-23.859438,413
32.877358,-25.859438,423
31.877358,-26.859438,443
30.877358,-27.859438,453
30.877358,-28.859438,463
30.877358,-29.859438,474
29.877358,-29.859438,485
29.877358,-30.859438,496
29.877358,-32.859438,516
29.877358,-33.859438,536
28.877358,-33.859438,547
28.877358,-34.859438,556
28.877358,-35.859438,576
28.877358,-36.859438,595
28.877358,-37.859438,616
28.877358,-38.859438,626
28.877358,-39.859438,636
28.877358,-40.859438,646
28.877358,-41.859438,666
28.877358,-42.859438,689
28.877358,-43.859438,700
29.877358,-44.859438,720
29.877358,-45.859438,730
31.877358,-46.859438,740
32.877358,-46.859438,760
32.877358,-47.859438,770
33.877358,-47.859438,780
34.877358,-47.859438,800
35.877358,-47.859438,821
36.877358,-47.859438,831
36.877358,-48.859438,842
38.877358,-48.859438,852
40.877358,-48.859438,862
41.877358,-48.859438,872
43.877358,-48.859438,882
44.877358,-48.859438,892
47.877358,-48.859438,902
48.877358,-48.859438,912
50.877358,-48.859438,922
51.877358,-48.859438,932
53.877358,-48.859438,942
54.877358,-48.859438,952
56.877358,-48.859438,973
57.877358,-48.859438,993
58.877358,-48.859438,1014
58.877358,-47.859438,1023
59.877358,-47.859438,1033
60.877358,-46.859438,1043
62.877358,-46.859438,1053
63.877358,-45.859438,1063
64.877358,-44.859438,1073
65.877358,-44.859438,1093
65.877358,-43.859438,1103
66.877358,-43.859438,1113
67.877358,-42.859438,1143
68.877358,-42.859438,1164
68.877358,-41.859438,1184
69.877358,-40.859438,1204
69.877358,-39.859438,1214
69.877358,-38.859438,1234
69.877358,-37.859438,1244
70.877358,-37.859438,1254
70.877358,-36.859438,1273
70.877358,-35.859438,1304
70.877358,-34.859438,1315
71.877358,-33.859438,1326
71.877358,-32.859438,1337
71.877358,-31.859438,1348
71.877358,-30.859438,1358
71.877358,-29.859438,1368
71.877358,-28.859438,1378
71.877358,-27.859438,1398
71.877358,-26.859438,1420
71.877358,-25.859438,1439
71.877358,-24.859438,1450
70.877358,-24.859438,1459
69.877358,-23.859438,1479
68.877358,-22.859438,1498
67.877358,-22.859438,1519
67.877358,-21.859438,1529
66.877358,-21.859438,1539
65.877358,-21.859438,1549
64.877358,-21.859438,1568
64.877358,-20.859438,1578
63.877358,-20.859438,1598
63.877358,-19.859438,1608
62.877358,-19.859438,1618
61.877358,-19.859438,1638
60.877358,-19.859438,1658
59.877358,-19.859438,1690
58.877358,-18.859438,1710
57.877358,-18.859438,1720
56.877358,-18.859438,1740
55.877358,-18.859438,1760
54.877358,-18.859438,1790
53.877358,-18.859438,1800
52.877358,-18.859438,1850
BREAK
47.877358,-18.859438,2459
48.877358,-18.859438,2589
48.877358,-19.859438,2599
48.877358,-21.859438,2610
48.877358,-24.859438,2620
48.877358,-27.859438,2630
48.877358,-30.859438,2640
48.877358,-31.859438,2650
48.877358,-32.859438,2660
48.877358,-34.859438,2670
48.877358,-35.859438,2690
48.877358,-36.859438,2700
48.877358,-37.859438,2710
48.877358,-38.859438,2730
48.877358,-39.859438,2751
48.877358,-40.859438,2771
48.877358,-41.859438,2782
48.877358,-42.859438,2792
48.877358,-43.859438,2812
49.877358,-44.859438,2822
49.877358,-45.859438,2832
49.877358,-46.859438,2842
49.877358,-47.859438,2851
49.877358,-49.859438,2862
49.877358,-50.859438,2881
49.877358,-51.859438,2901
49.877358,-52.859438,2912
49.877358,-53.859438,2922
49.877358,-54.859438,2942
49.877358,-55.859438,2951
49.877358,-56.859438,2961
49.877358,-57.859438,2972
49.877358,-58.859438,2982
49.877358,-59.859438,2991
49.877358,-60.859438,3001
49.877358,-61.859438,3021
49.877358,-62.859438,3031
49.877358,-63.859438,3051
49.877358,-64.859438,3061
49.877358,-65.859438,3071
49.877358,-66.859438,3091
49.877358,-67.859438,3111
49.877358,-68.859438,3121
49.877358,-69.859438,3131
49.877358,-70.859438,3151
49.877358,-71.859438,3181
49.877358,-73.859438,3211
49.877358,-74.859438,3231
49.877358,-75.859438,3253
49.877358,-76.859438,3284
49.877358,-77.859438,3295
BREAK
