START
32.244042,-29.512598,0
33.117726,-29.512598,140
33.99141,-29.512598,157
35.738779,-29.512598,172
36.612463,-29.512598,188
37.486147,-29.512598,196
38.359831,-29.512598,204
39.233515,-28.638914,220
40.1072,-28.638914,236
40.980884,-28.638914,244
41.854568,-28.638914,252
42.728252,-28.638914,260
43.601936,-28.638914,268
44.475621,-28.638914,284
45.349305,-28.638914,293
46.222989,-28.638914,300
85.538779,-31.259966,687
86.412463,-31.259966,735
87.286147,-31.259966,741
88.159831,-31.259966,764
BREAK
68.938779,-32.13365,2021
68.938779,-33.007335,2164
68.938779,-33.881019,2204
68.938779,-34.754703,2212
68.938779,-35.628387,2220
68.938779,-36.502071,2228
68.938779,-37.375756,2236
68.938779,-38.24944,2244
68.938779,-39.123124,2252
68.938779,-39.996808,2260
68.938779,-40.870492,2268
68.938779,-41.744177,2276
68.938779,-42.617861,2284
68.938779,-43.491545,2300
68.938779,-44.365229,2308
68.938779,-45.238914,2324
68.065094,-45.238914,2332
68.065094,-46.112598,2340
68.065094,-46.986282,2348
68.065094,-47.859966,2364
68.065094,-48.73365,2372
67.19141,-48.73365,2972
66.317726,-48.73365,3004
66.317726,-47.859966,3172
64.570357,-47.859966,3308
63.696673,-46.986282,3340
62.822989,-46.986282,3436
61.949305,-46.986282,3516
61.949305,-46.112598,3532
60.201936,-46.112598,3596
59.328252,-45.238914,3652
58.454568,-45.238914,3668
57.580884,-45.238914,3684
56.7072,-45.238914,3711
55.833515,-45.238914,3717
54.959831,-45.238914,3740
54.086147,-45.238914,3757
53.212463,-45.238914,3773
52.338779,-45.238914,3805
51.465094,-45.238914,3830
50.59141,-45.238914,3902
49.717726,-45.238914,3916
48.844042,-45.238914,3932
47.970357,-45.238914,3980
47.096673,-45.238914,4004
47.096673,-46.112598,4012
45.349305,-46.112598,4068
44.475621,-46.986282,4108
43.601936,-46.986282,4116
42.728252,-46.986282,4212
41.854568,-47.859966,4228
40.980884,-47.859966,4284
40.980884,-48.73365,4404
40.1072,-49.607335,4420
40.1072,-50.481019,4428
39.233515,-51.354703,4444
39.233515,-52.228387,4452
39.233515,-53.102071,4468
38.359831,-53.975756,4476
38.359831,-54.84944,4492
38.359831,-55.723124,4500
38.359831,-56.596808,4516
38.359831,-57.470492,4525
38.359831,-58.344177,4548
39.233515,-59.217861,4780
40.1072,-59.217861,4796
40.980884,-59.217861,4812
40.980884,-60.091545,4828
41.854568,-60.091545,4868
42.728252,-60.091545,4900
43.601936,-60.091545,5084
44.475621,-60.965229,5124
45.349305,-60.965229,5172
46.222989,-60.965229,5228
47.096673,-60.965229,5244
BREAK
67.19141,-67.081019,6888
68.065094,-62.712598,6907
67.19141,-62.712598,6940
66.317726,-61.838914,6988
65.444042,-61.838914,7020
64.570357,-61.838914,7036
63.696673,-60.965229,7172
62.822989,-60.965229,7204
62.822989,-60.091545,7244
61.075621,-60.091545,7284
61.075621,-59.217861,7340
59.328252,-59.217861,7405
57.580884,-59.217861,7548
55.833515,-59.217861,7596
54.086147,-59.217861,7629
53.212463,-59.217861,7644
53.212463,-60.091545,7660
51.465094,-60.091545,7788
50.59141,-60.965229,7805
49.717726,-60.965229,7812
48.844042,-60.965229,7828
47.096673,-60.965229,7868
47.096673,-61.838914,7900
45.349305,-61.838914,7940
45.349305,-62.712598,7949
43.601936,-62.712598,7981
43.601936,-63.586282,8012
42.728252,-64.459966,8036
41.854568,-64.459966,8044
40.980884,-65.33365,8068
40.980884,-66.207335,8124
40.1072,-67.081019,8132
40.1072,-67.954703,8149
40.1072,-68.828387,8165
40.1072,-69.702071,8172
40.1072,-70.575756,8181
40.1072,-71.44944,8188
40.1072,-72.323124,8196
39.233515,-72.323124,8204
39.233515,-73.196808,8215
39.233515,-74.070492,8222
39.233515,-74.944177,8230
39.233515,-75.817861,8244
39.233515,-76.691545,8260
39.233515,-77.565229,8268
39.233515,-78.438914,8292
39.233515,-79.312598,8325
39.233515,-80.186282,8356
40.1072,-80.186282,8365
40.980884,-81.059966,8381
41.854568,-81.059966,8412
42.728252,-81.059966,8420
43.601936,-81.93365,8428
44.475621,-82.807335,8446
45.349305,-82.807335,8452
46.222989,-82.807335,8476
46.222989,-83.681019,8484
47.096673,-83.681019,8500
47.970357,-83.681019,8516
48.844042,-84.554703,8524
49.717726,-84.554703,8548
50.59141,-84.554703,8557
51.465094,-84.554703,8588
51.465094,-85.428387,8606
52.338779,-85.428387,8620
53.212463,-85.428387,8676
54.086147,-85.428387,8788
54.959831,-85.428387,8902
55.833515,-85.428387,8924
56.7072,-85.428387,8996
BREAK
