START
56.7072,-22.523124,0
58.454568,-23.396808,89
58.454568,-25.144177,99
58.454568,-27.765229,109
58.454568,-29.512598,119
58.454568,-32.13365,128
58.454568,-33.007335,139
58.454568,-34.754703,149
58.454568,-36.502071,169
57.580884,-37.375756,239
56.7072,-37.375756,308
55.833515,-37.375756,338
53.212463,-37.375756,348
51.465094,-37.375756,358
49.717726,-37.375756,369
48.844042,-37.375756,378
47.970357,-37.375756,388
47.096673,-37.375756,478
47.096673,-38.24944,488
45.349305,-38.24944,498
45.349305,-39.123124,518
44.475621,-39.123124,538
44.475621,-39.996808,548
43.601936,-40.870492,558
42.728252,-42.617861,568
41.854568,-43.491545,578
41.854568,-44.365229,598
41.854568,-46.112598,608
40.980884,-46.986282,627
40.980884,-47.859966,658
40.980884,-48.73365,668
40.980884,-49.607335,677
40.980884,-50.481019,688
40.980884,-51.354703,728
40.980884,-52.228387,738
41.854568,-53.102071,757
41.854568,-53.975756,767
42.728252,-54.84944,778
43.601936,-55.723124,788
45.349305,-56.596808,797
46.222989,-56.596808,807
47.096673,-56.596808,818
47.970357,-57.470492,828
48.844042,-57.470492,837
49.717726,-58.344177,847
50.59141,-58.344177,858
51.465094,-58.344177,868
52.338779,-58.344177,877
54.086147,-58.344177,897
54.959831,-58.344177,918
55.833515,-58.344177,937
56.7072,-58.344177,977
57.580884,-58.344177,987
58.454568,-58.344177,1017
BREAK
73.3072,-64.459966,1815
72.433515,-63.586282,1895
71.559831,-62.712598,1905
71.559831,-61.838914,1915
71.559831,-60.965229,1924
70.686147,-59.217861,1935
69.812463,-58.344177,1974
68.938779,-58.344177,2014
68.065094,-56.596808,2025
67.19141,-55.723124,2044
66.317726,-55.723124,2054
66.317726,-54.84944,2064
65.444042,-54.84944,2085
64.570357,-53.975756,2094
63.696673,-53.975756,2125
62.822989,-53.975756,2174
61.075621,-53.975756,2184
60.201936,-53.975756,2194
57.580884,-53.975756,2205
56.7072,-54.84944,2214
55.833515,-55.723124,2224
54.086147,-56.596808,2245
53.212463,-57.470492,2264
52.338779,-58.344177,2284
51.465094,-59.217861,2294
51.465094,-60.091545,2304
50.59141,-60.091545,2314
50.59141,-60.965229,2324
50.59141,-61.838914,2344
49.717726,-62.712598,2364
48.844042,-63.586282,2383
48.844042,-64.459966,2394
48.844042,-65.33365,2404
48.844042,-66.207335,2414
48.844042,-67.081019,2444
47.970357,-67.954703,2464
47.970357,-68.828387,2494
48.844042,-70.575756,2593
48.844042,-71.44944,2614
49.717726,-71.44944,2655
49.717726,-72.323124,2673
49.717726,-73.196808,2683
50.59141,-73.196808,2704
50.59141,-74.070492,2723
51.465094,-74.944177,2733
52.338779,-75.817861,2744
53.212463,-77.565229,2753
54.086147,-77.565229,2763
54.086147,-78.438914,2773
54.959831,-78.438914,2783
54.959831,-79.312598,2794
55.833515,-80.186282,2813
57.580884,-81.059966,2833
59.328252,-81.93365,2843
60.201936,-81.93365,2853
62.822989,-82.807335,2863
64.570357,-83.681019,2873
66.317726,-84.554703,2883
68.065094,-85.428387,2893
69.812463,-86.302071,2903
70.686147,-86.302071,2962
70.686147,-84.554703,3123
70.686147,-81.059966,3132
BREAK
37.486147,-16.407335,3970
41.854568,-16.407335,4050
47.970357,-16.407335,4060
55.833515,-16.407335,4070
61.949305,-16.407335,4080
64.570357,-16.407335,4089
66.317726,-16.407335,4100
67.19141,-16.407335,4110
68.065094,-16.407335,4129
69.812463,-16.407335,4169
71.559831,-16.407335,4179
74.180884,-16.407335,4190
75.928252,-16.407335,4200
78.549305,-16.407335,4210
BREAK
