START
54.641509,-24.859438,0
54.641509,-25.859438,90
54.641509,-26.859438,110
54.641509,-27.859438,120
54.641509,-28.859438,130
54.641509,-30.859438,140
54.641509,-32.859438,150
53.641509,-35.859438,161
53.641509,-38.859438,170
52.641509,-40.859438,180
52.641509,-42.859438,190
52.641509,-45.859438,201
52.641509,-46.859438,212
52.641509,-47.859438,223
52.641509,-48.859438,236
52.641509,-51.859438,248
52.641509,-52.859438,259
52.641509,-54.859438,271
52.641509,-56.859438,284
52.641509,-57.859438,292
52.641509,-60.859438,302
52.641509,-61.859438,313
52.641509,-63.859438,332
52.641509,-64.859438,352
52.641509,-65.859438,372
52.641509,-66.859438,382
52.641509,-67.859438,402
52.641509,-68.859438,424
52.641509,-69.859438,477
52.641509,-70.859438,517
52.641509,-71.859438,563
BREAK
8.6415094,-74.859438,1235
9.6415094,-74.859438,1304
10.641509,-74.859438,1314
11.641509,-74.859438,1324
14.641509,-73.859438,1334
17.641509,-73.859438,1344
21.641509,-73.859438,1354
24.641509,-73.859438,1364
27.641509,-73.859438,1374
29.641509,-73.859438,1385
31.641509,-73.859438,1395
34.641509,-73.859438,1405
38.641509,-73.859438,1416
43.641509,-73.859438,1427
47.641509,-73.859438,1437
50.641509,-73.859438,1447
53.641509,-73.859438,1457
55.641509,-73.859438,1467
56.641509,-73.859438,1477
58.641509,-73.859438,1487
60.641509,-74.859438,1497
62.641509,-75.859438,1507
65.641509,-75.859438,1518
67.641509,-75.859438,1528
70.641509,-75.859438,1538
71.641509,-76.859438,1548
74.641509,-76.859438,1558
75.641509,-76.859438,1568
76.641509,-77.859438,1578
77.641509,-77.859438,1588
78.641509,-77.859438,1608
79.641509,-77.859438,1618
80.641509,-77.859438,1627
81.641509,-77.859438,1647
82.641509,-77.859438,1667
83.641509,-77.859438,1710
84.641509,-77.859438,1830
85.641509,-77.859438,2146
86.641509,-77.859438,2155
87.641509,-77.859438,2165
88.641509,-77.859438,2177
89.641509,-77.859438,2196
94.641509,-76.859438,2347
95.641509,-76.859438,2372
BREAK
55.641509,-23.859438,3381
54.641509,-23.859438,3481
53.641509,-22.859438,3511
53.641509,-21.859438,3541
52.641509,-21.859438,3551
51.641509,-21.859438,3595
50.641509,-20.859438,3614
49.641509,-20.859438,3624
48.641509,-19.859438,3644
47.641509,-19.859438,3664
46.641509,-18.859438,3684
45.641509,-18.859438,3706
45.641509,-17.859438,3718
44.641509,-17.859438,3728
43.641509,-17.859438,3748
BREAK
