START
22.877358,-14.859438,0
22.877358,-20.859438,72
22.877358,-22.859438,79
22.877358,-25.859438,87
22.877358,-27.859438,95
22.877358,-30.859438,103
22.877358,-31.859438,111
22.877358,-33.859438,119
22.877358,-35.859438,128
22.877358,-36.859438,135
22.877358,-38.859438,143
22.877358,-39.859438,151
22.877358,-41.859438,159
22.877358,-44.859438,168
22.877358,-45.859438,176
22.877358,-47.859438,183
22.877358,-49.859438,191
22.877358,-52.859438,200
22.877358,-53.859438,207
22.877358,-55.859438,215
22.877358,-56.859438,223
22.877358,-58.859438,231
22.877358,-59.859438,248
22.877358,-60.859438,255
22.877358,-62.859438,263
22.877358,-64.859438,280
22.877358,-65.859438,287
22.877358,-68.859438,295
22.877358,-69.859438,303
22.877358,-71.859438,320
21.877358,-72.859438,336
21.877358,-74.859438,352
21.877358,-75.859438,376
21.877358,-77.859438,391
21.877358,-78.859438,408
21.877358,-79.859438,416
21.877358,-80.859438,431
21.877358,-81.859438,461
21.877358,-82.859438,464
21.877358,-83.859438,480
21.877358,-84.859438,512
21.877358,-85.859438,551
21.877358,-86.859438,567
21.877358,-87.859438,608
BREAK
23.877358,-13.859438,1720
28.877358,-12.859438,1864
29.877358,-12.859438,1871
30.877358,-12.859438,1879
31.877358,-12.859438,1887
32.877358,-12.859438,1895
33.877358,-12.859438,1903
34.877358,-12.859438,1911
35.877358,-12.859438,1927
37.877358,-12.859438,1944
39.877358,-12.859438,1967
40.877358,-12.859438,1983
42.877358,-12.859438,1999
43.877358,-12.859438,2007
45.877358,-12.859438,2031
47.877358,-12.859438,2056
48.877358,-13.859438,2063
49.877358,-13.859438,2087
50.877358,-13.859438,2095
51.877358,-13.859438,2111
52.877358,-13.859438,2143
53.877358,-13.859438,2151
54.877358,-13.859438,2159
55.877358,-13.859438,2175
56.877358,-13.859438,2183
57.877358,-13.859438,2191
58.877358,-13.859438,2199
59.877358,-13.859438,2223
60.877358,-13.859438,2247
61.877358,-13.859438,2288
62.877358,-13.859438,2352
BREAK
23.877358,-44.859438,12272
28.877358,-44.859438,12503
29.877358,-44.859438,12519
30.877358,-44.859438,12535
31.877358,-44.859438,12543
32.877358,-44.859438,12559
33.877358,-44.859438,12567
34.877358,-44.859438,12575
35.877358,-44.859438,12583
36.877358,-44.859438,12599
38.877358,-44.859438,12607
39.877358,-44.859438,12623
40.877358,-44.859438,12631
41.877358,-44.859438,12639
42.877358,-45.859438,12647
43.877358,-45.859438,12663
44.877358,-45.859438,12680
45.877358,-45.859438,12703
46.877358,-45.859438,12719
47.877358,-45.859438,12735
48.877358,-45.859438,12799
49.877358,-45.859438,12815
50.877358,-45.859438,12839
51.877358,-45.859438,12871
52.877358,-45.859438,12887
53.877358,-45.859438,12911
54.877358,-45.859438,12959
55.877358,-45.859438,12983
56.877358,-45.859438,13039
57.877358,-45.859438,13135
58.877358,-45.859438,13159
59.877358,-45.859438,13207
60.877358,-45.859438,13239
61.877358,-45.859438,13264
62.877358,-46.859438,13575
62.877358,-47.859438,13591
62.877358,-48.859438,13599
62.877358,-49.859438,13607
62.877358,-51.859438,13615
62.877358,-53.859438,13631
62.877358,-54.859438,13647
62.877358,-56.859438,13663
62.877358,-57.859438,13679
62.877358,-59.859438,13703
62.877358,-60.859438,13719
62.877358,-62.859438,13727
62.877358,-63.859438,13743
62.877358,-65.859438,13767
62.877358,-66.859438,13791
62.877358,-68.859438,13807
62.877358,-69.859438,13839
62.877358,-71.859438,13855
62.877358,-72.859438,13879
62.877358,-74.859438,13935
62.877358,-75.859438,14071
62.877358,-77.859438,14151
62.877358,-78.859438,14199
62.877358,-80.859438,14239
62.877358,-81.859438,14319
62.877358,-83.859438,14399
62.877358,-84.859438,14463
62.877358,-86.859438,14503
BREAK
