START
33.683962,-18.859438,0
34.683962,-18.859438,87
34.683962,-19.859438,103
34.683962,-20.859438,111
34.683962,-21.859438,127
35.683962,-21.859438,135
35.683962,-23.859438,143
35.683962,-24.859438,159
36.683962,-24.859438,167
36.683962,-25.859438,175
36.683962,-26.859438,183
37.683962,-26.859438,191
37.683962,-27.859438,200
37.683962,-28.859438,223
38.683962,-28.859438,247
38.683962,-29.859438,255
38.683962,-30.859438,263
38.683962,-31.859438,287
39.683962,-31.859438,295
39.683962,-32.859438,303
39.683962,-33.859438,327
40.683962,-33.859438,335
40.683962,-34.859438,351
40.683962,-35.859438,375
41.683962,-35.859438,383
41.683962,-36.859438,399
41.683962,-37.859438,407
42.683962,-38.859438,415
43.683962,-38.859438,423
43.683962,-39.859438,432
43.683962,-40.859438,439
44.683962,-40.859438,447
44.683962,-41.859438,455
45.683962,-42.859438,471
45.683962,-43.859438,479
46.683962,-43.859438,487
47.683962,-43.859438,503
48.683962,-43.859438,664
49.683962,-43.859438,679
50.683962,-43.859438,687
51.683962,-42.859438,703
53.683962,-41.859438,711
54.683962,-40.859438,719
55.683962,-40.859438,727
55.683962,-39.859438,735
56.683962,-39.859438,743
57.683962,-38.859438,751
57.683962,-37.859438,759
58.683962,-37.859438,767
59.683962,-36.859438,783
60.683962,-35.859438,800
61.683962,-34.859438,808
61.683962,-33.859438,832
62.683962,-33.859438,839
63.683962,-31.859438,864
64.683962,-31.859438,871
64.683962,-30.859438,880
64.683962,-29.859438,896
65.683962,-28.859438,904
65.683962,-27.859438,920
65.683962,-26.859438,952
65.683962,-25.859438,976
65.683962,-24.859438,984
65.683962,-23.859438,1000
65.683962,-22.859438,1016
65.683962,-21.859438,1032
65.683962,-20.859438,1039
65.683962,-19.859438,1064
66.683962,-17.859438,1080
66.683962,-15.859438,1096
BREAK
37.683962,-88.859438,1959
37.683962,-87.859438,2055
37.683962,-86.859438,2063
37.683962,-85.859438,2071
37.683962,-83.859438,2079
37.683962,-82.859438,2087
37.683962,-81.859438,2095
37.683962,-79.859438,2103
38.683962,-79.859438,2111
38.683962,-77.859438,2119
39.683962,-77.859438,2135
39.683962,-76.859438,2143
40.683962,-75.859438,2159
41.683962,-75.859438,2167
41.683962,-74.859438,2175
51.683962,-69.859438,2264
52.683962,-69.859438,2279
53.683962,-69.859438,2295
54.683962,-69.859438,2303
55.683962,-69.859438,2319
56.683962,-69.859438,2335
57.683962,-69.859438,2359
58.683962,-69.859438,2367
59.683962,-69.859438,2391
60.683962,-69.859438,2415
61.683962,-69.859438,2431
61.683962,-70.859438,2455
62.683962,-70.859438,2463
62.683962,-71.859438,2471
63.683962,-71.859438,2479
63.683962,-72.859438,2487
64.683962,-73.859438,2503
65.683962,-74.859438,2511
65.683962,-75.859438,2519
67.683962,-76.859438,2527
67.683962,-77.859438,2535
68.683962,-79.859438,2551
68.683962,-80.859438,2567
69.683962,-80.859438,2575
70.683962,-81.859438,2583
70.683962,-82.859438,2591
71.683962,-82.859438,2608
71.683962,-83.859438,2615
71.683962,-84.859438,2631
71.683962,-85.859438,2656
71.683962,-86.859438,2687
71.683962,-87.859438,2719
71.683962,-88.859438,2735
71.683962,-89.859438,2743
BREAK
51.683962,-23.859438,3591
51.683962,-22.859438,3607
51.683962,-23.859438,3727
51.683962,-24.859438,3743
51.683962,-25.859438,3759
51.683962,-26.859438,3767
51.683962,-27.859438,3783
51.683962,-29.859438,3799
51.683962,-30.859438,3807
51.683962,-31.859438,3815
51.683962,-32.859438,3823
51.683962,-33.859438,3831
51.683962,-34.859438,3839
51.683962,-35.859438,3847
51.683962,-36.859438,3855
51.683962,-37.859438,3871
51.683962,-38.859438,3879
51.683962,-39.859438,3887
51.683962,-40.859438,3895
51.683962,-41.859438,3903
51.683962,-42.859438,3911
51.683962,-43.859438,3927
51.683962,-44.859438,3936
51.683962,-45.859438,3943
51.683962,-46.859438,3951
51.683962,-48.859438,3967
51.683962,-49.859438,3975
51.683962,-50.859438,3983
51.683962,-51.859438,3991
51.683962,-52.859438,3999
51.683962,-53.859438,4007
51.683962,-54.859438,4015
51.683962,-55.859438,4023
51.683962,-56.859438,4031
51.683962,-57.859438,4047
51.683962,-58.859438,4055
51.683962,-59.859438,4063
51.683962,-60.859438,4071
51.683962,-61.859438,4079
51.683962,-62.859438,4087
51.683962,-63.859438,4103
51.683962,-64.859438,4111
51.683962,-65.859438,4119
51.683962,-66.859438,4135
51.683962,-67.859438,4143
51.683962,-68.859438,4159
51.683962,-69.859438,4175
51.683962,-71.859438,4191
51.683962,-72.859438,4207
51.683962,-73.859438,4223
51.683962,-74.859438,4231
51.683962,-75.859438,4247
51.683962,-76.859438,4263
52.683962,-76.859438,4271
52.683962,-77.859438,4280
52.683962,-78.859438,4295
52.683962,-79.859438,4311
52.683962,-80.859438,4343
BREAK
37.683962,-53.859438,4847
39.683962,-53.859438,4911
41.683962,-53.859438,4919
43.683962,-53.859438,4927
45.683962,-53.859438,4935
47.683962,-53.859438,4943
50.683962,-53.859438,4951
53.683962,-53.859438,4959
57.683962,-53.859438,4967
60.683962,-53.859438,4975
63.683962,-53.859438,4983
65.683962,-53.859438,4991
67.683962,-54.859438,4999
68.683962,-54.859438,5007
69.683962,-54.859438,5015
70.683962,-54.859438,5023
71.683962,-54.859438,5032
BREAK
