START
36.877358,-17.859438,0
36.877358,-18.859438,64
35.877358,-19.859438,71
35.877358,-20.859438,79
35.877358,-22.859438,87
34.877358,-25.859438,95
34.877358,-28.859438,103
34.877358,-31.859438,111
34.877358,-34.859438,119
34.877358,-37.859438,127
35.877358,-39.859438,135
36.877358,-41.859438,143
36.877358,-43.859438,151
38.877358,-46.859438,159
39.877358,-48.859438,167
40.877358,-49.859438,175
42.877358,-51.859438,183
43.877358,-52.859438,199
44.877358,-52.859438,207
45.877358,-53.859438,215
46.877358,-54.859438,224
46.877358,-55.859438,231
47.877358,-55.859438,248
48.877358,-55.859438,255
49.877358,-55.859438,271
50.877358,-55.859438,280
51.877358,-55.859438,287
52.877358,-55.859438,295
53.877358,-55.859438,303
55.877358,-55.859438,311
56.877358,-55.859438,319
58.877358,-55.859438,335
59.877358,-55.859438,343
60.877358,-55.859438,368
60.877358,-54.859438,384
60.877358,-53.859438,392
60.877358,-52.859438,408
61.877358,-49.859438,416
62.877358,-48.859438,424
63.877358,-47.859438,432
64.877358,-46.859438,440
65.877358,-44.859438,448
66.877358,-42.859438,456
66.877358,-40.859438,464
67.877358,-39.859438,472
68.877358,-37.859438,480
68.877358,-35.859438,488
68.877358,-33.859438,496
68.877358,-31.859438,504
68.877358,-30.859438,512
68.877358,-29.859438,520
68.877358,-28.859438,528
68.877358,-27.859438,536
68.877358,-26.859438,544
68.877358,-24.859438,552
68.877358,-23.859438,576
68.877358,-22.859438,600
68.877358,-21.859438,608
68.877358,-20.859438,648
68.877358,-21.859438,824
68.877358,-23.859438,832
68.877358,-25.859438,840
68.877358,-27.859438,848
68.877358,-29.859438,856
68.877358,-31.859438,864
68.877358,-34.859438,872
68.877358,-38.859438,880
68.877358,-40.859438,888
68.877358,-43.859438,896
68.877358,-45.859438,904
68.877358,-48.859438,912
69.877358,-51.859438,920
69.877358,-53.859438,928
69.877358,-55.859438,936
69.877358,-56.859438,944
69.877358,-57.859438,952
69.877358,-58.859438,960
69.877358,-59.859438,968
69.877358,-60.859438,976
69.877358,-61.859438,984
69.877358,-62.859438,992
69.877358,-64.859438,1000
69.877358,-65.859438,1008
69.877358,-66.859438,1016
69.877358,-67.859438,1024
69.877358,-69.859438,1040
69.877358,-70.859438,1056
69.877358,-71.859438,1072
69.877358,-72.859438,1088
69.877358,-73.859438,1096
69.877358,-74.859438,1112
69.877358,-75.859438,1120
69.877358,-77.859438,1136
69.877358,-78.859438,1168
69.877358,-79.859438,1200
69.877358,-80.859438,1216
69.877358,-81.859438,1224
69.877358,-82.859438,1248
69.877358,-83.859438,1312
69.877358,-85.859438,1328
69.877358,-86.859438,1344
69.877358,-88.859438,1352
68.877358,-89.859438,1368
68.877358,-90.859438,1384
67.877358,-90.859438,1424
66.877358,-90.859438,1432
66.877358,-88.859438,1440
BREAK
