START
34.877358,-16.859438,0
33.877358,-16.859438,75
33.877358,-17.859438,78
33.877358,-18.859438,127
32.877358,-19.859438,161
32.877358,-20.859438,177
32.877358,-21.859438,211
31.877358,-22.859438,244
31.877358,-23.859438,262
31.877358,-24.859438,295
31.877358,-25.859438,311
31.877358,-26.859438,345
31.877358,-27.859438,361
31.877358,-28.859438,395
31.877358,-29.859438,428
31.877358,-30.859438,462
31.877358,-31.859438,479
31.877358,-32.859438,512
31.877358,-33.859438,546
31.877358,-35.859438,579
31.877358,-36.859438,612
31.877358,-37.859438,629
31.877358,-38.859438,663
32.877358,-38.859438,679
32.877358,-39.859438,696
33.877358,-40.859438,730
33.877358,-41.859438,763
35.877358,-41.859438,780
35.877358,-42.859438,796
37.877358,-42.859438,830
38.877358,-43.859438,847
39.877358,-43.859438,863
40.877358,-43.859438,880
41.877358,-43.859438,914
43.877358,-43.859438,930
44.877358,-44.859438,947
46.877358,-44.859438,980
48.877358,-44.859438,997
49.877358,-44.859438,1014
51.877358,-44.859438,1031
52.877358,-44.859438,1047
53.877358,-44.859438,1065
54.877358,-44.859438,1081
55.877358,-44.859438,1098
56.877358,-44.859438,1114
57.877358,-44.859438,1148
58.877358,-44.859438,1165
59.877358,-43.859438,1181
60.877358,-43.859438,1198
61.877358,-43.859438,1215
62.877358,-43.859438,1231
62.877358,-41.859438,1248
64.877358,-40.859438,1282
65.877358,-40.859438,1298
66.877358,-39.859438,1332
67.877358,-39.859438,1349
68.877358,-38.859438,1382
69.877358,-37.859438,1432
BREAK
70.877358,-12.859438,2616
70.877358,-13.859438,2737
70.877358,-14.859438,2754
70.877358,-15.859438,2770
70.877358,-16.859438,2787
70.877358,-18.859438,2804
70.877358,-19.859438,2820
70.877358,-20.859438,2837
70.877358,-21.859438,2854
70.877358,-22.859438,2871
70.877358,-24.859438,2887
70.877358,-25.859438,2904
70.877358,-26.859438,2921
70.877358,-27.859438,2938
70.877358,-28.859438,2971
70.877358,-29.859438,2988
70.877358,-30.859438,3021
71.877358,-31.859438,3038
71.877358,-32.859438,3055
71.877358,-33.859438,3088
71.877358,-34.859438,3105
71.877358,-35.859438,3122
71.877358,-36.859438,3138
71.877358,-37.859438,3155
71.877358,-38.859438,3188
72.877358,-39.859438,3205
72.877358,-40.859438,3222
72.877358,-42.859438,3255
72.877358,-43.859438,3272
72.877358,-44.859438,3306
72.877358,-45.859438,3339
72.877358,-46.859438,3356
72.877358,-47.859438,3372
72.877358,-49.859438,3406
72.877358,-50.859438,3423
72.877358,-51.859438,3456
72.877358,-52.859438,3473
72.877358,-53.859438,3489
72.877358,-54.859438,3506
73.877358,-55.859438,3523
73.877358,-56.859438,3540
73.877358,-57.859438,3556
73.877358,-58.859438,3573
73.877358,-59.859438,3607
73.877358,-60.859438,3623
73.877358,-61.859438,3657
73.877358,-62.859438,3674
73.877358,-63.859438,3690
73.877358,-64.859438,3724
73.877358,-65.859438,3757
73.877358,-66.859438,3791
73.877358,-67.859438,3841
73.877358,-68.859438,3874
73.877358,-69.859438,3908
73.877358,-70.859438,3941
73.877358,-71.859438,3975
73.877358,-72.859438,3991
73.877358,-73.859438,4025
73.877358,-74.859438,4075
73.877358,-75.859438,4109
73.877358,-76.859438,4142
73.877358,-77.859438,4159
BREAK
