START
17.641509,-21.859438,0
18.641509,-21.859438,62
19.641509,-21.859438,79
21.641509,-21.859438,95
22.641509,-21.859438,112
24.641509,-21.859438,129
26.641509,-21.859438,146
29.641509,-21.859438,162
32.641509,-21.859438,179
35.641509,-21.859438,196
38.641509,-21.859438,213
41.641509,-21.859438,229
43.641509,-21.859438,246
46.641509,-21.859438,263
48.641509,-21.859438,279
50.641509,-21.859438,296
52.641509,-21.859438,313
53.641509,-21.859438,330
55.641509,-21.859438,346
56.641509,-21.859438,363
57.641509,-21.859438,380
58.641509,-21.859438,413
59.641509,-21.859438,430
60.641509,-21.859438,447
61.641509,-21.859438,463
62.641509,-21.859438,480
64.641509,-21.859438,514
65.641509,-20.859438,531
66.641509,-20.859438,547
67.641509,-20.859438,564
69.641509,-20.859438,581
70.641509,-20.859438,597
72.641509,-20.859438,614
73.641509,-20.859438,631
74.641509,-20.859438,647
75.641509,-20.859438,681
76.641509,-20.859438,698
77.641509,-20.859438,765
78.641509,-20.859438,865
BREAK
76.641509,-20.859438,1497
76.641509,-21.859438,1551
76.641509,-22.859438,1584
76.641509,-23.859438,1618
76.641509,-25.859438,1634
76.641509,-26.859438,1651
76.641509,-28.859438,1685
76.641509,-29.859438,1701
76.641509,-30.859438,1718
76.641509,-32.859438,1735
76.641509,-33.859438,1753
76.641509,-34.859438,1768
76.641509,-36.859438,1802
76.641509,-37.859438,1818
76.641509,-38.859438,1852
76.641509,-39.859438,1869
76.641509,-40.859438,1885
76.641509,-41.859438,1919
76.641509,-42.859438,1952
76.641509,-43.859438,1986
76.641509,-46.859438,2019
76.641509,-47.859438,2053
76.641509,-48.859438,2069
76.641509,-49.859438,2086
76.641509,-50.859438,2103
76.641509,-51.859438,2136
76.641509,-52.859438,2170
76.641509,-53.859438,2186
76.641509,-54.859438,2203
76.641509,-55.859438,2237
76.641509,-56.859438,2287
76.641509,-57.859438,2320
76.641509,-58.859438,2354
76.641509,-59.859438,2471
76.641509,-60.859438,2504
BREAK
23.641509,-40.859438,3416
24.641509,-40.859438,3525
28.641509,-40.859438,3541
32.641509,-40.859438,3558
36.641509,-40.859438,3575
40.641509,-40.859438,3592
41.641509,-40.859438,3608
43.641509,-40.859438,3625
44.641509,-40.859438,3642
45.641509,-40.859438,3658
47.641509,-40.859438,3675
49.641509,-39.859438,3692
51.641509,-39.859438,3709
52.641509,-39.859438,3725
54.641509,-39.859438,3742
56.641509,-39.859438,3759
57.641509,-39.859438,3776
59.641509,-38.859438,3809
60.641509,-38.859438,3826
61.641509,-38.859438,3859
62.641509,-38.859438,3876
63.641509,-38.859438,3893
64.641509,-37.859438,3909
65.641509,-37.859438,3926
66.641509,-37.859438,3960
67.641509,-37.859438,3993
68.641509,-37.859438,4026
69.641509,-37.859438,4060
70.641509,-36.859438,4077
71.641509,-36.859438,4093
72.641509,-36.859438,4210
73.641509,-36.859438,4261
BREAK
76.641509,-61.859438,5184
76.641509,-62.859438,5281
76.641509,-63.859438,5315
76.641509,-64.859438,5365
76.641509,-65.859438,5398
76.641509,-66.859438,5448
76.641509,-67.859438,5499
76.641509,-68.859438,5632
BREAK
