START
28.641509,-21.859438,0
29.641509,-21.859438,111
32.641509,-21.859438,119
34.641509,-21.859438,127
36.641509,-21.859438,135
38.641509,-21.859438,143
41.641509,-21.859438,151
43.641509,-21.859438,159
44.641509,-21.859438,167
45.641509,-21.859438,175
46.641509,-21.859438,183
48.641509,-21.859438,199
50.641509,-21.859438,207
52.641509,-21.859438,215
55.641509,-21.859438,223
58.641509,-20.859438,231
61.641509,-20.859438,239
65.641509,-20.859438,247
68.641509,-20.859438,255
69.641509,-20.859438,263
70.641509,-20.859438,271
71.641509,-20.859438,279
72.641509,-20.859438,319
74.641509,-20.859438,343
75.641509,-20.859438,359
76.641509,-20.859438,375
76.641509,-19.859438,383
77.641509,-19.859438,391
78.641509,-19.859438,415
79.641509,-19.859438,431
80.641509,-19.859438,447
BREAK
36.641509,-36.859438,1279
37.641509,-37.859438,1335
39.641509,-38.859438,1343
40.641509,-40.859438,1351
41.641509,-41.859438,1359
41.641509,-42.859438,1367
42.641509,-43.859438,1375
43.641509,-44.859438,1383
43.641509,-45.859438,1392
44.641509,-45.859438,1399
44.641509,-46.859438,1407
44.641509,-47.859438,1423
BREAK
58.641509,-32.859438,2191
59.641509,-32.859438,2215
60.641509,-32.859438,2223
61.641509,-32.859438,2239
62.641509,-32.859438,2247
62.641509,-33.859438,2255
63.641509,-33.859438,2263
63.641509,-34.859438,2271
64.641509,-35.859438,2279
65.641509,-35.859438,2287
66.641509,-36.859438,2295
67.641509,-36.859438,2311
68.641509,-37.859438,2319
68.641509,-38.859438,2495
67.641509,-39.859438,2511
67.641509,-42.859438,2519
65.641509,-43.859438,2527
64.641509,-45.859438,2535
64.641509,-47.859438,2543
62.641509,-48.859438,2551
61.641509,-51.859438,2559
61.641509,-52.859438,2567
60.641509,-53.859438,2575
59.641509,-54.859438,2583
59.641509,-55.859438,2599
58.641509,-56.859438,2863
55.641509,-56.859438,2871
50.641509,-56.859438,2879
BREAK
8.6415094,-60.859438,3176
9.6415094,-60.859438,3192
11.641509,-60.859438,3199
13.641509,-60.859438,3207
15.641509,-60.859438,3215
17.641509,-60.859438,3223
20.641509,-60.859438,3231
24.641509,-60.859438,3239
29.641509,-60.859438,3247
33.641509,-60.859438,3255
38.641509,-60.859438,3263
45.641509,-60.859438,3271
52.641509,-60.859438,3279
58.641509,-60.859438,3287
65.641509,-60.859438,3295
70.641509,-60.859438,3303
74.641509,-60.859438,3312
77.641509,-60.859438,3319
79.641509,-60.859438,3327
80.641509,-60.859438,3335
81.641509,-60.859438,3343
BREAK
