START
54.641509,-32.859438,0
53.641509,-32.859438,11
52.641509,-32.859438,28
51.641509,-32.859438,45
49.641509,-32.859438,61
48.641509,-32.859438,78
47.641509,-33.859438,95
46.641509,-34.859438,111
45.641509,-35.859438,128
43.641509,-36.859438,145
42.641509,-36.859438,162
42.641509,-37.859438,178
41.641509,-37.859438,195
41.641509,-39.859438,212
40.641509,-39.859438,229
39.641509,-40.859438,245
38.641509,-41.859438,279
38.641509,-42.859438,296
36.641509,-44.859438,329
36.641509,-45.859438,346
35.641509,-46.859438,363
34.641509,-48.859438,396
34.641509,-49.859438,413
34.641509,-50.859438,429
34.641509,-51.859438,446
34.641509,-52.859438,463
34.641509,-53.859438,480
34.641509,-54.859438,496
34.641509,-55.859438,513
34.641509,-56.859438,530
34.641509,-58.859438,547
34.641509,-60.859438,563
34.641509,-61.859438,580
34.641509,-63.859438,597
35.641509,-64.859438,613
35.641509,-65.859438,630
37.641509,-65.859438,647
38.641509,-66.859438,664
38.641509,-67.859438,680
40.641509,-68.859438,697
41.641509,-69.859438,714
44.641509,-70.859438,731
46.641509,-72.859438,747
49.641509,-73.859438,764
52.641509,-74.859438,781
56.641509,-75.859438,798
60.641509,-76.859438,814
63.641509,-77.859438,831
66.641509,-77.859438,848
68.641509,-77.859438,864
70.641509,-77.859438,881
72.641509,-77.859438,898
73.641509,-76.859438,915
75.641509,-75.859438,931
76.641509,-75.859438,948
78.641509,-74.859438,965
80.641509,-73.859438,982
81.641509,-72.859438,998
82.641509,-70.859438,1015
83.641509,-69.859438,1032
84.641509,-67.859438,1048
84.641509,-65.859438,1065
84.641509,-62.859438,1082
84.641509,-59.859438,1099
84.641509,-57.859438,1115
84.641509,-55.859438,1132
84.641509,-53.859438,1149
83.641509,-50.859438,1166
82.641509,-47.859438,1182
80.641509,-44.859438,1199
77.641509,-40.859438,1216
75.641509,-38.859438,1232
73.641509,-36.859438,1249
71.641509,-34.859438,1266
69.641509,-33.859438,1283
68.641509,-32.859438,1299
65.641509,-31.859438,1316
62.641509,-30.859438,1333
60.641509,-30.859438,1350
58.641509,-29.859438,1366
57.641509,-29.859438,1383
56.641509,-29.859438,1417
55.641509,-29.859438,1433
54.641509,-29.859438,1483
BREAK
57.641509,-19.859438,2696
58.641509,-19.859438,2805
59.641509,-19.859438,2821
59.641509,-21.859438,2838
60.641509,-22.859438,2855
61.641509,-22.859438,2872
61.641509,-24.859438,2905
61.641509,-25.859438,2939
61.641509,-26.859438,2972
61.641509,-27.859438,3005
61.641509,-28.859438,3039
BREAK
