START
36.19084,-27.689375,0
36.19084,-26.984768,55
36.895447,-26.984768,124
37.600054,-26.280161,158
38.304661,-25.575554,204
39.009268,-25.575554,239
39.713875,-25.575554,249
40.418482,-25.575554,285
41.123089,-25.575554,307
41.827696,-25.575554,331
42.532303,-25.575554,341
43.23691,-25.575554,365
43.941517,-25.575554,376
44.646124,-25.575554,387
45.350731,-25.575554,399
46.055338,-25.575554,422
46.759945,-25.575554,445
46.759945,-26.280161,457
47.464552,-26.280161,502
47.464552,-26.984768,525
47.464552,-27.689375,560
47.464552,-28.393982,571
47.464552,-29.098589,582
47.464552,-29.803197,606
47.464552,-30.507804,617
47.464552,-31.212411,628
47.464552,-31.917018,640
47.464552,-33.326232,652
47.464552,-34.030839,663
47.464552,-34.735446,674
47.464552,-35.440053,686
47.464552,-36.849267,709
46.759945,-36.849267,720
46.759945,-37.553874,732
46.055338,-37.553874,744
46.055338,-38.258481,755
45.350731,-38.258481,766
45.350731,-38.963088,790
44.646124,-39.667695,801
44.646124,-40.372302,824
43.941517,-40.372302,835
43.941517,-41.076909,847
43.23691,-41.076909,858
42.532303,-41.781516,870
42.532303,-42.486123,881
41.827696,-43.19073,904
41.123089,-43.19073,916
41.123089,-43.895337,927
40.418482,-43.895337,939
39.713875,-43.895337,961
40.418482,-43.895337,1096
41.123089,-43.895337,1119
41.827696,-43.895337,1142
43.23691,-43.895337,1165
43.941517,-43.895337,1188
45.350731,-43.895337,1200
46.759945,-43.895337,1222
47.464552,-43.895337,1234
48.873766,-43.895337,1256
49.578373,-43.895337,1280
50.282981,-43.895337,1291
50.987588,-43.895337,1302
51.692195,-43.895337,1326
52.396802,-43.895337,1348
52.396802,-44.599944,1360
53.101409,-44.599944,1394
53.101409,-45.304552,1406
53.806016,-46.009159,1429
53.806016,-46.713766,1440
53.806016,-47.418373,1452
53.806016,-48.12298,1463
53.806016,-48.827587,1475
53.806016,-49.532194,1486
53.806016,-50.941408,1498
53.806016,-52.350622,1509
53.806016,-53.055229,1521
53.806016,-53.759836,1532
53.806016,-55.16905,1543
53.806016,-56.578264,1555
53.806016,-57.282871,1567
53.806016,-57.987478,1579
53.806016,-58.692085,1589
53.806016,-59.396692,1601
53.806016,-60.1013,1613
53.806016,-60.805907,1624
53.806016,-61.510514,1635
53.806016,-62.215121,1647
53.806016,-62.919728,1659
53.806016,-63.624335,1670
53.806016,-64.328942,1681
53.806016,-65.033549,1693
53.101409,-66.442763,1716
53.101409,-67.14737,1727
52.396802,-67.851977,1739
51.692195,-67.851977,1750
51.692195,-68.556584,1762
50.987588,-68.556584,1773
50.987588,-69.261191,1785
50.282981,-69.261191,1796
49.578373,-69.965798,1808
48.873766,-70.670405,1819
48.169159,-71.375012,1842
47.464552,-71.375012,1854
46.759945,-72.079619,1865
46.759945,-72.784226,1876
46.055338,-73.488833,1888
44.646124,-73.488833,1911
44.646124,-74.19344,1922
43.23691,-74.19344,1934
42.532303,-74.898047,1946
41.827696,-75.602655,1957
40.418482,-75.602655,1968
39.713875,-75.602655,1980
39.009268,-76.307262,1992
37.600054,-76.307262,2002
36.895447,-76.307262,2014
35.486233,-76.307262,2038
34.781626,-76.307262,2048
34.077018,-76.307262,2060
34.077018,-77.011869,2072
33.372411,-77.011869,2083
32.667804,-77.011869,2094
31.963197,-77.011869,2106
31.25859,-77.011869,2129
30.553983,-77.011869,2140
29.144769,-77.011869,2164
28.440162,-77.011869,2186
27.735555,-77.011869,2198
27.030948,-77.011869,2209
26.326341,-77.011869,2232
25.621734,-77.011869,2267
24.917127,-77.011869,2301
BREAK
45.350731,-34.735446,4275
46.055338,-34.735446,4342
46.055338,-34.030839,4354
46.759945,-33.326232,4400
47.464552,-32.621625,4434
48.169159,-32.621625,4446
48.873766,-31.917018,4457
49.578373,-31.212411,4480
50.282981,-30.507804,4492
50.987588,-30.507804,4502
50.987588,-29.803197,4514
51.692195,-29.803197,4526
52.396802,-29.098589,4548
53.101409,-29.098589,4560
53.806016,-28.393982,4572
54.510623,-27.689375,4606
55.21523,-27.689375,4629
55.919837,-27.689375,4652
56.624444,-27.689375,4664
57.329051,-27.689375,4686
58.033658,-27.689375,4721
58.738265,-27.689375,4744
59.442872,-27.689375,4755
60.147479,-27.689375,4779
60.852086,-27.689375,4801
61.556693,-27.689375,4813
62.2613,-27.689375,4825
62.965907,-27.689375,4847
62.965907,-28.393982,4859
63.670514,-28.393982,4871
63.670514,-29.098589,4881
64.375121,-29.098589,4893
65.079728,-29.803197,4905
66.488943,-30.507804,4916
67.19355,-31.212411,4939
67.898157,-31.212411,4951
68.602764,-31.917018,4962
69.307371,-31.917018,4985
69.307371,-32.621625,4997
70.011978,-32.621625,5019
70.011978,-33.326232,5031
70.716585,-33.326232,5042
71.421192,-34.030839,5054
71.421192,-34.735446,5065
72.125799,-35.440053,5077
72.125799,-36.14466,5088
72.830406,-36.849267,5100
73.535013,-38.963088,5111
74.23962,-39.667695,5123
74.23962,-40.372302,5134
74.944227,-41.781516,5146
74.944227,-43.19073,5157
74.944227,-43.895337,5168
74.944227,-44.599944,5180
74.944227,-46.009159,5192
74.944227,-47.418373,5204
74.944227,-48.12298,5214
75.648834,-49.532194,5226
75.648834,-51.646015,5238
75.648834,-53.055229,5249
75.648834,-54.464443,5260
75.648834,-55.873657,5272
76.353441,-57.987478,5284
77.058048,-59.396692,5295
77.058048,-61.510514,5306
77.058048,-63.624335,5318
77.058048,-65.033549,5330
77.058048,-66.442763,5341
77.058048,-67.851977,5352
77.058048,-69.261191,5364
77.762655,-70.670405,5375
77.762655,-72.079619,5387
77.762655,-72.784226,5398
78.467262,-74.19344,5410
78.467262,-74.898047,5433
79.171869,-74.898047,5444
79.171869,-75.602655,5456
79.876476,-76.307262,5490
80.581083,-76.307262,5525
81.285691,-76.307262,5559
81.990298,-76.307262,5582
82.694905,-76.307262,5593
83.399512,-76.307262,5617
84.104119,-76.307262,5639
84.808726,-76.307262,5663
85.513333,-76.307262,5673
85.513333,-75.602655,5685
86.21794,-75.602655,5697
86.21794,-74.898047,5708
86.922547,-74.19344,5719
87.627154,-73.488833,5743
88.331761,-73.488833,5754
88.331761,-72.784226,5765
89.036368,-72.784226,5777
89.036368,-72.079619,5789
89.740975,-71.375012,5811
89.740975,-70.670405,5823
90.445582,-70.670405,5834
90.445582,-69.965798,5846
91.150189,-69.261191,5869
91.150189,-68.556584,5892
91.854796,-68.556584,5915
BREAK
