START
64.254717,-12.827309,0
64.254717,-13.827309,127
63.254717,-13.827309,143
63.254717,-14.827309,151
62.254717,-14.827309,167
61.254717,-14.827309,231
60.254717,-14.827309,239
59.254717,-14.827309,255
58.254717,-14.827309,271
57.254717,-14.827309,327
57.254717,-13.827309,335
57.254717,-12.827309,343
56.254717,-12.827309,359
55.254717,-12.827309,399
54.254717,-12.827309,455
53.254717,-12.827309,480
51.254717,-12.827309,495
50.254717,-12.827309,536
49.254717,-12.827309,551
49.254717,-11.827309,559
48.254717,-11.827309,575
47.254717,-11.827309,584
46.254717,-11.827309,600
45.254717,-11.827309,616
44.254717,-11.827309,648
43.254717,-11.827309,671
42.254717,-11.827309,695
41.254717,-11.827309,711
40.254717,-11.827309,720
39.254717,-11.827309,728
38.254717,-11.827309,768
37.254717,-11.827309,776
36.254717,-11.827309,808
35.254717,-11.827309,832
34.254717,-11.827309,864
33.254717,-11.827309,880
32.254717,-11.827309,912
31.254717,-11.827309,976
32.254717,-11.827309,1208
32.254717,-12.827309,1216
33.254717,-13.827309,1224
34.254717,-13.827309,1232
35.254717,-13.827309,1240
35.254717,-14.827309,1248
37.254717,-14.827309,1272
37.254717,-16.827309,1280
39.254717,-16.827309,1288
40.254717,-17.827309,1296
41.254717,-18.827309,1304
42.254717,-18.827309,1312
43.254717,-19.827309,1320
44.254717,-20.827309,1328
45.254717,-21.827309,1400
46.254717,-21.827309,1408
47.254717,-22.827309,1424
47.254717,-23.827309,1440
48.254717,-23.827309,1448
49.254717,-23.827309,1456
49.254717,-24.827309,1464
50.254717,-24.827309,1472
51.254717,-25.827309,1488
52.254717,-25.827309,1512
53.254717,-26.827309,1544
54.254717,-26.827309,1560
54.254717,-27.827309,1568
55.254717,-27.827309,1576
56.254717,-27.827309,1584
56.254717,-28.827309,1592
57.254717,-28.827309,1624
58.254717,-28.827309,1672
59.254717,-29.827309,1688
59.254717,-30.827309,1712
59.254717,-31.827309,2056
59.254717,-32.827309,2072
58.254717,-32.827309,2088
58.254717,-33.827309,2096
57.254717,-33.827309,2104
56.254717,-33.827309,2144
55.254717,-33.827309,2160
54.254717,-34.827309,2176
54.254717,-35.827309,2216
53.254717,-35.827309,2232
52.254717,-35.827309,2264
52.254717,-36.827309,2288
51.254717,-36.827309,2296
50.254717,-36.827309,2312
50.254717,-37.827309,2320
49.254717,-37.827309,2360
48.254717,-37.827309,2376
48.254717,-38.827309,2384
47.254717,-38.827309,2400
46.254717,-39.827309,2424
44.254717,-40.827309,2440
43.254717,-40.827309,2456
42.254717,-40.827309,2480
41.254717,-41.827309,2496
40.254717,-41.827309,2552
40.254717,-42.827309,2560
39.254717,-43.827309,2568
38.254717,-43.827309,2584
37.254717,-43.827309,2592
37.254717,-44.827309,2600
36.254717,-45.827309,2672
35.254717,-45.827309,2696
34.254717,-45.827309,2720
33.254717,-45.827309,2768
32.254717,-45.827309,2832
32.254717,-46.827309,2856
31.254717,-46.827309,2872
30.254717,-47.827309,2888
31.254717,-48.827309,3200
31.254717,-49.827309,3216
32.254717,-50.827309,3240
33.254717,-50.827309,3280
33.254717,-51.827309,3296
34.254717,-51.827309,3304
35.254717,-51.827309,3336
36.254717,-51.827309,3360
37.254717,-51.827309,3368
38.254717,-52.827309,3376
39.254717,-52.827309,3384
40.254717,-52.827309,3392
40.254717,-53.827309,3408
41.254717,-53.827309,3416
42.254717,-54.827309,3440
43.254717,-54.827309,3456
44.254717,-54.827309,3480
45.254717,-54.827309,3488
45.254717,-56.827309,3497
46.254717,-56.827309,3504
47.254717,-56.827309,3520
48.254717,-57.827309,3536
49.254717,-57.827309,3552
50.254717,-58.827309,3584
50.254717,-59.827309,3608
51.254717,-59.827309,3624
52.254717,-59.827309,3640
52.254717,-60.827309,3656
53.254717,-60.827309,3665
53.254717,-61.827309,3673
54.254717,-61.827309,3680
55.254717,-61.827309,3689
56.254717,-61.827309,3697
57.254717,-61.827309,3713
57.254717,-62.827309,3720
57.254717,-63.827309,3736
58.254717,-63.827309,3744
59.254717,-63.827309,3753
60.254717,-64.827309,3776
61.254717,-64.827309,3800
62.254717,-64.827309,3816
63.254717,-64.827309,4065
63.254717,-65.827309,4073
64.254717,-65.827309,4081
64.254717,-66.827309,4089
60.254717,-66.827309,4105
59.254717,-66.827309,4113
58.254717,-67.827309,4129
57.254717,-67.827309,4137
56.254717,-68.827309,4169
56.254717,-69.827309,4193
55.254717,-69.827309,4209
55.254717,-70.827309,4225
54.254717,-70.827309,4233
53.254717,-72.827309,4249
52.254717,-72.827309,4257
51.254717,-72.827309,4265
50.254717,-72.827309,4289
50.254717,-73.827309,4305
49.254717,-73.827309,4313
48.254717,-73.827309,4321
48.254717,-74.827309,4329
47.254717,-74.827309,4353
46.254717,-75.827309,4369
45.254717,-75.827309,4377
45.254717,-76.827309,4385
44.254717,-77.827309,4401
43.254717,-77.827309,4417
42.254717,-78.827309,4433
41.254717,-79.827309,4441
39.254717,-80.827309,4457
38.254717,-80.827309,4481
37.254717,-80.827309,4545
36.254717,-81.827309,4561
35.254717,-81.827309,4617
35.254717,-82.827309,4625
34.254717,-82.827309,4641
33.254717,-82.827309,4657
32.254717,-82.827309,4665
32.254717,-83.827309,4673
31.254717,-83.827309,4753
32.254717,-84.827309,5057
33.254717,-85.827309,5065
34.254717,-85.827309,5073
36.254717,-86.827309,5081
37.254717,-87.827309,5089
40.254717,-88.827309,5097
42.254717,-89.827309,5105
44.254717,-89.827309,5113
45.254717,-90.827309,5121
46.254717,-91.827309,5129
47.254717,-91.827309,5145
48.254717,-91.827309,5153
49.254717,-91.827309,5169
50.254717,-91.827309,5185
52.254717,-91.827309,5201
52.254717,-92.827309,5209
53.254717,-92.827309,5217
55.254717,-92.827309,5233
55.254717,-93.827309,5241
56.254717,-93.827309,5249
57.254717,-93.827309,5257
58.254717,-94.827309,5281
59.254717,-94.827309,5297
59.254717,-95.827309,5313
60.254717,-95.827309,5321
60.254717,-96.827309,5337
61.254717,-96.827309,5353
62.254717,-96.827309,5361
63.254717,-96.827309,5393
64.254717,-96.827309,5601
64.254717,-95.827309,5609
BREAK
