START
34.865094,-22.523124,0
24.380884,-27.765229,7
24.380884,-28.638914,21
24.380884,-29.512598,29
24.380884,-30.386282,37
24.380884,-31.259966,53
24.380884,-32.13365,69
24.380884,-33.007335,77
24.380884,-33.881019,101
24.380884,-34.754703,149
25.254568,-34.754703,165
26.128252,-34.754703,197
27.001936,-34.754703,215
27.001936,-35.628387,221
27.875621,-35.628387,237
28.749305,-35.628387,251
29.622989,-35.628387,285
29.622989,-36.502071,294
30.496673,-36.502071,317
31.370357,-36.502071,331
32.244042,-36.502071,341
33.117726,-36.502071,357
33.99141,-36.502071,374
34.865094,-36.502071,389
34.865094,-35.628387,397
35.738779,-35.628387,405
35.738779,-34.754703,415
36.612463,-33.881019,429
37.486147,-33.881019,437
37.486147,-33.007335,451
37.486147,-32.13365,453
37.486147,-31.259966,469
37.486147,-30.386282,477
37.486147,-29.512598,485
37.486147,-28.638914,495
36.612463,-27.765229,501
36.612463,-26.891545,517
36.612463,-26.017861,535
36.612463,-25.144177,549
36.612463,-24.270492,557
35.738779,-24.270492,571
35.738779,-23.396808,573
BREAK
21.759831,-32.13365,1077
21.759831,-33.007335,1135
21.759831,-33.881019,1157
21.759831,-34.754703,1171
20.886147,-34.754703,1173
20.886147,-35.628387,1189
20.886147,-36.502071,1213
20.886147,-37.375756,1229
20.886147,-38.24944,1237
20.886147,-39.123124,1253
20.886147,-39.996808,1261
20.886147,-40.870492,1269
20.886147,-41.744177,1291
20.886147,-42.617861,1301
20.886147,-43.491545,1317
20.886147,-44.365229,1333
20.886147,-45.238914,1341
20.886147,-46.112598,1349
21.759831,-46.112598,1357
21.759831,-46.986282,1365
21.759831,-47.859966,1381
22.633515,-47.859966,1389
22.633515,-48.73365,1405
23.5072,-48.73365,1429
23.5072,-49.607335,1437
24.380884,-49.607335,1461
25.254568,-49.607335,1469
26.128252,-49.607335,1485
26.128252,-50.481019,1495
27.001936,-50.481019,1501
27.875621,-50.481019,1509
28.749305,-50.481019,1531
29.622989,-50.481019,1541
30.496673,-50.481019,1557
31.370357,-50.481019,1565
32.244042,-50.481019,1574
33.117726,-50.481019,1581
33.99141,-50.481019,1589
34.865094,-50.481019,1597
35.738779,-49.607335,1611
36.612463,-49.607335,1613
36.612463,-48.73365,1621
37.486147,-48.73365,1629
38.359831,-48.73365,1637
39.233515,-48.73365,1655
39.233515,-47.859966,1661
38.359831,-47.859966,1837
37.486147,-48.73365,1853
36.612463,-48.73365,1861
35.738779,-49.607335,1877
34.865094,-49.607335,1895
33.99141,-49.607335,1901
33.99141,-50.481019,1909
33.117726,-50.481019,1931
33.117726,-51.354703,1941
32.244042,-51.354703,1949
32.244042,-52.228387,1975
31.370357,-52.228387,1981
31.370357,-53.102071,1989
30.496673,-53.102071,1997
30.496673,-53.975756,2011
30.496673,-54.84944,2029
30.496673,-55.723124,2037
30.496673,-56.596808,2055
30.496673,-57.470492,2092
30.496673,-58.344177,2101
30.496673,-59.217861,2109
30.496673,-60.091545,2135
30.496673,-60.965229,2149
30.496673,-61.838914,2157
30.496673,-62.712598,2176
30.496673,-63.586282,2197
30.496673,-64.459966,2213
31.370357,-65.33365,2221
32.244042,-65.33365,2245
32.244042,-66.207335,2255
33.117726,-66.207335,2261
33.99141,-66.207335,2277
34.865094,-66.207335,2285
35.738779,-66.207335,2301
37.486147,-66.207335,2317
38.359831,-66.207335,2331
39.233515,-66.207335,2333
40.980884,-66.207335,2341
41.854568,-66.207335,2349
42.728252,-66.207335,2357
43.601936,-66.207335,2365
44.475621,-66.207335,2381
45.349305,-66.207335,2389
46.222989,-66.207335,2405
47.096673,-66.207335,2415
47.970357,-66.207335,2421
48.844042,-66.207335,2429
49.717726,-65.33365,2437
50.59141,-64.459966,2452
51.465094,-64.459966,2453
53.212463,-63.586282,2461
54.086147,-62.712598,2469
54.959831,-61.838914,2493
55.833515,-61.838914,2501
55.833515,-60.965229,2509
56.7072,-60.965229,2531
56.7072,-60.091545,2533
57.580884,-60.091545,2541
58.454568,-60.091545,2549
58.454568,-59.217861,2557
59.328252,-59.217861,2575
59.328252,-58.344177,2581
59.328252,-57.470492,2589
60.201936,-57.470492,2621
60.201936,-56.596808,2629
60.201936,-55.723124,2645
60.201936,-54.84944,2655
61.075621,-54.84944,2661
61.075621,-53.975756,2669
61.949305,-53.102071,2677
61.949305,-52.228387,2685
61.949305,-50.481019,2695
61.949305,-48.73365,2701
62.822989,-47.859966,2709
62.822989,-46.112598,2718
62.822989,-43.491545,2732
63.696673,-42.617861,2734
63.696673,-40.870492,2741
63.696673,-39.123124,2749
64.570357,-38.24944,2757
64.570357,-37.375756,2770
64.570357,-36.502071,2773
64.570357,-35.628387,2781
64.570357,-34.754703,2789
64.570357,-33.881019,2797
64.570357,-33.007335,2805
64.570357,-31.259966,2814
64.570357,-30.386282,2829
64.570357,-29.512598,2845
64.570357,-28.638914,2861
64.570357,-27.765229,2869
64.570357,-26.891545,2890
64.570357,-25.144177,2901
64.570357,-24.270492,2917
63.696673,-24.270492,3381
62.822989,-24.270492,3405
61.075621,-24.270492,3421
60.201936,-24.270492,3429
59.328252,-24.270492,3437
57.580884,-24.270492,3450
56.7072,-24.270492,3461
55.833515,-24.270492,3477
54.959831,-24.270492,3509
54.086147,-24.270492,3525
53.212463,-24.270492,3549
52.338779,-24.270492,3565
51.465094,-24.270492,3575
51.465094,-25.144177,3581
52.338779,-25.144177,3677
54.086147,-25.144177,3695
55.833515,-25.144177,3701
56.7072,-25.144177,3709
57.580884,-25.144177,3717
59.328252,-25.144177,3725
61.075621,-25.144177,3734
61.949305,-25.144177,3741
62.822989,-25.144177,3749
64.570357,-25.144177,3757
65.444042,-24.270492,3771
66.317726,-23.396808,3773
BREAK
61.075621,-52.228387,4525
61.075621,-53.102071,4534
61.949305,-53.102071,4541
61.949305,-53.975756,4557
61.949305,-54.84944,4570
62.822989,-55.723124,4573
62.822989,-56.596808,4581
63.696673,-57.470492,4589
63.696673,-60.091545,4597
63.696673,-60.965229,4605
63.696673,-61.838914,4614
64.570357,-64.459966,4621
64.570357,-65.33365,4629
65.444042,-66.207335,4637
65.444042,-67.954703,4645
66.317726,-68.828387,4655
66.317726,-69.702071,4661
66.317726,-71.44944,4669
66.317726,-72.323124,4677
66.317726,-73.196808,4685
66.317726,-74.944177,4694
67.19141,-74.944177,4701
67.19141,-75.817861,4709
68.065094,-75.817861,4749
68.938779,-74.944177,4774
BREAK
