START
33.117726,-32.13365,0
33.99141,-32.13365,205
34.865094,-32.13365,215
36.612463,-32.13365,237
37.486147,-32.13365,246
38.359831,-32.13365,282
39.233515,-31.259966,293
40.1072,-30.386282,303
41.854568,-29.512598,340
42.728252,-28.638914,350
43.601936,-28.638914,361
44.475621,-27.765229,371
44.475621,-26.891545,381
45.349305,-26.891545,392
45.349305,-26.017861,402
45.349305,-25.144177,443
46.222989,-25.144177,454
46.222989,-24.270492,482
45.349305,-24.270492,678
44.475621,-24.270492,689
42.728252,-24.270492,699
40.980884,-24.270492,709
40.1072,-24.270492,730
39.233515,-24.270492,741
38.359831,-24.270492,750
37.486147,-24.270492,761
36.612463,-24.270492,828
35.738779,-24.270492,840
34.865094,-24.270492,867
33.117726,-25.144177,877
31.370357,-26.017861,898
30.496673,-26.891545,908
29.622989,-26.891545,918
28.749305,-28.638914,929
27.875621,-29.512598,953
27.001936,-29.512598,962
27.001936,-30.386282,975
26.128252,-31.259966,995
25.254568,-32.13365,1005
25.254568,-33.007335,1016
25.254568,-33.881019,1037
25.254568,-34.754703,1047
25.254568,-35.628387,1057
25.254568,-36.502071,1078
26.128252,-36.502071,1099
26.128252,-37.375756,1121
27.001936,-37.375756,1132
27.875621,-38.24944,1153
28.749305,-38.24944,1162
28.749305,-39.123124,1173
29.622989,-39.123124,1184
30.496673,-39.123124,1204
31.370357,-39.123124,1226
32.244042,-39.123124,1246
33.117726,-39.996808,1267
33.99141,-39.996808,1278
34.865094,-39.996808,1288
36.612463,-40.870492,1309
37.486147,-40.870492,1319
38.359831,-40.870492,1329
39.233515,-40.870492,1340
40.1072,-40.870492,1350
40.980884,-40.870492,1361
41.854568,-40.870492,1370
42.728252,-40.870492,1381
43.601936,-40.870492,1391
44.475621,-40.870492,1402
45.349305,-40.870492,1412
46.222989,-40.870492,1433
47.096673,-40.870492,1443
47.970357,-40.870492,1464
48.844042,-40.870492,1485
49.717726,-40.870492,1505
50.59141,-40.870492,1516
51.465094,-40.870492,1537
50.59141,-40.870492,1750
49.717726,-41.744177,1761
48.844042,-42.617861,1782
47.970357,-43.491545,1808
47.970357,-44.365229,1833
47.970357,-45.238914,1844
47.970357,-46.112598,1868
47.096673,-46.112598,1877
47.096673,-47.859966,1888
47.096673,-48.73365,1912
47.096673,-49.607335,1933
47.096673,-51.354703,1944
47.096673,-53.102071,1964
47.096673,-53.975756,1988
47.096673,-54.84944,2009
47.096673,-55.723124,2053
47.096673,-56.596808,2081
47.970357,-56.596808,2092
48.844042,-56.596808,2113
49.717726,-56.596808,2133
50.59141,-56.596808,2154
51.465094,-57.470492,2164
52.338779,-57.470492,2174
53.212463,-57.470492,2185
54.086147,-57.470492,2196
55.833515,-58.344177,2205
56.7072,-58.344177,2216
57.580884,-58.344177,2227
59.328252,-58.344177,2237
61.949305,-58.344177,2247
63.696673,-58.344177,2257
64.570357,-58.344177,2268
65.444042,-58.344177,2279
66.317726,-58.344177,2288
67.19141,-58.344177,2334
68.065094,-57.470492,2345
69.812463,-55.723124,2355
70.686147,-55.723124,2366
71.559831,-53.975756,2375
72.433515,-53.975756,2386
73.3072,-52.228387,2396
74.180884,-52.228387,2407
74.180884,-51.354703,2416
75.054568,-51.354703,2427
75.054568,-50.481019,2438
75.928252,-49.607335,2449
76.801936,-47.859966,2458
77.675621,-46.986282,2479
77.675621,-46.112598,2490
78.549305,-44.365229,2510
78.549305,-43.491545,2521
78.549305,-42.617861,2531
78.549305,-41.744177,2541
78.549305,-40.870492,2551
78.549305,-39.996808,2562
78.549305,-39.123124,2582
78.549305,-37.375756,2603
78.549305,-36.502071,2614
78.549305,-35.628387,2632
78.549305,-33.881019,2634
78.549305,-33.007335,2645
78.549305,-32.13365,2665
78.549305,-31.259966,2675
79.422989,-29.512598,2686
79.422989,-28.638914,2706
79.422989,-26.891545,2717
79.422989,-25.144177,2738
79.422989,-24.270492,2748
80.296673,-23.396808,2758
80.296673,-22.523124,2769
80.296673,-21.64944,2780
81.170357,-20.775756,2789
81.170357,-19.028387,2800
81.170357,-18.154703,2829
82.044042,-18.154703,2848
82.044042,-19.028387,3022
81.170357,-20.775756,3032
81.170357,-21.64944,3042
81.170357,-23.396808,3063
81.170357,-24.270492,3074
81.170357,-26.017861,3094
81.170357,-26.891545,3115
81.170357,-27.765229,3125
81.170357,-28.638914,3135
81.170357,-30.386282,3146
81.170357,-31.259966,3157
81.170357,-32.13365,3166
81.170357,-33.881019,3177
81.170357,-35.628387,3187
81.170357,-37.375756,3198
81.170357,-38.24944,3207
81.170357,-39.123124,3218
81.170357,-39.996808,3229
81.170357,-41.744177,3239
81.170357,-42.617861,3249
81.170357,-44.365229,3259
81.170357,-46.112598,3270
81.170357,-47.859966,3280
81.170357,-48.73365,3290
82.044042,-49.607335,3301
82.044042,-50.481019,3316
82.044042,-51.354703,3327
82.044042,-53.975756,3336
82.044042,-55.723124,3347
82.044042,-57.470492,3357
82.044042,-59.217861,3368
82.044042,-62.712598,3378
82.044042,-63.586282,3388
82.044042,-67.081019,3399
82.044042,-69.702071,3409
82.044042,-71.44944,3419
82.044042,-73.196808,3430
82.044042,-76.691545,3440
82.044042,-78.438914,3451
82.044042,-80.186282,3460
82.044042,-81.93365,3471
82.044042,-82.807335,3482
82.044042,-85.428387,3492
82.044042,-86.302071,3502
82.044042,-87.175756,3512
82.044042,-88.04944,3523
82.044042,-88.923124,3533
82.044042,-88.04944,3641
82.044042,-87.175756,3652
82.044042,-86.302071,3662
82.044042,-84.554703,3672
82.044042,-81.93365,3683
BREAK
66.317726,-19.028387,7399
68.065094,-19.028387,7586
71.559831,-19.028387,7597
74.180884,-19.028387,7607
77.675621,-19.028387,7618
80.296673,-19.028387,7627
82.917726,-19.028387,7638
83.79141,-19.028387,7648
84.665094,-19.028387,7659
85.538779,-19.028387,7669
86.412463,-19.028387,7679
87.286147,-19.028387,7690
88.159831,-19.028387,7700
89.033515,-19.028387,7710
89.9072,-19.028387,7720
91.654568,-19.028387,7731
92.528252,-19.028387,7742
93.401936,-19.028387,7762
95.149305,-19.028387,7772
96.896673,-19.028387,7798
97.770357,-19.028387,7819
99.517726,-19.028387,7829
100.39141,-19.028387,7839
101.26509,-19.028387,7850
102.13878,-19.028387,7970
BREAK
