START
67.699632,-19.082125,0
66.733531,-19.082125,83
65.767429,-19.082125,95
64.801327,-19.082125,119
63.835225,-19.082125,130
62.869124,-19.082125,142
61.903022,-19.082125,154
59.970819,-19.082125,180
59.004717,-19.082125,192
58.038615,-19.082125,204
57.072514,-20.048227,216
55.14031,-20.048227,227
54.174209,-20.048227,239
53.208107,-20.048227,251
51.275903,-20.048227,263
50.309802,-20.048227,277
49.3437,-20.048227,288
48.377598,-20.048227,300
47.411497,-20.048227,313
45.479293,-20.048227,336
45.479293,-19.082125,347
43.54709,-18.116023,359
41.614886,-18.116023,371
40.648785,-17.149922,385
39.682683,-16.18382,398
37.75048,-16.18382,409
35.818276,-16.18382,421
34.852175,-15.217718,435
32.919971,-15.217718,445
30.987768,-15.217718,456
29.055564,-15.217718,468
28.089463,-14.251617,480
26.157259,-14.251617,493
25.191158,-14.251617,506
22.292853,-14.251617,518
21.326751,-14.251617,530
19.394547,-14.251617,542
18.428446,-14.251617,553
16.496242,-14.251617,572
15.530141,-14.251617,579
14.564039,-14.251617,587
13.597937,-14.251617,614
12.631836,-14.251617,637
11.665734,-15.217718,649
10.699632,-15.217718,660
9.7335305,-15.217718,685
8.7674288,-15.217718,710
BREAK
32.919971,-18.116023,1809
32.919971,-19.082125,1903
32.919971,-20.048227,1926
32.919971,-21.014329,1937
32.919971,-21.98043,1949
33.886073,-21.98043,1962
33.886073,-22.946532,1987
33.886073,-23.912634,2012
33.886073,-25.844837,2034
33.886073,-26.810939,2045
33.886073,-27.77704,2062
33.886073,-28.743142,2070
33.886073,-29.709244,2081
33.886073,-30.675345,2094
33.886073,-32.607549,2107
33.886073,-34.539752,2120
33.886073,-36.471956,2143
33.886073,-37.438057,2154
33.886073,-39.370261,2166
33.886073,-40.336362,2178
33.886073,-41.302464,2203
33.886073,-42.268566,2209
33.886073,-43.234667,2217
33.886073,-45.166871,2229
33.886073,-46.132973,2241
33.886073,-47.099074,2262
33.886073,-48.065176,2287
33.886073,-49.031278,2327
33.886073,-49.997379,2348
33.886073,-49.031278,2576
33.886073,-48.065176,2603
34.852175,-48.065176,2614
35.818276,-47.099074,2638
35.818276,-46.132973,2662
36.784378,-46.132973,2673
36.784378,-45.166871,2684
37.75048,-44.200769,2709
37.75048,-43.234667,2736
38.716581,-43.234667,2747
39.682683,-42.268566,2759
40.648785,-41.302464,2781
40.648785,-40.336362,2792
41.614886,-40.336362,2804
42.580988,-39.370261,2843
43.54709,-38.404159,2855
44.513192,-37.438057,2868
45.479293,-37.438057,2890
46.445395,-37.438057,2901
47.411497,-37.438057,2926
48.377598,-36.471956,2939
49.3437,-36.471956,2951
50.309802,-36.471956,2964
51.275903,-36.471956,2988
52.242005,-36.471956,3010
53.208107,-36.471956,3022
54.174209,-36.471956,3034
55.14031,-36.471956,3072
55.14031,-37.438057,3648
56.106412,-38.404159,3660
56.106412,-39.370261,3673
57.072514,-40.336362,3698
57.072514,-43.234667,3710
57.072514,-44.200769,3723
58.038615,-46.132973,3734
58.038615,-49.031278,3746
58.038615,-51.929583,3757
58.038615,-53.861786,3769
58.038615,-56.760091,3781
58.038615,-59.658396,3795
58.038615,-61.5906,3807
58.038615,-64.488905,3820
58.038615,-65.455006,3830
58.038615,-66.421108,3854
58.038615,-67.38721,3865
58.038615,-68.353312,3877
58.038615,-70.285515,3889
58.038615,-74.149922,3960
58.038615,-75.116023,3998
BREAK
