START
40.254717,-5.8273092,0
40.254717,-6.8273092,10
40.254717,-7.8273092,20
40.254717,-8.8273092,30
40.254717,-9.8273092,40
39.254717,-10.827309,50
39.254717,-11.827309,61
38.254717,-12.827309,70
38.254717,-13.827309,81
38.254717,-14.827309,91
38.254717,-15.827309,101
38.254717,-16.827309,111
38.254717,-17.827309,121
37.254717,-20.827309,131
37.254717,-21.827309,142
37.254717,-22.827309,151
36.254717,-23.827309,162
36.254717,-24.827309,172
36.254717,-25.827309,183
36.254717,-26.827309,192
35.254717,-27.827309,202
35.254717,-28.827309,223
35.254717,-29.827309,233
34.254717,-30.827309,243
BREAK
34.254717,-33.827309,275
34.254717,-34.827309,283
33.254717,-35.827309,294
33.254717,-36.827309,304
BREAK
32.254717,-40.827309,356
32.254717,-41.827309,365
33.254717,-42.827309,433
33.254717,-43.827309,452
34.254717,-43.827309,461
35.254717,-43.827309,472
36.254717,-43.827309,482
37.254717,-43.827309,491
40.254717,-43.827309,502
41.254717,-43.827309,512
42.254717,-43.827309,523
43.254717,-44.827309,532
47.254717,-44.827309,542
50.254717,-45.827309,553
51.254717,-45.827309,563
55.254717,-46.827309,573
56.254717,-47.827309,583
57.254717,-47.827309,593
57.254717,-48.827309,604
58.254717,-49.827309,613
58.254717,-50.827309,624
59.254717,-51.827309,651
60.254717,-52.827309,669
61.254717,-52.827309,690
61.254717,-53.827309,700
62.254717,-53.827309,710
63.254717,-53.827309,732
64.254717,-53.827309,774
65.254717,-53.827309,791
66.254717,-54.827309,801
67.254717,-55.827309,812
68.254717,-55.827309,821
69.254717,-55.827309,1143
70.254717,-56.827309,1161
71.254717,-56.827309,1172
72.254717,-56.827309,1182
73.254717,-56.827309,1192
74.254717,-56.827309,1202
75.254717,-56.827309,1223
76.254717,-56.827309,1268
BREAK
76.254717,-56.827309,1419
77.254717,-56.827309,1468
78.254717,-55.827309,1496
79.254717,-55.827309,1507
82.254717,-54.827309,1518
83.254717,-53.827309,1527
BREAK
83.254717,-53.827309,1604
84.254717,-53.827309,1730
84.254717,-54.827309,1740
84.254717,-55.827309,1750
83.254717,-56.827309,1761
82.254717,-60.827309,1771
81.254717,-61.827309,1780
80.254717,-62.827309,1791
76.254717,-63.827309,1801
73.254717,-64.827309,1811
72.254717,-65.827309,1821
68.254717,-65.827309,1831
67.254717,-66.827309,1842
66.254717,-67.827309,1852
63.254717,-70.827309,1861
60.254717,-71.827309,1872
57.254717,-72.827309,1882
53.254717,-73.827309,1893
52.254717,-74.827309,1902
51.254717,-77.827309,1913
50.254717,-78.827309,1923
49.254717,-79.827309,1933
48.254717,-80.827309,1943
47.254717,-81.827309,1953
46.254717,-82.827309,1964
45.254717,-82.827309,1974
44.254717,-83.827309,1983
43.254717,-84.827309,2004
42.254717,-85.827309,2025
41.254717,-86.827309,2034
41.254717,-87.827309,2045
41.254717,-88.827309,2065
41.254717,-89.827309,2085
BREAK
53.254717,-24.827309,2783
BREAK
53.254717,-24.827309,2925
BREAK
