START
56.254717,-14.827309,0
55.254717,-14.827309,128
54.254717,-15.827309,152
53.254717,-15.827309,160
52.254717,-16.827309,183
51.254717,-16.827309,192
51.254717,-17.827309,200
50.254717,-17.827309,208
49.254717,-17.827309,216
48.254717,-18.827309,224
47.254717,-18.827309,232
45.254717,-18.827309,248
43.254717,-18.827309,264
42.254717,-19.827309,280
41.254717,-19.827309,288
40.254717,-19.827309,304
40.254717,-20.827309,312
39.254717,-20.827309,320
38.254717,-20.827309,328
37.254717,-20.827309,344
36.254717,-20.827309,360
35.254717,-20.827309,376
34.254717,-21.827309,388
33.254717,-21.827309,400
33.254717,-22.827309,416
32.254717,-22.827309,424
31.254717,-22.827309,432
30.254717,-22.827309,440
30.254717,-23.827309,448
29.254717,-23.827309,456
29.254717,-24.827309,472
28.254717,-24.827309,480
27.254717,-24.827309,488
27.254717,-25.827309,512
26.254717,-25.827309,552
25.254717,-25.827309,560
24.254717,-26.827309,584
23.254717,-26.827309,600
22.254717,-26.827309,624
22.254717,-27.827309,648
21.254717,-27.827309,656
20.254717,-27.827309,680
20.254717,-28.827309,704
19.254717,-28.827309,736
18.254717,-28.827309,760
17.254717,-28.827309,776
16.254717,-28.827309,792
15.254717,-28.827309,808
15.254717,-29.827309,832
15.254717,-30.827309,856
15.254717,-31.827309,880
16.254717,-31.827309,904
16.254717,-32.827309,912
17.254717,-32.827309,928
17.254717,-33.827309,944
18.254717,-33.827309,952
19.254717,-33.827309,968
20.254717,-34.827309,976
21.254717,-34.827309,992
22.254717,-35.827309,1000
23.254717,-35.827309,1008
24.254717,-36.827309,1016
25.254717,-37.827309,1032
26.254717,-37.827309,1040
27.254717,-38.827309,1048
28.254717,-39.827309,1064
29.254717,-40.827309,1072
30.254717,-40.827309,1080
30.254717,-41.827309,1088
32.254717,-41.827309,1096
34.254717,-43.827309,1104
36.254717,-44.827309,1120
36.254717,-45.827309,1128
37.254717,-46.827309,1136
38.254717,-46.827309,1144
39.254717,-47.827309,1152
40.254717,-48.827309,1160
40.254717,-49.827309,1168
40.254717,-50.827309,1176
40.254717,-51.827309,1184
41.254717,-51.827309,1192
41.254717,-52.827309,1200
42.254717,-53.827309,1208
42.254717,-54.827309,1216
43.254717,-54.827309,1224
44.254717,-55.827309,1232
44.254717,-56.827309,1240
45.254717,-57.827309,1248
45.254717,-58.827309,1256
46.254717,-58.827309,1264
46.254717,-59.827309,1273
48.254717,-60.827309,1280
48.254717,-61.827309,1288
49.254717,-61.827309,1296
50.254717,-61.827309,1312
51.254717,-61.827309,1328
52.254717,-62.827309,1344
53.254717,-62.827309,1376
54.254717,-62.827309,1392
55.254717,-62.827309,1408
56.254717,-62.827309,1432
57.254717,-62.827309,1448
58.254717,-62.827309,1624
57.254717,-62.827309,1657
56.254717,-63.827309,1744
55.254717,-63.827309,1768
54.254717,-64.827309,1786
53.254717,-64.827309,1792
52.254717,-65.827309,1808
51.254717,-65.827309,1816
50.254717,-66.827309,1824
49.254717,-66.827309,1834
48.254717,-67.827309,1840
47.254717,-68.827309,1848
45.254717,-68.827309,1857
44.254717,-70.827309,1864
42.254717,-71.827309,1872
40.254717,-71.827309,1880
39.254717,-73.827309,1888
37.254717,-73.827309,1896
36.254717,-74.827309,1904
35.254717,-75.827309,1912
33.254717,-76.827309,1920
32.254717,-77.827309,1928
31.254717,-77.827309,1936
30.254717,-77.827309,1952
29.254717,-77.827309,1968
28.254717,-77.827309,1984
27.254717,-77.827309,2000
26.254717,-77.827309,2016
25.254717,-77.827309,2024
24.254717,-77.827309,2040
23.254717,-77.827309,2048
23.254717,-78.827309,2057
22.254717,-78.827309,2067
21.254717,-79.827309,2088
20.254717,-79.827309,2104
20.254717,-80.827309,2120
19.254717,-80.827309,2128
18.254717,-80.827309,2137
17.254717,-80.827309,2152
16.254717,-80.827309,2168
15.254717,-80.827309,2176
15.254717,-81.827309,2184
14.254717,-81.827309,2200
BREAK
53.254717,-36.827309,3560
53.254717,-37.827309,3656
53.254717,-38.827309,3736
52.254717,-38.827309,3752
51.254717,-38.827309,3768
50.254717,-38.827309,3840
49.254717,-38.827309,3896
49.254717,-37.827309,3920
48.254717,-37.827309,3928
48.254717,-36.827309,4056
49.254717,-36.827309,4080
49.254717,-35.827309,4088
50.254717,-35.827309,4096
50.254717,-34.827309,4104
51.254717,-34.827309,4128
51.254717,-33.827309,4136
52.254717,-33.827309,4152
53.254717,-33.827309,4200
54.254717,-33.827309,4376
54.254717,-34.827309,4392
55.254717,-34.827309,4408
55.254717,-35.827309,4456
56.254717,-35.827309,4537
56.254717,-36.827309,4552
56.254717,-37.827309,4632
56.254717,-38.827309,4664
56.254717,-39.827309,4672
55.254717,-39.827309,4696
54.254717,-39.827309,4728
54.254717,-40.827309,4808
53.254717,-40.827309,4832
52.254717,-40.827309,4976
51.254717,-40.827309,5032
50.254717,-40.827309,5225
BREAK
