START
70.877358,-15.702811,0
68.877358,-18.702811,192
66.877358,-22.702811,203
65.877358,-26.702811,213
63.877358,-29.702811,224
61.877358,-32.702811,234
61.877358,-34.702811,245
59.877358,-36.702811,255
59.877358,-38.702811,266
57.877358,-40.702811,277
57.877358,-41.702811,287
55.877358,-45.702811,298
55.877358,-46.702811,308
54.877358,-50.702811,319
52.877358,-52.702811,330
52.877358,-53.702811,340
50.877358,-56.702811,351
49.877358,-57.702811,362
49.877358,-58.702811,372
48.877358,-61.702811,383
46.877358,-64.702811,393
46.877358,-65.702811,404
45.877358,-67.702811,414
44.877358,-69.702811,425
42.877358,-73.702811,436
42.877358,-75.702811,446
42.877358,-76.702811,457
41.877358,-78.702811,467
40.877358,-78.702811,478
40.877358,-80.702811,489
39.877358,-82.702811,500
38.877358,-83.702811,520
38.877358,-84.702811,530
38.877358,-85.702811,568
BREAK
25.877358,-19.702811,3935
26.877358,-20.702811,4254
28.877358,-21.702811,4264
30.877358,-23.702811,4275
33.877358,-24.702811,4285
35.877358,-26.702811,4296
37.877358,-27.702811,4307
38.877358,-29.702811,4317
40.877358,-30.702811,4328
42.877358,-31.702811,4338
42.877358,-32.702811,4360
43.877358,-33.702811,4370
44.877358,-34.702811,4402
45.877358,-35.702811,4412
47.877358,-36.702811,4423
47.877358,-37.702811,4434
48.877358,-38.702811,4444
50.877358,-39.702811,4465
51.877358,-41.702811,4476
52.877358,-41.702811,4487
53.877358,-43.702811,4497
54.877358,-44.702811,4508
56.877358,-46.702811,4518
58.877358,-48.702811,4540
60.877358,-50.702811,4550
62.877358,-51.702811,4572
62.877358,-52.702811,4582
63.877358,-53.702811,4593
64.877358,-54.702811,4604
65.877358,-54.702811,4617
65.877358,-55.702811,4633
66.877358,-56.702811,4643
67.877358,-57.702811,4664
68.877358,-58.702811,4675
69.877358,-59.702811,4686
70.877358,-60.702811,4696
71.877358,-61.702811,4707
71.877358,-62.702811,4719
72.877358,-63.702811,4729
73.877358,-64.702811,4751
74.877358,-65.702811,4772
75.877358,-66.702811,4782
75.877358,-67.702811,4794
76.877358,-68.702811,4816
77.877358,-69.702811,5002
77.877358,-70.702811,5013
78.877358,-70.702811,5024
79.877358,-71.702811,5035
80.877358,-72.702811,5140
81.877358,-73.702811,5177
83.877358,-74.702811,5188
84.877358,-76.702811,5198
85.877358,-76.702811,5209
85.877358,-77.702811,5227
86.877358,-77.702811,5237
BREAK
