START
39.877358,-27.702811,0
39.877358,-28.702811,123
39.877358,-29.702811,151
40.877358,-30.702811,179
41.877358,-31.702811,193
41.877358,-32.702811,207
42.877358,-33.702811,220
43.877358,-34.702811,236
43.877358,-36.702811,247
44.877358,-37.702811,261
46.877358,-39.702811,276
46.877358,-40.702811,289
48.877358,-41.702811,303
49.877358,-42.702811,317
50.877358,-43.702811,332
52.877358,-45.702811,345
53.877358,-46.702811,358
55.877358,-47.702811,373
55.877358,-48.702811,386
57.877358,-50.702811,400
58.877358,-50.702811,414
59.877358,-52.702811,427
60.877358,-53.702811,441
61.877358,-55.702811,455
62.877358,-55.702811,470
63.877358,-57.702811,483
64.877358,-57.702811,496
66.877358,-58.702811,510
67.877358,-59.702811,524
68.877358,-60.702811,537
69.877358,-61.702811,552
70.877358,-61.702811,565
71.877358,-62.702811,579
72.877358,-63.702811,593
73.877358,-64.702811,620
73.877358,-65.702811,648
74.877358,-66.702811,689
BREAK
67.877358,-23.702811,2111
67.877358,-24.702811,2179
67.877358,-25.702811,2207
67.877358,-26.702811,2220
67.877358,-27.702811,2234
66.877358,-29.702811,2248
66.877358,-30.702811,2262
66.877358,-32.702811,2275
65.877358,-33.702811,2291
65.877358,-35.702811,2303
64.877358,-37.702811,2318
64.877358,-38.702811,2331
63.877358,-39.702811,2346
63.877358,-41.702811,2359
62.877358,-43.702811,2376
61.877358,-44.702811,2386
60.877358,-46.702811,2400
60.877358,-47.702811,2414
59.877358,-48.702811,2427
58.877358,-51.702811,2442
58.877358,-52.702811,2455
56.877358,-53.702811,2469
55.877358,-56.702811,2483
55.877358,-57.702811,2498
54.877358,-58.702811,2515
53.877358,-60.702811,2524
53.877358,-61.702811,2538
53.877358,-62.702811,2553
52.877358,-64.702811,2565
51.877358,-65.702811,2581
50.877358,-66.702811,2593
50.877358,-68.702811,2607
49.877358,-70.702811,2621
48.877358,-72.702811,2636
48.877358,-74.702811,2648
47.877358,-75.702811,2662
46.877358,-76.702811,2677
45.877358,-78.702811,2690
45.877358,-79.702811,2704
44.877358,-80.702811,2718
43.877358,-80.702811,2760
43.877358,-79.702811,2842
43.877358,-78.702811,2869
BREAK
