START
32.877358,-24.702811,0
58.877358,-50.702811,149
60.877358,-53.702811,154
61.877358,-55.702811,160
63.877358,-57.702811,168
63.877358,-59.702811,176
64.877358,-60.702811,184
65.877358,-61.702811,192
65.877358,-62.702811,200
66.877358,-63.702811,208
66.877358,-64.702811,216
66.877358,-65.702811,232
67.877358,-66.702811,240
67.877358,-67.702811,264
BREAK
67.877358,-28.702811,738
67.877358,-30.702811,744
66.877358,-31.702811,752
66.877358,-32.702811,760
64.877358,-33.702811,767
63.877358,-35.702811,776
61.877358,-37.702811,784
58.877358,-40.702811,792
56.877358,-42.702811,800
55.877358,-44.702811,808
52.877358,-48.702811,816
51.877358,-50.702811,824
49.877358,-53.702811,832
48.877358,-56.702811,840
46.877358,-58.702811,848
44.877358,-61.702811,856
41.877358,-64.702811,864
40.877358,-67.702811,872
37.877358,-70.702811,880
35.877358,-72.702811,888
34.877358,-75.702811,896
32.877358,-78.702811,904
31.877358,-79.702811,912
30.877358,-81.702811,920
29.877358,-83.702811,928
28.877358,-84.702811,936
27.877358,-86.702811,944
22.877358,-91.702811,1222
BREAK
