START
17.877358,-9.7028112,0
18.877358,-9.7028112,111
19.877358,-10.702811,122
21.877358,-12.702811,135
24.877358,-17.702811,148
27.877358,-20.702811,161
30.877358,-24.702811,175
33.877358,-28.702811,188
37.877358,-32.702811,202
40.877358,-36.702811,215
43.877358,-41.702811,228
46.877358,-44.702811,241
48.877358,-47.702811,255
49.877358,-48.702811,268
51.877358,-51.702811,281
53.877358,-54.702811,295
54.877358,-57.702811,308
56.877358,-60.702811,322
58.877358,-62.702811,335
59.877358,-63.702811,348
61.877358,-66.702811,361
63.877358,-68.702811,375
64.877358,-71.702811,388
65.877358,-73.702811,401
66.877358,-75.702811,415
67.877358,-76.702811,428
68.877358,-77.702811,442
69.877358,-78.702811,455
69.877358,-79.702811,468
71.877358,-81.702811,481
71.877358,-82.702811,508
72.877358,-83.702811,535
72.877358,-84.702811,548
73.877358,-84.702811,561
74.877358,-85.702811,575
74.877358,-86.702811,601
75.877358,-87.702811,641
76.877358,-87.702811,681
76.877358,-88.702811,722
77.877358,-88.702811,762
77.877358,-89.702811,788
BREAK
20.877358,-90.702811,1864
20.877358,-89.702811,1921
20.877358,-88.702811,1934
21.877358,-88.702811,1948
22.877358,-87.702811,1961
23.877358,-86.702811,1974
24.877358,-83.702811,1987
25.877358,-82.702811,2002
27.877358,-80.702811,2014
30.877358,-77.702811,2027
31.877358,-74.702811,2041
33.877358,-72.702811,2054
36.877358,-71.702811,2067
38.877358,-69.702811,2081
40.877358,-67.702811,2094
41.877358,-64.702811,2107
43.877358,-62.702811,2121
45.877358,-60.702811,2134
46.877358,-59.702811,2147
48.877358,-56.702811,2161
49.877358,-55.702811,2174
52.877358,-52.702811,2187
54.877358,-50.702811,2201
56.877358,-47.702811,2214
57.877358,-44.702811,2227
59.877358,-42.702811,2241
60.877358,-40.702811,2254
60.877358,-39.702811,2267
61.877358,-38.702811,2281
61.877358,-36.702811,2294
62.877358,-35.702811,2307
63.877358,-33.702811,2321
64.877358,-32.702811,2334
65.877358,-29.702811,2347
65.877358,-28.702811,2361
67.877358,-26.702811,2387
67.877358,-25.702811,2401
68.877358,-23.702811,2414
69.877358,-22.702811,2427
69.877358,-21.702811,2441
70.877358,-20.702811,2467
70.877358,-19.702811,2481
71.877358,-18.702811,2494
72.877358,-17.702811,2507
73.877358,-16.702811,2521
73.877358,-15.702811,2534
74.877358,-15.702811,2547
74.877358,-14.702811,2561
75.877358,-13.702811,2588
76.877358,-13.702811,2601
BREAK
