START
39.29717,-36.389558,0
34.29717,-36.389558,2
34.29717,-38.389558,51
37.29717,-38.389558,98
38.29717,-33.389558,147
34.29717,-28.389558,192
28.29717,-31.389558,236
28.29717,-38.389558,279
29.29717,-39.389558,281
36.29717,-41.389558,326
37.29717,-41.389558,329
38.29717,-36.389558,371
38.29717,-34.389558,416
38.29717,-35.389558,459
37.29717,-37.389558,502
33.29717,-36.389558,1134
BREAK
64.29717,-65.389558,1247
62.29717,-70.389558,1291
64.29717,-70.389558,1297
66.29717,-70.389558,1305
68.29717,-70.389558,1313
71.29717,-66.389558,1360
71.29717,-65.389558,1369
71.29717,-63.389558,1411
67.29717,-64.389558,1455
65.29717,-69.389558,1499
69.29717,-69.389558,1542
70.29717,-69.389558,1545
70.29717,-66.389558,1592
70.29717,-65.389558,1594
69.29717,-64.389558,1639
68.29717,-64.389558,1641
67.29717,-64.389558,1683
67.29717,-65.389558,1726
68.29717,-62.389558,1776
68.29717,-59.389558,1822
66.29717,-60.389558,1867
66.29717,-62.389558,1911
BREAK
