START
31.438144,-29.256718,0
32.345361,-29.256718,407
33.252577,-29.256718,415
34.159794,-29.256718,423
34.159794,-30.163934,431
35.06701,-30.163934,439
35.974227,-30.163934,447
36.881443,-31.071151,463
36.881443,-31.978367,527
36.881443,-32.885584,615
37.78866,-32.885584,623
38.695876,-33.7928,647
38.695876,-34.700017,679
38.695876,-35.607233,711
38.695876,-36.51445,735
38.695876,-37.421666,759
38.695876,-38.328883,767
37.78866,-39.236099,783
37.78866,-41.050532,791
36.881443,-42.864965,812
36.881443,-43.772182,817
36.881443,-45.586614,823
36.881443,-46.493831,831
35.974227,-46.493831,839
35.974227,-47.401047,847
35.974227,-48.308264,863
35.974227,-49.21548,871
35.974227,-50.122697,879
35.974227,-51.029913,895
35.974227,-51.93713,911
35.974227,-52.844346,919
35.974227,-53.751563,927
35.974227,-54.658779,935
35.974227,-55.565996,943
35.974227,-56.473212,951
35.974227,-57.380429,959
35.974227,-58.287645,967
35.974227,-59.194862,975
35.974227,-60.102078,983
36.881443,-61.009295,991
36.881443,-61.916511,999
36.881443,-62.823728,1007
36.881443,-63.730944,1015
37.78866,-63.730944,1023
37.78866,-64.638161,1031
37.78866,-65.545377,1039
37.78866,-66.452594,1055
38.695876,-67.35981,1079
BREAK
78.613402,-33.7928,1608
77.706186,-34.700017,1663
76.798969,-35.607233,1671
74.984536,-37.421666,1679
74.07732,-38.328883,1688
74.07732,-39.236099,1695
72.262887,-41.050532,1703
71.35567,-41.957749,1711
71.35567,-43.772182,1719
70.448454,-44.679398,1727
69.541237,-46.493831,1738
69.541237,-48.308264,1743
68.634021,-50.122697,1751
68.634021,-51.029913,1759
68.634021,-52.844346,1767
68.634021,-53.751563,1775
68.634021,-55.565996,1783
69.541237,-56.473212,1791
70.448454,-58.287645,1799
71.35567,-60.102078,1807
73.170103,-61.009295,1815
74.07732,-61.916511,1823
74.984536,-62.823728,1831
75.891753,-63.730944,1839
76.798969,-64.638161,1847
77.706186,-65.545377,1855
78.613402,-65.545377,1871
79.520619,-65.545377,1887
78.613402,-63.730944,1952
BREAK
35.06701,-13.834037,2312
35.974227,-13.834037,2626
BREAK
65.912371,-16.555687,2864
BREAK
