START
67.75,-26.859438,0
63.75,-29.859438,120
60.75,-29.859438,137
55.75,-29.859438,154
50.75,-29.859438,170
46.75,-30.859438,187
43.75,-32.859438,204
40.75,-34.859438,220
38.75,-37.859438,237
35.75,-42.859438,254
34.75,-45.859438,271
32.75,-50.859438,287
32.75,-53.859438,304
32.75,-55.859438,321
32.75,-56.859438,337
32.75,-57.859438,371
33.75,-57.859438,387
33.75,-59.859438,404
35.75,-59.859438,421
37.75,-60.859438,437
41.75,-61.859438,454
45.75,-61.859438,471
50.75,-61.859438,488
53.75,-61.859438,504
56.75,-60.859438,521
58.75,-59.859438,538
59.75,-59.859438,554
59.75,-57.859438,588
60.75,-55.859438,604
61.75,-54.859438,621
61.75,-52.859438,638
63.75,-51.859438,655
64.75,-50.859438,671
64.75,-48.859438,688
64.75,-47.859438,705
65.75,-46.859438,721
65.75,-45.859438,738
65.75,-44.859438,772
65.75,-43.859438,788
65.75,-42.859438,822
65.75,-41.859438,838
65.75,-40.859438,855
65.75,-39.859438,872
65.75,-38.859438,888
66.75,-37.859438,905
66.75,-36.859438,922
68.75,-32.859438,938
68.75,-30.859438,955
69.75,-29.859438,972
69.75,-27.859438,988
69.75,-25.859438,1022
69.75,-24.859438,1039
69.75,-25.859438,1189
69.75,-26.859438,1206
69.75,-28.859438,1222
69.75,-30.859438,1239
69.75,-32.859438,1256
69.75,-34.859438,1272
69.75,-35.859438,1289
69.75,-39.859438,1306
69.75,-42.859438,1322
68.75,-46.859438,1339
67.75,-50.859438,1356
67.75,-54.859438,1372
67.75,-57.859438,1389
67.75,-59.859438,1406
67.75,-61.859438,1423
67.75,-65.859438,1439
67.75,-68.859438,1456
67.75,-70.859438,1473
67.75,-72.859438,1489
67.75,-73.859438,1506
67.75,-75.859438,1523
67.75,-76.859438,1539
67.75,-79.859438,1556
67.75,-80.859438,1573
67.75,-81.859438,1589
67.75,-82.859438,1623
68.75,-82.859438,1706
69.75,-82.859438,1740
70.75,-82.859438,1756
72.75,-82.859438,1773
74.75,-82.859438,1790
76.75,-82.859438,1807
77.75,-82.859438,1823
78.75,-82.859438,1840
79.75,-82.859438,1857
80.75,-82.859438,1873
81.75,-82.859438,1890
82.75,-81.859438,1907
84.75,-80.859438,1940
84.75,-79.859438,1990
84.75,-78.859438,2024
84.75,-77.859438,2074
84.75,-76.859438,2124
BREAK
