START
18.648014,-15.525271,0
18.648014,-16.427798,608
18.648014,-17.330325,631
18.648014,-18.232852,639
19.550542,-18.232852,663
19.550542,-19.135379,671
19.550542,-20.037906,695
20.453069,-20.037906,703
20.453069,-20.940433,727
20.453069,-21.84296,743
21.355596,-21.84296,751
21.355596,-22.745487,783
22.258123,-22.745487,839
22.258123,-23.648014,855
23.16065,-23.648014,871
23.16065,-24.550542,903
23.16065,-25.453069,911
24.063177,-25.453069,919
24.063177,-26.355596,943
24.965704,-26.355596,951
25.868231,-27.258123,976
26.770758,-27.258123,992
26.770758,-28.16065,1000
26.770758,-29.063177,1016
27.673285,-29.063177,1024
27.673285,-29.965704,1048
28.575812,-29.965704,1056
28.575812,-30.868231,1088
29.478339,-30.868231,1111
29.478339,-31.770758,1128
30.380866,-31.770758,1135
30.380866,-32.673285,1152
30.380866,-33.575812,1183
31.283394,-33.575812,1192
31.283394,-34.478339,1216
32.185921,-34.478339,1223
32.185921,-35.380866,1247
33.088448,-35.380866,1255
33.088448,-36.283394,1263
33.990975,-36.283394,1280
33.990975,-37.185921,1287
34.893502,-37.185921,1311
34.893502,-38.088448,1328
35.796029,-38.088448,1399
35.796029,-38.990975,1407
35.796029,-39.893502,1423
36.698556,-39.893502,1439
36.698556,-40.796029,1448
37.601083,-40.796029,1456
37.601083,-41.698556,1471
38.50361,-41.698556,1480
38.50361,-42.601083,1487
39.406137,-42.601083,1511
39.406137,-43.50361,1520
39.406137,-44.406137,1551
40.308664,-44.406137,1584
40.308664,-45.308664,1600
41.211191,-45.308664,1608
41.211191,-46.211191,1647
42.113718,-46.211191,1655
42.113718,-47.113718,1687
42.113718,-48.016245,1703
43.016245,-48.016245,1712
43.016245,-48.918773,1735
43.918773,-48.918773,1744
44.8213,-48.918773,1759
44.8213,-49.8213,1767
45.723827,-49.8213,1783
45.723827,-50.723827,1799
45.723827,-51.626354,1807
46.626354,-51.626354,1816
46.626354,-52.528881,1839
47.528881,-52.528881,1848
47.528881,-53.431408,1871
48.431408,-53.431408,1880
49.333935,-53.431408,1888
49.333935,-54.333935,1896
49.333935,-55.236462,1912
50.236462,-55.236462,1919
50.236462,-56.138989,1935
51.138989,-56.138989,1952
51.138989,-57.041516,1984
52.041516,-57.041516,2023
52.041516,-57.944043,2032
52.944043,-57.944043,2039
52.944043,-58.84657,2048
52.944043,-59.749097,2071
53.84657,-59.749097,2080
53.84657,-60.651625,2096
54.749097,-60.651625,2104
54.749097,-61.554152,2120
54.749097,-62.456679,2136
55.651625,-62.456679,2144
56.554152,-62.456679,2160
56.554152,-63.359206,2168
56.554152,-64.261733,2200
57.456679,-64.261733,2208
57.456679,-65.16426,2232
58.359206,-65.16426,2239
58.359206,-66.066787,2248
59.261733,-66.066787,2264
59.261733,-66.969314,2272
60.16426,-66.969314,2280
60.16426,-67.871841,2304
61.066787,-67.871841,2320
61.066787,-68.774368,2344
61.969314,-68.774368,2351
61.969314,-69.676895,2360
62.871841,-70.579422,2376
63.774368,-70.579422,2384
64.676895,-71.481949,2400
65.579422,-71.481949,2416
65.579422,-72.384477,2440
66.481949,-72.384477,2448
67.384477,-72.384477,2512
67.384477,-73.287004,2544
68.287004,-73.287004,2576
68.287004,-74.189531,2584
69.189531,-74.189531,2591
70.092058,-74.189531,2623
70.092058,-75.092058,2631
70.994585,-75.092058,2639
71.897112,-75.092058,2679
71.897112,-75.994585,2687
72.799639,-75.994585,2703
72.799639,-76.897112,2719
73.702166,-76.897112,2727
74.604693,-77.799639,2735
75.50722,-77.799639,2751
75.50722,-78.702166,2759
76.409747,-78.702166,2807
76.409747,-79.604693,2815
77.312274,-79.604693,2879
77.312274,-80.50722,2895
78.214801,-80.50722,2919
78.214801,-81.409747,2927
79.117329,-81.409747,2944
79.117329,-82.312274,2967
80.019856,-82.312274,2999
80.019856,-83.214801,3023
80.922383,-83.214801,3063
80.922383,-84.117329,3071
80.922383,-85.019856,3079
81.82491,-85.019856,3095
81.82491,-85.922383,3103
82.727437,-85.922383,3112
82.727437,-86.82491,3127
83.629964,-86.82491,3191
83.629964,-87.727437,3208
83.629964,-88.629964,3312
BREAK
43.016245,-42.601083,4871
43.016245,-41.698556,5151
43.918773,-40.796029,5159
44.8213,-39.893502,5175
45.723827,-38.990975,5199
46.626354,-38.088448,5223
46.626354,-37.185921,5295
47.528881,-37.185921,5303
47.528881,-36.283394,5327
48.431408,-36.283394,5335
48.431408,-35.380866,5343
49.333935,-35.380866,5351
49.333935,-34.478339,5359
50.236462,-33.575812,5375
51.138989,-32.673285,5391
51.138989,-31.770758,5407
52.041516,-31.770758,5415
52.041516,-30.868231,5423
52.041516,-29.965704,5431
52.944043,-29.965704,5439
52.944043,-29.063177,5455
53.84657,-29.063177,5471
53.84657,-28.16065,5479
54.749097,-28.16065,5487
54.749097,-27.258123,5519
55.651625,-27.258123,5535
55.651625,-26.355596,5543
56.554152,-26.355596,5607
56.554152,-25.453069,5615
57.456679,-25.453069,5647
57.456679,-24.550542,5655
58.359206,-24.550542,5663
58.359206,-23.648014,5679
58.359206,-22.745487,5703
59.261733,-22.745487,5711
59.261733,-21.84296,5751
60.16426,-21.84296,5759
60.16426,-20.940433,5799
61.066787,-20.940433,5839
61.066787,-20.037906,5863
61.969314,-20.037906,5871
61.969314,-19.135379,5879
62.871841,-19.135379,5911
62.871841,-18.232852,5919
62.871841,-17.330325,5967
63.774368,-17.330325,5983
63.774368,-16.427798,5999
63.774368,-15.525271,6023
64.676895,-15.525271,6055
64.676895,-14.622744,6087
65.579422,-14.622744,6095
65.579422,-13.720217,6215
66.481949,-13.720217,6439
66.481949,-12.81769,6455
67.384477,-11.915162,6479
67.384477,-11.012635,6487
68.287004,-11.012635,6495
69.189531,-11.012635,6503
69.189531,-10.110108,6511
70.092058,-10.110108,6519
BREAK
