START
21.355596,-30.868231,0
23.16065,-31.770758,93
27.673285,-36.283394,102
32.185921,-40.796029,111
40.308664,-48.918773,121
48.431408,-55.236462,130
53.84657,-61.554152,139
61.969314,-69.676895,149
66.481949,-74.189531,158
72.799639,-79.604693,167
75.50722,-81.409747,177
78.214801,-84.117329,186
78.214801,-85.019856,195
79.117329,-85.922383,205
79.117329,-86.82491,242
79.117329,-87.727437,261
BREAK
75.50722,-29.063177,2171
74.604693,-29.063177,2236
72.799639,-29.965704,2255
71.897112,-31.770758,2264
70.994585,-32.673285,2273
69.189531,-33.575812,2282
68.287004,-35.380866,2292
66.481949,-37.185921,2301
64.676895,-38.088448,2311
63.774368,-39.893502,2320
61.969314,-41.698556,2329
60.16426,-42.601083,2338
59.261733,-44.406137,2348
58.359206,-45.308664,2367
57.456679,-46.211191,2376
56.554152,-47.113718,2385
55.651625,-48.918773,2395
54.749097,-48.918773,2404
54.749097,-49.8213,2413
53.84657,-50.723827,2422
52.944043,-51.626354,2432
52.041516,-52.528881,2451
51.138989,-52.528881,2460
51.138989,-53.431408,2479
50.236462,-53.431408,2488
49.333935,-53.431408,2506
49.333935,-54.333935,2534
48.431408,-54.333935,2544
BREAK
