START
16.860406,-23.88438,0
17.763959,-23.88438,93
18.667513,-23.88438,126
19.571066,-23.88438,152
20.474619,-24.787933,171
20.474619,-25.691487,194
21.378173,-25.691487,215
22.281726,-25.691487,235
23.185279,-26.59504,257
24.088832,-26.59504,278
24.088832,-27.498593,318
24.992386,-28.402147,336
25.895939,-29.3057,384
25.895939,-30.209253,418
26.799492,-30.209253,452
26.799492,-31.112807,465
26.799492,-32.01636,478
26.799492,-32.919913,510
26.799492,-33.823466,525
27.703046,-34.72702,534
27.703046,-35.630573,563
27.703046,-36.534126,590
27.703046,-37.43768,602
27.703046,-38.341233,630
27.703046,-39.244786,652
27.703046,-40.14834,665
27.703046,-41.051893,680
27.703046,-41.955446,705
28.606599,-41.955446,725
28.606599,-42.858999,749
28.606599,-43.762553,768
28.606599,-44.666106,788
28.606599,-45.569659,830
28.606599,-46.473213,870
28.606599,-47.376766,874
28.606599,-48.280319,905
28.606599,-49.183873,969
28.606599,-50.990979,1007
28.606599,-51.894532,1050
28.606599,-53.701639,1089
28.606599,-54.605192,1167
28.606599,-56.412299,1210
28.606599,-57.315852,1236
28.606599,-58.219406,1248
28.606599,-59.122959,1277
28.606599,-60.026512,1297
27.703046,-60.026512,1345
26.799492,-60.026512,1374
26.799492,-60.930065,1398
25.895939,-60.930065,1438
24.992386,-60.930065,1496
24.088832,-60.930065,1539
23.185279,-60.930065,1559
23.185279,-60.026512,1581
23.185279,-59.122959,1602
23.185279,-58.219406,1659
23.185279,-57.315852,1718
23.185279,-56.412299,1767
23.185279,-55.508746,1789
23.185279,-54.605192,1870
24.088832,-54.605192,1892
24.992386,-53.701639,1929
25.895939,-53.701639,1993
25.895939,-52.798086,2022
26.799492,-52.798086,2035
27.703046,-51.894532,2046
28.606599,-51.894532,2083
29.510152,-51.894532,2124
30.413706,-51.894532,2171
31.317259,-51.894532,2195
32.220812,-51.894532,2244
32.220812,-50.990979,2270
33.124365,-50.990979,2282
34.027919,-50.990979,2318
34.931472,-50.990979,2330
35.835025,-50.990979,2369
36.738579,-50.990979,2394
37.642132,-50.990979,2407
38.545685,-50.990979,2433
39.449239,-50.990979,2457
41.256345,-50.990979,2485
42.159898,-50.990979,2518
43.063452,-50.990979,2536
43.967005,-50.990979,2561
44.870558,-50.990979,2573
45.774112,-50.990979,2599
46.677665,-50.990979,2614
47.581218,-50.990979,2626
48.484772,-50.990979,2646
50.291878,-50.990979,2667
51.195431,-50.990979,2711
52.098985,-50.990979,2750
53.906091,-50.990979,2794
54.809645,-50.990979,2820
55.713198,-50.990979,2866
56.616751,-50.990979,2956
57.520305,-50.990979,3003
BREAK
59.327411,-20.270167,4217
59.327411,-21.17372,4306
59.327411,-22.980827,4339
59.327411,-24.787933,4350
59.327411,-26.59504,4363
59.327411,-28.402147,4377
59.327411,-30.209253,4389
59.327411,-31.112807,4414
59.327411,-32.01636,4427
59.327411,-32.919913,4463
59.327411,-33.823466,4493
59.327411,-36.534126,4524
59.327411,-37.43768,4535
59.327411,-39.244786,4548
59.327411,-40.14834,4572
59.327411,-41.051893,4588
59.327411,-41.955446,4599
59.327411,-42.858999,4623
59.327411,-45.569659,4639
59.327411,-47.376766,4667
59.327411,-48.280319,4700
59.327411,-49.183873,4727
59.327411,-50.087426,4751
59.327411,-50.990979,4763
59.327411,-52.798086,4775
59.327411,-53.701639,4802
59.327411,-54.605192,4830
59.327411,-55.508746,4870
59.327411,-56.412299,4910
59.327411,-57.315852,4934
59.327411,-58.219406,4980
59.327411,-59.122959,4996
59.327411,-60.026512,5039
59.327411,-61.833619,5064
59.327411,-62.737172,5091
59.327411,-63.640725,5134
60.230964,-65.447832,5167
60.230964,-66.351385,5209
61.134518,-67.254939,5228
61.134518,-68.158492,5274
62.038071,-69.062045,5336
62.941624,-69.062045,5356
62.941624,-69.965598,5376
63.845178,-69.965598,5415
63.845178,-70.869152,5432
65.652284,-71.772705,5471
66.555838,-71.772705,5496
66.555838,-72.676258,5507
67.459391,-72.676258,5531
69.266497,-72.676258,5599
70.170051,-72.676258,5661
71.073604,-72.676258,5708
71.977157,-72.676258,5728
72.880711,-72.676258,5746
73.784264,-72.676258,5760
74.687817,-72.676258,5776
76.494924,-71.772705,5788
78.30203,-70.869152,5801
80.109137,-69.965598,5837
81.916244,-69.062045,5870
82.819797,-69.062045,5971
BREAK
