START
20.012463,-20.775756,0
20.886147,-20.775756,255
20.886147,-21.64944,272
21.759831,-21.64944,279
22.633515,-21.64944,303
23.5072,-21.64944,328
24.380884,-21.64944,415
24.380884,-20.775756,423
25.254568,-20.775756,431
26.128252,-19.902071,504
27.001936,-19.902071,584
27.875621,-19.902071,663
28.749305,-19.902071,736
29.622989,-19.902071,768
30.496673,-19.902071,775
31.370357,-19.902071,784
32.244042,-19.902071,912
32.244042,-19.028387,960
33.117726,-19.028387,968
33.99141,-19.028387,975
34.865094,-19.028387,992
35.738779,-19.028387,1000
37.486147,-19.902071,1016
38.359831,-19.902071,1032
38.359831,-19.028387,1192
39.233515,-19.028387,1200
40.1072,-19.028387,1208
40.980884,-19.028387,1224
41.854568,-19.902071,1296
42.728252,-19.902071,1320
44.475621,-19.902071,1328
45.349305,-19.902071,1336
46.222989,-20.775756,1344
47.096673,-20.775756,1368
47.096673,-19.902071,1480
47.970357,-19.902071,1488
48.844042,-19.902071,1496
49.717726,-19.902071,1504
51.465094,-19.902071,1520
52.338779,-19.902071,1528
53.212463,-19.902071,1544
54.086147,-19.902071,1552
54.959831,-19.902071,1696
55.833515,-19.902071,1720
57.580884,-19.902071,1736
58.454568,-19.902071,1744
59.328252,-19.902071,1760
60.201936,-19.902071,1768
61.075621,-20.775756,1856
61.949305,-20.775756,1872
62.822989,-20.775756,2016
63.696673,-20.775756,2024
64.570357,-20.775756,2040
65.444042,-20.775756,2048
66.317726,-20.775756,2064
67.19141,-20.775756,2080
66.317726,-20.775756,2088
67.19141,-20.775756,2152
68.065094,-20.775756,2240
69.812463,-20.775756,2256
70.686147,-20.775756,2376
71.559831,-20.775756,2416
71.559831,-19.902071,2456
72.433515,-19.902071,2488
73.3072,-19.902071,2504
74.180884,-19.902071,2528
75.054568,-19.902071,2544
75.928252,-19.902071,2664
75.928252,-19.028387,2688
76.801936,-19.028387,2776
77.675621,-19.028387,2808
78.549305,-19.028387,2912
78.549305,-18.154703,2976
78.549305,-17.281019,3048
78.549305,-16.407335,3072
BREAK
67.19141,-23.396808,3904
67.19141,-24.270492,4103
67.19141,-25.144177,4119
67.19141,-26.017861,4143
67.19141,-26.891545,4159
67.19141,-27.765229,4167
67.19141,-28.638914,4183
67.19141,-29.512598,4223
67.19141,-30.386282,4263
67.19141,-31.259966,4295
67.19141,-32.13365,4319
67.19141,-33.007335,4335
67.19141,-33.881019,4343
67.19141,-34.754703,4351
67.19141,-35.628387,4367
68.065094,-36.502071,4376
68.065094,-37.375756,4383
68.065094,-38.24944,4399
68.065094,-39.123124,4424
68.065094,-39.996808,4511
68.065094,-40.870492,4519
68.065094,-41.744177,4527
68.065094,-43.491545,4543
68.065094,-44.365229,4559
68.065094,-45.238914,4567
68.065094,-46.112598,4583
68.065094,-46.986282,4592
68.065094,-47.859966,4615
68.065094,-48.73365,4639
68.065094,-49.607335,4664
68.065094,-50.481019,4680
68.065094,-51.354703,4696
68.065094,-52.228387,4712
68.938779,-53.102071,4728
68.938779,-53.975756,4736
69.812463,-54.84944,4752
69.812463,-55.723124,4768
69.812463,-56.596808,4784
70.686147,-57.470492,4792
70.686147,-58.344177,4807
70.686147,-59.217861,4824
70.686147,-60.091545,4848
70.686147,-60.965229,4857
71.559831,-60.965229,4872
70.686147,-60.965229,4879
70.686147,-61.838914,4887
70.686147,-62.712598,4912
70.686147,-63.586282,4936
70.686147,-64.459966,4944
70.686147,-65.33365,4976
69.812463,-65.33365,5032
69.812463,-66.207335,5048
69.812463,-67.081019,5064
69.812463,-67.954703,5072
69.812463,-68.828387,5096
69.812463,-69.702071,5112
69.812463,-70.575756,5128
69.812463,-71.44944,5136
69.812463,-72.323124,5160
69.812463,-73.196808,5200
69.812463,-74.070492,5248
69.812463,-74.944177,5272
69.812463,-75.817861,5280
69.812463,-76.691545,5296
69.812463,-77.565229,5328
70.686147,-77.565229,5344
70.686147,-76.691545,5352
69.812463,-76.691545,5392
69.812463,-75.817861,5400
68.938779,-75.817861,5464
BREAK
50.59141,-51.354703,7128
51.465094,-52.228387,7239
51.465094,-51.354703,7255
52.338779,-51.354703,7263
53.212463,-51.354703,7271
54.959831,-51.354703,7279
56.7072,-52.228387,7287
57.580884,-52.228387,7295
58.454568,-52.228387,7303
60.201936,-53.102071,7312
61.075621,-53.102071,7320
61.949305,-53.102071,7399
62.822989,-53.102071,7448
64.570357,-53.102071,7464
65.444042,-53.102071,7480
66.317726,-53.102071,7496
67.19141,-53.102071,7552
68.065094,-53.102071,7592
68.938779,-53.102071,7680
68.065094,-53.102071,7792
67.19141,-53.102071,7816
BREAK
31.370357,-42.617861,8960
31.370357,-41.744177,9095
32.244042,-41.744177,9103
32.244042,-40.870492,9111
33.117726,-40.870492,9119
33.99141,-40.870492,9144
34.865094,-40.870492,9184
34.865094,-39.996808,9191
35.738779,-39.996808,9207
36.612463,-39.996808,9255
36.612463,-39.123124,9319
37.486147,-39.123124,9327
38.359831,-39.123124,9359
39.233515,-39.123124,9399
39.233515,-38.24944,9407
40.1072,-38.24944,9535
40.980884,-38.24944,9568
41.854568,-39.123124,9584
42.728252,-39.123124,9592
43.601936,-39.123124,9616
45.349305,-39.996808,9640
46.222989,-40.870492,9648
47.096673,-40.870492,9664
47.970357,-40.870492,9672
47.970357,-41.744177,9680
48.844042,-41.744177,9736
47.970357,-41.744177,9744
48.844042,-42.617861,9784
48.844042,-43.491545,9816
48.844042,-44.365229,9840
48.844042,-45.238914,9848
49.717726,-45.238914,9856
49.717726,-46.112598,9865
49.717726,-46.986282,9896
49.717726,-47.859966,9952
49.717726,-48.73365,9959
50.59141,-48.73365,9984
49.717726,-48.73365,9992
49.717726,-49.607335,10016
49.717726,-50.481019,10040
49.717726,-51.354703,10056
49.717726,-52.228387,10064
49.717726,-53.102071,10080
49.717726,-53.975756,10104
49.717726,-54.84944,10120
49.717726,-55.723124,10128
48.844042,-56.596808,10152
48.844042,-57.470492,10168
48.844042,-58.344177,10184
48.844042,-59.217861,10192
48.844042,-60.091545,10216
47.970357,-60.091545,10224
47.970357,-60.965229,10248
47.970357,-61.838914,10272
47.096673,-61.838914,10280
47.096673,-62.712598,10288
47.096673,-63.586282,10312
46.222989,-63.586282,10328
46.222989,-64.459966,10368
45.349305,-64.459966,10376
44.475621,-64.459966,10400
44.475621,-65.33365,10408
43.601936,-65.33365,10424
43.601936,-66.207335,10432
42.728252,-66.207335,10456
41.854568,-66.207335,10488
40.980884,-66.207335,10504
40.1072,-66.207335,10528
40.1072,-65.33365,10544
39.233515,-65.33365,10552
38.359831,-65.33365,10568
37.486147,-65.33365,10584
36.612463,-65.33365,10608
35.738779,-65.33365,10648
35.738779,-64.459966,10712
34.865094,-64.459966,10728
33.99141,-64.459966,10768
33.117726,-64.459966,10832
32.244042,-64.459966,10888
32.244042,-63.586282,11104
32.244042,-62.712598,11128
BREAK
