START
49.29717,-37.389558,0
48.29717,-37.389558,136
47.29717,-37.389558,144
46.29717,-37.389558,168
46.29717,-38.389558,360
46.29717,-39.389558,376
45.29717,-39.389558,384
45.29717,-40.389558,392
45.29717,-41.389558,408
45.29717,-42.389558,424
45.29717,-43.389558,448
45.29717,-44.389558,456
45.29717,-45.389558,528
45.29717,-46.389558,568
45.29717,-47.389558,592
45.29717,-48.389558,600
45.29717,-49.389558,616
45.29717,-50.389558,640
45.29717,-51.389558,656
46.29717,-51.389558,664
46.29717,-52.389558,672
47.29717,-52.389558,688
48.29717,-52.389558,720
48.29717,-53.389558,728
49.29717,-53.389558,744
50.29717,-53.389558,760
51.29717,-53.389558,776
52.29717,-53.389558,792
53.29717,-53.389558,800
54.29717,-53.389558,808
55.29717,-53.389558,816
57.29717,-53.389558,832
58.29717,-53.389558,848
59.29717,-53.389558,856
60.29717,-53.389558,864
60.29717,-52.389558,872
61.29717,-52.389558,880
61.29717,-51.389558,896
62.29717,-51.389558,904
62.29717,-50.389558,944
62.29717,-49.389558,960
62.29717,-48.389558,984
62.29717,-47.389558,992
62.29717,-46.389558,1016
61.29717,-46.389558,1024
61.29717,-45.389558,1040
60.29717,-45.389558,1048
60.29717,-44.389558,1064
60.29717,-43.389558,1072
59.29717,-42.389558,1080
59.29717,-41.389558,1096
58.29717,-40.389558,1104
57.29717,-40.389558,1112
56.29717,-39.389558,1128
55.29717,-38.389558,1144
54.29717,-38.389558,1192
53.29717,-38.389558,1216
52.29717,-38.389558,1241
51.29717,-38.389558,1264
50.29717,-38.389558,1296
49.29717,-38.389558,1320
48.29717,-38.389558,1368
48.29717,-39.389558,1384
47.29717,-39.389558,1392
46.29717,-39.389558,1408
46.29717,-40.389558,1416
46.29717,-41.389558,1488
45.29717,-41.389558,1496
45.29717,-42.389558,1520
45.29717,-43.389558,1536
45.29717,-44.389558,1560
45.29717,-45.389558,1576
45.29717,-46.389558,1600
46.29717,-47.389558,1616
47.29717,-48.389558,1640
48.29717,-48.389558,1656
49.29717,-48.389558,1672
50.29717,-48.389558,1688
50.29717,-49.389558,1696
51.29717,-49.389558,1712
52.29717,-49.389558,1736
53.29717,-49.389558,1760
54.29717,-49.389558,1776
54.29717,-48.389558,1952
54.29717,-47.389558,1968
54.29717,-46.389558,2000
54.29717,-45.389558,2024
54.29717,-44.389558,2040
53.29717,-44.389558,2048
52.29717,-43.389558,2056
52.29717,-42.389558,2072
52.29717,-41.389558,2136
51.29717,-41.389558,2168
51.29717,-40.389558,2176
50.29717,-40.389558,2248
49.29717,-40.389558,2272
49.29717,-41.389558,2424
49.29717,-42.389558,2448
49.29717,-43.389558,2488
49.29717,-44.389558,2520
49.29717,-45.389558,2536
50.29717,-45.389558,2544
50.29717,-46.389558,2568
51.29717,-46.389558,2584
51.29717,-47.389558,2624
52.29717,-47.389558,2632
53.29717,-47.389558,2664
53.29717,-48.389558,2688
53.29717,-49.389558,2720
54.29717,-49.389558,2728
54.29717,-50.389558,2752
55.29717,-50.389558,2760
55.29717,-51.389558,2776
56.29717,-51.389558,2784
57.29717,-51.389558,2952
57.29717,-50.389558,2960
57.29717,-49.389558,2968
BREAK
53.29717,-67.389558,3768
52.29717,-67.389558,3864
51.29717,-67.389558,3872
50.29717,-67.389558,3896
49.29717,-67.389558,3928
48.29717,-67.389558,3967
47.29717,-67.389558,4008
46.29717,-68.389558,4047
46.29717,-69.389558,4072
46.29717,-70.389558,4087
46.29717,-71.389558,4112
46.29717,-72.389558,4120
46.29717,-73.389558,4136
46.29717,-74.389558,4168
46.29717,-75.389558,4208
47.29717,-75.389558,4216
48.29717,-76.389558,4232
49.29717,-76.389558,4256
50.29717,-76.389558,4280
51.29717,-77.389558,4288
52.29717,-77.389558,4303
53.29717,-77.389558,4320
54.29717,-77.389558,4336
55.29717,-77.389558,4360
56.29717,-77.389558,4384
57.29717,-77.389558,4400
58.29717,-77.389558,4407
59.29717,-77.389558,4416
60.29717,-77.389558,4423
61.29717,-77.389558,4439
62.29717,-77.389558,4448
62.29717,-76.389558,4536
62.29717,-75.389558,4544
62.29717,-74.389558,4560
61.29717,-74.389558,4568
61.29717,-73.389558,4584
60.29717,-73.389558,4592
59.29717,-73.389558,4624
59.29717,-72.389558,4632
58.29717,-72.389558,4648
58.29717,-71.389558,4664
57.29717,-71.389558,4672
56.29717,-71.389558,4680
55.29717,-71.389558,4696
55.29717,-70.389558,4704
53.29717,-70.389558,4712
52.29717,-69.389558,4720
51.29717,-68.389558,4728
50.29717,-68.389558,4744
49.29717,-68.389558,4808
48.29717,-68.389558,4896
48.29717,-69.389558,4943
48.29717,-70.389558,4959
48.29717,-71.389558,4975
48.29717,-72.389558,4993
48.29717,-73.389558,5000
48.29717,-74.389558,5016
49.29717,-74.389558,5040
49.29717,-75.389558,5048
50.29717,-75.389558,5064
51.29717,-75.389558,5080
51.29717,-76.389558,5103
52.29717,-76.389558,5112
53.29717,-76.389558,5120
54.29717,-76.389558,5136
55.29717,-76.389558,5151
56.29717,-76.389558,5168
57.29717,-76.389558,5176
58.29717,-76.389558,5192
59.29717,-76.389558,5207
61.29717,-76.389558,5223
62.29717,-76.389558,5239
63.29717,-76.389558,5255
64.29717,-76.389558,5264
64.29717,-75.389558,5360
64.29717,-74.389558,5376
63.29717,-74.389558,5384
62.29717,-74.389558,5391
62.29717,-73.389558,5399
61.29717,-73.389558,5407
61.29717,-72.389558,5416
60.29717,-72.389558,5423
59.29717,-71.389558,5448
58.29717,-71.389558,5456
58.29717,-70.389558,5464
57.29717,-70.389558,5480
56.29717,-70.389558,5496
57.29717,-70.389558,5632
58.29717,-70.389558,5647
59.29717,-71.389558,5672
60.29717,-71.389558,5696
60.29717,-72.389558,5703
61.29717,-72.389558,5712
62.29717,-72.389558,5736
62.29717,-73.389558,5744
63.29717,-73.389558,5768
63.29717,-74.389558,5776
63.29717,-75.389558,5792
64.29717,-75.389558,5800
65.29717,-75.389558,5816
65.29717,-76.389558,5824
66.29717,-76.389558,5840
66.29717,-77.389558,5848
66.29717,-78.389558,5871
66.29717,-79.389558,5904
66.29717,-80.389558,5959
64.29717,-80.389558,5976
64.29717,-81.389558,6015
63.29717,-81.389558,6023
62.29717,-81.389558,6047
61.29717,-82.389558,6055
61.29717,-83.389558,6064
60.29717,-83.389558,6080
60.29717,-84.389558,6096
59.29717,-84.389558,6104
58.29717,-84.389558,6192
57.29717,-84.389558,6216
56.29717,-84.389558,6263
55.29717,-84.389558,6287
54.29717,-84.389558,6311
53.29717,-84.389558,6319
52.29717,-84.389558,6335
52.29717,-83.389558,6351
51.29717,-83.389558,6360
51.29717,-82.389558,6367
49.29717,-82.389558,6375
48.29717,-82.389558,6391
48.29717,-81.389558,6408
47.29717,-81.389558,6416
46.29717,-81.389558,6495
46.29717,-80.389558,6528
46.29717,-79.389558,6551
46.29717,-78.389558,6567
46.29717,-77.389558,6583
46.29717,-76.389558,6607
45.29717,-76.389558,6616
45.29717,-75.389558,6655
46.29717,-75.389558,6856
47.29717,-76.389558,6896
47.29717,-77.389558,6912
48.29717,-77.389558,6920
48.29717,-78.389558,6936
49.29717,-78.389558,6944
50.29717,-78.389558,6951
51.29717,-78.389558,6991
52.29717,-78.389558,7023
53.29717,-78.389558,7047
54.29717,-78.389558,7055
55.29717,-78.389558,7071
55.29717,-77.389558,7103
56.29717,-77.389558,7119
57.29717,-77.389558,7167
58.29717,-77.389558,7183
59.29717,-77.389558,7287
BREAK
