START
63.683962,-15.859438,0
63.683962,-14.859438,39
62.683962,-14.859438,58
61.683962,-14.859438,71
60.683962,-13.859438,79
59.683962,-13.859438,93
57.683962,-13.859438,103
57.683962,-12.859438,111
56.683962,-12.859438,119
55.683962,-12.859438,135
54.683962,-12.859438,143
53.683962,-11.859438,151
52.683962,-11.859438,159
51.683962,-11.859438,167
50.683962,-11.859438,178
49.683962,-11.859438,183
47.683962,-11.859438,191
46.683962,-11.859438,199
45.683962,-12.859438,213
44.683962,-12.859438,215
42.683962,-13.859438,231
42.683962,-14.859438,239
40.683962,-15.859438,253
40.683962,-16.859438,255
39.683962,-17.859438,263
38.683962,-19.859438,271
37.683962,-20.859438,279
35.683962,-22.859438,287
35.683962,-23.859438,297
34.683962,-24.859438,304
33.683962,-26.859438,311
33.683962,-27.859438,319
31.683962,-29.859438,333
31.683962,-30.859438,335
30.683962,-31.859438,343
29.683962,-33.859438,351
28.683962,-34.859438,359
28.683962,-36.859438,367
27.683962,-37.859438,378
26.683962,-38.859438,383
26.683962,-40.859438,391
26.683962,-41.859438,399
26.683962,-42.859438,407
25.683962,-43.859438,417
25.683962,-44.859438,424
25.683962,-46.859438,431
24.683962,-46.859438,439
24.683962,-48.859438,453
24.683962,-49.859438,455
24.683962,-51.859438,463
24.683962,-52.859438,471
24.683962,-53.859438,479
24.683962,-55.859438,494
24.683962,-56.859438,496
24.683962,-57.859438,503
24.683962,-59.859438,511
24.683962,-60.859438,519
24.683962,-61.859438,533
24.683962,-63.859438,535
24.683962,-64.859438,543
24.683962,-66.859438,551
24.683962,-67.859438,559
24.683962,-69.859438,567
25.683962,-70.859438,578
25.683962,-71.859438,583
25.683962,-72.859438,591
26.683962,-73.859438,599
27.683962,-74.859438,607
27.683962,-75.859438,617
28.683962,-76.859438,631
29.683962,-76.859438,653
30.683962,-77.859438,655
31.683962,-78.859438,671
31.683962,-79.859438,679
32.683962,-79.859438,687
33.683962,-80.859438,703
34.683962,-80.859438,711
35.683962,-80.859438,733
35.683962,-81.859438,735
36.683962,-81.859438,743
37.683962,-82.859438,751
38.683962,-82.859438,759
39.683962,-82.859438,767
40.683962,-82.859438,777
42.683962,-83.859438,783
43.683962,-83.859438,791
44.683962,-83.859438,799
45.683962,-83.859438,818
46.683962,-83.859438,823
47.683962,-83.859438,831
47.683962,-84.859438,839
48.683962,-84.859438,853
50.683962,-84.859438,863
51.683962,-84.859438,871
52.683962,-84.859438,879
54.683962,-84.859438,887
56.683962,-84.859438,897
57.683962,-84.859438,903
59.683962,-84.859438,911
60.683962,-84.859438,919
60.683962,-83.859438,933
62.683962,-82.859438,935
63.683962,-82.859438,951
64.683962,-81.859438,959
65.683962,-81.859438,967
65.683962,-80.859438,977
67.683962,-79.859438,983
68.683962,-79.859438,991
69.683962,-78.859438,999
70.683962,-77.859438,1017
70.683962,-76.859438,1023
71.683962,-75.859438,1031
72.683962,-74.859438,1039
72.683962,-73.859438,1053
73.683962,-73.859438,1055
73.683962,-71.859438,1063
73.683962,-70.859438,1071
74.683962,-69.859438,1079
74.683962,-67.859438,1094
75.683962,-66.859438,1095
75.683962,-65.859438,1103
75.683962,-63.859438,1111
76.683962,-62.859438,1119
76.683962,-61.859438,1133
76.683962,-59.859438,1135
76.683962,-58.859438,1143
76.683962,-57.859438,1151
76.683962,-55.859438,1159
76.683962,-54.859438,1173
76.683962,-52.859438,1175
75.683962,-50.859438,1183
74.683962,-48.859438,1191
74.683962,-47.859438,1199
73.683962,-45.859438,1207
73.683962,-43.859438,1217
72.683962,-42.859438,1223
72.683962,-40.859438,1231
72.683962,-38.859438,1239
72.683962,-37.859438,1254
71.683962,-35.859438,1256
71.683962,-34.859438,1263
70.683962,-33.859438,1271
70.683962,-31.859438,1279
69.683962,-30.859438,1287
69.683962,-29.859438,1297
69.683962,-28.859438,1303
68.683962,-28.859438,1311
68.683962,-26.859438,1319
67.683962,-25.859438,1335
66.683962,-24.859438,1351
66.683962,-23.859438,1359
65.683962,-23.859438,1367
65.683962,-22.859438,1377
65.683962,-20.859438,1391
64.683962,-19.859438,1399
64.683962,-18.859438,1413
63.683962,-17.859438,1415
63.683962,-16.859438,1432
63.683962,-15.859438,1439
62.683962,-14.859438,1454
62.683962,-13.859438,1495
BREAK
48.683962,-47.859438,2191
BREAK
