START
50.683962,-49.859438,0
51.683962,-49.859438,96
51.683962,-50.859438,208
52.683962,-50.859438,224
52.683962,-49.859438,360
51.683962,-49.859438,496
50.683962,-49.859438,592
BREAK
75.683962,-30.859438,1736
76.683962,-30.859438,1808
76.683962,-31.859438,1832
77.683962,-31.859438,1848
77.683962,-33.859438,1856
77.683962,-34.859438,1864
77.683962,-35.859438,1872
77.683962,-36.859438,1880
77.683962,-37.859438,1888
77.683962,-38.859438,1896
77.683962,-39.859438,1904
77.683962,-40.859438,1912
77.683962,-41.859438,1920
77.683962,-42.859438,1936
77.683962,-43.859438,1952
77.683962,-44.859438,1960
77.683962,-45.859438,1984
77.683962,-46.859438,2000
77.683962,-47.859438,2016
77.683962,-48.859438,2032
77.683962,-49.859438,2048
77.683962,-50.859438,2064
77.683962,-51.859438,2072
77.683962,-52.859438,2088
77.683962,-53.859438,2104
77.683962,-54.859438,2112
77.683962,-55.859438,2136
77.683962,-56.859438,2152
77.683962,-57.859438,2176
77.683962,-58.859438,2192
76.683962,-58.859438,2200
76.683962,-59.859438,2216
76.683962,-60.859438,2232
76.683962,-61.859438,2240
76.683962,-62.859438,2264
76.683962,-63.859438,2272
75.683962,-64.859438,2280
75.683962,-65.859438,2288
75.683962,-66.859438,2304
75.683962,-67.859438,2312
74.683962,-68.859438,2328
74.683962,-69.859438,2344
74.683962,-70.859438,2360
73.683962,-70.859438,2368
73.683962,-71.859438,2376
72.683962,-71.859438,2392
72.683962,-72.859438,2409
71.683962,-72.859438,2440
71.683962,-73.859438,2448
71.683962,-74.859438,2464
70.683962,-74.859438,2472
70.683962,-75.859438,2480
69.683962,-75.859438,2488
69.683962,-76.859438,2520
68.683962,-76.859438,2536
68.683962,-77.859438,2568
67.683962,-77.859438,2584
67.683962,-78.859438,2592
66.683962,-78.859438,2616
66.683962,-79.859438,2625
65.683962,-79.859438,2632
64.683962,-79.859438,2664
64.683962,-80.859438,2680
63.683962,-80.859438,2697
62.683962,-80.859438,2712
62.683962,-81.859438,2728
61.683962,-81.859438,2736
60.683962,-81.859438,2784
60.683962,-82.859438,2800
59.683962,-82.859438,2816
58.683962,-82.859438,2833
57.683962,-82.859438,2864
56.683962,-82.859438,2888
55.683962,-82.859438,2896
54.683962,-82.859438,2913
53.683962,-82.859438,2928
52.683962,-82.859438,2944
51.683962,-82.859438,2961
50.683962,-82.859438,2984
49.683962,-82.859438,3009
48.683962,-82.859438,3016
47.683962,-82.859438,3041
46.683962,-82.859438,3065
45.683962,-82.859438,3105
44.683962,-82.859438,3129
43.683962,-82.859438,3152
42.683962,-82.859438,3177
41.683962,-82.859438,3193
41.683962,-81.859438,3200
40.683962,-81.859438,3209
40.683962,-80.859438,3217
39.683962,-80.859438,3225
39.683962,-79.859438,3232
38.683962,-79.859438,3241
37.683962,-78.859438,3248
37.683962,-77.859438,3257
36.683962,-76.859438,3272
35.683962,-76.859438,3289
34.683962,-75.859438,3297
34.683962,-74.859438,3321
33.683962,-74.859438,3329
33.683962,-73.859438,3345
33.683962,-72.859438,3393
32.683962,-72.859438,3401
32.683962,-71.859438,3417
32.683962,-70.859438,3433
31.683962,-70.859438,3441
31.683962,-69.859438,3449
30.683962,-68.859438,3465
30.683962,-67.859438,3481
30.683962,-66.859438,3489
29.683962,-65.859438,3505
29.683962,-64.859438,3521
29.683962,-63.859438,3529
29.683962,-62.859438,3537
29.683962,-61.859438,3545
29.683962,-60.859438,3553
29.683962,-59.859438,3561
28.683962,-59.859438,3569
28.683962,-57.859438,3577
28.683962,-55.859438,3593
28.683962,-54.859438,3609
28.683962,-53.859438,3625
28.683962,-52.859438,3641
28.683962,-51.859438,3649
28.683962,-50.859438,3665
28.683962,-49.859438,3681
28.683962,-48.859438,3697
28.683962,-47.859438,3705
28.683962,-46.859438,3721
29.683962,-45.859438,3729
29.683962,-44.859438,3737
29.683962,-42.859438,3753
29.683962,-41.859438,3769
30.683962,-41.859438,3777
30.683962,-40.859438,3785
30.683962,-39.859438,3793
31.683962,-39.859438,3809
31.683962,-38.859438,3817
31.683962,-37.859438,3833
31.683962,-36.859438,3849
31.683962,-35.859438,3857
32.683962,-35.859438,3865
32.683962,-34.859438,3873
33.683962,-33.859438,3889
33.683962,-32.859438,3897
34.683962,-31.859438,3913
35.683962,-30.859438,3929
35.683962,-29.859438,3945
35.683962,-28.859438,3953
36.683962,-28.859438,3961
36.683962,-27.859438,4001
37.683962,-27.859438,4017
38.683962,-27.859438,4041
38.683962,-26.859438,4049
38.683962,-25.859438,4073
39.683962,-25.859438,4081
40.683962,-24.859438,4105
41.683962,-24.859438,4129
42.683962,-24.859438,4137
42.683962,-23.859438,4145
43.683962,-23.859438,4161
44.683962,-23.859438,4185
45.683962,-23.859438,4193
46.683962,-23.859438,4233
47.683962,-23.859438,4257
47.683962,-22.859438,4265
48.683962,-22.859438,4281
49.683962,-22.859438,4297
50.683962,-22.859438,4321
51.683962,-22.859438,4345
52.683962,-22.859438,4353
53.683962,-22.859438,4385
54.683962,-22.859438,4401
55.683962,-22.859438,4417
56.683962,-22.859438,4425
57.683962,-22.859438,4441
58.683962,-22.859438,4449
59.683962,-22.859438,4457
60.683962,-22.859438,4473
61.683962,-22.859438,4489
62.683962,-22.859438,4513
63.683962,-22.859438,4561
64.683962,-22.859438,4609
65.683962,-22.859438,4641
66.683962,-22.859438,4649
67.683962,-22.859438,4681
67.683962,-23.859438,4713
68.683962,-23.859438,4729
69.683962,-24.859438,4769
69.683962,-25.859438,4793
70.683962,-32.859438,4998
70.683962,-33.859438,5025
BREAK
