START
49.683962,-15.859438,0
43.683962,-16.859438,96
41.683962,-17.859438,112
39.683962,-18.859438,128
38.683962,-19.859438,144
37.683962,-20.859438,160
36.683962,-20.859438,176
36.683962,-21.859438,192
35.683962,-21.859438,200
34.683962,-22.859438,208
34.683962,-23.859438,224
33.683962,-23.859438,240
33.683962,-25.859438,256
32.683962,-25.859438,272
31.683962,-26.859438,288
31.683962,-27.859438,304
30.683962,-27.859438,320
30.683962,-28.859438,336
30.683962,-29.859438,344
30.683962,-30.859438,360
29.683962,-30.859438,368
29.683962,-31.859438,376
28.683962,-32.859438,384
27.683962,-33.859438,400
27.683962,-34.859438,424
27.683962,-35.859438,432
27.683962,-36.859438,440
27.683962,-37.859438,456
26.683962,-38.859438,472
26.683962,-39.859438,480
26.683962,-40.859438,496
25.683962,-42.859438,512
25.683962,-43.859438,520
25.683962,-44.859438,538
25.683962,-45.859438,545
25.683962,-46.859438,552
25.683962,-47.859438,560
25.683962,-48.859438,568
25.683962,-49.859438,576
25.683962,-51.859438,592
25.683962,-52.859438,600
25.683962,-53.859438,608
25.683962,-54.859438,616
25.683962,-56.859438,624
25.683962,-58.859438,632
25.683962,-59.859438,640
25.683962,-61.859438,648
25.683962,-63.859438,656
25.683962,-65.859438,672
26.683962,-65.859438,680
26.683962,-66.859438,696
27.683962,-69.859438,712
28.683962,-69.859438,720
28.683962,-70.859438,728
29.683962,-70.859438,736
30.683962,-72.859438,752
31.683962,-72.859438,760
31.683962,-73.859438,776
32.683962,-74.859438,816
33.683962,-74.859438,840
34.683962,-74.859438,848
36.683962,-75.859438,872
37.683962,-75.859438,888
38.683962,-75.859438,904
39.683962,-75.859438,912
40.683962,-75.859438,920
41.683962,-75.859438,928
43.683962,-75.859438,936
44.683962,-75.859438,944
46.683962,-75.859438,952
47.683962,-75.859438,960
49.683962,-75.859438,976
50.683962,-75.859438,992
52.683962,-75.859438,1024
53.683962,-75.859438,1040
55.683962,-75.859438,1056
56.683962,-75.859438,1072
57.683962,-75.859438,1080
57.683962,-74.859438,1088
58.683962,-73.859438,1096
60.683962,-72.859438,1104
61.683962,-71.859438,1120
62.683962,-69.859438,1152
63.683962,-69.859438,1168
63.683962,-67.859438,1184
64.683962,-66.859438,1192
64.683962,-65.859438,1200
65.683962,-64.859438,1208
66.683962,-62.859438,1216
66.683962,-60.859438,1240
67.683962,-59.859438,1256
67.683962,-57.859438,1272
67.683962,-56.859438,1280
67.683962,-53.859438,1288
68.683962,-53.859438,1296
68.683962,-52.859438,1304
68.683962,-51.859438,1312
68.683962,-50.859438,1320
68.683962,-49.859438,1336
69.683962,-47.859438,1344
69.683962,-45.859438,1368
69.683962,-44.859438,1376
69.683962,-43.859438,1392
69.683962,-42.859438,1400
69.683962,-40.859438,1408
69.683962,-39.859438,1424
69.683962,-38.859438,1432
69.683962,-37.859438,1440
69.683962,-35.859438,1464
69.683962,-34.859438,1480
68.683962,-33.859438,1488
68.683962,-32.859438,1497
68.683962,-31.859438,1504
67.683962,-30.859438,1512
67.683962,-29.859438,1520
66.683962,-28.859438,1538
65.683962,-27.859438,1544
65.683962,-26.859438,1568
64.683962,-25.859438,1576
63.683962,-24.859438,1592
62.683962,-23.859438,1608
61.683962,-22.859438,1624
60.683962,-22.859438,1648
59.683962,-21.859438,1656
58.683962,-20.859438,1672
57.683962,-20.859438,1680
56.683962,-19.859438,1696
55.683962,-18.859438,1728
54.683962,-18.859438,1736
53.683962,-18.859438,1752
52.683962,-18.859438,1776
51.683962,-18.859438,1792
50.683962,-18.859438,1816
49.683962,-18.859438,1840
48.683962,-18.859438,1856
47.683962,-18.859438,1880
47.683962,-17.859438,1904
46.683962,-17.859438,1920
45.683962,-17.859438,1952
44.683962,-17.859438,1968
43.683962,-17.859438,2000
BREAK
49.683962,-42.859438,2496
BREAK
