START
61.875621,-36.720521,0
61.093666,-36.720521,74
60.311711,-36.720521,91
60.311711,-35.938566,111
58.747801,-35.938566,121
57.965846,-35.938566,141
57.183891,-35.156611,161
56.401936,-35.156611,185
55.619982,-35.156611,212
54.838027,-35.156611,237
54.056072,-35.156611,290
53.274117,-35.156611,319
52.492162,-35.156611,338
51.710207,-35.156611,358
50.928252,-35.156611,379
50.146297,-35.156611,408
49.364342,-35.156611,436
48.582388,-35.156611,447
47.800433,-35.938566,456
47.018478,-36.720521,477
46.236523,-37.502476,497
45.454568,-37.502476,507
45.454568,-38.284431,519
44.672613,-38.284431,528
43.890658,-38.284431,548
43.108703,-38.284431,558
42.326748,-39.066386,589
41.544794,-39.066386,609
40.762839,-39.848341,629
39.980884,-39.848341,639
39.980884,-40.630296,650
39.198929,-41.412251,670
38.416974,-41.412251,680
38.416974,-42.194205,690
38.416974,-42.97616,701
37.635019,-42.97616,711
37.635019,-43.758115,731
36.853064,-43.758115,742
36.853064,-44.54007,762
36.071109,-45.322025,772
36.071109,-46.10398,792
36.071109,-46.885935,802
35.289154,-47.66789,822
35.289154,-48.449844,842
35.289154,-50.013754,853
34.5072,-50.795709,863
34.5072,-51.577664,873
34.5072,-53.141574,893
34.5072,-53.923529,913
34.5072,-54.705484,923
34.5072,-55.487438,933
34.5072,-56.269393,954
34.5072,-57.051348,964
34.5072,-57.833303,984
35.289154,-59.397213,1004
35.289154,-60.179168,1024
35.289154,-60.961123,1034
36.071109,-60.961123,1045
36.071109,-61.743078,1055
36.853064,-62.525032,1065
37.635019,-63.306987,1085
37.635019,-64.088942,1095
38.416974,-64.870897,1115
39.198929,-65.652852,1135
39.980884,-66.434807,1146
40.762839,-67.216762,1166
42.326748,-67.216762,1176
42.326748,-68.780672,1186
43.108703,-68.780672,1196
44.672613,-69.562626,1206
45.454568,-69.562626,1226
47.800433,-69.562626,1237
48.582388,-70.344581,1247
49.364342,-70.344581,1257
50.146297,-70.344581,1277
50.928252,-70.344581,1287
51.710207,-70.344581,1307
52.492162,-70.344581,1317
53.274117,-70.344581,1327
54.056072,-70.344581,1338
55.619982,-70.344581,1348
56.401936,-70.344581,1358
57.183891,-70.344581,1368
57.965846,-70.344581,1378
58.747801,-70.344581,1398
59.529756,-70.344581,1408
60.311711,-70.344581,1429
61.093666,-70.344581,1439
61.875621,-70.344581,1459
62.657576,-70.344581,1469
63.43953,-69.562626,1479
65.00344,-69.562626,1499
65.00344,-68.780672,1511
65.785395,-68.780672,1521
65.785395,-67.998717,1558
65.785395,-67.216762,1579
66.56735,-66.434807,1598
66.56735,-65.652852,1608
67.349305,-65.652852,1618
68.13126,-64.870897,1639
68.13126,-64.088942,1649
68.13126,-63.306987,1669
68.13126,-62.525032,1703
68.13126,-61.743078,1713
68.13126,-60.961123,1734
68.13126,-60.179168,1754
68.13126,-59.397213,1764
68.13126,-58.615258,1774
68.13126,-57.833303,1794
68.13126,-56.269393,1804
68.13126,-55.487438,1825
68.13126,-54.705484,1835
68.13126,-53.923529,1845
68.13126,-53.141574,1865
68.13126,-52.359619,1875
68.13126,-51.577664,1895
68.13126,-50.795709,1905
68.13126,-50.013754,1916
67.349305,-50.013754,1926
67.349305,-49.231799,1936
67.349305,-48.449844,1946
67.349305,-47.66789,1956
67.349305,-46.885935,1976
67.349305,-45.322025,1996
67.349305,-44.54007,2020
67.349305,-43.758115,2040
67.349305,-42.97616,2050
67.349305,-42.194205,2070
66.56735,-41.412251,2080
66.56735,-40.630296,2090
66.56735,-39.848341,2111
66.56735,-39.066386,2140
66.56735,-38.284431,2173
65.785395,-38.284431,2187
65.785395,-37.502476,2261
65.00344,-37.502476,2305
BREAK
63.43953,-36.720521,14580
64.221485,-36.720521,15064
65.00344,-36.720521,15096
BREAK
