START
47.018478,-34.374657,0
46.236523,-34.374657,183
45.454568,-34.374657,191
44.672613,-34.374657,215
43.890658,-34.374657,239
43.108703,-34.374657,247
42.326748,-34.374657,255
41.544794,-34.374657,271
40.762839,-34.374657,279
40.762839,-35.156611,287
39.980884,-35.938566,295
39.198929,-35.938566,311
38.416974,-35.938566,319
37.635019,-35.938566,335
37.635019,-36.720521,343
36.853064,-36.720521,351
36.853064,-37.502476,367
36.071109,-37.502476,376
35.289154,-37.502476,384
34.5072,-38.284431,408
33.725245,-39.066386,447
32.94329,-39.066386,456
32.94329,-39.848341,463
32.161335,-40.630296,487
32.161335,-42.194205,511
32.161335,-42.97616,528
31.37938,-44.54007,543
31.37938,-45.322025,568
31.37938,-46.10398,576
31.37938,-46.885935,592
31.37938,-47.66789,599
31.37938,-49.231799,608
31.37938,-50.013754,624
32.161335,-51.577664,632
32.161335,-52.359619,656
32.94329,-53.141574,664
33.725245,-53.141574,672
33.725245,-53.923529,680
34.5072,-54.705484,688
35.289154,-55.487438,704
36.071109,-55.487438,712
36.071109,-56.269393,720
36.853064,-56.269393,728
37.635019,-57.051348,736
38.416974,-57.833303,744
39.198929,-58.615258,752
40.762839,-59.397213,768
41.544794,-59.397213,784
42.326748,-59.397213,792
43.108703,-60.179168,800
44.672613,-60.179168,808
46.236523,-61.743078,816
47.018478,-61.743078,824
47.800433,-62.525032,832
48.582388,-62.525032,848
49.364342,-62.525032,856
50.928252,-63.306987,864
52.492162,-64.088942,880
53.274117,-64.088942,896
54.056072,-64.088942,904
54.838027,-64.088942,912
55.619982,-64.088942,928
56.401936,-64.088942,936
57.183891,-64.088942,952
57.965846,-63.306987,968
58.747801,-63.306987,976
59.529756,-62.525032,992
60.311711,-62.525032,1008
61.093666,-61.743078,1016
61.875621,-61.743078,1024
61.875621,-60.961123,1032
62.657576,-60.179168,1048
62.657576,-59.397213,1056
63.43953,-59.397213,1064
63.43953,-58.615258,1072
64.221485,-57.051348,1096
65.00344,-55.487438,1104
65.785395,-54.705484,1120
65.785395,-53.923529,1128
65.785395,-53.141574,1136
66.56735,-51.577664,1152
66.56735,-50.795709,1160
66.56735,-50.013754,1168
66.56735,-49.231799,1176
66.56735,-48.449844,1192
66.56735,-47.66789,1200
66.56735,-46.885935,1208
66.56735,-46.10398,1216
66.56735,-44.54007,1224
66.56735,-43.758115,1241
66.56735,-42.97616,1248
66.56735,-42.194205,1264
66.56735,-40.630296,1272
65.785395,-40.630296,1280
65.785395,-39.848341,1289
65.785395,-39.066386,1312
65.00344,-38.284431,1320
64.221485,-38.284431,1336
64.221485,-37.502476,1344
63.43953,-37.502476,1352
63.43953,-35.938566,1360
62.657576,-35.156611,1376
61.875621,-35.156611,1384
61.875621,-34.374657,1392
61.875621,-33.592702,1400
61.093666,-32.810747,1408
60.311711,-32.810747,1425
60.311711,-32.028792,1431
59.529756,-32.028792,1455
58.747801,-31.246837,1480
57.965846,-31.246837,1504
57.183891,-30.464882,1528
56.401936,-30.464882,1544
55.619982,-30.464882,1560
54.056072,-30.464882,1584
53.274117,-29.682927,1600
52.492162,-29.682927,1608
51.710207,-29.682927,1624
50.928252,-29.682927,1641
50.146297,-29.682927,1648
49.364342,-29.682927,1664
48.582388,-29.682927,1681
47.800433,-29.682927,1689
47.018478,-29.682927,1696
46.236523,-29.682927,1720
45.454568,-29.682927,1736
BREAK
