START
57.183891,-62.525032,0
55.619982,-63.306987,120
54.838027,-63.306987,136
54.056072,-63.306987,144
53.274117,-63.306987,152
50.146297,-64.088942,160
49.364342,-64.088942,168
47.800433,-64.088942,184
47.018478,-64.088942,192
46.236523,-64.088942,200
45.454568,-62.525032,352
44.672613,-60.961123,376
43.890658,-60.961123,384
43.890658,-60.179168,392
43.108703,-59.397213,400
43.108703,-58.615258,408
41.544794,-57.051348,424
40.762839,-56.269393,432
40.762839,-55.487438,440
39.980884,-54.705484,448
39.198929,-53.923529,472
39.198929,-53.141574,480
39.198929,-52.359619,496
38.416974,-51.577664,544
38.416974,-50.795709,584
38.416974,-50.013754,592
38.416974,-49.231799,616
38.416974,-47.66789,648
38.416974,-46.885935,656
38.416974,-45.322025,680
39.198929,-44.54007,696
39.980884,-43.758115,712
40.762839,-42.97616,720
40.762839,-42.194205,728
42.326748,-41.412251,744
42.326748,-40.630296,760
43.108703,-39.848341,768
43.890658,-39.848341,792
43.890658,-39.066386,808
44.672613,-39.066386,816
44.672613,-38.284431,840
44.672613,-37.502476,872
45.454568,-37.502476,888
45.454568,-36.720521,896
46.236523,-35.938566,920
47.018478,-35.156611,944
47.800433,-34.374657,976
48.582388,-33.592702,992
49.364342,-33.592702,1008
49.364342,-32.810747,1024
50.146297,-32.810747,1032
50.928252,-32.810747,1056
50.928252,-32.028792,1088
51.710207,-32.028792,1104
54.056072,-31.246837,1120
54.838027,-31.246837,1128
56.401936,-30.464882,1136
58.747801,-29.682927,1152
59.529756,-29.682927,1184
60.311711,-29.682927,1200
61.875621,-29.682927,1256
62.657576,-29.682927,1264
65.00344,-29.682927,1280
65.785395,-29.682927,1288
66.56735,-29.682927,1304
68.13126,-29.682927,1312
68.13126,-30.464882,1368
68.913215,-30.464882,1376
69.69517,-31.246837,1384
70.477124,-31.246837,1408
71.259079,-32.028792,1416
72.041034,-32.028792,1432
72.041034,-32.810747,1440
72.041034,-33.592702,1480
72.041034,-34.374657,1488
72.822989,-35.156611,1504
73.604944,-36.720521,1520
73.604944,-37.502476,1552
73.604944,-39.066386,1568
73.604944,-39.848341,1584
73.604944,-40.630296,1600
73.604944,-41.412251,1608
73.604944,-42.194205,1616
73.604944,-42.97616,1624
73.604944,-43.758115,1640
73.604944,-44.54007,1648
73.604944,-45.322025,1664
73.604944,-46.10398,1672
73.604944,-46.885935,1688
73.604944,-48.449844,1704
73.604944,-49.231799,1720
73.604944,-50.013754,1736
73.604944,-50.795709,1744
73.604944,-51.577664,1760
73.604944,-52.359619,1784
73.604944,-53.141574,1792
73.604944,-53.923529,1816
73.604944,-54.705484,1912
72.822989,-54.705484,1928
72.041034,-56.269393,1936
71.259079,-56.269393,1960
71.259079,-57.051348,1984
70.477124,-57.051348,1992
69.69517,-57.051348,2000
69.69517,-57.833303,2024
68.913215,-57.833303,2072
68.13126,-58.615258,2080
67.349305,-59.397213,2096
67.349305,-60.179168,2120
66.56735,-60.179168,2136
65.785395,-60.961123,2184
65.00344,-61.743078,2240
64.221485,-61.743078,2272
63.43953,-61.743078,2304
62.657576,-61.743078,2344
61.875621,-61.743078,2368
61.093666,-62.525032,2384
60.311711,-62.525032,2472
59.529756,-63.306987,2480
58.747801,-63.306987,2512
58.747801,-61.743078,2712
59.529756,-61.743078,2720
60.311711,-60.961123,2744
BREAK
