START
23.641509,-30.859438,0
24.641509,-30.859438,131
28.641509,-30.859438,148
30.641509,-31.859438,165
33.641509,-31.859438,181
36.641509,-31.859438,198
38.641509,-31.859438,215
41.641509,-31.859438,231
43.641509,-31.859438,248
45.641509,-31.859438,265
47.641509,-31.859438,282
50.641509,-31.859438,298
54.641509,-31.859438,315
57.641509,-31.859438,332
60.641509,-31.859438,349
64.641509,-31.859438,365
65.641509,-31.859438,382
66.641509,-31.859438,399
67.641509,-31.859438,415
69.641509,-31.859438,432
71.641509,-31.859438,449
73.641509,-31.859438,466
76.641509,-31.859438,482
79.641509,-31.859438,499
80.641509,-30.859438,516
82.641509,-30.859438,533
83.641509,-30.859438,666
BREAK
81.641509,-31.859438,1096
81.641509,-32.859438,1135
81.641509,-33.859438,1168
81.641509,-35.859438,1202
80.641509,-37.859438,1235
80.641509,-38.859438,1252
80.641509,-39.859438,1269
80.641509,-41.859438,1285
80.641509,-42.859438,1302
80.641509,-43.859438,1319
80.641509,-45.859438,1352
80.641509,-46.859438,1369
80.641509,-47.859438,1386
80.641509,-48.859438,1419
BREAK
85.641509,-50.859438,2008
84.641509,-50.859438,2088
81.641509,-50.859438,2105
78.641509,-50.859438,2122
75.641509,-51.859438,2138
70.641509,-51.859438,2155
66.641509,-51.859438,2172
61.641509,-51.859438,2189
57.641509,-52.859438,2205
55.641509,-52.859438,2222
51.641509,-52.859438,2239
49.641509,-52.859438,2256
45.641509,-52.859438,2272
41.641509,-52.859438,2289
38.641509,-52.859438,2306
35.641509,-53.859438,2323
32.641509,-53.859438,2339
31.641509,-53.859438,2356
29.641509,-53.859438,2373
27.641509,-53.859438,2406
26.641509,-53.859438,2423
25.641509,-53.859438,2456
23.641509,-53.859438,2490
22.641509,-54.859438,2540
BREAK
24.641509,-54.859438,3153
24.641509,-55.859438,3192
24.641509,-56.859438,3209
24.641509,-57.859438,3226
24.641509,-58.859438,3242
24.641509,-59.859438,3259
24.641509,-60.859438,3293
24.641509,-61.859438,3309
24.641509,-62.859438,3326
24.641509,-63.859438,3343
24.641509,-64.859438,3360
24.641509,-65.859438,3393
24.641509,-66.859438,3410
24.641509,-67.859438,3443
24.641509,-68.859438,3460
24.641509,-69.859438,3477
24.641509,-70.859438,3510
24.641509,-71.859438,3560
24.641509,-72.859438,3594
BREAK
23.641509,-73.859438,4201
24.641509,-73.859438,4213
25.641509,-73.859438,4229
26.641509,-73.859438,4263
27.641509,-73.859438,4280
28.641509,-73.859438,4296
30.641509,-73.859438,4330
32.641509,-73.859438,4346
35.641509,-73.859438,4363
38.641509,-73.859438,4380
41.641509,-73.859438,4397
42.641509,-73.859438,4413
45.641509,-73.859438,4430
47.641509,-73.859438,4447
51.641509,-73.859438,4464
52.641509,-73.859438,4480
54.641509,-73.859438,4497
56.641509,-73.859438,4514
57.641509,-73.859438,4530
58.641509,-73.859438,4547
60.641509,-73.859438,4564
62.641509,-73.859438,4581
63.641509,-73.859438,4597
64.641509,-73.859438,4614
65.641509,-73.859438,4631
66.641509,-73.859438,4648
68.641509,-73.859438,4664
69.641509,-73.859438,4681
70.641509,-73.859438,4698
71.641509,-73.859438,4714
72.641509,-73.859438,4731
74.641509,-73.859438,4748
75.641509,-72.859438,4765
76.641509,-72.859438,4781
77.641509,-72.859438,4815
78.641509,-72.859438,4848
79.641509,-72.859438,4865
80.641509,-72.859438,4882
81.641509,-72.859438,4898
82.641509,-72.859438,4949
83.641509,-72.859438,4965
85.641509,-72.859438,4982
BREAK
