START
50.29717,-11.389558,0
49.29717,-11.389558,8
48.29717,-11.389558,72
47.29717,-11.389558,120
46.29717,-11.389558,128
45.29717,-11.389558,224
44.29717,-11.389558,280
44.29717,-12.389558,296
44.29717,-13.389558,336
43.29717,-13.389558,360
43.29717,-14.389558,384
43.29717,-15.389558,408
42.29717,-15.389558,424
42.29717,-16.389558,432
42.29717,-17.389558,456
42.29717,-18.389558,480
42.29717,-19.389558,512
42.29717,-20.389558,528
42.29717,-21.389558,560
42.29717,-22.389558,592
42.29717,-23.389558,624
42.29717,-24.389558,632
43.29717,-24.389558,640
43.29717,-25.389558,672
44.29717,-25.389558,680
44.29717,-26.389558,720
45.29717,-26.389558,736
46.29717,-26.389558,768
47.29717,-26.389558,784
48.29717,-26.389558,792
48.29717,-27.389558,800
49.29717,-27.389558,816
50.29717,-27.389558,824
50.29717,-28.389558,832
51.29717,-28.389558,848
52.29717,-28.389558,888
53.29717,-28.389558,968
54.29717,-28.389558,992
55.29717,-28.389558,1016
56.29717,-28.389558,1096
56.29717,-27.389558,1104
56.29717,-26.389558,1111
57.29717,-26.389558,1143
57.29717,-25.389558,1152
57.29717,-24.389558,1183
58.29717,-24.389558,1191
58.29717,-23.389558,1207
58.29717,-22.389558,1216
58.29717,-21.389558,1239
58.29717,-20.389558,1263
58.29717,-19.389558,1279
58.29717,-18.389558,1287
58.29717,-17.389558,1327
57.29717,-17.389558,1399
56.29717,-17.389558,1415
56.29717,-16.389558,1431
55.29717,-16.389558,1439
54.29717,-16.389558,1471
53.29717,-16.389558,1552
52.29717,-16.389558,1560
52.29717,-15.389558,1576
51.29717,-15.389558,1584
51.29717,-14.389558,1592
50.29717,-14.389558,1600
49.29717,-14.389558,1895
48.29717,-14.389558,1903
47.29717,-14.389558,1919
47.29717,-15.389558,1927
46.29717,-15.389558,1935
45.29717,-15.389558,2167
45.29717,-16.389558,2175
45.29717,-17.389558,2191
45.29717,-18.389558,2207
45.29717,-19.389558,2216
45.29717,-20.389558,2231
45.29717,-21.389558,2247
45.29717,-20.389558,2519
46.29717,-20.389558,2535
46.29717,-19.389558,2543
47.29717,-19.389558,2671
48.29717,-19.389558,2815
49.29717,-19.389558,2839
50.29717,-19.389558,2847
51.29717,-20.389558,2863
51.29717,-21.389558,2879
52.29717,-21.389558,3111
52.29717,-20.389558,3119
52.29717,-19.389558,3127
52.29717,-18.389558,3143
53.29717,-18.389558,3287
53.29717,-19.389558,3319
53.29717,-20.389558,3343
53.29717,-21.389558,3375
53.29717,-22.389558,3415
BREAK
48.29717,-47.389558,4111
47.29717,-47.389558,4303
47.29717,-48.389558,4415
46.29717,-48.389558,4439
46.29717,-49.389558,4447
45.29717,-49.389558,4455
45.29717,-50.389558,4463
45.29717,-51.389558,4479
45.29717,-52.389558,4487
44.29717,-52.389558,4495
44.29717,-53.389558,4511
44.29717,-54.389558,4535
43.29717,-54.389558,4543
43.29717,-55.389558,4551
43.29717,-56.389558,4607
43.29717,-57.389558,4639
43.29717,-58.389558,4671
44.29717,-58.389558,4679
45.29717,-58.389558,4703
45.29717,-59.389558,4711
46.29717,-59.389558,4719
46.29717,-60.389558,4727
47.29717,-60.389558,4743
48.29717,-60.389558,4751
49.29717,-60.389558,4775
50.29717,-60.389558,4791
51.29717,-60.389558,4815
52.29717,-60.389558,4823
53.29717,-60.389558,4839
54.29717,-60.389558,4855
55.29717,-60.389558,4871
56.29717,-60.389558,4879
57.29717,-60.389558,4903
57.29717,-59.389558,4943
57.29717,-58.389558,4951
57.29717,-57.389558,4975
57.29717,-56.389558,5007
57.29717,-55.389558,5039
57.29717,-54.389558,5047
56.29717,-54.389558,5063
55.29717,-53.389558,5071
54.29717,-53.389558,5079
54.29717,-52.389558,5087
53.29717,-51.389558,5095
52.29717,-51.389558,5103
51.29717,-51.389558,5111
51.29717,-50.389558,5119
50.29717,-50.389558,5127
49.29717,-50.389558,5143
49.29717,-49.389558,5151
48.29717,-49.389558,5231
47.29717,-49.389558,5255
47.29717,-50.389558,5415
46.29717,-51.389558,5431
46.29717,-52.389558,5447
46.29717,-53.389558,5463
46.29717,-54.389558,5479
47.29717,-54.389558,5551
47.29717,-55.389558,5567
48.29717,-55.389558,5583
49.29717,-55.389558,5607
50.29717,-55.389558,5639
51.29717,-55.389558,5719
51.29717,-54.389558,5727
51.29717,-53.389558,5743
BREAK
53.29717,-79.389558,6695
52.29717,-79.389558,6719
51.29717,-79.389558,6727
50.29717,-79.389558,6751
50.29717,-78.389558,6758
49.29717,-78.389558,6767
48.29717,-78.389558,6791
47.29717,-78.389558,6807
46.29717,-78.389558,6839
46.29717,-79.389558,7038
45.29717,-79.389558,7055
45.29717,-80.389558,7070
45.29717,-81.389558,7103
45.29717,-82.389558,7191
45.29717,-83.389558,7207
45.29717,-84.389558,7254
46.29717,-84.389558,7270
47.29717,-84.389558,7335
47.29717,-85.389558,7342
48.29717,-85.389558,7366
49.29717,-85.389558,7390
50.29717,-85.389558,7414
51.29717,-85.389558,7447
51.29717,-86.389558,7454
52.29717,-86.389558,7478
53.29717,-86.389558,7502
54.29717,-86.389558,7518
54.29717,-87.389558,7526
55.29717,-87.389558,7558
56.29717,-87.389558,7590
57.29717,-87.389558,7630
58.29717,-87.389558,7678
58.29717,-86.389558,7686
58.29717,-85.389558,7702
58.29717,-84.389558,7742
58.29717,-83.389558,7774
58.29717,-82.389558,7806
57.29717,-82.389558,7814
57.29717,-81.389558,7822
56.29717,-81.389558,7830
56.29717,-80.389558,7846
55.29717,-80.389558,7854
55.29717,-79.389558,7870
54.29717,-79.389558,7878
53.29717,-79.389558,7902
52.29717,-79.389558,7918
51.29717,-79.389558,8038
50.29717,-79.389558,8086
49.29717,-79.389558,8134
48.29717,-79.389558,8142
47.29717,-79.389558,8166
46.29717,-79.389558,8190
45.29717,-79.389558,8222
45.29717,-80.389558,8230
44.29717,-80.389558,8238
44.29717,-81.389558,8294
44.29717,-82.389558,8374
43.29717,-82.389558,8382
43.29717,-83.389558,8414
43.29717,-84.389558,8430
43.29717,-85.389558,8534
44.29717,-85.389558,8574
44.29717,-86.389558,8582
45.29717,-86.389558,8590
46.29717,-86.389558,8622
46.29717,-87.389558,8638
47.29717,-87.389558,8646
48.29717,-87.389558,8710
48.29717,-88.389558,8718
49.29717,-88.389558,8734
50.29717,-88.389558,8758
51.29717,-88.389558,8782
52.29717,-88.389558,8814
53.29717,-88.389558,8838
54.29717,-88.389558,8878
55.29717,-88.389558,8902
56.29717,-88.389558,8934
57.29717,-88.389558,9070
57.29717,-87.389558,9078
57.29717,-86.389558,9110
57.29717,-85.389558,9206
BREAK
