START
23.051887,-19.859438,0
41.051887,-46.859438,74
43.051887,-48.859438,151
45.051887,-48.859438,173
46.051887,-49.859438,200
47.051887,-49.859438,234
49.051887,-50.859438,281
51.051887,-50.859438,307
52.051887,-50.859438,329
54.051887,-51.859438,357
56.051887,-51.859438,378
57.051887,-52.859438,401
58.051887,-52.859438,430
59.051887,-52.859438,459
BREAK
63.051887,-48.859438,1112
63.051887,-49.859438,1123
62.051887,-50.859438,1145
62.051887,-52.859438,1152
62.051887,-53.859438,1160
62.051887,-54.859438,1173
62.051887,-55.859438,1181
62.051887,-57.859438,1186
62.051887,-58.859438,1200
62.051887,-59.859438,1208
62.051887,-62.859438,1239
62.051887,-68.859438,1290
62.051887,-70.859438,1312
62.051887,-71.859438,1334
62.051887,-96.859438,1799
BREAK
