START
50.532479,-37.800285,0
50.532479,-38.63998,236
50.532479,-40.319369,247
50.532479,-41.159064,257
50.532479,-41.998758,268
50.532479,-42.838453,278
50.532479,-43.678148,288
50.532479,-44.517842,299
50.532479,-45.357537,309
50.532479,-47.036926,320
50.532479,-47.876621,341
50.532479,-49.55601,361
50.532479,-50.395705,382
50.532479,-51.2354,403
50.532479,-52.075094,414
50.532479,-52.914789,424
50.532479,-53.754484,445
50.532479,-54.594178,455
50.532479,-55.433873,466
50.532479,-56.273568,476
50.532479,-57.113262,487
50.532479,-57.952957,497
50.532479,-58.792652,518
50.532479,-59.632346,539
50.532479,-61.311735,550
50.532479,-62.15143,560
50.532479,-62.991125,571
50.532479,-65.510209,581
50.532479,-66.349903,602
50.532479,-67.189598,623
50.532479,-68.868987,633
50.532479,-69.708682,644
50.532479,-70.548377,654
50.532479,-72.227766,675
50.532479,-73.067461,687
50.532479,-73.907155,709
50.532479,-74.74685,730
50.532479,-75.586545,740
50.532479,-76.426239,761
50.532479,-77.265934,772
49.692784,-77.265934,782
48.853089,-78.945323,793
48.853089,-79.785018,815
48.853089,-80.624713,825
48.853089,-81.464407,836
48.013395,-81.464407,898
47.1737,-81.464407,908
47.1737,-82.304102,920
46.334005,-83.143797,957
45.494311,-83.143797,967
45.494311,-83.983491,1001
BREAK
32.059196,-51.2354,2062
32.059196,-50.395705,2151
32.059196,-49.55601,2161
32.898891,-49.55601,2172
32.898891,-48.716316,2182
32.898891,-47.876621,2194
32.898891,-47.036926,2215
32.898891,-46.197232,2225
33.738586,-45.357537,2236
33.738586,-43.678148,2246
33.738586,-42.838453,2257
33.738586,-41.998758,2267
33.738586,-41.159064,2278
33.738586,-40.319369,2288
34.57828,-39.479674,2298
34.57828,-38.63998,2309
34.57828,-37.800285,2319
35.417975,-36.96059,2340
35.417975,-36.120896,2352
36.25767,-35.281201,2366
37.937059,-34.441506,2405
38.776754,-34.441506,2416
39.616448,-33.601812,2426
40.456143,-32.762117,2443
41.295838,-32.762117,2454
42.135532,-32.762117,2464
44.654616,-31.082728,2485
47.1737,-31.082728,2495
49.692784,-31.082728,2506
52.211868,-31.082728,2516
53.051563,-31.082728,2527
54.730952,-31.082728,2537
55.570647,-31.082728,2547
56.410341,-31.082728,2558
58.089731,-31.082728,2568
58.929425,-31.082728,2579
59.76912,-31.082728,2589
60.608815,-31.082728,2599
62.288204,-31.082728,2610
63.127899,-31.082728,2621
64.807288,-31.082728,2641
66.486677,-31.082728,2652
67.326372,-31.922423,2662
68.166067,-31.922423,2672
69.005761,-31.922423,2683
69.845456,-32.762117,2693
70.685151,-33.601812,2727
71.524845,-34.441506,2748
72.36454,-35.281201,2761
72.36454,-36.120896,2782
72.36454,-36.96059,2813
72.36454,-37.800285,2824
72.36454,-38.63998,2834
72.36454,-39.479674,2845
73.204234,-40.319369,2855
73.204234,-41.159064,2865
73.204234,-41.998758,2876
73.204234,-42.838453,2886
73.204234,-43.678148,2907
73.204234,-44.517842,2917
73.204234,-45.357537,2928
73.204234,-46.197232,2938
73.204234,-47.036926,2949
73.204234,-47.876621,2959
73.204234,-48.716316,2980
73.204234,-49.55601,3002
73.204234,-50.395705,3032
72.36454,-51.2354,3042
72.36454,-52.075094,3063
71.524845,-52.914789,3073
70.685151,-53.754484,3105
69.845456,-54.594178,3115
69.845456,-55.433873,3136
69.005761,-55.433873,3147
68.166067,-56.273568,3161
67.326372,-57.113262,3189
67.326372,-57.952957,3206
66.486677,-57.952957,3216
66.486677,-58.792652,3249
64.807288,-58.792652,3259
63.967593,-58.792652,3295
62.288204,-58.792652,3316
62.288204,-59.632346,3326
61.448509,-59.632346,3347
60.608815,-59.632346,3360
59.76912,-59.632346,3391
58.089731,-59.632346,3412
57.250036,-59.632346,3438
56.410341,-59.632346,3459
55.570647,-59.632346,3469
54.730952,-59.632346,3480
53.051563,-60.472041,3490
52.211868,-60.472041,3501
51.372173,-60.472041,3511
49.692784,-60.472041,3521
48.853089,-60.472041,3532
47.1737,-60.472041,3553
46.334005,-60.472041,3575
45.494311,-60.472041,3585
44.654616,-60.472041,3595
42.975227,-60.472041,3606
41.295838,-60.472041,3616
40.456143,-60.472041,3637
39.616448,-60.472041,3684
38.776754,-60.472041,3714
37.937059,-60.472041,3747
37.097364,-59.632346,3757
36.25767,-59.632346,3768
34.57828,-57.952957,3778
33.738586,-57.952957,3819
33.738586,-57.113262,3829
32.059196,-57.113262,3839
32.059196,-56.273568,3850
31.219502,-55.433873,3866
30.379807,-54.594178,3889
30.379807,-53.754484,3899
29.540112,-53.754484,3941
29.540112,-52.914789,3951
29.540112,-52.075094,3964
28.700418,-52.075094,3984
27.860723,-52.075094,3995
27.860723,-50.395705,4005
27.860723,-49.55601,4050
27.860723,-48.716316,4071
27.860723,-47.036926,4092
28.700418,-45.357537,4113
29.540112,-44.517842,4177
29.540112,-43.678148,4228
BREAK
49.692784,-30.243033,5453
49.692784,-31.082728,5527
49.692784,-31.922423,5559
49.692784,-32.762117,5583
49.692784,-34.441506,5604
49.692784,-35.281201,5615
49.692784,-36.120896,5625
49.692784,-36.96059,5636
49.692784,-38.63998,5646
49.692784,-41.159064,5656
49.692784,-42.838453,5677
49.692784,-44.517842,5687
BREAK
