START
37.601083,-19.135379,0
37.601083,-20.037906,7
37.601083,-20.940433,15
37.601083,-21.84296,23
37.601083,-25.453069,31
37.601083,-29.063177,48
37.601083,-31.770758,55
36.698556,-36.283394,63
36.698556,-37.185921,71
36.698556,-41.698556,79
36.698556,-46.211191,87
36.698556,-51.626354,95
36.698556,-53.431408,103
36.698556,-57.944043,111
36.698556,-61.554152,119
36.698556,-66.969314,127
36.698556,-68.774368,135
36.698556,-71.481949,143
36.698556,-72.384477,159
36.698556,-73.287004,295
35.796029,-74.189531,303
35.796029,-75.092058,319
34.893502,-75.092058,327
34.893502,-75.994585,335
33.990975,-75.994585,343
33.990975,-75.092058,415
33.990975,-74.189531,424
33.990975,-73.287004,455
BREAK
35.796029,-74.189531,880
36.698556,-73.287004,951
37.601083,-72.384477,959
37.601083,-71.481949,967
38.50361,-71.481949,975
40.308664,-69.676895,983
41.211191,-67.871841,999
43.016245,-66.969314,1007
43.918773,-64.261733,1015
44.8213,-64.261733,1023
45.723827,-62.456679,1031
47.528881,-61.554152,1039
48.431408,-60.651625,1055
48.431408,-59.749097,1063
49.333935,-59.749097,1071
50.236462,-58.84657,1079
51.138989,-58.84657,1087
52.041516,-58.84657,1095
55.651625,-58.84657,1103
56.554152,-58.84657,1111
57.456679,-58.84657,1119
58.359206,-58.84657,1127
59.261733,-58.84657,1143
60.16426,-58.84657,1159
61.066787,-58.84657,1167
61.969314,-59.749097,1175
62.871841,-59.749097,1183
62.871841,-60.651625,1191
63.774368,-61.554152,1199
64.676895,-62.456679,1207
65.579422,-63.359206,1215
66.481949,-63.359206,1223
66.481949,-64.261733,1231
67.384477,-64.261733,1240
67.384477,-65.16426,1247
67.384477,-66.969314,1263
67.384477,-67.871841,1287
67.384477,-68.774368,1295
66.481949,-69.676895,1303
65.579422,-70.579422,1311
64.676895,-73.287004,1319
63.774368,-73.287004,1327
62.871841,-74.189531,1335
61.969314,-74.189531,1343
57.456679,-75.994585,1351
57.456679,-77.799639,1360
54.749097,-77.799639,1368
50.236462,-78.702166,1376
50.236462,-80.50722,1384
45.723827,-80.50722,1392
43.918773,-80.50722,1400
42.113718,-81.409747,1408
41.211191,-81.409747,1416
40.308664,-81.409747,1424
39.406137,-81.409747,1440
38.50361,-81.409747,1448
37.601083,-81.409747,1480
36.698556,-81.409747,1496
34.893502,-81.409747,1512
33.990975,-81.409747,1536
33.088448,-81.409747,1552
33.088448,-80.50722,1632
33.088448,-79.604693,1640
BREAK
