START
59.718345,-17.340849,0
58.728955,-17.340849,100
57.739565,-17.340849,124
56.750175,-17.340849,141
55.760785,-17.340849,152
54.771395,-17.340849,163
53.782005,-17.340849,183
53.782005,-18.330239,204
52.792615,-18.330239,214
50.813836,-18.330239,234
49.824446,-18.330239,255
48.835056,-18.330239,265
47.845666,-18.330239,275
46.856276,-18.330239,286
45.866886,-18.330239,306
44.877496,-18.330239,317
44.877496,-19.319629,338
44.877496,-20.309019,368
43.888106,-21.298408,388
43.888106,-22.287798,411
43.888106,-23.277188,420
42.898716,-23.277188,430
42.898716,-24.266578,440
42.898716,-25.255968,471
42.898716,-26.245358,492
42.898716,-27.234748,502
42.898716,-28.224138,522
42.898716,-29.213528,543
42.898716,-30.202918,563
43.888106,-31.192308,584
44.877496,-32.181698,625
45.866886,-32.181698,656
45.866886,-33.171088,697
46.856276,-33.171088,718
47.845666,-33.171088,748
48.835056,-33.171088,779
49.824446,-33.171088,800
50.813836,-33.171088,809
51.803226,-33.171088,820
52.792615,-33.171088,841
53.782005,-33.171088,850
54.771395,-33.171088,861
55.760785,-33.171088,873
56.750175,-33.171088,882
58.728955,-33.171088,891
59.718345,-33.171088,902
60.707735,-33.171088,913
61.697125,-33.171088,923
63.675905,-33.171088,933
64.665295,-33.171088,943
65.654684,-33.171088,954
66.644074,-33.171088,964
67.633464,-33.171088,974
68.622854,-33.171088,984
70.601634,-33.171088,995
71.591024,-33.171088,1006
72.580414,-33.171088,1015
73.569804,-33.171088,1026
72.580414,-33.171088,1248
71.591024,-33.171088,1278
70.601634,-33.171088,1299
69.612244,-33.171088,1309
68.622854,-33.171088,1319
67.633464,-33.171088,1330
65.654684,-33.171088,1350
64.665295,-33.171088,1371
63.675905,-33.171088,1382
62.686515,-33.171088,1391
61.697125,-34.160477,1402
60.707735,-34.160477,1423
59.718345,-35.149867,1432
58.728955,-36.139257,1453
58.728955,-37.128647,1474
57.739565,-37.128647,1484
56.750175,-38.118037,1494
56.750175,-39.107427,1505
55.760785,-39.107427,1515
54.771395,-40.096817,1539
53.782005,-40.096817,1546
53.782005,-41.086207,1566
52.792615,-42.075597,1587
52.792615,-44.054377,1618
51.803226,-44.054377,1629
51.803226,-45.043767,1638
50.813836,-45.043767,1649
50.813836,-46.033156,1662
49.824446,-46.033156,1670
49.824446,-47.022546,1690
49.824446,-48.011936,1720
49.824446,-49.001326,1741
49.824446,-49.990716,1761
49.824446,-50.980106,1774
49.824446,-51.969496,1784
49.824446,-52.958886,1796
49.824446,-54.937666,1803
49.824446,-56.916446,1813
49.824446,-57.905836,1824
49.824446,-58.895225,1834
49.824446,-59.884615,1845
49.824446,-60.874005,1854
49.824446,-61.863395,1875
49.824446,-62.852785,1896
49.824446,-63.842175,1927
49.824446,-64.831565,1948
49.824446,-66.810345,1968
49.824446,-67.799735,1988
49.824446,-68.789125,2010
49.824446,-69.778515,2019
50.813836,-70.767905,2030
51.803226,-71.757294,2061
52.792615,-71.757294,2092
53.782005,-71.757294,2112
54.771395,-71.757294,2142
55.760785,-71.757294,2164
56.750175,-71.757294,2194
57.739565,-71.757294,2235
58.728955,-71.757294,2256
59.718345,-71.757294,2266
60.707735,-71.757294,2276
61.697125,-71.757294,2287
63.675905,-71.757294,2307
64.665295,-71.757294,2317
66.644074,-70.767905,2338
67.633464,-69.778515,2358
68.622854,-68.789125,2369
69.612244,-68.789125,2380
70.601634,-67.799735,2389
71.591024,-66.810345,2400
72.580414,-66.810345,2410
73.569804,-66.810345,2421
73.569804,-65.820955,2430
74.559194,-65.820955,2441
74.559194,-64.831565,2452
75.548584,-63.842175,2471
75.548584,-62.852785,2493
75.548584,-61.863395,2523
75.548584,-60.874005,2554
75.548584,-59.884615,2564
75.548584,-58.895225,2575
75.548584,-57.905836,2595
75.548584,-56.916446,2606
75.548584,-55.927056,2616
75.548584,-54.937666,2636
75.548584,-53.948276,2657
74.559194,-53.948276,2809
BREAK
38.941157,-8.4363395,3470
38.941157,-9.4257294,3521
BREAK
48.835056,-7.4469496,4474
BREAK
44.877496,-3.4893899,5295
BREAK
