START
23.185279,-29.3057,0
24.088832,-29.3057,92
24.992386,-29.3057,153
25.895939,-29.3057,184
26.799492,-29.3057,204
27.703046,-29.3057,235
28.606599,-29.3057,255
31.317259,-29.3057,276
31.317259,-27.498593,296
32.220812,-27.498593,347
33.124365,-27.498593,357
34.027919,-27.498593,367
35.835025,-27.498593,378
36.738579,-27.498593,388
39.449239,-27.498593,398
40.352792,-27.498593,408
41.256345,-27.498593,418
42.159898,-28.402147,500
43.063452,-29.3057,531
44.870558,-30.209253,562
45.774112,-31.112807,582
46.677665,-31.112807,613
46.677665,-32.01636,623
47.581218,-32.01636,664
47.581218,-32.919913,674
48.484772,-33.823466,684
49.388325,-34.72702,756
50.291878,-35.630573,776
51.195431,-36.534126,797
51.195431,-37.43768,858
52.098985,-38.341233,899
52.098985,-40.14834,930
53.002538,-40.14834,950
53.002538,-41.051893,971
53.906091,-41.051893,981
53.906091,-41.955446,1001
53.906091,-42.858999,1042
54.809645,-42.858999,1052
54.809645,-43.762553,1073
54.809645,-44.666106,1093
54.809645,-45.569659,1113
55.713198,-46.473213,1144
55.713198,-47.376766,1175
55.713198,-48.280319,1205
55.713198,-49.183873,1236
55.713198,-50.990979,1277
55.713198,-51.894532,1287
55.713198,-52.798086,1318
55.713198,-53.701639,1369
55.713198,-54.605192,1389
55.713198,-55.508746,1420
55.713198,-56.412299,1481
55.713198,-58.219406,1553
53.906091,-58.219406,1563
53.906091,-59.122959,1573
53.906091,-60.026512,1594
52.098985,-60.930065,1696
52.098985,-61.833619,1716
50.291878,-62.737172,1726
49.388325,-63.640725,1778
48.484772,-63.640725,1808
48.484772,-64.544279,1818
46.677665,-64.544279,1839
46.677665,-65.447832,1880
44.870558,-65.447832,1890
43.967005,-65.447832,1962
43.063452,-65.447832,2084
42.159898,-65.447832,2094
42.159898,-66.351385,2125
40.352792,-66.351385,2176
39.449239,-66.351385,2207
38.545685,-66.351385,2217
37.642132,-66.351385,2237
36.738579,-66.351385,2309
35.835025,-64.544279,2319
34.931472,-64.544279,2329
33.124365,-64.544279,2350
32.220812,-64.544279,2411
32.220812,-62.737172,2421
30.413706,-62.737172,2442
29.510152,-62.737172,2513
29.510152,-60.930065,2524
27.703046,-60.930065,2544
27.703046,-59.122959,2636
25.895939,-58.219406,2667
25.895939,-57.315852,2769
24.088832,-56.412299,2820
24.088832,-55.508746,2871
24.088832,-54.605192,2973
24.088832,-53.701639,3045
BREAK
54.809645,-48.280319,4260
55.713198,-48.280319,4321
55.713198,-49.183873,4393
56.616751,-49.183873,4403
57.520305,-49.183873,4434
58.423858,-49.183873,4454
59.327411,-49.183873,4475
60.230964,-49.183873,4515
61.134518,-49.183873,4536
62.038071,-49.183873,4557
63.845178,-49.183873,4638
64.748731,-49.183873,4730
65.652284,-49.183873,4740
66.555838,-49.183873,4761
66.555838,-47.376766,4781
67.459391,-47.376766,4832
69.266497,-43.762553,5089
70.170051,-43.762553,5109
70.170051,-41.955446,5139
71.073604,-41.955446,5180
71.073604,-40.14834,5190
BREAK
69.266497,-24.787933,5906
69.266497,-25.691487,5925
69.266497,-26.59504,5956
69.266497,-27.498593,5966
69.266497,-28.402147,5987
69.266497,-29.3057,6007
69.266497,-30.209253,6028
69.266497,-32.01636,6038
69.266497,-32.919913,6048
69.266497,-33.823466,6058
69.266497,-34.72702,6079
70.170051,-35.630573,6109
70.170051,-36.534126,6130
70.170051,-37.43768,6150
70.170051,-39.244786,6160
70.170051,-40.14834,6171
70.170051,-41.051893,6181
70.170051,-41.955446,6222
70.170051,-42.858999,6252
70.170051,-43.762553,6263
70.170051,-44.666106,6283
71.073604,-44.666106,6293
71.073604,-45.569659,6304
71.073604,-46.473213,6314
71.073604,-47.376766,6344
71.073604,-48.280319,6385
71.977157,-49.183873,6416
71.977157,-50.087426,6436
71.977157,-50.990979,6447
71.977157,-52.798086,6487
71.977157,-53.701639,6508
71.977157,-54.605192,6539
71.977157,-55.508746,6569
71.977157,-56.412299,6610
72.880711,-57.315852,6641
72.880711,-58.219406,6702
72.880711,-60.026512,6723
73.784264,-60.930065,6753
73.784264,-61.833619,6774
73.784264,-62.737172,6804
73.784264,-63.640725,6896
73.784264,-64.544279,6916
74.687817,-65.447832,6937
75.591371,-67.254939,7029
76.494924,-68.158492,7080
77.398477,-69.062045,7142
78.30203,-69.062045,7152
79.205584,-69.062045,7172
79.205584,-69.965598,7182
80.109137,-69.965598,7192
81.01269,-70.869152,7264
81.916244,-70.869152,7274
82.819797,-71.772705,7284
83.72335,-71.772705,7438
83.72335,-69.965598,7479
83.72335,-69.062045,7560
84.626904,-69.062045,7581
84.626904,-67.254939,7611
BREAK
