START
19.571066,-23.88438,0
21.378173,-23.88438,302
22.281726,-23.88438,315
23.185279,-23.88438,327
24.992386,-23.88438,350
26.799492,-26.59504,356
28.606599,-27.498593,364
31.317259,-29.3057,375
32.220812,-32.919913,388
34.027919,-36.534126,400
35.835025,-39.244786,412
36.738579,-41.955446,424
36.738579,-44.666106,437
37.642132,-48.280319,448
38.545685,-49.183873,465
38.545685,-50.087426,473
38.545685,-51.894532,485
38.545685,-54.605192,497
38.545685,-58.219406,509
38.545685,-60.930065,521
38.545685,-63.640725,533
37.642132,-67.254939,545
36.738579,-69.062045,558
35.835025,-70.869152,570
34.931472,-72.676258,582
33.124365,-76.290472,602
33.124365,-78.097578,609
31.317259,-79.904685,619
29.510152,-80.808238,630
27.703046,-83.518898,642
26.799492,-84.422451,654
25.895939,-86.229558,667
24.992386,-86.229558,679
24.088832,-87.133111,691
23.185279,-86.229558,715
22.281726,-84.422451,727
21.378173,-82.615345,739
19.571066,-80.808238,751
19.571066,-79.904685,764
18.667513,-79.001131,776
18.667513,-78.097578,945
BREAK
41.256345,-58.219406,1924
42.159898,-58.219406,2045
43.063452,-58.219406,2069
44.870558,-57.315852,2093
44.870558,-56.412299,2114
45.774112,-56.412299,2121
46.677665,-56.412299,2129
47.581218,-53.701639,2142
49.388325,-51.894532,2154
52.098985,-49.183873,2165
53.002538,-46.473213,2177
53.906091,-41.051893,2190
55.713198,-39.244786,2202
55.713198,-37.43768,2214
56.616751,-34.72702,2227
57.520305,-33.823466,2239
57.520305,-32.919913,2251
58.423858,-31.112807,2263
59.327411,-30.209253,2276
59.327411,-28.402147,2287
59.327411,-27.498593,2301
59.327411,-24.787933,2311
59.327411,-23.88438,2324
59.327411,-22.980827,2336
59.327411,-22.077274,2347
59.327411,-21.17372,2367
59.327411,-20.270167,2373
58.423858,-20.270167,2384
58.423858,-19.366614,2481
57.520305,-19.366614,2590
57.520305,-20.270167,2618
57.520305,-22.077274,2625
57.520305,-22.980827,2631
57.520305,-23.88438,2638
57.520305,-26.59504,2650
56.616751,-29.3057,2661
56.616751,-30.209253,2674
56.616751,-32.01636,2686
56.616751,-33.823466,2698
56.616751,-34.72702,2710
56.616751,-38.341233,2723
56.616751,-39.244786,2735
56.616751,-41.051893,2747
56.616751,-41.955446,2759
56.616751,-43.762553,2790
56.616751,-49.183873,2798
56.616751,-50.990979,2807
56.616751,-52.798086,2820
56.616751,-54.605192,2831
56.616751,-57.315852,2843
56.616751,-59.122959,2871
56.616751,-61.833619,2878
56.616751,-63.640725,2882
56.616751,-66.351385,2890
57.520305,-68.158492,2902
58.423858,-69.062045,2915
58.423858,-71.772705,2927
59.327411,-72.676258,2939
61.134518,-73.579812,2952
61.134518,-76.290472,2964
62.941624,-79.001131,2975
63.845178,-80.808238,2987
65.652284,-81.711791,2999
66.555838,-81.711791,3012
68.362944,-79.904685,3024
69.266497,-79.001131,3036
71.073604,-78.097578,3048
71.977157,-77.194025,3060
72.880711,-74.483365,3072
74.687817,-73.579812,3086
75.591371,-72.676258,3125
76.494924,-72.676258,3133
BREAK
