START
30.380866,-15.525271,0
30.380866,-16.427798,56
30.380866,-17.330325,72
30.380866,-18.232852,79
30.380866,-19.135379,96
30.380866,-20.037906,103
30.380866,-20.940433,119
30.380866,-21.84296,127
30.380866,-22.745487,136
30.380866,-23.648014,144
30.380866,-24.550542,151
30.380866,-25.453069,159
30.380866,-26.355596,167
30.380866,-27.258123,176
30.380866,-29.063177,184
30.380866,-30.868231,191
30.380866,-31.770758,200
30.380866,-32.673285,207
30.380866,-34.478339,223
30.380866,-36.283394,240
30.380866,-37.185921,256
30.380866,-38.088448,264
30.380866,-38.990975,272
30.380866,-39.893502,280
30.380866,-40.796029,288
30.380866,-41.698556,296
30.380866,-43.50361,304
29.478339,-44.406137,312
29.478339,-45.308664,320
29.478339,-46.211191,336
29.478339,-47.113718,352
29.478339,-48.016245,360
29.478339,-48.918773,376
29.478339,-49.8213,384
29.478339,-50.723827,392
29.478339,-51.626354,400
29.478339,-52.528881,408
29.478339,-53.431408,424
29.478339,-54.333935,440
29.478339,-56.138989,448
29.478339,-57.041516,456
29.478339,-58.84657,472
29.478339,-59.749097,480
29.478339,-60.651625,496
29.478339,-62.456679,504
29.478339,-63.359206,520
29.478339,-64.261733,528
29.478339,-65.16426,544
29.478339,-66.066787,552
29.478339,-66.969314,560
29.478339,-67.871841,584
29.478339,-68.774368,592
29.478339,-69.676895,608
30.380866,-71.481949,624
30.380866,-72.384477,648
31.283394,-73.287004,656
31.283394,-74.189531,664
31.283394,-75.994585,680
31.283394,-76.897112,696
31.283394,-77.799639,712
31.283394,-78.702166,720
31.283394,-79.604693,728
31.283394,-80.50722,744
31.283394,-81.409747,752
32.185921,-82.312274,768
32.185921,-83.214801,776
32.185921,-84.117329,784
32.185921,-85.019856,800
32.185921,-86.82491,824
32.185921,-87.727437,848
33.088448,-87.727437,856
33.088448,-88.629964,872
33.088448,-89.532491,888
BREAK
31.283394,-55.236462,2600
32.185921,-55.236462,2680
33.088448,-55.236462,2688
33.990975,-55.236462,2704
34.893502,-54.333935,2720
35.796029,-54.333935,2728
36.698556,-54.333935,2744
38.50361,-53.431408,2752
38.50361,-52.528881,2760
39.406137,-52.528881,2768
40.308664,-52.528881,2776
41.211191,-52.528881,2792
42.113718,-51.626354,2816
43.016245,-51.626354,2823
43.918773,-51.626354,2840
45.723827,-51.626354,2856
46.626354,-50.723827,2888
47.528881,-50.723827,2904
49.333935,-50.723827,2912
52.041516,-51.626354,2920
53.84657,-51.626354,2928
54.749097,-51.626354,2944
55.651625,-51.626354,2968
56.554152,-51.626354,2976
57.456679,-51.626354,3000
58.359206,-51.626354,3032
59.261733,-51.626354,3048
60.16426,-52.528881,3056
61.969314,-53.431408,3080
61.969314,-54.333935,3096
62.871841,-54.333935,3104
63.774368,-54.333935,3128
64.676895,-55.236462,3136
65.579422,-56.138989,3152
65.579422,-57.944043,3160
66.481949,-57.944043,3176
66.481949,-58.84657,3184
67.384477,-58.84657,3192
67.384477,-60.651625,3208
67.384477,-61.554152,3224
67.384477,-62.456679,3232
68.287004,-63.359206,3248
68.287004,-64.261733,3272
68.287004,-65.16426,3280
69.189531,-65.16426,3288
69.189531,-66.066787,3296
69.189531,-66.969314,3312
69.189531,-67.871841,3328
69.189531,-68.774368,3336
69.189531,-69.676895,3352
69.189531,-70.579422,3368
69.189531,-71.481949,3376
68.287004,-71.481949,3384
68.287004,-72.384477,3392
67.384477,-74.189531,3424
66.481949,-74.189531,3432
66.481949,-75.092058,3456
65.579422,-75.994585,3472
65.579422,-76.897112,3488
64.676895,-76.897112,3520
64.676895,-77.799639,3536
63.774368,-77.799639,3600
62.871841,-77.799639,3616
61.969314,-78.702166,3632
61.066787,-78.702166,3640
60.16426,-79.604693,3648
58.359206,-79.604693,3664
57.456679,-79.604693,3680
56.554152,-79.604693,3712
55.651625,-79.604693,3808
54.749097,-79.604693,3848
53.84657,-79.604693,3880
52.944043,-79.604693,3904
52.041516,-79.604693,3912
51.138989,-79.604693,3929
50.236462,-79.604693,3984
49.333935,-79.604693,4016
48.431408,-79.604693,4024
47.528881,-79.604693,4064
45.723827,-79.604693,4128
44.8213,-79.604693,4168
44.8213,-78.702166,4208
43.918773,-78.702166,4224
43.016245,-78.702166,4328
42.113718,-78.702166,4376
42.113718,-77.799639,4384
41.211191,-77.799639,4520
39.406137,-77.799639,4560
39.406137,-76.897112,4576
38.50361,-76.897112,4609
38.50361,-75.994585,4696
37.601083,-75.994585,4744
36.698556,-75.994585,4784
36.698556,-75.092058,4809
35.796029,-75.092058,4864
35.796029,-74.189531,4880
34.893502,-74.189531,5008
34.893502,-73.287004,5136
33.990975,-72.384477,5153
33.088448,-71.481949,5200
33.088448,-70.579422,5248
33.088448,-69.676895,5264
33.088448,-68.774368,5288
32.185921,-68.774368,5296
BREAK
