START
29.478339,-28.16065,0
29.478339,-27.258123,10
29.478339,-28.16065,181
29.478339,-29.965704,191
29.478339,-31.770758,201
29.478339,-33.575812,211
29.478339,-35.380866,224
29.478339,-37.185921,232
29.478339,-38.990975,244
29.478339,-40.796029,255
29.478339,-42.601083,265
29.478339,-44.406137,275
29.478339,-46.211191,286
29.478339,-48.016245,296
29.478339,-49.8213,305
29.478339,-51.626354,314
29.478339,-53.431408,330
29.478339,-54.333935,336
29.478339,-56.138989,345
29.478339,-57.041516,354
29.478339,-58.84657,364
29.478339,-59.749097,377
29.478339,-61.554152,385
29.478339,-63.359206,395
29.478339,-65.16426,405
29.478339,-66.969314,415
29.478339,-68.774368,426
29.478339,-69.676895,434
29.478339,-70.579422,444
29.478339,-72.384477,454
29.478339,-73.287004,474
29.478339,-74.189531,484
29.478339,-75.092058,494
29.478339,-75.994585,506
29.478339,-76.897112,515
29.478339,-77.799639,524
29.478339,-78.702166,534
29.478339,-79.604693,555
29.478339,-80.50722,595
29.478339,-81.409747,627
BREAK
33.088448,-56.138989,1216
33.088448,-55.236462,1254
33.088448,-54.333935,1274
33.088448,-53.431408,1314
33.088448,-52.528881,1336
33.088448,-50.723827,1354
33.990975,-50.723827,1364
34.893502,-49.8213,1378
34.893502,-48.918773,1388
34.893502,-48.016245,1396
35.796029,-47.113718,1414
35.796029,-46.211191,1434
36.698556,-45.308664,1444
36.698556,-44.406137,1454
37.601083,-43.50361,1474
38.50361,-43.50361,1494
38.50361,-42.601083,1504
38.50361,-41.698556,1524
39.406137,-41.698556,1533
39.406137,-40.796029,1563
40.308664,-40.796029,1583
40.308664,-39.893502,1603
41.211191,-39.893502,1633
41.211191,-38.990975,1653
42.113718,-38.990975,1663
43.016245,-38.990975,1704
43.918773,-38.990975,1734
44.8213,-38.990975,1755
45.723827,-38.990975,1764
46.626354,-38.990975,1774
47.528881,-38.990975,1784
48.431408,-38.990975,1796
49.333935,-38.990975,1804
50.236462,-38.990975,1816
51.138989,-38.990975,1825
52.041516,-38.990975,1854
52.944043,-39.893502,1887
53.84657,-39.893502,1896
53.84657,-40.796029,1906
54.749097,-41.698556,1916
54.749097,-42.601083,1928
54.749097,-43.50361,1936
55.651625,-43.50361,1946
55.651625,-45.308664,1957
56.554152,-45.308664,1967
56.554152,-46.211191,1977
56.554152,-48.016245,1987
57.456679,-48.918773,1997
58.359206,-50.723827,2009
58.359206,-52.528881,2021
59.261733,-54.333935,2027
59.261733,-56.138989,2047
60.16426,-57.041516,2066
60.16426,-58.84657,2090
60.16426,-59.749097,2096
60.16426,-60.651625,2106
60.16426,-61.554152,2116
60.16426,-62.456679,2126
60.16426,-63.359206,2136
60.16426,-64.261733,2156
60.16426,-65.16426,2188
60.16426,-66.066787,2218
60.16426,-66.969314,2238
60.16426,-67.871841,2257
59.261733,-67.871841,2267
58.359206,-69.676895,2277
56.554152,-69.676895,2287
55.651625,-70.579422,2298
54.749097,-71.481949,2308
53.84657,-71.481949,2318
52.944043,-72.384477,2328
52.041516,-72.384477,2338
51.138989,-72.384477,2357
50.236462,-72.384477,2367
50.236462,-73.287004,2377
48.431408,-73.287004,2421
46.626354,-73.287004,2435
45.723827,-73.287004,2447
44.8213,-73.287004,2477
43.918773,-73.287004,2507
43.016245,-73.287004,2529
43.016245,-74.189531,2550
42.113718,-74.189531,2560
41.211191,-74.189531,2599
40.308664,-74.189531,2628
39.406137,-74.189531,2650
38.50361,-74.189531,2684
38.50361,-73.287004,2693
38.50361,-72.384477,2713
37.601083,-72.384477,2725
37.601083,-71.481949,2733
36.698556,-71.481949,2743
35.796029,-71.481949,2753
35.796029,-70.579422,2764
34.893502,-69.676895,2784
34.893502,-68.774368,2797
33.990975,-67.871841,2804
33.088448,-66.969314,2813
33.088448,-66.066787,2824
33.088448,-64.261733,2834
32.185921,-64.261733,2843
32.185921,-62.456679,2853
32.185921,-61.554152,2884
31.283394,-60.651625,2923
31.283394,-59.749097,2953
31.283394,-58.84657,2973
BREAK
