START
28.575812,-16.427798,0
28.575812,-17.330325,138
27.673285,-18.232852,144
27.673285,-19.135379,152
27.673285,-20.037906,157
27.673285,-20.940433,164
27.673285,-21.84296,170
27.673285,-22.745487,175
26.770758,-22.745487,177
26.770758,-23.648014,182
26.770758,-24.550542,190
26.770758,-25.453069,196
25.868231,-25.453069,202
25.868231,-26.355596,205
25.868231,-27.258123,211
25.868231,-28.16065,217
25.868231,-29.063177,225
25.868231,-29.965704,231
25.868231,-30.868231,241
24.965704,-30.868231,251
24.965704,-31.770758,253
24.965704,-32.673285,261
24.965704,-33.575812,274
24.965704,-34.478339,286
24.063177,-35.380866,297
24.063177,-36.283394,309
24.063177,-37.185921,319
24.063177,-38.088448,327
24.063177,-38.990975,337
24.063177,-39.893502,343
24.063177,-40.796029,349
24.063177,-41.698556,357
23.16065,-41.698556,359
23.16065,-42.601083,361
23.16065,-43.50361,367
23.16065,-44.406137,375
23.16065,-45.308664,381
23.16065,-46.211191,387
23.16065,-47.113718,395
23.16065,-48.016245,403
23.16065,-48.918773,413
23.16065,-49.8213,425
23.16065,-50.723827,437
23.16065,-51.626354,455
23.16065,-52.528881,469
23.16065,-53.431408,493
23.16065,-54.333935,509
23.16065,-55.236462,519
23.16065,-56.138989,535
23.16065,-57.041516,549
24.063177,-57.041516,553
24.063177,-57.944043,559
24.063177,-58.84657,573
24.063177,-59.749097,581
24.063177,-60.651625,595
24.063177,-61.554152,609
24.063177,-62.456679,627
24.063177,-63.359206,657
24.965704,-63.359206,661
24.965704,-64.261733,681
24.965704,-65.16426,695
24.965704,-66.066787,713
24.965704,-66.969314,733
25.868231,-66.969314,737
25.868231,-67.871841,747
25.868231,-68.774368,761
25.868231,-69.676895,773
25.868231,-70.579422,787
25.868231,-71.481949,799
25.868231,-72.384477,809
25.868231,-73.287004,825
25.868231,-74.189531,839
25.868231,-75.092058,851
25.868231,-75.994585,867
25.868231,-76.897112,883
25.868231,-77.799639,895
25.868231,-78.702166,913
25.868231,-79.604693,929
25.868231,-80.50722,949
25.868231,-81.409747,971
25.868231,-82.312274,987
25.868231,-83.214801,1005
25.868231,-84.117329,1023
25.868231,-85.019856,1047
25.868231,-85.922383,1115
BREAK
24.063177,-39.893502,2478
24.965704,-39.893502,2543
25.868231,-39.893502,2553
26.770758,-39.893502,2559
27.673285,-39.893502,2567
28.575812,-39.893502,2573
29.478339,-39.893502,2579
30.380866,-39.893502,2586
31.283394,-39.893502,2595
32.185921,-39.893502,2607
33.088448,-39.893502,2619
33.990975,-39.893502,2625
34.893502,-39.893502,2635
35.796029,-39.893502,2641
36.698556,-39.893502,2649
37.601083,-39.893502,2655
38.50361,-39.893502,2659
39.406137,-39.893502,2667
40.308664,-39.893502,2673
41.211191,-39.893502,2679
42.113718,-39.893502,2685
43.016245,-39.893502,2691
43.918773,-39.893502,2697
44.8213,-39.893502,2703
45.723827,-39.893502,2713
45.723827,-40.796029,2723
46.626354,-40.796029,2729
47.528881,-40.796029,2747
47.528881,-41.698556,2763
48.431408,-41.698556,2767
48.431408,-42.601083,2779
49.333935,-42.601083,2789
49.333935,-43.50361,2799
50.236462,-43.50361,2809
50.236462,-44.406137,2815
51.138989,-44.406137,2823
51.138989,-45.308664,2829
52.041516,-45.308664,2839
52.041516,-46.211191,2843
52.944043,-46.211191,2855
52.944043,-47.113718,2859
52.944043,-48.016245,2871
53.84657,-48.016245,2885
53.84657,-48.918773,2886
53.84657,-49.8213,2899
54.749097,-49.8213,2909
54.749097,-50.723827,2915
54.749097,-51.626354,2929
54.749097,-52.528881,2939
55.651625,-52.528881,2943
55.651625,-53.431408,2953
55.651625,-54.333935,2969
55.651625,-55.236462,2981
55.651625,-56.138989,3007
55.651625,-57.041516,3045
55.651625,-57.944043,3061
55.651625,-58.84657,3083
54.749097,-58.84657,3095
54.749097,-59.749097,3099
54.749097,-60.651625,3119
53.84657,-60.651625,3129
53.84657,-61.554152,3133
52.944043,-62.456679,3147
52.041516,-62.456679,3163
52.041516,-63.359206,3165
51.138989,-63.359206,3175
50.236462,-63.359206,3181
50.236462,-64.261733,3183
49.333935,-64.261733,3189
49.333935,-65.16426,3193
48.431408,-65.16426,3197
47.528881,-65.16426,3203
47.528881,-66.066787,3205
46.626354,-66.066787,3207
45.723827,-66.066787,3213
44.8213,-66.969314,3219
43.918773,-67.871841,3227
43.016245,-67.871841,3233
42.113718,-67.871841,3239
42.113718,-68.774368,3243
41.211191,-68.774368,3247
40.308664,-68.774368,3253
40.308664,-69.676895,3255
39.406137,-69.676895,3263
38.50361,-69.676895,3275
37.601083,-69.676895,3285
36.698556,-69.676895,3297
35.796029,-69.676895,3303
34.893502,-69.676895,3313
33.990975,-69.676895,3323
33.088448,-69.676895,3333
32.185921,-69.676895,3345
31.283394,-69.676895,3357
30.380866,-69.676895,3367
29.478339,-69.676895,3383
28.575812,-70.579422,3403
27.673285,-70.579422,3427
26.770758,-70.579422,3459
25.868231,-70.579422,3497
BREAK
