START
42.159898,-27.498593,0
44.870558,-27.498593,22
47.581218,-27.498593,34
49.388325,-27.498593,45
52.098985,-27.498593,56
53.002538,-28.402147,68
53.906091,-28.402147,79
54.809645,-28.402147,90
55.713198,-29.3057,102
55.713198,-30.209253,113
59.327411,-32.01636,124
62.038071,-32.919913,135
66.555838,-35.630573,147
68.362944,-36.534126,158
69.266497,-37.43768,169
69.266497,-38.341233,181
69.266497,-39.244786,192
69.266497,-40.14834,215
69.266497,-41.051893,226
69.266497,-42.858999,237
69.266497,-43.762553,249
69.266497,-45.569659,260
69.266497,-46.473213,271
69.266497,-47.376766,282
68.362944,-48.280319,294
67.459391,-50.087426,316
66.555838,-50.990979,328
66.555838,-51.894532,339
64.748731,-53.701639,350
63.845178,-54.605192,362
62.941624,-55.508746,373
62.038071,-56.412299,384
61.134518,-57.315852,395
58.423858,-58.219406,407
56.616751,-58.219406,418
54.809645,-58.219406,429
52.098985,-58.219406,441
51.195431,-58.219406,452
50.291878,-58.219406,463
47.581218,-59.122959,475
46.677665,-59.122959,486
45.774112,-59.122959,497
44.870558,-59.122959,509
42.159898,-59.122959,520
39.449239,-57.315852,531
38.545685,-56.412299,543
36.738579,-56.412299,554
36.738579,-55.508746,566
35.835025,-54.605192,578
37.642132,-54.605192,721
39.449239,-55.508746,732
42.159898,-56.412299,744
44.870558,-57.315852,755
45.774112,-57.315852,783
46.677665,-58.219406,794
47.581218,-58.219406,805
49.388325,-58.219406,816
51.195431,-58.219406,828
52.098985,-58.219406,850
52.098985,-59.122959,937
52.098985,-60.026512,960
52.098985,-60.930065,971
52.098985,-62.737172,982
52.098985,-64.544279,994
52.098985,-65.447832,1005
52.098985,-67.254939,1016
52.098985,-69.965598,1028
52.098985,-72.676258,1039
53.002538,-75.386918,1062
53.002538,-76.290472,1073
54.809645,-77.194025,1084
56.616751,-77.194025,1107
58.423858,-78.097578,1118
59.327411,-78.097578,1129
60.230964,-78.097578,1141
62.038071,-78.097578,1152
62.038071,-77.194025,1168
62.038071,-76.290472,1179
62.941624,-76.290472,1221
BREAK
