START
70.641509,-10.859438,0
71.641509,-10.859438,144
73.641509,-10.859438,152
75.641509,-10.859438,168
76.641509,-10.859438,176
78.641509,-10.859438,185
79.641509,-10.859438,192
80.641509,-10.859438,208
80.641509,-11.859438,376
80.641509,-10.859438,384
80.641509,-11.859438,496
80.641509,-12.859438,504
80.641509,-13.859438,520
80.641509,-14.859438,528
80.641509,-15.859438,536
80.641509,-16.859438,552
81.641509,-17.859438,568
81.641509,-18.859438,576
81.641509,-19.859438,584
81.641509,-20.859438,608
81.641509,-21.859438,616
80.641509,-22.859438,632
80.641509,-23.859438,648
80.641509,-24.859438,664
80.641509,-25.859438,672
81.641509,-26.859438,688
81.641509,-27.859438,696
81.641509,-28.859438,712
81.641509,-29.859438,720
81.641509,-30.859438,736
81.641509,-31.859438,752
81.641509,-32.859438,776
81.641509,-33.859438,792
82.641509,-34.859438,808
82.641509,-35.859438,824
82.641509,-36.859438,840
82.641509,-37.859438,856
83.641509,-37.859438,864
83.641509,-38.859438,872
83.641509,-39.859438,888
84.641509,-39.859438,896
84.641509,-40.859438,904
84.641509,-41.859438,912
84.641509,-42.859438,928
84.641509,-43.859438,936
83.641509,-43.859438,944
83.641509,-44.859438,952
83.641509,-45.859438,960
83.641509,-46.859438,976
83.641509,-47.859438,985
83.641509,-48.859438,992
83.641509,-49.859438,1000
83.641509,-51.859438,1016
84.641509,-52.859438,1032
83.641509,-53.859438,1048
83.641509,-54.859438,1064
83.641509,-55.859438,1080
83.641509,-56.859438,1088
83.641509,-57.859438,1104
83.641509,-58.859438,1112
83.641509,-59.859438,1120
83.641509,-60.859438,1136
83.641509,-61.859438,1153
83.641509,-62.859438,1161
83.641509,-63.859438,1168
83.641509,-64.859438,1185
83.641509,-65.859438,1192
83.641509,-66.859438,1200
83.641509,-67.859438,1216
83.641509,-68.859438,1224
84.641509,-69.859438,1232
84.641509,-70.859438,1240
84.641509,-71.859438,1256
84.641509,-72.859438,1264
84.641509,-73.859438,1272
84.641509,-74.859438,1288
84.641509,-75.859438,1296
85.641509,-76.859438,1312
85.641509,-77.859438,1320
85.641509,-78.859438,1336
85.641509,-79.859438,1344
86.641509,-80.859438,1353
86.641509,-81.859438,1369
86.641509,-82.859438,1376
86.641509,-83.859438,1392
86.641509,-84.859438,1408
86.641509,-85.859438,1424
86.641509,-86.859438,1432
86.641509,-87.859438,1464
86.641509,-88.859438,1528
86.641509,-89.859438,1552
86.641509,-90.859438,1577
85.641509,-90.859438,2001
84.641509,-90.859438,2025
83.641509,-89.859438,2057
83.641509,-88.859438,2065
BREAK
54.641509,-16.859438,2936
55.641509,-16.859438,3160
56.641509,-16.859438,3200
57.641509,-17.859438,3280
58.641509,-17.859438,3352
58.641509,-18.859438,3592
57.641509,-18.859438,3608
57.641509,-19.859438,3616
57.641509,-20.859438,3640
57.641509,-21.859438,3656
57.641509,-22.859438,3680
57.641509,-23.859438,3696
58.641509,-23.859438,3704
58.641509,-24.859438,3712
58.641509,-25.859438,3720
58.641509,-26.859438,3736
58.641509,-27.859438,3752
58.641509,-28.859438,3776
58.641509,-29.859438,3800
58.641509,-30.859438,3840
58.641509,-31.859438,3864
58.641509,-32.859438,3880
58.641509,-33.859438,3888
58.641509,-34.859438,3912
59.641509,-36.859438,3936
59.641509,-37.859438,3960
59.641509,-38.859438,3976
59.641509,-40.859438,3992
59.641509,-41.859438,4008
59.641509,-42.859438,4024
59.641509,-44.859438,4040
59.641509,-45.859438,4056
59.641509,-46.859438,4072
59.641509,-47.859438,4080
59.641509,-48.859438,4096
59.641509,-49.859438,4112
58.641509,-49.859438,4122
58.641509,-50.859438,4137
58.641509,-51.859438,4144
58.641509,-52.859438,4160
58.641509,-53.859438,4176
58.641509,-55.859438,4192
58.641509,-56.859438,4208
58.641509,-58.859438,4224
57.641509,-58.859438,4232
57.641509,-59.859438,4240
57.641509,-60.859438,4248
57.641509,-61.859438,4256
57.641509,-62.859438,4264
57.641509,-63.859438,4280
57.641509,-64.859438,4289
57.641509,-65.859438,4296
57.641509,-66.859438,4312
58.641509,-68.859438,4328
58.641509,-69.859438,4344
58.641509,-70.859438,4360
58.641509,-72.859438,4376
58.641509,-73.859438,4392
58.641509,-74.859438,4416
59.641509,-75.859438,4424
59.641509,-76.859438,4448
59.641509,-77.859438,4472
59.641509,-78.859438,4512
59.641509,-79.859438,4536
59.641509,-80.859438,4561
59.641509,-81.859438,4592
59.641509,-82.859438,4616
60.641509,-82.859438,4649
60.641509,-83.859438,4728
60.641509,-82.859438,4736
59.641509,-82.859438,4752
59.641509,-81.859438,4784
58.641509,-80.859438,4832
BREAK
16.641509,-44.859438,6120
17.641509,-44.859438,6168
18.641509,-43.859438,6232
20.641509,-43.859438,6240
22.641509,-42.859438,6248
23.641509,-42.859438,6256
25.641509,-41.859438,6264
28.641509,-40.859438,6272
29.641509,-39.859438,6280
31.641509,-39.859438,6288
32.641509,-38.859438,6296
33.641509,-37.859438,6304
34.641509,-37.859438,6312
35.641509,-36.859438,6336
36.641509,-35.859438,6360
37.641509,-35.859438,6376
38.641509,-34.859438,6384
38.641509,-33.859438,6392
39.641509,-33.859438,6408
40.641509,-33.859438,6432
40.641509,-32.859438,6440
41.641509,-32.859438,6457
42.641509,-31.859438,6473
43.641509,-31.859438,6496
43.641509,-30.859438,6512
44.641509,-30.859438,6528
43.641509,-30.859438,6664
43.641509,-29.859438,6680
BREAK
31.641509,-39.859438,7440
32.641509,-39.859438,7536
32.641509,-40.859438,7544
32.641509,-41.859438,7560
32.641509,-42.859438,7576
32.641509,-44.859438,7592
32.641509,-45.859438,7608
32.641509,-46.859438,7624
32.641509,-47.859438,7632
32.641509,-48.859438,7640
32.641509,-49.859438,7648
32.641509,-50.859438,7656
32.641509,-51.859438,7672
32.641509,-52.859438,7680
32.641509,-53.859438,7688
32.641509,-54.859438,7696
32.641509,-55.859438,7712
32.641509,-56.859438,7720
32.641509,-57.859438,7728
32.641509,-58.859438,7736
32.641509,-60.859438,7744
32.641509,-61.859438,7752
32.641509,-62.859438,7760
32.641509,-63.859438,7768
32.641509,-64.859438,7776
32.641509,-65.859438,7784
32.641509,-67.859438,7792
32.641509,-68.859438,7808
32.641509,-70.859438,7816
32.641509,-71.859438,7832
32.641509,-72.859438,7841
32.641509,-73.859438,7849
32.641509,-74.859438,7864
32.641509,-75.859438,7880
32.641509,-76.859438,7896
32.641509,-77.859438,7912
32.641509,-78.859438,7928
32.641509,-79.859438,7944
32.641509,-80.859438,7952
32.641509,-81.859438,7976
32.641509,-82.859438,7992
32.641509,-83.859438,8024
31.641509,-83.859438,8112
30.641509,-82.859438,8160
BREAK
47.641509,-50.859438,8936
48.641509,-49.859438,8976
49.641509,-49.859438,9040
49.641509,-48.859438,9048
50.641509,-47.859438,9064
51.641509,-47.859438,9072
52.641509,-47.859438,9080
53.641509,-47.859438,9087
54.641509,-47.859438,9096
55.641509,-46.859438,9104
56.641509,-46.859438,9128
57.641509,-46.859438,9176
58.641509,-46.859438,9200
58.641509,-45.859438,9248
59.641509,-45.859438,9256
59.641509,-44.859438,9272
58.641509,-43.859438,9408
57.641509,-43.859438,9424
BREAK
