START
15.641509,-40.859438,0
16.641509,-40.859438,87
19.641509,-39.859438,95
22.641509,-38.859438,103
25.641509,-37.859438,111
29.641509,-35.859438,119
33.641509,-33.859438,127
36.641509,-32.859438,135
40.641509,-30.859438,143
42.641509,-29.859438,151
43.641509,-28.859438,167
44.641509,-28.859438,175
44.641509,-27.859438,319
45.641509,-27.859438,327
45.641509,-26.859438,335
BREAK
33.641509,-40.859438,1223
34.641509,-41.859438,1351
35.641509,-43.859438,1359
35.641509,-46.859438,1367
35.641509,-47.859438,1375
35.641509,-49.859438,1383
35.641509,-52.859438,1391
35.641509,-54.859438,1399
35.641509,-56.859438,1407
35.641509,-58.859438,1415
35.641509,-59.859438,1423
35.641509,-61.859438,1431
35.641509,-62.859438,1455
35.641509,-63.859438,1463
35.641509,-64.859438,1471
35.641509,-65.859438,1583
BREAK
60.641509,-22.859438,3759
61.641509,-22.859438,3799
61.641509,-23.859438,3831
61.641509,-24.859438,3839
62.641509,-25.859438,3847
62.641509,-27.859438,3855
62.641509,-29.859438,3863
62.641509,-31.859438,3871
62.641509,-34.859438,3879
62.641509,-38.859438,3887
62.641509,-41.859438,3895
62.641509,-45.859438,3903
63.641509,-48.859438,3911
63.641509,-51.859438,3919
63.641509,-54.859438,3927
63.641509,-56.859438,3935
63.641509,-57.859438,3943
64.641509,-59.859438,3951
64.641509,-60.859438,3959
64.641509,-61.859438,3967
64.641509,-62.859438,3975
64.641509,-64.859438,3991
64.641509,-65.859438,4007
64.641509,-66.859438,4023
64.641509,-67.859438,4031
64.641509,-68.859438,4039
64.641509,-69.859438,4047
64.641509,-70.859438,4055
64.641509,-72.859438,4063
65.641509,-73.859438,4079
65.641509,-75.859438,4087
65.641509,-76.859438,4103
65.641509,-77.859438,4119
65.641509,-78.859438,4127
65.641509,-79.859438,4135
65.641509,-80.859438,4151
BREAK
52.641509,-52.859438,4896
53.641509,-51.859438,4943
55.641509,-51.859438,4951
57.641509,-51.859438,4959
58.641509,-50.859438,4967
59.641509,-50.859438,4975
59.641509,-49.859438,4983
60.641509,-49.859438,4991
BREAK
74.641509,-11.859438,9728
75.641509,-46.859438,9791
75.641509,-50.859438,9799
75.641509,-56.859438,9807
75.641509,-61.859438,9815
75.641509,-65.859438,9823
75.641509,-68.859438,9831
75.641509,-70.859438,9839
75.641509,-72.859438,9847
75.641509,-74.859438,9855
75.641509,-75.859438,9863
76.641509,-78.859438,9871
76.641509,-79.859438,9879
76.641509,-81.859438,9887
76.641509,-83.859438,9895
76.641509,-84.859438,9903
76.641509,-85.859438,9911
77.641509,-87.859438,9919
77.641509,-88.859438,9935
77.641509,-89.859438,9959
77.641509,-90.859438,9967
BREAK
