START
29.055564,-16.18382,0
31.95387,-15.217718,56
34.852175,-15.217718,64
39.682683,-15.217718,72
46.445395,-15.217718,80
55.14031,-15.217718,88
64.801327,-15.217718,96
75.428446,-15.217718,104
84.123361,-15.217718,112
90.886073,-15.217718,120
94.75048,-15.217718,128
97.648785,-15.217718,136
98.614886,-15.217718,144
BREAK
44.513192,-13.285515,1976
43.54709,-13.285515,2072
43.54709,-14.251617,2080
42.580988,-15.217718,2088
41.614886,-16.18382,2096
41.614886,-18.116023,2104
39.682683,-19.082125,2112
38.716581,-20.048227,2120
38.716581,-21.98043,2128
37.75048,-22.946532,2136
36.784378,-24.878735,2144
36.784378,-25.844837,2152
36.784378,-26.810939,2160
36.784378,-28.743142,2168
36.784378,-30.675345,2176
36.784378,-31.641447,2184
36.784378,-32.607549,2192
36.784378,-33.573651,2200
36.784378,-34.539752,2208
37.75048,-35.505854,2216
38.716581,-35.505854,2920
39.682683,-35.505854,2936
40.648785,-34.539752,2944
42.580988,-34.539752,2952
42.580988,-33.573651,2960
44.513192,-32.607549,2968
45.479293,-31.641447,2984
46.445395,-31.641447,3008
47.411497,-31.641447,3016
48.377598,-30.675345,3032
50.309802,-30.675345,3040
51.275903,-30.675345,3048
52.242005,-30.675345,3056
54.174209,-30.675345,3064
55.14031,-30.675345,3072
56.106412,-30.675345,3080
57.072514,-30.675345,3096
58.038615,-30.675345,3112
59.970819,-31.641447,3136
59.970819,-32.607549,3144
60.93692,-33.573651,3152
61.903022,-34.539752,3160
63.835225,-36.471956,3168
63.835225,-37.438057,3176
64.801327,-38.404159,3184
66.733531,-41.302464,3192
66.733531,-42.268566,3200
67.699632,-44.200769,3208
68.665734,-45.166871,3216
68.665734,-46.132973,3224
69.631836,-48.065176,3232
69.631836,-49.031278,3240
69.631836,-49.997379,3248
69.631836,-51.929583,3256
69.631836,-52.895684,3272
69.631836,-54.827888,3280
69.631836,-56.760091,3288
68.665734,-57.726193,3296
67.699632,-59.658396,3304
67.699632,-60.624498,3312
66.733531,-62.556701,3320
65.767429,-63.522803,3328
65.767429,-64.488905,3336
63.835225,-65.455006,3344
63.835225,-66.421108,3352
61.903022,-67.38721,3360
59.970819,-68.353312,3368
58.038615,-69.319413,3376
57.072514,-69.319413,3384
56.106412,-69.319413,3392
54.174209,-69.319413,3400
53.208107,-69.319413,3408
52.242005,-69.319413,3416
50.309802,-69.319413,3424
48.377598,-69.319413,3432
46.445395,-69.319413,3440
44.513192,-68.353312,3448
42.580988,-67.38721,3456
41.614886,-66.421108,3464
40.648785,-65.455006,3472
38.716581,-64.488905,3480
37.75048,-62.556701,3488
36.784378,-61.5906,3496
35.818276,-59.658396,3504
34.852175,-57.726193,3513
34.852175,-55.79399,3520
34.852175,-53.861786,3528
33.886073,-51.929583,3536
33.886073,-50.963481,3544
32.919971,-49.997379,3552
32.919971,-48.065176,3560
32.919971,-47.099074,3568
32.919971,-46.132973,3576
32.919971,-45.166871,3592
32.919971,-44.200769,3608
BREAK
75.428446,-14.251617,4560
75.428446,-15.217718,4624
76.394547,-17.149922,4640
77.360649,-18.116023,4648
77.360649,-19.082125,4656
77.360649,-21.014329,4664
78.326751,-21.98043,4672
79.292853,-23.912634,4680
80.258954,-24.878735,4688
80.258954,-25.844837,4696
82.191158,-26.810939,4704
82.191158,-27.77704,4712
83.157259,-27.77704,4720
84.123361,-28.743142,4728
85.089463,-28.743142,4736
86.055564,-28.743142,4744
87.987768,-28.743142,4760
88.95387,-28.743142,4776
89.919971,-28.743142,4792
89.919971,-29.709244,5008
89.919971,-30.675345,5016
89.919971,-31.641447,5024
89.919971,-33.573651,5032
89.919971,-36.471956,5040
89.919971,-39.370261,5048
89.919971,-42.268566,5056
89.919971,-46.132973,5064
90.886073,-49.997379,5072
91.852175,-51.929583,5080
91.852175,-54.827888,5088
91.852175,-56.760091,5098
91.852175,-57.726193,5104
91.852175,-60.624498,5112
91.852175,-61.5906,5120
91.852175,-62.556701,5128
91.852175,-64.488905,5136
91.852175,-65.455006,5144
91.852175,-66.421108,5152
91.852175,-67.38721,5160
91.852175,-70.285515,5168
91.852175,-71.251617,5176
91.852175,-72.217718,5184
91.852175,-74.149922,5192
91.852175,-75.116023,5200
91.852175,-76.082125,5208
91.852175,-78.014329,5216
91.852175,-78.98043,5232
92.818276,-78.98043,5240
92.818276,-79.946532,5248
BREAK
