START
20.360649,-16.18382,0
21.326751,-16.18382,224
22.292853,-16.18382,232
23.258954,-16.18382,240
24.225056,-16.18382,248
26.157259,-16.18382,255
27.123361,-16.18382,264
29.055564,-16.18382,272
30.021666,-16.18382,280
30.987768,-16.18382,304
30.021666,-16.18382,328
30.987768,-17.149922,480
30.987768,-16.18382,536
32.919971,-16.18382,552
33.886073,-17.149922,560
34.852175,-17.149922,568
36.784378,-17.149922,584
37.75048,-17.149922,600
38.716581,-17.149922,624
39.682683,-17.149922,640
40.648785,-17.149922,664
41.614886,-17.149922,704
42.580988,-17.149922,760
43.54709,-17.149922,776
43.54709,-16.18382,792
44.513192,-16.18382,808
45.479293,-16.18382,840
46.445395,-16.18382,896
48.377598,-16.18382,912
49.3437,-16.18382,928
50.309802,-16.18382,944
51.275903,-16.18382,960
52.242005,-16.18382,976
53.208107,-16.18382,1072
55.14031,-16.18382,1088
56.106412,-17.149922,1104
57.072514,-17.149922,1120
58.038615,-16.18382,1128
59.004717,-16.18382,1145
59.970819,-16.18382,1151
60.93692,-16.18382,1168
61.903022,-16.18382,1296
62.869124,-16.18382,1304
63.835225,-16.18382,1312
64.801327,-16.18382,1320
65.767429,-16.18382,1328
66.733531,-17.149922,1336
67.699632,-17.149922,1352
67.699632,-16.18382,1376
68.665734,-16.18382,1400
69.631836,-16.18382,1408
70.597937,-16.18382,1424
71.564039,-17.149922,1432
72.530141,-17.149922,1448
73.496242,-17.149922,1456
74.462344,-17.149922,1496
75.428446,-17.149922,1536
76.394547,-17.149922,1560
77.360649,-17.149922,1568
78.326751,-17.149922,1616
79.292853,-17.149922,1632
79.292853,-18.116023,1680
80.258954,-17.149922,1696
81.225056,-16.18382,1720
82.191158,-16.18382,1760
83.157259,-16.18382,1800
84.123361,-16.18382,1840
85.089463,-16.18382,1904
85.089463,-17.149922,1984
BREAK
59.970819,-17.149922,3441
59.970819,-18.116023,3528
60.93692,-18.116023,3544
60.93692,-19.082125,3552
60.93692,-20.048227,3624
60.93692,-21.014329,3640
60.93692,-21.98043,3664
61.903022,-21.98043,3688
61.903022,-22.946532,3696
61.903022,-24.878735,3727
62.869124,-24.878735,3736
63.835225,-25.844837,3768
63.835225,-26.810939,3792
64.801327,-27.77704,3824
65.767429,-28.743142,3848
66.733531,-29.709244,3872
67.699632,-30.675345,3888
68.665734,-30.675345,3904
68.665734,-31.641447,3912
69.631836,-31.641447,3936
70.597937,-32.607549,3952
71.564039,-32.607549,3960
72.530141,-32.607549,3976
73.496242,-33.573651,3984
74.462344,-33.573651,4000
75.428446,-33.573651,4016
76.394547,-33.573651,4040
76.394547,-34.539752,4064
77.360649,-34.539752,4104
78.326751,-34.539752,4120
78.326751,-35.505854,4176
77.360649,-35.505854,4336
BREAK
79.292853,-34.539752,13018
79.292853,-39.370261,13215
78.326751,-39.370261,13221
78.326751,-40.336362,13230
78.326751,-41.302464,13249
78.326751,-42.268566,13265
78.326751,-43.234667,13329
78.326751,-44.200769,13369
78.326751,-45.166871,13417
78.326751,-46.132973,13425
78.326751,-47.099074,13489
78.326751,-48.065176,13529
78.326751,-49.031278,13593
78.326751,-49.997379,13601
78.326751,-50.963481,13633
78.326751,-51.929583,13713
78.326751,-52.895684,13737
78.326751,-53.861786,13745
78.326751,-54.827888,13777
78.326751,-55.79399,13849
78.326751,-56.760091,13897
78.326751,-57.726193,13905
78.326751,-58.692295,13945
78.326751,-59.658396,13993
78.326751,-60.624498,14041
78.326751,-61.5906,14121
78.326751,-62.556701,14153
78.326751,-63.522803,14201
78.326751,-64.488905,14233
78.326751,-65.455006,14257
78.326751,-66.421108,14281
78.326751,-67.38721,14329
78.326751,-68.353312,14377
78.326751,-69.319413,14457
78.326751,-70.285515,14481
78.326751,-71.251617,14521
77.360649,-72.217718,14561
77.360649,-73.18382,14625
77.360649,-74.149922,14642
77.360649,-75.116023,14673
77.360649,-76.082125,14729
77.360649,-77.048227,14801
77.360649,-78.014329,14817
77.360649,-78.98043,14850
77.360649,-79.946532,14873
77.360649,-81.878735,15177
77.360649,-82.844837,15209
77.360649,-83.810939,15257
BREAK
47.411497,-19.082125,17162
46.445395,-20.048227,17441
45.479293,-21.014329,17465
45.479293,-21.98043,17529
44.513192,-21.98043,17545
44.513192,-22.946532,17553
44.513192,-23.912634,17569
43.54709,-23.912634,17609
43.54709,-24.878735,17617
42.580988,-24.878735,17633
42.580988,-25.844837,17657
41.614886,-25.844837,17665
41.614886,-26.810939,17681
41.614886,-27.77704,17697
41.614886,-28.743142,17721
41.614886,-29.709244,17737
41.614886,-30.675345,17754
40.648785,-30.675345,17761
40.648785,-31.641447,17785
40.648785,-32.607549,17809
40.648785,-33.573651,17825
39.682683,-34.539752,17841
39.682683,-35.505854,17865
39.682683,-36.471956,17897
39.682683,-37.438057,17929
39.682683,-38.404159,17945
38.716581,-39.370261,17977
38.716581,-40.336362,18011
38.716581,-41.302464,18033
38.716581,-42.268566,18049
37.75048,-43.234667,18073
37.75048,-44.200769,18097
37.75048,-45.166871,18113
37.75048,-46.132973,18129
37.75048,-47.099074,18154
BREAK
37.75048,-47.099074,18778
37.75048,-46.132973,19209
38.716581,-45.166871,19217
39.682683,-45.166871,19249
39.682683,-44.200769,19329
40.648785,-44.200769,19369
41.614886,-44.200769,19393
42.580988,-44.200769,19401
43.54709,-44.200769,19417
44.513192,-44.200769,19433
45.479293,-44.200769,19449
46.445395,-44.200769,19457
47.411497,-44.200769,19473
47.411497,-45.166871,19489
48.377598,-45.166871,19513
49.3437,-45.166871,19537
50.309802,-46.132973,19553
51.275903,-47.099074,19585
52.242005,-47.099074,19601
52.242005,-48.065176,19617
53.208107,-49.031278,19625
54.174209,-49.031278,19633
54.174209,-49.997379,19649
55.14031,-49.997379,19657
56.106412,-50.963481,19673
57.072514,-50.963481,19698
58.038615,-51.929583,19721
58.038615,-52.895684,19745
59.004717,-52.895684,19762
59.004717,-53.861786,19769
59.970819,-53.861786,19785
59.970819,-54.827888,19802
60.93692,-54.827888,19817
61.903022,-55.79399,19834
61.903022,-56.760091,19842
61.903022,-57.726193,19866
62.869124,-57.726193,19873
62.869124,-58.692295,19881
62.869124,-59.658396,19897
62.869124,-60.624498,19922
63.835225,-60.624498,19945
63.835225,-61.5906,19953
63.835225,-62.556701,19993
63.835225,-63.522803,20026
63.835225,-64.488905,20049
63.835225,-65.455006,20089
63.835225,-66.421108,20114
63.835225,-67.38721,20130
62.869124,-67.38721,20138
62.869124,-68.353312,20145
61.903022,-69.319413,20170
61.903022,-70.285515,20194
61.903022,-71.251617,20210
60.93692,-72.217718,20226
60.93692,-73.18382,20258
59.970819,-73.18382,20266
59.970819,-74.149922,20281
59.004717,-74.149922,20298
58.038615,-74.149922,20314
58.038615,-75.116023,20322
58.038615,-76.082125,20330
57.072514,-76.082125,20338
56.106412,-76.082125,20354
55.14031,-77.048227,20370
54.174209,-77.048227,20386
53.208107,-77.048227,20418
52.242005,-77.048227,20434
51.275903,-78.014329,20450
50.309802,-78.014329,20457
49.3437,-78.014329,20465
47.411497,-78.014329,20481
46.445395,-78.014329,20497
45.479293,-78.014329,20505
44.513192,-78.014329,20513
43.54709,-78.014329,20522
42.580988,-78.014329,20538
41.614886,-78.014329,20554
41.614886,-77.048227,20570
40.648785,-77.048227,20602
40.648785,-76.082125,20626
39.682683,-76.082125,20634
38.716581,-76.082125,20658
38.716581,-75.116023,20666
37.75048,-75.116023,20690
36.784378,-74.149922,20698
35.818276,-73.18382,20730
35.818276,-72.217718,20746
34.852175,-72.217718,20762
34.852175,-71.251617,20778
33.886073,-71.251617,20826
33.886073,-70.285515,20850
32.919971,-70.285515,20858
32.919971,-69.319413,20882
31.95387,-69.319413,20890
31.95387,-68.353312,20898
30.987768,-68.353312,20922
30.987768,-67.38721,20938
30.021666,-67.38721,20954
30.021666,-66.421108,20962
29.055564,-66.421108,20970
29.055564,-65.455006,20986
28.089463,-65.455006,20994
28.089463,-64.488905,21002
28.089463,-63.522803,21018
27.123361,-63.522803,21026
27.123361,-62.556701,21042
26.157259,-61.5906,21130
26.157259,-60.624498,21147
25.191158,-60.624498,21162
25.191158,-59.658396,21178
25.191158,-58.692295,21202
25.191158,-57.726193,21314
25.191158,-56.760091,21330
24.225056,-56.760091,21346
24.225056,-55.79399,21362
23.258954,-54.827888,21538
23.258954,-53.861786,21602
23.258954,-52.895684,21674
BREAK
