START
18.428446,-21.98043,0
20.360649,-21.98043,95
22.292853,-21.98043,143
24.225056,-21.98043,151
26.157259,-21.98043,167
28.089463,-21.98043,183
30.021666,-21.98043,223
31.95387,-21.98043,255
33.886073,-21.98043,279
35.818276,-21.98043,303
35.818276,-22.946532,311
37.75048,-22.946532,319
38.716581,-22.946532,327
39.682683,-23.912634,335
40.648785,-23.912634,343
41.614886,-23.912634,359
43.54709,-23.912634,375
44.513192,-23.912634,391
45.479293,-23.912634,399
46.445395,-24.878735,407
47.411497,-24.878735,415
48.377598,-24.878735,423
49.3437,-24.878735,431
50.309802,-24.878735,447
51.275903,-24.878735,455
52.242005,-24.878735,479
53.208107,-24.878735,487
54.174209,-24.878735,495
55.14031,-24.878735,503
56.106412,-24.878735,519
57.072514,-24.878735,527
58.038615,-24.878735,535
59.004717,-24.878735,543
59.970819,-24.878735,551
60.93692,-24.878735,567
60.93692,-25.844837,575
61.903022,-25.844837,583
62.869124,-25.844837,592
63.835225,-25.844837,599
65.767429,-25.844837,607
66.733531,-25.844837,615
67.699632,-25.844837,623
69.631836,-25.844837,631
70.597937,-25.844837,647
71.564039,-25.844837,663
71.564039,-26.810939,673
72.530141,-26.810939,679
73.496242,-26.810939,696
74.462344,-26.810939,703
75.428446,-26.810939,711
76.394547,-26.810939,719
77.360649,-26.810939,727
78.326751,-26.810939,735
79.292853,-26.810939,751
80.258954,-26.810939,839
81.225056,-26.810939,871
82.191158,-26.810939,927
BREAK
60.93692,-27.77704,2673
60.93692,-28.743142,2799
60.93692,-29.709244,2831
60.93692,-30.675345,2839
60.93692,-31.641447,2847
60.93692,-32.607549,2863
60.93692,-33.573651,2887
60.93692,-34.539752,2895
60.93692,-36.471956,2911
60.93692,-38.404159,2927
60.93692,-39.370261,2935
61.903022,-40.336362,2943
61.903022,-41.302464,2951
62.869124,-42.268566,2959
62.869124,-43.234667,2967
62.869124,-44.200769,2991
63.835225,-45.166871,3015
63.835225,-46.132973,3031
64.801327,-46.132973,3039
65.767429,-46.132973,3055
65.767429,-47.099074,3071
66.733531,-48.065176,3103
67.699632,-48.065176,3127
67.699632,-49.031278,3135
68.665734,-49.031278,3151
69.631836,-49.031278,3175
70.597937,-49.031278,3215
70.597937,-49.997379,3223
71.564039,-49.997379,3295
72.530141,-49.997379,3343
73.496242,-50.963481,3408
BREAK
75.428446,-49.997379,8087
74.462344,-50.963481,8560
74.462344,-51.929583,9471
74.462344,-52.895684,9479
74.462344,-53.861786,9487
74.462344,-55.79399,9495
74.462344,-56.760091,9503
74.462344,-57.726193,9511
74.462344,-58.692295,9519
74.462344,-60.624498,9527
74.462344,-61.5906,9535
74.462344,-62.556701,9551
74.462344,-63.522803,9559
74.462344,-64.488905,9567
74.462344,-65.455006,9575
74.462344,-66.421108,9583
74.462344,-67.38721,9607
74.462344,-68.353312,9623
74.462344,-69.319413,9631
74.462344,-70.285515,9655
74.462344,-71.251617,9711
74.462344,-72.217718,9727
74.462344,-73.18382,10015
74.462344,-74.149922,10023
74.462344,-75.116023,10047
74.462344,-76.082125,10063
74.462344,-77.048227,10079
74.462344,-78.014329,10095
74.462344,-78.98043,10119
74.462344,-79.946532,10223
74.462344,-80.912634,10399
74.462344,-81.878735,10415
74.462344,-82.844837,10455
75.428446,-82.844837,10503
BREAK
43.54709,-27.77704,12191
42.580988,-27.77704,12439
41.614886,-28.743142,12447
40.648785,-28.743142,12479
40.648785,-29.709244,12511
38.716581,-30.675345,12551
37.75048,-30.675345,12575
36.784378,-30.675345,12583
36.784378,-31.641447,12591
35.818276,-31.641447,12615
35.818276,-32.607549,12631
34.852175,-33.573651,12663
33.886073,-34.539752,12671
33.886073,-35.505854,12679
32.919971,-36.471956,12687
32.919971,-37.438057,12696
31.95387,-39.370261,12703
31.95387,-40.336362,12711
30.987768,-41.302464,12719
30.987768,-42.268566,12727
30.987768,-43.234667,12735
30.021666,-44.200769,12751
30.021666,-45.166871,12759
30.021666,-46.132973,12783
29.055564,-47.099074,12799
29.055564,-48.065176,12919
29.055564,-47.099074,13231
30.021666,-47.099074,13287
30.987768,-47.099074,13335
31.95387,-47.099074,13351
31.95387,-46.132973,13367
32.919971,-46.132973,13391
33.886073,-46.132973,13423
34.852175,-46.132973,13447
35.818276,-46.132973,13471
36.784378,-46.132973,13495
37.75048,-46.132973,13511
38.716581,-46.132973,13527
39.682683,-46.132973,13559
40.648785,-46.132973,13583
41.614886,-46.132973,13600
41.614886,-47.099074,13607
42.580988,-47.099074,13639
43.54709,-47.099074,13655
44.513192,-47.099074,13687
44.513192,-48.065176,13695
45.479293,-48.065176,13711
45.479293,-49.031278,13719
46.445395,-49.031278,13727
47.411497,-49.031278,13751
48.377598,-49.997379,13775
49.3437,-49.997379,13799
49.3437,-50.963481,13815
50.309802,-50.963481,13831
50.309802,-51.929583,13839
51.275903,-51.929583,13847
52.242005,-51.929583,13863
52.242005,-52.895684,13879
53.208107,-52.895684,13895
53.208107,-53.861786,13903
54.174209,-54.827888,13921
55.14031,-55.79399,13928
55.14031,-56.760091,13937
55.14031,-57.726193,13943
55.14031,-58.692295,13952
56.106412,-59.658396,13959
56.106412,-60.624498,13967
56.106412,-62.556701,13975
56.106412,-63.522803,13983
56.106412,-64.488905,13991
56.106412,-65.455006,13999
56.106412,-67.38721,14008
56.106412,-68.353312,14015
56.106412,-70.285515,14024
56.106412,-72.217718,14031
56.106412,-75.116023,14040
56.106412,-77.048227,14047
56.106412,-78.014329,14055
56.106412,-78.98043,14063
56.106412,-79.946532,14071
56.106412,-80.912634,14079
55.14031,-80.912634,14120
54.174209,-81.878735,14167
53.208107,-81.878735,14183
52.242005,-81.878735,14215
51.275903,-81.878735,14247
50.309802,-81.878735,14255
49.3437,-81.878735,14263
49.3437,-82.844837,14271
47.411497,-82.844837,14295
45.479293,-82.844837,14368
43.54709,-82.844837,14407
42.580988,-81.878735,14472
41.614886,-81.878735,14488
40.648785,-81.878735,14520
40.648785,-80.912634,14527
39.682683,-80.912634,14552
38.716581,-79.946532,14568
37.75048,-79.946532,14592
37.75048,-78.98043,14608
36.784378,-78.98043,14640
36.784378,-78.014329,14649
34.852175,-78.014329,14680
34.852175,-77.048227,14704
33.886073,-77.048227,14735
33.886073,-76.082125,14751
32.919971,-76.082125,14863
32.919971,-75.116023,14871
32.919971,-74.149922,14879
32.919971,-73.18382,14896
32.919971,-72.217718,14904
31.95387,-72.217718,14912
31.95387,-71.251617,14920
31.95387,-70.285515,14928
31.95387,-69.319413,14937
30.987768,-67.38721,14944
30.987768,-66.421108,14953
30.987768,-64.488905,14961
30.987768,-62.556701,14968
30.987768,-60.624498,14977
30.987768,-58.692295,14985
30.987768,-56.760091,14992
30.987768,-55.79399,15001
30.987768,-54.827888,15007
30.987768,-52.895684,15015
BREAK
