START
51.75,-27.859438,0
51.75,-29.859438,129
51.75,-31.859438,218
51.75,-33.859438,259
51.75,-35.859438,323
51.75,-37.859438,336
51.75,-39.859438,378
51.75,-41.859438,412
51.75,-45.859438,434
51.75,-47.859438,448
51.75,-49.859438,458
51.75,-51.859438,471
51.75,-53.859438,480
51.75,-55.859438,493
51.75,-57.859438,519
51.75,-61.859438,531
51.75,-63.859438,607
51.75,-65.859438,617
51.75,-67.859438,647
51.75,-69.859438,676
51.75,-71.859438,691
51.75,-73.859438,700
51.75,-79.859438,710
51.75,-81.859438,729
51.75,-83.859438,746
51.75,-85.859438,756
51.75,-87.859438,913
BREAK
