START
29.697427,-56.587732,0
30.093712,-56.587732,290
30.886281,-56.587732,305
31.282566,-56.587732,319
31.282566,-55.795162,335
31.678851,-55.795162,351
32.075136,-55.795162,368
32.471421,-55.398877,385
32.867705,-55.398877,420
33.26399,-55.398877,435
33.660275,-55.002592,450
34.05656,-55.002592,467
34.452845,-55.002592,483
34.84913,-55.002592,499
35.245414,-55.002592,516
35.641699,-55.002592,532
36.037984,-55.002592,556
36.434269,-55.002592,565
36.830554,-55.002592,581
36.830554,-55.795162,598
37.226839,-55.795162,614
37.623123,-56.587732,647
37.623123,-56.984017,664
38.019408,-57.380301,686
38.019408,-57.776586,698
38.019408,-58.172871,713
38.019408,-58.965441,729
38.019408,-59.361726,746
38.019408,-59.75801,762
38.019408,-60.154295,779
38.019408,-60.55058,813
38.019408,-60.946865,827
37.226839,-60.946865,844
37.226839,-61.34315,861
36.830554,-61.739435,893
36.434269,-61.739435,910
36.037984,-62.135719,939
35.641699,-62.135719,948
34.84913,-62.135719,962
34.05656,-62.928289,975
33.660275,-62.928289,992
33.26399,-62.928289,1009
32.471421,-62.928289,1025
32.075136,-62.928289,1041
31.678851,-62.928289,1057
30.886281,-62.928289,1075
30.489996,-62.928289,1091
29.697427,-62.928289,1107
29.301142,-62.928289,1124
28.904857,-62.928289,1141
28.112288,-62.928289,1156
27.716003,-62.928289,1172
27.319718,-62.928289,1193
26.527148,-62.532004,1206
26.130863,-62.135719,1221
25.338294,-61.34315,1238
24.942009,-60.55058,1254
24.545724,-59.75801,1271
24.545724,-58.965441,1287
24.545724,-58.569156,1311
23.753154,-57.776586,1326
23.753154,-57.380301,1337
23.753154,-56.984017,1353
23.753154,-56.587732,1386
23.753154,-56.191447,1402
23.753154,-55.795162,1418
23.753154,-55.002592,1437
23.753154,-54.606308,1454
23.753154,-53.813738,1468
23.753154,-53.417453,1484
23.753154,-52.624883,1502
24.149439,-52.228599,1517
24.149439,-51.436029,1534
24.942009,-50.643459,1550
25.338294,-49.85089,1567
25.734579,-49.05832,1583
26.527148,-48.662035,1601
27.319718,-47.869465,1616
28.508572,-47.076896,1636
28.904857,-46.284326,1648
30.489996,-45.491756,1666
31.282566,-45.095472,1682
32.471421,-44.302902,1700
33.26399,-43.906617,1715
34.05656,-43.510332,1731
34.84913,-43.114048,1747
36.037984,-43.114048,1764
36.830554,-43.114048,1779
37.226839,-43.114048,1800
38.019408,-43.114048,1813
38.415693,-43.114048,1829
39.208263,-43.114048,1845
40.000832,-43.114048,1862
40.793402,-43.114048,1878
41.585972,-43.114048,1895
41.982257,-43.114048,1912
42.774826,-43.114048,1929
43.963681,-43.114048,1944
44.75625,-43.114048,1963
45.152535,-43.114048,1977
45.54882,-43.114048,1993
45.945105,-43.510332,2010
46.737675,-44.302902,2026
47.530244,-44.699187,2044
48.322814,-45.491756,2059
48.719099,-45.888041,2081
49.115383,-45.888041,2095
49.115383,-46.284326,2108
49.511668,-46.680611,2125
49.511668,-47.076896,2141
50.304238,-47.076896,2158
50.304238,-47.869465,2174
51.096808,-48.662035,2190
51.096808,-49.05832,2211
51.096808,-49.454605,2225
51.096808,-50.247174,2240
51.493092,-50.643459,2256
51.889377,-51.039744,2273
51.889377,-51.436029,2289
51.889377,-51.832314,2305
51.889377,-52.228599,2322
51.889377,-53.021168,2338
51.889377,-53.417453,2356
51.889377,-54.210023,2371
51.889377,-55.002592,2387
51.889377,-55.795162,2404
51.493092,-56.587732,2421
51.096808,-57.380301,2437
51.096808,-57.776586,2453
51.096808,-58.172871,2470
50.304238,-58.172871,2487
49.907953,-58.965441,2503
49.511668,-59.361726,2518
49.115383,-59.361726,2535
49.115383,-59.75801,2568
48.719099,-59.75801,2601
48.322814,-60.55058,2634
48.322814,-60.946865,2666
47.530244,-60.946865,2684
47.530244,-61.34315,2700
47.133959,-61.739435,2719
47.530244,-61.739435,2995
47.926529,-61.739435,3027
48.322814,-61.739435,3044
48.719099,-61.739435,3060
49.115383,-61.739435,3077
49.511668,-61.739435,3110
49.907953,-61.739435,3128
50.304238,-61.739435,3143
50.700523,-61.739435,3160
51.493092,-61.739435,3175
51.889377,-61.739435,3193
52.285662,-61.739435,3208
52.681947,-61.739435,3225
53.078232,-61.739435,3242
53.474517,-61.739435,3258
53.870801,-61.739435,3274
54.267086,-61.739435,3307
54.663371,-61.739435,3323
55.059656,-61.739435,3340
55.852226,-61.739435,3357
56.24851,-61.739435,3372
56.644795,-61.739435,3389
57.04108,-61.739435,3422
57.437365,-61.739435,3440
58.229935,-61.739435,3455
58.626219,-61.739435,3471
59.022504,-61.739435,3488
59.418789,-61.739435,3504
59.815074,-61.739435,3521
60.211359,-61.739435,3537
60.607644,-61.739435,3553
61.003928,-61.739435,3586
61.400213,-61.739435,3610
61.796498,-61.739435,3619
62.192783,-61.739435,3651
62.589068,-61.34315,3684
62.985353,-61.34315,3700
63.381637,-61.34315,3740
63.777922,-61.34315,3750
64.174207,-61.34315,3767
64.966777,-61.34315,3784
65.363062,-61.34315,3799
65.759346,-61.34315,3816
66.155631,-61.34315,3836
66.551916,-60.946865,3849
67.344486,-60.946865,3882
67.74077,-60.946865,3898
68.137055,-60.946865,3918
68.53334,-60.946865,3930
68.929625,-60.55058,3948
69.722195,-60.55058,3980
70.118479,-60.154295,3996
70.514764,-60.154295,4030
70.911049,-60.154295,4045
70.911049,-59.361726,4061
71.703619,-58.965441,4095
72.099904,-58.965441,4111
72.496188,-58.569156,4128
72.892473,-58.569156,4144
72.892473,-57.776586,4161
73.288758,-57.380301,4177
73.685043,-57.380301,4194
73.685043,-56.587732,4226
74.081328,-56.191447,4243
74.081328,-55.795162,4260
74.873897,-55.795162,4292
74.873897,-55.398877,4308
74.873897,-55.002592,4325
75.666467,-55.002592,4342
75.666467,-54.606308,4358
75.666467,-54.210023,4390
75.666467,-53.813738,4406
75.666467,-53.417453,4423
75.666467,-53.021168,4456
75.666467,-52.624883,4472
75.666467,-52.228599,4489
75.666467,-51.832314,4539
75.270182,-51.832314,4587
74.873897,-51.832314,4620
74.477613,-51.832314,4637
73.685043,-51.832314,4657
73.288758,-51.832314,4669
72.892473,-51.832314,4686
72.099904,-51.832314,4702
71.703619,-51.832314,4718
70.911049,-51.832314,4735
70.514764,-51.832314,4751
69.722195,-51.832314,4771
68.929625,-51.832314,4786
68.53334,-51.832314,4801
68.137055,-51.832314,4819
67.74077,-51.832314,4835
67.344486,-51.832314,4850
66.948201,-51.832314,4867
66.551916,-51.832314,4883
66.155631,-51.832314,4901
65.363062,-51.832314,4916
64.966777,-51.832314,4933
64.570492,-51.832314,4949
64.174207,-51.832314,4966
63.381637,-51.832314,4983
62.985353,-51.832314,4998
62.192783,-51.832314,5017
61.796498,-51.832314,5041
61.400213,-51.832314,5048
61.003928,-51.832314,5063
60.607644,-51.832314,5079
60.211359,-51.832314,5096
60.211359,-51.039744,5112
59.815074,-51.039744,5130
59.418789,-51.039744,5165
58.626219,-50.643459,5195
58.229935,-50.247174,5228
57.83365,-49.85089,5244
57.83365,-49.454605,5260
57.437365,-49.454605,5278
57.437365,-48.662035,5297
57.04108,-48.26575,5310
57.04108,-47.869465,5327
56.644795,-47.473181,5343
56.644795,-47.076896,5359
56.644795,-46.680611,5391
56.24851,-46.680611,5412
56.24851,-45.888041,5441
56.24851,-45.491756,5457
56.24851,-45.095472,5474
56.24851,-44.699187,5490
56.24851,-44.302902,5507
56.24851,-43.906617,5523
56.24851,-43.510332,5556
56.644795,-43.114048,5573
56.644795,-42.717763,5589
57.437365,-42.717763,5623
57.83365,-42.321478,5655
57.83365,-41.925193,5671
58.229935,-41.925193,5687
58.626219,-41.528908,5722
59.022504,-41.528908,5737
59.418789,-41.528908,5754
59.815074,-41.528908,5770
60.211359,-41.528908,5786
60.607644,-41.528908,5818
61.003928,-41.528908,5835
61.400213,-41.528908,5851
61.796498,-41.528908,5868
62.192783,-41.528908,5901
62.589068,-41.528908,5917
62.985353,-41.528908,5950
63.381637,-41.528908,5967
63.777922,-41.528908,5999
64.174207,-41.528908,6034
64.570492,-42.321478,6072
64.966777,-42.717763,6098
64.966777,-43.114048,6130
65.363062,-43.510332,6147
65.363062,-43.906617,6163
66.155631,-43.906617,6180
66.155631,-44.302902,6196
66.551916,-44.699187,6214
66.551916,-45.095472,6246
66.551916,-45.491756,6262
66.948201,-45.888041,6278
66.948201,-46.284326,6311
66.948201,-46.680611,6328
66.948201,-47.076896,6344
66.948201,-47.473181,6361
66.948201,-47.869465,6393
67.344486,-48.26575,6410
67.344486,-48.662035,6432
67.344486,-49.05832,6459
67.344486,-49.454605,6476
67.344486,-49.85089,6491
67.344486,-50.247174,6509
67.344486,-50.643459,6525
66.551916,-51.436029,6541
66.551916,-51.832314,6558
66.155631,-52.228599,6578
66.155631,-52.624883,6590
65.759346,-53.021168,6607
65.759346,-53.417453,6623
65.363062,-53.813738,6639
64.966777,-54.210023,6673
64.966777,-54.606308,6690
64.966777,-55.002592,6705
64.966777,-55.795162,6721
64.174207,-56.587732,6738
63.777922,-57.380301,6756
63.381637,-58.172871,6771
63.381637,-58.569156,6787
62.985353,-58.965441,6806
62.985353,-59.361726,6834
62.589068,-59.75801,6842
62.589068,-60.154295,6854
62.589068,-60.55058,6869
62.589068,-60.946865,6885
62.589068,-61.739435,6919
62.192783,-62.135719,6935
62.192783,-62.532004,6953
62.192783,-62.928289,6968
62.192783,-63.324574,6984
61.400213,-63.324574,7001
61.400213,-63.720859,7017
61.003928,-64.117143,7051
61.003928,-64.513428,7083
60.607644,-64.513428,7116
60.607644,-65.305998,7149
60.211359,-65.702283,7165
60.211359,-66.098568,7181
59.815074,-66.494852,7198
59.815074,-66.891137,7231
59.418789,-66.891137,7247
59.418789,-67.683707,7280
59.418789,-68.079992,7312
BREAK
