START
26.923433,-55.398877,0
26.527148,-55.398877,16
26.130863,-55.398877,24
25.734579,-55.398877,32
25.338294,-55.398877,40
24.942009,-55.398877,48
24.545724,-55.795162,56
24.545724,-56.191447,72
24.149439,-56.587732,80
24.149439,-56.984017,88
24.149439,-57.380301,96
24.149439,-57.776586,104
24.149439,-58.172871,115
24.149439,-58.569156,120
24.149439,-58.965441,128
24.149439,-59.361726,144
24.149439,-59.75801,152
24.942009,-60.154295,168
25.338294,-60.154295,176
26.130863,-60.55058,184
26.923433,-60.946865,192
27.716003,-60.946865,200
28.508572,-60.946865,208
29.301142,-60.946865,216
30.093712,-60.946865,224
30.489996,-60.946865,240
30.886281,-60.946865,248
31.282566,-60.55058,256
31.282566,-60.154295,264
31.282566,-59.75801,272
31.282566,-58.569156,280
31.282566,-58.172871,288
31.282566,-56.984017,296
31.282566,-56.587732,304
31.282566,-56.191447,312
30.886281,-55.795162,320
30.489996,-55.398877,328
30.489996,-55.002592,336
30.093712,-55.002592,352
29.301142,-54.606308,360
28.904857,-54.210023,368
28.508572,-54.210023,376
27.716003,-54.210023,384
27.319718,-54.210023,392
26.527148,-54.210023,400
26.130863,-54.210023,408
25.734579,-54.210023,416
24.942009,-54.210023,432
24.545724,-54.210023,448
24.149439,-54.210023,472
23.753154,-54.210023,488
23.753154,-53.813738,696
23.753154,-53.417453,704
23.753154,-53.021168,720
23.753154,-52.624883,728
23.753154,-51.832314,736
23.753154,-51.436029,744
24.149439,-50.643459,752
24.149439,-49.85089,760
24.545724,-48.662035,768
24.942009,-48.26575,776
24.942009,-47.473181,784
25.338294,-46.680611,792
26.130863,-45.888041,800
26.923433,-44.699187,808
27.319718,-44.302902,816
28.508572,-43.510332,824
29.301142,-43.114048,832
30.489996,-42.717763,840
32.075136,-41.925193,848
33.26399,-41.528908,856
34.84913,-41.528908,864
36.037984,-41.132623,872
37.226839,-41.132623,880
38.415693,-41.132623,889
40.000832,-41.132623,896
41.189687,-41.132623,904
42.378541,-41.132623,912
43.567396,-41.132623,920
44.359966,-41.528908,928
44.75625,-41.925193,936
45.54882,-42.321478,944
45.945105,-42.717763,952
46.34139,-42.717763,960
46.737675,-43.114048,968
47.530244,-43.906617,976
47.926529,-44.302902,984
48.322814,-44.699187,992
48.322814,-45.491756,1000
49.115383,-46.284326,1008
49.511668,-47.076896,1016
49.511668,-47.473181,1024
49.907953,-48.662035,1032
49.907953,-49.05832,1040
49.907953,-49.85089,1048
49.907953,-50.643459,1057
49.907953,-51.832314,1064
49.907953,-52.228599,1073
49.907953,-53.021168,1080
49.907953,-53.813738,1088
49.907953,-54.210023,1096
49.511668,-54.606308,1104
49.115383,-55.398877,1112
48.719099,-56.587732,1120
48.322814,-56.984017,1128
47.530244,-57.776586,1136
46.737675,-58.569156,1144
45.945105,-59.361726,1152
45.54882,-60.154295,1160
44.75625,-60.55058,1168
44.359966,-60.946865,1176
43.567396,-61.739435,1184
43.171111,-62.135719,1192
42.774826,-62.135719,1200
42.378541,-62.532004,1209
41.982257,-62.928289,1216
41.982257,-63.324574,1224
41.585972,-63.324574,1232
41.585972,-63.720859,1248
41.189687,-63.720859,1257
41.189687,-64.117143,1273
40.793402,-64.117143,1296
41.982257,-64.117143,1480
41.982257,-63.720859,1488
42.774826,-63.720859,1497
43.171111,-63.720859,1504
43.963681,-63.720859,1513
44.359966,-63.324574,1520
45.152535,-63.324574,1529
45.54882,-63.324574,1536
45.945105,-63.324574,1545
46.34139,-63.324574,1552
46.737675,-63.324574,1561
47.530244,-63.324574,1568
48.322814,-63.324574,1577
49.511668,-63.324574,1585
50.304238,-63.324574,1593
51.493092,-63.324574,1600
52.681947,-63.324574,1609
53.474517,-63.324574,1625
54.663371,-63.324574,1633
55.852226,-63.324574,1641
56.644795,-63.324574,1649
57.83365,-63.324574,1657
58.229935,-63.324574,1665
59.022504,-63.324574,1672
59.815074,-63.720859,1681
60.211359,-63.720859,1688
60.607644,-63.720859,1697
61.400213,-63.720859,1705
61.796498,-63.720859,1721
62.589068,-63.720859,1729
62.985353,-63.720859,1736
63.381637,-63.720859,1745
64.174207,-63.720859,1752
64.570492,-63.720859,1761
65.363062,-63.720859,1769
65.759346,-63.720859,1777
66.155631,-63.720859,1784
66.948201,-63.720859,1793
67.74077,-63.720859,1801
68.53334,-63.324574,1809
68.929625,-63.324574,1817
69.722195,-63.324574,1825
70.514764,-63.324574,1833
70.911049,-63.324574,1841
71.307334,-63.324574,1849
72.099904,-63.324574,1857
72.496188,-63.324574,1865
72.892473,-63.324574,1873
73.288758,-62.928289,1881
73.685043,-62.928289,2073
74.081328,-62.928289,2089
74.477613,-62.928289,2105
74.873897,-62.532004,2113
75.270182,-62.532004,2129
76.062752,-62.532004,2145
76.459037,-62.135719,2153
76.855322,-62.135719,2161
77.251606,-62.135719,2169
77.647891,-62.135719,2265
78.044176,-62.135719,2289
78.440461,-61.34315,2769
78.440461,-60.946865,2777
78.836746,-60.55058,2785
78.836746,-60.154295,2793
78.836746,-59.75801,2817
79.233031,-59.361726,2825
79.233031,-58.965441,2833
79.233031,-58.569156,2857
79.233031,-57.776586,2865
79.233031,-57.380301,2873
79.233031,-56.984017,2889
79.233031,-56.587732,2897
79.233031,-56.191447,2905
79.233031,-55.398877,2921
79.233031,-55.002592,2937
79.233031,-54.606308,2961
79.233031,-54.210023,2993
78.836746,-53.813738,3001
78.440461,-53.417453,3033
78.044176,-53.417453,3049
78.044176,-53.021168,3057
77.647891,-53.021168,3065
77.251606,-53.021168,3081
76.855322,-53.021168,3129
75.666467,-53.021168,3137
75.270182,-53.021168,3145
74.081328,-52.624883,3153
73.288758,-52.624883,3161
72.496188,-52.228599,3169
70.911049,-51.832314,3177
70.514764,-51.832314,3185
69.32591,-51.832314,3193
68.929625,-51.436029,3201
68.53334,-51.436029,3209
68.137055,-51.436029,3217
67.74077,-51.436029,3225
66.948201,-51.436029,3249
66.551916,-51.436029,3257
66.155631,-51.436029,3265
65.759346,-51.436029,3273
65.363062,-51.436029,3281
64.966777,-51.436029,3289
64.570492,-51.436029,3297
64.174207,-51.436029,3305
63.777922,-51.436029,3313
63.381637,-51.436029,3321
62.985353,-51.436029,3329
62.589068,-51.436029,3337
61.796498,-51.436029,3345
61.400213,-51.436029,3353
61.003928,-51.436029,3361
60.211359,-51.436029,3369
59.418789,-51.436029,3377
58.626219,-51.436029,3385
57.83365,-51.039744,3393
57.04108,-51.039744,3401
56.644795,-50.643459,3409
55.852226,-50.643459,3417
55.059656,-50.247174,3425
54.663371,-49.85089,3433
54.267086,-49.85089,3441
53.870801,-49.85089,3449
53.870801,-49.454605,3465
53.474517,-49.454605,3473
53.078232,-49.05832,3489
52.681947,-48.662035,3497
52.681947,-48.26575,3505
52.285662,-47.869465,3513
52.285662,-47.076896,3521
51.889377,-46.284326,3529
51.889377,-45.888041,3537
51.889377,-45.491756,3545
51.889377,-44.699187,3553
51.889377,-44.302902,3561
51.889377,-43.906617,3569
51.889377,-43.114048,3577
51.889377,-42.717763,3585
51.889377,-42.321478,3601
51.889377,-41.925193,3609
51.889377,-41.528908,3625
52.285662,-41.528908,3633
52.681947,-41.132623,3641
53.474517,-41.132623,3649
53.870801,-41.132623,3657
54.267086,-41.132623,3665
55.059656,-41.132623,3673
55.059656,-40.736339,3681
55.852226,-40.736339,3689
56.644795,-40.736339,3697
57.04108,-40.736339,3705
57.437365,-40.736339,3721
57.83365,-40.736339,3729
58.229935,-40.736339,3817
58.229935,-41.132623,3825
58.229935,-41.528908,3841
58.626219,-41.925193,3849
59.022504,-42.321478,3865
59.022504,-42.717763,3873
59.418789,-43.114048,3897
59.418789,-43.510332,3905
59.418789,-43.906617,3913
59.418789,-44.302902,3921
59.418789,-44.699187,3929
59.815074,-45.095472,3937
59.815074,-45.491756,3945
59.815074,-45.888041,3969
59.815074,-46.284326,3977
60.211359,-46.680611,3985
60.211359,-47.076896,4001
60.211359,-47.473181,4017
60.607644,-47.869465,4041
60.607644,-48.26575,4049
60.607644,-48.662035,4057
60.607644,-49.05832,4073
60.607644,-49.454605,4089
60.607644,-50.247174,4097
60.607644,-50.643459,4114
60.607644,-51.039744,4122
60.607644,-51.436029,4129
60.607644,-51.832314,4137
60.607644,-52.624883,4145
60.607644,-53.417453,4153
61.003928,-53.813738,4161
61.003928,-54.606308,4169
61.003928,-55.398877,4177
61.003928,-56.191447,4185
61.003928,-56.587732,4193
61.003928,-56.984017,4201
61.003928,-57.776586,4209
61.003928,-58.172871,4217
61.003928,-58.569156,4225
61.003928,-59.361726,4233
61.003928,-59.75801,4241
61.003928,-60.946865,4249
61.003928,-61.34315,4257
61.003928,-62.135719,4265
60.607644,-62.532004,4273
60.211359,-62.928289,4281
60.211359,-63.324574,4289
59.815074,-63.720859,4297
59.815074,-64.513428,4314
59.418789,-64.513428,4321
59.418789,-64.909713,4329
59.418789,-65.305998,4346
59.022504,-65.702283,4369
58.626219,-65.702283,4393
58.626219,-66.098568,4409
58.229935,-66.098568,4425
57.83365,-66.494852,4465
BREAK
