START
22.098699,-36.14466,0
22.098699,-36.849267,176
22.098699,-37.553874,203
22.098699,-38.258481,222
22.098699,-39.667695,234
22.098699,-40.372302,244
22.098699,-41.076909,254
22.098699,-41.781516,265
22.098699,-43.19073,291
22.098699,-43.895337,306
22.803306,-44.599944,332
23.507913,-46.009159,349
24.917127,-46.713766,367
27.030948,-48.12298,376
27.735555,-48.827587,394
29.144769,-48.827587,402
29.849376,-48.827587,415
30.553983,-48.827587,443
31.25859,-48.827587,452
32.667804,-48.827587,466
33.372411,-48.827587,477
34.077018,-48.12298,495
35.486233,-47.418373,523
36.19084,-46.713766,550
37.600054,-46.009159,565
38.304661,-45.304552,574
39.009268,-45.304552,588
40.418482,-44.599944,599
42.532303,-43.895337,607
43.23691,-43.895337,626
43.941517,-43.19073,635
45.350731,-42.486123,651
46.055338,-41.781516,660
47.464552,-41.781516,669
48.169159,-41.781516,679
48.873766,-41.076909,690
50.987588,-39.667695,699
52.396802,-39.667695,712
54.510623,-39.667695,722
55.21523,-38.963088,745
55.919837,-38.258481,754
57.329051,-38.258481,763
58.033658,-38.258481,773
60.147479,-38.258481,781
60.852086,-37.553874,792
62.965907,-36.849267,802
64.375121,-36.14466,816
66.488943,-35.440053,826
67.19355,-34.735446,847
68.602764,-34.735446,856
69.307371,-34.735446,870
70.011978,-34.030839,886
71.421192,-33.326232,895
72.125799,-32.621625,909
72.830406,-32.621625,924
74.23962,-32.621625,934
74.944227,-31.917018,956
75.648834,-31.212411,974
77.058048,-31.212411,984
77.762655,-31.212411,1012
78.467262,-31.212411,1040
79.876476,-31.212411,1062
80.581083,-31.212411,1080
81.285691,-31.212411,1098
81.990298,-31.212411,1116
83.399512,-31.917018,1145
84.104119,-32.621625,1171
84.808726,-34.030839,1180
85.513333,-34.735446,1203
86.21794,-36.14466,1231
86.922547,-36.849267,1259
86.922547,-37.553874,1276
87.627154,-38.963088,1304
88.331761,-39.667695,1329
88.331761,-40.372302,1357
88.331761,-41.076909,1385
88.331761,-41.781516,1413
88.331761,-42.486123,1440
88.331761,-43.19073,1469
86.922547,-43.895337,1513
86.922547,-44.599944,1540
86.21794,-44.599944,1568
85.513333,-45.304552,1619
85.513333,-46.009159,1648
84.808726,-46.009159,1675
BREAK
54.510623,-36.849267,2761
54.510623,-37.553874,2954
54.510623,-38.258481,2981
54.510623,-39.667695,3052
55.21523,-39.667695,3080
55.919837,-40.372302,3148
56.624444,-40.372302,3176
57.329051,-41.076909,3192
58.033658,-41.781516,3206
59.442872,-41.781516,3234
60.147479,-43.19073,3262
60.852086,-43.895337,3324
61.556693,-44.599944,3353
62.2613,-44.599944,3380
62.965907,-45.304552,3490
63.670514,-46.009159,3528
64.375121,-47.418373,3585
64.375121,-48.12298,3656
64.375121,-48.827587,3735
63.670514,-49.532194,3764
62.965907,-49.532194,3791
62.2613,-50.236801,3819
60.852086,-50.941408,3898
60.147479,-50.941408,3953
60.147479,-51.646015,3981
58.738265,-52.350622,4060
58.738265,-53.055229,4088
58.033658,-53.759836,4115
57.329051,-54.464443,4144
57.329051,-55.16905,4171
57.329051,-55.873657,4199
57.329051,-56.578264,4247
57.329051,-57.282871,4346
57.329051,-57.987478,4374
57.329051,-58.692085,4402
58.033658,-59.396692,4512
59.442872,-59.396692,4540
60.147479,-60.1013,4554
60.852086,-60.1013,4582
62.2613,-60.1013,4609
62.2613,-60.805907,4638
62.965907,-60.805907,4693
63.670514,-60.805907,4722
64.375121,-60.805907,4749
64.375121,-61.510514,5015
63.670514,-61.510514,5142
62.965907,-62.215121,5170
62.2613,-62.919728,5258
60.852086,-63.624335,5367
60.852086,-64.328942,5396
60.147479,-64.328942,5424
60.147479,-65.033549,5508
59.442872,-65.738156,5535
59.442872,-66.442763,5564
59.442872,-67.14737,5718
59.442872,-68.556584,5746
59.442872,-69.261191,5774
59.442872,-69.965798,5802
59.442872,-70.670405,5919
60.147479,-71.375012,5996
60.147479,-72.784226,6065
60.852086,-72.784226,6093
60.852086,-73.488833,6480
61.556693,-73.488833,6507
61.556693,-74.19344,7135
61.556693,-74.898047,7162
61.556693,-75.602655,7190
61.556693,-76.307262,7249
61.556693,-77.011869,7390
60.852086,-77.716476,7519
60.147479,-77.716476,7546
60.147479,-78.421083,7609
59.442872,-78.421083,7637
59.442872,-79.12569,7926
BREAK
