START
47.970357,-31.259966,0
52.338779,-31.259966,168
53.212463,-31.259966,184
54.086147,-31.259966,192
54.959831,-31.259966,208
55.833515,-31.259966,224
56.7072,-31.259966,232
57.580884,-31.259966,240
58.454568,-31.259966,248
60.201936,-31.259966,256
61.075621,-31.259966,264
61.949305,-31.259966,272
62.822989,-31.259966,280
64.570357,-31.259966,288
66.317726,-31.259966,304
67.19141,-31.259966,320
68.938779,-31.259966,336
69.812463,-31.259966,344
71.559831,-31.259966,368
73.3072,-31.259966,384
74.180884,-31.259966,392
75.054568,-31.259966,400
75.928252,-31.259966,408
77.675621,-31.259966,416
78.549305,-31.259966,432
79.422989,-31.259966,440
80.296673,-31.259966,448
81.170357,-31.259966,472
82.044042,-31.259966,480
82.917726,-31.259966,496
83.79141,-31.259966,520
84.665094,-31.259966,528
84.665094,-30.386282,552
BREAK
16.517726,-39.996808,4256
20.886147,-38.24944,4376
21.759831,-38.24944,4392
22.633515,-38.24944,4400
23.5072,-38.24944,4440
24.380884,-36.502071,4448
25.254568,-36.502071,4464
26.128252,-36.502071,4480
27.001936,-36.502071,4496
27.875621,-36.502071,4512
28.749305,-36.502071,4536
29.622989,-36.502071,4544
30.496673,-36.502071,4554
31.370357,-36.502071,4568
32.244042,-36.502071,4576
33.117726,-36.502071,4584
33.99141,-36.502071,4600
34.865094,-36.502071,4624
35.738779,-36.502071,4648
36.612463,-36.502071,4656
37.486147,-36.502071,4688
38.359831,-36.502071,4696
39.233515,-36.502071,4704
39.233515,-37.375756,4712
40.1072,-38.24944,4728
40.980884,-39.123124,4736
40.980884,-39.996808,4752
40.980884,-40.870492,4760
40.980884,-41.744177,4768
41.854568,-42.617861,4784
41.854568,-43.491545,4808
41.854568,-44.365229,4824
41.854568,-45.238914,4840
41.854568,-46.112598,4848
41.854568,-46.986282,4864
41.854568,-47.859966,4888
41.854568,-48.73365,4904
41.854568,-49.607335,4912
41.854568,-50.481019,4952
40.980884,-51.354703,4968
40.1072,-52.228387,4984
39.233515,-52.228387,5008
37.486147,-52.228387,5024
36.612463,-52.228387,5040
34.865094,-53.102071,5064
33.99141,-53.102071,5080
33.117726,-53.102071,5088
32.244042,-53.102071,5096
30.496673,-53.102071,5123
29.622989,-53.102071,5136
28.749305,-53.102071,5176
27.875621,-53.102071,5184
27.001936,-53.102071,5192
26.128252,-53.102071,5248
25.254568,-53.102071,5272
26.128252,-53.102071,5560
27.001936,-53.102071,5568
27.875621,-53.102071,5576
28.749305,-53.102071,5584
29.622989,-53.102071,5600
31.370357,-54.84944,5616
32.244042,-55.723124,5648
33.99141,-55.723124,5680
34.865094,-55.723124,5712
36.612463,-55.723124,5736
36.612463,-56.596808,5744
37.486147,-56.596808,5760
38.359831,-57.470492,5776
39.233515,-57.470492,5800
39.233515,-58.344177,5808
40.1072,-58.344177,5824
40.980884,-59.217861,5840
42.728252,-60.091545,5848
42.728252,-60.965229,5864
43.601936,-60.965229,5872
44.475621,-62.712598,5888
44.475621,-64.459966,5912
45.349305,-64.459966,5920
45.349305,-66.207335,5936
46.222989,-66.207335,5960
46.222989,-67.081019,5968
46.222989,-67.954703,5976
46.222989,-68.828387,5984
46.222989,-69.702071,6000
46.222989,-70.575756,6008
46.222989,-71.44944,6016
46.222989,-72.323124,6032
46.222989,-73.196808,6040
46.222989,-74.070492,6048
46.222989,-74.944177,6064
46.222989,-76.691545,6080
45.349305,-77.565229,6096
42.728252,-78.438914,6123
41.854568,-78.438914,6144
41.854568,-79.312598,6152
40.980884,-79.312598,6160
40.1072,-79.312598,6168
39.233515,-79.312598,6184
37.486147,-79.312598,6192
36.612463,-79.312598,6200
35.738779,-80.186282,6208
34.865094,-80.186282,6216
33.99141,-80.186282,6224
32.244042,-80.186282,6232
31.370357,-80.186282,6248
29.622989,-80.186282,6264
28.749305,-80.186282,6280
27.001936,-80.186282,6296
26.128252,-80.186282,6320
24.380884,-80.186282,6336
23.5072,-80.186282,6352
21.759831,-80.186282,6368
20.886147,-80.186282,6400
20.012463,-80.186282,6408
19.138779,-80.186282,6416
18.265094,-79.312598,6440
16.517726,-79.312598,6480
15.644042,-78.438914,6648
BREAK
36.612463,-55.723124,7528
40.980884,-54.84944,7624
41.854568,-54.84944,7640
43.601936,-54.84944,7656
44.475621,-54.84944,7672
46.222989,-54.84944,7696
47.096673,-54.84944,7720
48.844042,-54.84944,7744
50.59141,-54.84944,7784
51.465094,-54.84944,7800
52.338779,-54.84944,7816
53.212463,-54.84944,7832
54.086147,-54.84944,7840
55.833515,-54.84944,7864
56.7072,-54.84944,7872
57.580884,-54.84944,7880
58.454568,-54.84944,7896
59.328252,-54.84944,7904
60.201936,-54.84944,7920
61.075621,-54.84944,7952
61.949305,-54.84944,7968
62.822989,-54.84944,7992
BREAK
64.570357,-34.754703,11480
64.570357,-39.123124,11616
64.570357,-40.870492,11624
64.570357,-42.617861,11640
64.570357,-43.491545,11648
64.570357,-44.365229,11664
64.570357,-45.238914,11672
64.570357,-46.112598,11688
64.570357,-47.859966,11696
64.570357,-48.73365,11712
64.570357,-50.481019,11728
64.570357,-51.354703,11736
64.570357,-52.228387,11744
64.570357,-53.975756,11752
64.570357,-54.84944,11768
64.570357,-55.723124,11776
64.570357,-56.596808,11784
64.570357,-57.470492,11800
64.570357,-58.344177,11816
64.570357,-59.217861,11824
64.570357,-60.091545,11848
64.570357,-60.965229,11864
64.570357,-61.838914,11880
64.570357,-62.712598,11888
64.570357,-63.586282,11896
64.570357,-65.33365,11920
64.570357,-66.207335,11936
64.570357,-67.081019,11952
64.570357,-67.954703,11968
64.570357,-68.828387,11976
64.570357,-69.702071,11984
64.570357,-70.575756,12000
64.570357,-71.44944,12008
64.570357,-72.323124,12016
64.570357,-73.196808,12048
64.570357,-74.070492,12056
64.570357,-74.944177,12064
64.570357,-75.817861,12088
64.570357,-76.691545,12104
64.570357,-77.565229,12128
64.570357,-78.438914,12152
64.570357,-79.312598,12176
64.570357,-80.186282,12232
64.570357,-81.059966,12264
65.444042,-81.93365,12288
65.444042,-82.807335,12304
65.444042,-83.681019,12352
65.444042,-84.554703,12384
65.444042,-85.428387,12440
65.444042,-84.554703,12712
BREAK
76.801936,-33.007335,13592
76.801936,-37.375756,13696
76.801936,-38.24944,13704
76.801936,-39.123124,13712
76.801936,-39.996808,13720
76.801936,-40.870492,13728
76.801936,-42.617861,13736
76.801936,-44.365229,13744
76.801936,-46.986282,13760
76.801936,-47.859966,13768
76.801936,-49.607335,13776
76.801936,-51.354703,13792
76.801936,-52.228387,13800
76.801936,-53.102071,13816
76.801936,-53.975756,13824
76.801936,-54.84944,13832
76.801936,-55.723124,13840
76.801936,-56.596808,13848
76.801936,-57.470492,13856
76.801936,-58.344177,13872
76.801936,-59.217861,13880
76.801936,-60.091545,13888
76.801936,-60.965229,13904
76.801936,-61.838914,13912
76.801936,-62.712598,13920
76.801936,-63.586282,13928
76.801936,-64.459966,13936
76.801936,-65.33365,13944
76.801936,-66.207335,13960
76.801936,-67.081019,13968
76.801936,-67.954703,13976
76.801936,-68.828387,13992
76.801936,-70.575756,14008
76.801936,-71.44944,14024
76.801936,-72.323124,14048
76.801936,-73.196808,14056
76.801936,-74.070492,14072
76.801936,-74.944177,14104
76.801936,-75.817861,14126
76.801936,-76.691545,14128
76.801936,-77.565229,14152
76.801936,-78.438914,14184
76.801936,-79.312598,14232
76.801936,-80.186282,14256
76.801936,-81.059966,14272
76.801936,-81.93365,14328
76.801936,-82.807335,14368
76.801936,-83.681019,14528
76.801936,-84.554703,14608
BREAK
