START
80.258954,-17.149922,0
79.292853,-17.149922,213
78.326751,-17.149922,265
77.360649,-17.149922,293
76.394547,-17.149922,316
75.428446,-17.149922,386
74.462344,-17.149922,456
73.496242,-16.18382,499
72.530141,-16.18382,510
71.564039,-16.18382,567
70.597937,-16.18382,995
70.597937,-17.149922,1850
70.597937,-18.116023,1880
70.597937,-19.082125,1902
70.597937,-20.048227,1945
70.597937,-21.014329,1956
70.597937,-21.98043,1983
70.597937,-23.912634,2004
70.597937,-24.878735,2015
70.597937,-25.844837,2036
70.597937,-26.810939,2047
70.597937,-27.77704,2069
70.597937,-28.743142,2092
70.597937,-29.709244,2113
71.564039,-29.709244,2124
71.564039,-30.675345,2135
71.564039,-31.641447,2145
71.564039,-32.607549,2160
72.530141,-32.607549,2181
72.530141,-33.573651,2202
72.530141,-34.539752,2213
72.530141,-35.505854,2223
72.530141,-36.471956,2234
73.496242,-37.438057,2255
73.496242,-38.404159,2266
73.496242,-39.370261,2276
73.496242,-40.336362,2287
73.496242,-42.268566,2308
73.496242,-43.234667,2319
73.496242,-44.200769,2340
73.496242,-45.166871,2350
73.496242,-46.132973,2361
73.496242,-47.099074,2391
74.462344,-47.099074,2402
74.462344,-48.065176,2413
74.462344,-49.031278,2434
74.462344,-50.963481,2455
74.462344,-52.895684,2466
74.462344,-53.861786,2476
74.462344,-54.827888,2487
74.462344,-56.760091,2497
74.462344,-57.726193,2508
74.462344,-58.692295,2518
74.462344,-59.658396,2550
74.462344,-60.624498,2587
74.462344,-62.556701,2608
74.462344,-63.522803,2618
74.462344,-65.455006,2629
74.462344,-66.421108,2639
74.462344,-67.38721,2650
74.462344,-68.353312,2682
74.462344,-69.319413,2692
74.462344,-70.285515,2725
74.462344,-71.251617,2746
BREAK
70.597937,-29.709244,6605
69.631836,-29.709244,7283
68.665734,-29.709244,7294
68.665734,-30.675345,7315
67.699632,-31.641447,7348
66.733531,-31.641447,7359
66.733531,-32.607549,7398
65.767429,-32.607549,7449
63.835225,-33.573651,7471
63.835225,-34.539752,7482
61.903022,-35.505854,7503
61.903022,-36.471956,7516
60.93692,-37.438057,7538
59.970819,-38.404159,7567
59.970819,-39.370261,7578
58.038615,-40.336362,7588
58.038615,-41.302464,7599
56.106412,-41.302464,7609
56.106412,-42.268566,7620
55.14031,-42.268566,7631
54.174209,-44.200769,7723
53.208107,-45.166871,7762
53.208107,-46.132973,7792
52.242005,-46.132973,7831
51.275903,-46.132973,7841
51.275903,-47.099074,7852
51.275903,-48.065176,7873
50.309802,-49.997379,7894
48.377598,-51.929583,7905
47.411497,-51.929583,7916
46.445395,-53.861786,7926
45.479293,-53.861786,8187
45.479293,-54.827888,8209
44.513192,-55.79399,8245
44.513192,-56.760091,8255
43.54709,-58.692295,8266
42.580988,-58.692295,8277
42.580988,-59.658396,8303
41.614886,-59.658396,8316
42.580988,-59.658396,8882
43.54709,-59.658396,8956
44.513192,-59.658396,9092
45.479293,-59.658396,9169
46.445395,-59.658396,9180
48.377598,-59.658396,9201
49.3437,-59.658396,9212
52.242005,-59.658396,9222
53.208107,-59.658396,9233
55.14031,-59.658396,9244
56.106412,-59.658396,9326
57.072514,-59.658396,9351
58.038615,-59.658396,9372
59.970819,-59.658396,9445
60.93692,-59.658396,9479
61.903022,-59.658396,9490
62.869124,-60.624498,9511
63.835225,-60.624498,9526
63.835225,-61.5906,9547
64.801327,-61.5906,9558
66.733531,-61.5906,9657
66.733531,-62.556701,9668
67.699632,-62.556701,9680
67.699632,-63.522803,9691
69.631836,-63.522803,9702
70.597937,-63.522803,9712
70.597937,-64.488905,9723
71.564039,-64.488905,9772
71.564039,-65.455006,9784
72.530141,-65.455006,9795
72.530141,-66.421108,9809
73.496242,-66.421108,9849
73.496242,-67.38721,9875
74.462344,-67.38721,9936
75.428446,-68.353312,9949
BREAK
59.970819,-34.539752,11827
59.004717,-34.539752,12087
59.004717,-35.505854,12113
58.038615,-35.505854,12123
58.038615,-36.471956,12145
57.072514,-36.471956,12218
56.106412,-36.471956,12282
56.106412,-37.438057,12344
55.14031,-37.438057,12355
54.174209,-37.438057,12365
54.174209,-38.404159,12376
53.208107,-38.404159,12386
52.242005,-38.404159,12408
51.275903,-38.404159,12418
50.309802,-38.404159,12431
49.3437,-37.438057,12827
49.3437,-36.471956,12857
48.377598,-35.505854,12878
47.411497,-34.539752,12903
45.479293,-33.573651,12927
45.479293,-32.607549,12941
44.513192,-32.607549,12962
44.513192,-31.641447,12993
43.54709,-31.641447,13009
43.54709,-30.675345,13020
42.580988,-30.675345,13031
42.580988,-29.709244,13347
42.580988,-28.743142,13357
42.580988,-27.77704,13386
43.54709,-26.810939,13505
43.54709,-25.844837,13526
43.54709,-24.878735,13547
44.513192,-23.912634,13558
44.513192,-22.946532,13597
44.513192,-21.98043,13643
45.479293,-21.014329,13664
45.479293,-20.048227,13713
46.445395,-19.082125,13773
46.445395,-18.116023,13783
47.411497,-18.116023,13868
48.377598,-18.116023,13970
49.3437,-18.116023,14009
50.309802,-18.116023,14077
51.275903,-18.116023,14098
52.242005,-18.116023,14153
52.242005,-19.082125,14225
53.208107,-19.082125,14327
53.208107,-20.048227,14348
53.208107,-21.014329,15975
52.242005,-21.014329,16045
51.275903,-21.014329,16057
BREAK
