START
35.877358,-27.859438,0
35.877358,-26.859438,72
35.877358,-25.859438,79
35.877358,-24.859438,95
35.877358,-22.859438,103
35.877358,-21.859438,111
35.877358,-20.859438,119
35.877358,-18.859438,127
35.877358,-17.859438,135
35.877358,-15.859438,151
36.877358,-15.859438,264
37.877358,-15.859438,271
38.877358,-15.859438,279
40.877358,-15.859438,287
41.877358,-15.859438,295
42.877358,-14.859438,303
43.877358,-14.859438,311
45.877358,-14.859438,319
45.877358,-13.859438,327
46.877358,-13.859438,335
46.877358,-14.859438,552
46.877358,-15.859438,560
46.877358,-16.859438,568
46.877358,-17.859438,576
46.877358,-20.859438,584
46.877358,-21.859438,592
46.877358,-22.859438,600
46.877358,-24.859438,607
46.877358,-26.859438,616
46.877358,-29.859438,623
46.877358,-30.859438,631
46.877358,-32.859438,639
46.877358,-33.859438,648
46.877358,-35.859438,655
46.877358,-37.859438,663
46.877358,-38.859438,671
46.877358,-39.859438,680
46.877358,-40.859438,687
46.877358,-42.859438,695
46.877358,-44.859438,703
46.877358,-45.859438,712
46.877358,-47.859438,720
46.877358,-49.859438,728
46.877358,-52.859438,735
46.877358,-53.859438,743
46.877358,-54.859438,752
46.877358,-56.859438,760
46.877358,-58.859438,768
46.877358,-60.859438,776
46.877358,-62.859438,784
46.877358,-64.859438,792
46.877358,-65.859438,800
46.877358,-66.859438,808
46.877358,-67.859438,816
46.877358,-68.859438,824
46.877358,-70.859438,832
46.877358,-71.859438,840
46.877358,-72.859438,848
46.877358,-74.859438,856
47.877358,-75.859438,864
47.877358,-76.859438,872
47.877358,-78.859438,880
47.877358,-79.859438,888
48.877358,-81.859438,904
49.877358,-82.859438,920
49.877358,-83.859438,936
50.877358,-83.859438,992
51.877358,-83.859438,1024
53.877358,-83.859438,1032
54.877358,-83.859438,1048
55.877358,-83.859438,1064
56.877358,-83.859438,1072
57.877358,-83.859438,1088
58.877358,-83.859438,1104
59.877358,-83.859438,1112
61.877358,-83.859438,1120
62.877358,-83.859438,1128
63.877358,-83.859438,1136
65.877358,-83.859438,1144
67.877358,-83.859438,1160
68.877358,-82.859438,1176
69.877358,-82.859438,1192
69.877358,-81.859438,1208
70.877358,-80.859438,1224
71.877358,-80.859438,1240
71.877358,-78.859438,1248
72.877358,-78.859438,1264
72.877358,-77.859438,1272
72.877358,-76.859438,1288
72.877358,-75.859438,1296
73.877358,-75.859438,1304
73.877358,-74.859438,1312
74.877358,-73.859438,1320
75.877358,-72.859438,1328
75.877358,-70.859438,1336
76.877358,-70.859438,1344
76.877358,-68.859438,1352
76.877358,-67.859438,1368
76.877358,-66.859438,1376
77.877358,-65.859438,1384
77.877358,-64.859438,1392
77.877358,-63.859438,1400
78.877358,-62.859438,1408
78.877358,-60.859438,1416
79.877358,-59.859438,1424
79.877358,-57.859438,1432
79.877358,-56.859438,1440
79.877358,-55.859438,1448
79.877358,-53.859438,1456
79.877358,-52.859438,1464
79.877358,-50.859438,1472
79.877358,-49.859438,1480
79.877358,-47.859438,1488
79.877358,-46.859438,1496
79.877358,-45.859438,1504
79.877358,-44.859438,1520
BREAK
