START
15.81271,-52.174334,0
15.027256,-52.174334,67
15.027256,-51.388879,95
15.027256,-50.603425,111
15.027256,-49.032516,127
15.027256,-47.461606,152
15.027256,-45.890697,168
15.81271,-45.890697,176
15.81271,-45.105243,184
15.81271,-44.319788,200
16.598165,-43.534334,208
16.598165,-42.748879,216
17.383619,-42.748879,224
17.383619,-41.963425,232
18.169074,-41.963425,240
18.954528,-41.17797,249
18.954528,-40.392516,256
19.739983,-39.607061,264
20.525437,-39.607061,272
20.525437,-38.821606,280
21.310892,-38.821606,288
22.096346,-38.036152,296
22.096346,-37.250697,304
22.881801,-37.250697,312
23.667256,-37.250697,328
24.45271,-37.250697,344
25.238165,-37.250697,360
26.023619,-37.250697,384
26.809074,-37.250697,408
27.594528,-37.250697,416
27.594528,-38.036152,424
28.379983,-38.821606,432
29.165437,-39.607061,449
29.165437,-40.392516,456
29.950892,-40.392516,464
29.950892,-41.17797,472
29.950892,-41.963425,489
29.950892,-42.748879,504
29.950892,-43.534334,512
29.950892,-44.319788,528
29.950892,-45.890697,544
29.950892,-46.676152,560
29.950892,-48.247061,576
29.950892,-49.81797,592
29.165437,-50.603425,600
28.379983,-52.174334,608
28.379983,-52.959788,616
28.379983,-53.745243,624
28.379983,-54.530697,632
27.594528,-56.101606,640
27.594528,-56.887061,649
27.594528,-57.672516,656
27.594528,-59.243425,672
27.594528,-60.028879,688
27.594528,-60.814334,704
27.594528,-61.599788,712
27.594528,-62.385243,728
27.594528,-63.170697,744
27.594528,-63.956152,752
27.594528,-64.741606,768
27.594528,-65.527061,792
27.594528,-66.312516,816
27.594528,-67.09797,824
27.594528,-67.883425,856
27.594528,-68.668879,888
28.379983,-68.668879,897
29.165437,-68.668879,911
29.950892,-68.668879,919
29.950892,-69.454334,927
30.736346,-69.454334,935
31.521801,-69.454334,943
32.307256,-69.454334,951
33.09271,-69.454334,959
33.878165,-69.454334,983
34.663619,-69.454334,991
35.449074,-69.454334,1007
35.449074,-70.239788,1015
36.234528,-70.239788,1023
37.019983,-70.239788,1039
37.805437,-70.239788,1047
38.590892,-70.239788,1073
39.376346,-70.239788,1096
40.161801,-70.239788,1104
40.947256,-69.454334,1128
41.73271,-69.454334,1144
42.518165,-69.454334,1152
42.518165,-68.668879,1249
43.303619,-68.668879,1256
44.089074,-67.09797,1296
44.874528,-67.09797,1313
44.874528,-66.312516,1337
45.659983,-66.312516,1345
45.659983,-65.527061,1361
46.445437,-64.741606,1377
46.445437,-63.956152,1409
46.445437,-63.170697,1425
47.230892,-62.385243,1457
47.230892,-61.599788,1465
48.016346,-60.028879,1490
48.016346,-59.243425,1521
48.016346,-58.45797,1545
48.016346,-57.672516,1577
48.801801,-57.672516,1593
48.801801,-56.887061,1625
48.801801,-56.101606,1737
48.801801,-55.316152,1777
48.801801,-54.530697,1817
48.016346,-54.530697,1841
48.016346,-53.745243,1857
48.016346,-52.959788,1873
47.230892,-52.174334,1889
46.445437,-52.174334,1912
46.445437,-51.388879,2041
46.445437,-50.603425,2073
45.659983,-50.603425,2121
45.659983,-49.81797,2129
45.659983,-49.032516,2145
45.659983,-48.247061,2169
45.659983,-47.461606,2177
45.659983,-46.676152,2193
44.874528,-45.890697,2209
44.089074,-45.105243,2225
44.089074,-44.319788,2241
44.089074,-43.534334,2249
44.089074,-42.748879,2289
44.089074,-41.963425,2313
43.303619,-41.963425,2329
43.303619,-41.17797,2345
43.303619,-40.392516,2377
43.303619,-39.607061,2385
43.303619,-38.821606,2409
43.303619,-38.036152,2433
43.303619,-36.465243,2449
44.089074,-35.679788,2465
44.089074,-34.894334,2473
44.874528,-34.108879,2497
44.874528,-33.323425,2513
44.874528,-32.53797,2521
45.659983,-32.53797,2529
46.445437,-32.53797,2537
46.445437,-31.752516,2545
47.230892,-31.752516,2561
47.230892,-30.967061,2569
48.016346,-30.967061,2593
48.016346,-30.181606,2610
48.801801,-30.181606,2625
49.587256,-30.181606,2641
49.587256,-29.396152,2649
50.37271,-29.396152,2657
51.158165,-29.396152,2673
51.943619,-29.396152,2681
52.729074,-29.396152,2689
53.514528,-29.396152,2713
54.299983,-29.396152,2721
55.085437,-29.396152,2745
55.870892,-29.396152,2761
56.656346,-29.396152,2777
57.441801,-30.181606,2785
58.227256,-30.181606,2817
58.227256,-30.967061,2825
58.227256,-31.752516,2849
59.01271,-31.752516,2865
59.01271,-32.53797,2873
59.798165,-32.53797,2881
59.798165,-33.323425,2905
59.798165,-34.108879,2921
59.798165,-35.679788,2937
59.798165,-37.250697,2961
59.798165,-38.036152,2969
59.798165,-39.607061,2985
59.798165,-41.963425,2993
59.798165,-42.748879,3001
59.798165,-43.534334,3009
59.798165,-44.319788,3017
59.798165,-45.105243,3026
60.583619,-45.890697,3033
60.583619,-46.676152,3049
60.583619,-47.461606,3057
60.583619,-48.247061,3073
60.583619,-49.81797,3089
60.583619,-50.603425,3105
60.583619,-51.388879,3113
60.583619,-52.174334,3129
60.583619,-52.959788,3145
60.583619,-53.745243,3153
60.583619,-54.530697,3169
60.583619,-55.316152,3177
60.583619,-56.101606,3185
60.583619,-56.887061,3193
60.583619,-57.672516,3209
60.583619,-58.45797,3217
60.583619,-59.243425,3235
60.583619,-60.028879,3257
60.583619,-61.599788,3289
61.369074,-62.385243,3321
61.369074,-63.170697,3337
62.154528,-63.956152,3345
62.154528,-64.741606,3369
62.939983,-64.741606,3481
63.725437,-64.741606,3505
64.510892,-64.741606,3513
64.510892,-63.170697,3537
65.296346,-62.385243,3561
65.296346,-61.599788,3577
65.296346,-60.814334,3585
65.296346,-60.028879,3601
65.296346,-59.243425,3609
65.296346,-57.672516,3625
66.081801,-56.101606,3633
66.081801,-55.316152,3649
66.081801,-54.530697,3658
66.867256,-53.745243,3666
66.867256,-52.959788,3674
66.867256,-52.174334,3681
66.867256,-51.388879,3690
66.867256,-50.603425,3698
67.65271,-49.032516,3706
67.65271,-48.247061,3713
67.65271,-47.461606,3722
67.65271,-46.676152,3729
67.65271,-45.890697,3737
67.65271,-45.105243,3745
68.438165,-45.105243,3762
68.438165,-43.534334,3770
68.438165,-42.748879,3786
68.438165,-41.963425,3802
69.223619,-41.17797,3810
69.223619,-40.392516,3817
69.223619,-39.607061,3833
69.223619,-38.821606,3841
69.223619,-38.036152,3857
69.223619,-37.250697,3881
69.223619,-36.465243,3890
69.223619,-35.679788,3906
69.223619,-34.894334,3922
69.223619,-34.108879,3938
69.223619,-33.323425,3945
69.223619,-32.53797,3962
69.223619,-31.752516,3986
69.223619,-30.967061,4026
69.223619,-30.181606,4050
69.223619,-29.396152,4066
69.223619,-28.610697,4114
68.438165,-28.610697,4130
68.438165,-27.825243,4146
67.65271,-27.039788,4170
67.65271,-26.254334,4186
66.867256,-26.254334,4210
66.867256,-25.468879,4226
66.867256,-24.683425,4586
67.65271,-24.683425,4690
68.438165,-24.683425,4714
69.223619,-24.683425,4746
70.009074,-24.683425,4786
70.794528,-25.468879,4794
71.579983,-25.468879,4818
72.365437,-25.468879,4842
72.365437,-26.254334,4850
73.150892,-26.254334,4858
73.150892,-27.039788,4866
73.936346,-27.039788,4880
73.936346,-27.825243,4888
74.721801,-27.825243,4896
74.721801,-28.610697,4904
75.507256,-28.610697,4920
76.29271,-29.396152,4928
76.29271,-30.181606,4952
77.078165,-30.181606,4960
77.078165,-30.967061,4970
77.863619,-31.752516,4986
77.863619,-32.53797,4994
78.649074,-32.53797,5002
78.649074,-33.323425,5010
78.649074,-34.108879,5026
78.649074,-35.679788,5042
78.649074,-37.250697,5066
79.434528,-37.250697,5074
79.434528,-38.036152,5082
79.434528,-38.821606,5098
79.434528,-39.607061,5106
79.434528,-40.392516,5112
79.434528,-41.17797,5120
79.434528,-41.963425,5128
79.434528,-43.534334,5136
79.434528,-44.319788,5144
79.434528,-45.890697,5160
79.434528,-47.461606,5176
79.434528,-49.032516,5184
79.434528,-49.81797,5192
79.434528,-51.388879,5200
79.434528,-52.174334,5208
79.434528,-52.959788,5216
79.434528,-53.745243,5224
79.434528,-55.316152,5232
79.434528,-56.101606,5240
78.649074,-56.887061,5248
78.649074,-57.672516,5256
78.649074,-58.45797,5264
78.649074,-59.243425,5272
78.649074,-60.028879,5280
78.649074,-60.814334,5288
78.649074,-61.599788,5304
78.649074,-63.170697,5320
78.649074,-63.956152,5346
78.649074,-64.741606,5362
78.649074,-65.527061,5378
78.649074,-66.312516,5434
77.863619,-66.312516,5634
BREAK
