START
32.877358,-18.859438,0
32.877358,-19.859438,20
32.877358,-20.859438,65
32.877358,-21.859438,115
33.877358,-21.859438,125
33.877358,-22.859438,135
33.877358,-23.859438,145
33.877358,-25.859438,155
34.877358,-28.859438,165
35.877358,-31.859438,175
35.877358,-33.859438,185
36.877358,-35.859438,195
36.877358,-37.859438,205
36.877358,-39.859438,215
36.877358,-40.859438,225
36.877358,-41.859438,235
36.877358,-42.859438,255
36.877358,-43.859438,295
36.877358,-44.859438,304
36.877358,-45.859438,325
36.877358,-46.859438,335
36.877358,-47.859438,345
36.877358,-48.859438,354
36.877358,-50.859438,374
36.877358,-51.859438,395
36.877358,-52.859438,414
36.877358,-53.859438,424
36.877358,-54.859438,444
36.877358,-55.859438,474
36.877358,-56.859438,485
36.877358,-57.859438,496
36.877358,-58.859438,517
36.877358,-59.859438,527
36.877358,-60.859438,547
36.877358,-61.859438,567
36.877358,-62.859438,587
36.877358,-63.859438,607
36.877358,-64.859438,627
36.877358,-65.859438,657
36.877358,-66.859438,667
36.877358,-67.859438,687
37.877358,-67.859438,696
37.877358,-68.859438,706
37.877358,-69.859438,727
37.877358,-70.859438,736
37.877358,-71.859438,766
37.877358,-73.859438,786
37.877358,-74.859438,796
37.877358,-75.859438,816
37.877358,-76.859438,826
37.877358,-77.859438,846
37.877358,-78.859438,878
37.877358,-79.859438,889
37.877358,-80.859438,921
37.877358,-81.859438,941
37.877358,-82.859438,971
37.877358,-83.859438,981
BREAK
31.877358,-20.859438,2307
32.877358,-19.859438,2493
34.877358,-18.859438,2513
35.877358,-17.859438,2522
36.877358,-17.859438,2533
37.877358,-16.859438,2553
38.877358,-16.859438,2564
39.877358,-16.859438,2575
40.877358,-16.859438,2595
42.877358,-16.859438,2615
42.877358,-15.859438,2626
43.877358,-15.859438,2650
44.877358,-15.859438,2671
45.877358,-15.859438,2681
45.877358,-14.859438,2692
46.877358,-14.859438,2703
47.877358,-14.859438,2737
48.877358,-14.859438,2748
49.877358,-14.859438,2758
50.877358,-14.859438,2768
51.877358,-14.859438,2778
53.877358,-13.859438,2788
54.877358,-13.859438,2798
55.877358,-13.859438,2808
56.877358,-13.859438,2818
57.877358,-13.859438,2828
58.877358,-13.859438,2838
59.877358,-13.859438,2848
60.877358,-13.859438,2858
61.877358,-13.859438,2868
62.877358,-13.859438,2888
63.877358,-13.859438,2908
64.877358,-13.859438,2928
65.877358,-13.859438,2948
66.877358,-13.859438,2991
67.877358,-13.859438,3011
68.877358,-13.859438,3051
69.877358,-13.859438,3082
70.877358,-13.859438,3133
71.877358,-13.859438,3143
71.877358,-14.859438,3153
72.877358,-14.859438,3173
72.877358,-15.859438,3183
72.877358,-16.859438,3204
73.877358,-16.859438,3216
74.877358,-17.859438,3236
74.877358,-18.859438,3288
75.877358,-18.859438,3318
75.877358,-19.859438,3338
75.877358,-20.859438,3368
75.877358,-21.859438,3408
75.877358,-22.859438,3448
75.877358,-23.859438,3468
75.877358,-24.859438,3488
75.877358,-25.859438,3498
75.877358,-26.859438,3508
75.877358,-27.859438,3518
75.877358,-28.859438,3538
75.877358,-29.859438,3548
74.877358,-30.859438,3570
74.877358,-31.859438,3581
74.877358,-32.859438,3591
73.877358,-32.859438,3611
73.877358,-33.859438,3651
71.877358,-34.859438,3691
71.877358,-35.859438,3701
70.877358,-36.859438,3712
70.877358,-37.859438,3723
69.877358,-37.859438,3743
68.877358,-38.859438,3763
67.877358,-38.859438,3821
66.877358,-39.859438,3883
65.877358,-39.859438,3893
63.877358,-40.859438,3904
62.877358,-40.859438,3915
61.877358,-41.859438,3936
60.877358,-41.859438,3946
59.877358,-41.859438,3966
57.877358,-41.859438,3996
57.877358,-42.859438,4006
55.877358,-43.859438,4016
54.877358,-43.859438,4036
53.877358,-43.859438,4046
52.877358,-43.859438,4057
51.877358,-44.859438,4069
50.877358,-44.859438,4098
49.877358,-44.859438,4109
48.877358,-44.859438,4129
47.877358,-44.859438,4149
46.877358,-44.859438,4168
45.877358,-44.859438,4178
44.877358,-44.859438,4209
43.877358,-44.859438,4228
42.877358,-44.859438,4248
41.877358,-44.859438,4298
41.877358,-45.859438,4318
40.877358,-45.859438,4399
40.877358,-46.859438,4429
38.877358,-46.859438,4439
37.877358,-46.859438,4469
37.877358,-47.859438,4529
36.877358,-47.859438,4539
BREAK
36.877358,-64.859438,5961
36.877358,-63.859438,6340
37.877358,-63.859438,6360
38.877358,-63.859438,6380
39.877358,-63.859438,6390
40.877358,-63.859438,6400
41.877358,-63.859438,6420
42.877358,-63.859438,6440
43.877358,-63.859438,6450
44.877358,-63.859438,6470
45.877358,-63.859438,6480
46.877358,-63.859438,6490
47.877358,-63.859438,6500
48.877358,-62.859438,6520
49.877358,-62.859438,6530
50.877358,-62.859438,6551
51.877358,-62.859438,6573
52.877358,-62.859438,6613
53.877358,-62.859438,6653
54.877358,-62.859438,6826
55.877358,-62.859438,6877
56.877358,-62.859438,6907
57.877358,-63.859438,7099
57.877358,-65.859438,7120
57.877358,-66.859438,7149
57.877358,-67.859438,7179
57.877358,-68.859438,7199
57.877358,-69.859438,7209
57.877358,-70.859438,7229
57.877358,-71.859438,7259
57.877358,-72.859438,7279
57.877358,-73.859438,7310
57.877358,-74.859438,7330
57.877358,-75.859438,7351
57.877358,-76.859438,7362
57.877358,-77.859438,7395
57.877358,-78.859438,7425
57.877358,-79.859438,7445
57.877358,-80.859438,7465
57.877358,-81.859438,7484
57.877358,-82.859438,7514
58.877358,-82.859438,7524
58.877358,-83.859438,7534
58.877358,-84.859438,7584
58.877358,-85.859438,7655
BREAK
