START
61.061321,-9.7188755,0
61.061321,-10.718876,312
60.061321,-10.718876,322
60.061321,-11.718876,342
59.061321,-11.718876,362
59.061321,-12.718876,382
59.061321,-13.718876,403
58.061321,-13.718876,413
58.061321,-14.718876,423
57.061321,-15.718876,443
56.061321,-16.718876,463
55.061321,-16.718876,493
55.061321,-17.718876,515
54.061321,-17.718876,524
54.061321,-18.718876,555
53.061321,-18.718876,574
53.061321,-19.718876,584
52.061321,-19.718876,594
52.061321,-20.718876,614
51.061321,-21.718876,645
50.061321,-22.718876,695
50.061321,-23.718876,1259
50.061321,-24.718876,1360
50.061321,-25.718876,1380
51.061321,-25.718876,1410
51.061321,-26.718876,1420
52.061321,-26.718876,1440
52.061321,-27.718876,1450
53.061321,-28.718876,1460
53.061321,-29.718876,1481
54.061321,-30.718876,1491
55.061321,-31.718876,1511
55.061321,-32.718876,1521
57.061321,-33.718876,1531
57.061321,-34.718876,1541
58.061321,-35.718876,1552
58.061321,-36.718876,1572
59.061321,-36.718876,1581
59.061321,-37.718876,1592
60.061321,-38.718876,1622
60.061321,-39.718876,1642
61.061321,-40.718876,1662
61.061321,-41.718876,1743
61.061321,-42.718876,1803
61.061321,-43.718876,2015
62.061321,-43.718876,2025
62.061321,-44.718876,2035
63.061321,-44.718876,2055
63.061321,-45.718876,2065
64.061321,-46.718876,2116
64.061321,-47.718876,2146
65.061321,-47.718876,2198
65.061321,-48.718876,2226
65.061321,-49.718876,2307
64.061321,-49.718876,2700
63.061321,-50.718876,2720
62.061321,-51.718876,2751
61.061321,-51.718876,2773
61.061321,-52.718876,2780
59.061321,-52.718876,2792
58.061321,-52.718876,2810
58.061321,-53.718876,2820
56.061321,-53.718876,2832
55.061321,-53.718876,2851
54.061321,-54.718876,2871
53.061321,-54.718876,2881
52.061321,-54.718876,2901
51.061321,-55.718876,2921
50.061321,-55.718876,2931
49.061321,-55.718876,2952
49.061321,-56.718876,2961
48.061321,-56.718876,2972
47.061321,-57.718876,2982
46.061321,-59.718876,3002
45.061321,-59.718876,3012
45.061321,-60.718876,3022
44.061321,-60.718876,3032
43.061321,-61.718876,3042
43.061321,-62.718876,3052
42.061321,-63.718876,3062
41.061321,-64.718876,3083
41.061321,-65.718876,3092
40.061321,-66.718876,3113
39.061321,-66.718876,3123
39.061321,-67.718876,3133
39.061321,-68.718876,3143
38.061321,-69.718876,3153
38.061321,-70.718876,3173
37.061321,-70.718876,3183
37.061321,-71.718876,3200
37.061321,-72.718876,3206
37.061321,-73.718876,3224
37.061321,-74.718876,3254
37.061321,-75.718876,3264
37.061321,-76.718876,3284
37.061321,-77.718876,3304
37.061321,-78.718876,3344
37.061321,-79.718876,3356
38.061321,-79.718876,3396
38.061321,-80.718876,3405
39.061321,-80.718876,3617
40.061321,-80.718876,3647
41.061321,-80.718876,3667
41.061321,-81.718876,3677
43.061321,-81.718876,3687
45.061321,-82.718876,3707
46.061321,-82.718876,3728
48.061321,-82.718876,3737
49.061321,-82.718876,3758
51.061321,-82.718876,3768
52.061321,-82.718876,3778
53.061321,-82.718876,3788
54.061321,-82.718876,3798
56.061321,-82.718876,3818
57.061321,-82.718876,3838
58.061321,-82.718876,3858
60.061321,-82.718876,3879
61.061321,-82.718876,3899
62.061321,-82.718876,3912
63.061321,-82.718876,3919
64.061321,-82.718876,3929
66.061321,-82.718876,3952
67.061321,-82.718876,3969
69.061321,-82.718876,3979
70.061321,-82.718876,4000
71.061321,-82.718876,4009
72.061321,-82.718876,4019
73.061321,-82.718876,4050
BREAK
