START
48.835056,-19.319629,0
48.835056,-20.309019,6
49.824446,-20.309019,15
50.813836,-20.309019,22
51.803226,-21.298408,31
52.792615,-22.287798,39
53.782005,-22.287798,55
54.771395,-23.277188,63
55.760785,-25.255968,95
57.739565,-25.255968,102
57.739565,-26.245358,111
58.728955,-26.245358,127
BREAK
44.877496,-28.224138,1031
45.866886,-29.213528,1174
46.856276,-29.213528,1206
46.856276,-30.202918,1262
47.845666,-30.202918,1270
47.845666,-31.192308,1326
48.835056,-32.181698,1366
49.824446,-33.171088,1502
BREAK
33.004817,-18.330239,2840
33.994207,-18.330239,2959
34.983597,-18.330239,2975
34.983597,-19.319629,2983
36.962377,-19.319629,2999
37.951767,-20.309019,3071
38.941157,-20.309019,3119
39.930547,-20.309019,3167
39.930547,-21.298408,3190
39.930547,-22.287798,3206
40.919936,-22.287798,3214
BREAK
61.697125,-37.128647,4545
62.686515,-38.118037,4920
62.686515,-40.096817,4936
63.675905,-40.096817,4944
63.675905,-41.086207,4952
64.665295,-41.086207,4960
64.665295,-42.075597,4984
64.665295,-43.064987,4992
65.654684,-44.054377,5008
65.654684,-45.043767,5040
66.644074,-46.033156,5064
66.644074,-47.022546,5080
66.644074,-48.011936,5096
67.633464,-48.011936,5104
67.633464,-49.001326,5112
68.622854,-49.001326,5120
68.622854,-49.990716,5129
68.622854,-50.980106,5137
68.622854,-52.958886,5153
68.622854,-53.948276,5177
68.622854,-54.937666,5193
69.612244,-55.927056,5209
69.612244,-56.916446,5217
69.612244,-57.905836,5233
69.612244,-59.884615,5249
69.612244,-60.874005,5265
69.612244,-61.863395,5280
69.612244,-62.852785,5289
69.612244,-63.842175,5297
69.612244,-64.831565,5320
69.612244,-65.820955,5344
69.612244,-66.810345,5352
69.612244,-67.799735,5385
69.612244,-69.778515,5409
68.622854,-69.778515,5425
68.622854,-70.767905,5441
67.633464,-71.757294,5449
67.633464,-72.746684,5473
66.644074,-73.736074,5505
64.665295,-74.725464,5545
63.675905,-75.714854,5553
61.697125,-76.704244,5569
60.707735,-76.704244,5577
59.718345,-77.693634,5601
58.728955,-77.693634,5609
57.739565,-78.683024,5625
56.750175,-78.683024,5649
55.760785,-78.683024,5673
54.771395,-79.672414,5681
53.782005,-79.672414,5689
52.792615,-79.672414,5697
51.803226,-79.672414,5705
50.813836,-79.672414,5713
49.824446,-79.672414,5721
48.835056,-79.672414,5745
47.845666,-78.683024,5769
46.856276,-78.683024,5793
45.866886,-78.683024,5801
44.877496,-78.683024,5809
43.888106,-78.683024,5817
42.898716,-78.683024,5833
41.909326,-78.683024,5857
40.919936,-78.683024,5873
39.930547,-78.683024,5889
39.930547,-77.693634,5897
38.941157,-77.693634,5905
37.951767,-77.693634,5913
36.962377,-77.693634,5921
35.972987,-76.704244,5929
34.983597,-76.704244,5937
33.994207,-75.714854,5953
33.004817,-74.725464,5961
32.015427,-74.725464,5969
31.026037,-74.725464,5985
31.026037,-72.746684,6001
30.036647,-72.746684,6009
30.036647,-71.757294,6025
29.047257,-71.757294,6033
28.057867,-70.767905,6041
27.068478,-68.789125,6057
25.089698,-68.789125,6073
25.089698,-67.799735,6081
24.100308,-67.799735,6137
24.100308,-66.810345,6153
23.110918,-65.820955,6177
23.110918,-63.842175,6193
23.110918,-62.852785,6201
23.110918,-61.863395,6225
23.110918,-60.874005,6233
23.110918,-59.884615,6264
23.110918,-58.895225,6272
24.100308,-57.905836,6288
24.100308,-56.916446,6296
26.079088,-54.937666,6312
26.079088,-53.948276,6352
27.068478,-53.948276,6368
27.068478,-51.969496,6376
28.057867,-51.969496,6393
28.057867,-50.980106,6400
29.047257,-50.980106,6416
29.047257,-49.990716,6424
29.047257,-49.001326,6441
30.036647,-49.001326,6544
BREAK
