START
37.951767,-35.149867,0
37.951767,-36.139257,144
37.951767,-37.128647,152
37.951767,-38.118037,168
37.951767,-39.107427,200
37.951767,-40.096817,224
37.951767,-41.086207,240
37.951767,-42.075597,248
37.951767,-43.064987,296
37.951767,-44.054377,336
36.962377,-45.043767,376
36.962377,-46.033156,408
36.962377,-47.022546,480
36.962377,-48.011936,504
36.962377,-49.001326,520
35.972987,-49.990716,536
35.972987,-50.980106,624
35.972987,-51.969496,641
35.972987,-52.958886,656
35.972987,-53.948276,672
35.972987,-54.937666,712
35.972987,-55.927056,721
35.972987,-56.916446,736
35.972987,-57.905836,744
35.972987,-58.895225,784
35.972987,-59.884615,808
35.972987,-61.863395,840
36.962377,-62.852785,864
37.951767,-62.852785,889
37.951767,-63.842175,912
37.951767,-64.831565,920
37.951767,-65.820955,952
38.941157,-66.810345,969
38.941157,-67.799735,984
39.930547,-68.789125,1000
41.909326,-69.778515,1016
43.888106,-70.767905,1032
44.877496,-70.767905,1040
45.866886,-70.767905,1057
47.845666,-70.767905,1072
48.835056,-70.767905,1088
49.824446,-70.767905,1097
51.803226,-70.767905,1120
52.792615,-70.767905,1137
53.782005,-70.767905,1144
54.771395,-70.767905,1152
55.760785,-70.767905,1184
56.750175,-70.767905,1192
57.739565,-70.767905,1200
59.718345,-70.767905,1257
60.707735,-70.767905,1265
61.697125,-70.767905,1288
63.675905,-70.767905,1296
64.665295,-70.767905,1320
66.644074,-69.778515,1416
68.622854,-68.789125,1440
69.612244,-68.789125,1465
70.601634,-67.799735,1473
70.601634,-66.810345,1496
71.591024,-65.820955,1513
72.580414,-64.831565,1520
73.569804,-64.831565,1536
74.559194,-63.842175,1560
74.559194,-62.852785,1584
75.548584,-60.874005,1600
76.537974,-60.874005,1616
77.527363,-59.884615,1624
78.516753,-58.895225,1648
78.516753,-57.905836,1673
79.506143,-55.927056,1688
80.495533,-53.948276,1704
80.495533,-52.958886,1728
80.495533,-51.969496,1736
80.495533,-50.980106,1761
80.495533,-49.990716,1784
81.484923,-49.001326,1801
81.484923,-48.011936,1824
81.484923,-47.022546,1841
81.484923,-46.033156,1849
81.484923,-45.043767,1881
81.484923,-44.054377,1889
81.484923,-43.064987,1896
81.484923,-42.075597,1904
81.484923,-41.086207,1944
81.484923,-40.096817,1976
81.484923,-39.107427,1992
81.484923,-38.118037,2016
80.495533,-38.118037,2032
80.495533,-37.128647,2040
80.495533,-36.139257,2057
80.495533,-35.149867,2072
80.495533,-34.160477,2097
80.495533,-33.171088,2129
79.506143,-32.181698,2144
79.506143,-31.192308,2152
79.506143,-30.202918,2177
78.516753,-30.202918,2192
BREAK
53.782005,-32.181698,3873
BREAK
55.760785,-17.340849,4425
BREAK
65.654684,-20.309019,4856
BREAK
