START
16.185188,-59.884615,0
16.185188,-60.874005,38
16.185188,-61.863395,105
16.185188,-62.852785,121
16.185188,-63.842175,155
16.185188,-64.831565,205
16.185188,-65.820955,222
16.185188,-66.810345,272
16.185188,-67.799735,305
16.185188,-68.789125,322
16.185188,-69.778515,372
16.185188,-70.767905,406
16.185188,-71.757294,439
16.185188,-72.746684,489
16.185188,-73.736074,523
16.185188,-74.725464,556
17.174578,-74.725464,606
18.163968,-74.725464,657
20.142748,-74.725464,673
21.132138,-74.725464,690
23.110918,-74.725464,707
24.100308,-74.725464,724
26.079088,-74.725464,740
27.068478,-74.725464,757
28.057867,-74.725464,774
30.036647,-74.725464,790
31.026037,-74.725464,807
33.004817,-74.725464,824
34.983597,-74.725464,841
36.962377,-74.725464,857
38.941157,-74.725464,874
39.930547,-74.725464,891
40.919936,-74.725464,908
42.898716,-74.725464,924
44.877496,-74.725464,941
45.866886,-74.725464,958
47.845666,-74.725464,974
49.824446,-74.725464,991
50.813836,-74.725464,1008
51.803226,-74.725464,1025
52.792615,-74.725464,1041
53.782005,-74.725464,1058
54.771395,-74.725464,1075
55.760785,-74.725464,1092
56.750175,-74.725464,1108
57.739565,-74.725464,1125
58.728955,-74.725464,1159
59.718345,-74.725464,1175
60.707735,-74.725464,1192
61.697125,-74.725464,1209
63.675905,-74.725464,1242
64.665295,-74.725464,1259
65.654684,-74.725464,1276
65.654684,-72.746684,1292
67.633464,-72.746684,1326
68.622854,-72.746684,1359
69.612244,-71.757294,1376
70.601634,-71.757294,1409
71.591024,-71.757294,1426
72.580414,-71.757294,1476
73.569804,-71.757294,1510
73.569804,-70.767905,1543
74.559194,-70.767905,1560
75.548584,-70.767905,1593
76.537974,-70.767905,1644
76.537974,-69.778515,1677
77.527363,-69.778515,1694
78.516753,-69.778515,1727
78.516753,-68.789125,1744
79.506143,-68.789125,1777
79.506143,-66.810345,1794
79.506143,-65.820955,1811
80.495533,-65.820955,1828
80.495533,-63.842175,1844
80.495533,-62.852785,1861
80.495533,-61.863395,1878
81.484923,-61.863395,1895
81.484923,-59.884615,1911
81.484923,-58.895225,1928
81.484923,-57.905836,1945
81.484923,-56.916446,1961
81.484923,-55.927056,1995
80.495533,-54.937666,2012
79.506143,-53.948276,2045
78.516753,-53.948276,2062
77.527363,-52.958886,2079
76.537974,-52.958886,2095
76.537974,-50.980106,2112
75.548584,-50.980106,2129
74.559194,-50.980106,2162
73.569804,-50.980106,2179
72.580414,-50.980106,2196
71.591024,-50.980106,2212
70.601634,-50.980106,2229
70.601634,-51.969496,2263
68.622854,-51.969496,2279
68.622854,-52.958886,2296
68.622854,-53.948276,2329
68.622854,-54.937666,2346
67.633464,-54.937666,2363
67.633464,-56.916446,2396
67.633464,-57.905836,2413
67.633464,-58.895225,2447
67.633464,-59.884615,2463
68.622854,-60.874005,2497
68.622854,-61.863395,2514
70.601634,-61.863395,2530
71.591024,-62.852785,2547
72.580414,-62.852785,2564
74.559194,-64.831565,2597
75.548584,-64.831565,2614
76.537974,-64.831565,2631
78.516753,-65.820955,2647
79.506143,-65.820955,2664
83.463703,-65.820955,2681
BREAK
66.644074,-26.245358,3873
BREAK
62.686515,-39.107427,4360
BREAK
73.569804,-33.171088,4816
74.559194,-33.171088,4906
BREAK
