START
22.877358,-37.702811,0
22.877358,-38.702811,123
22.877358,-39.702811,146
22.877358,-40.702811,157
22.877358,-41.702811,169
22.877358,-42.702811,180
22.877358,-43.702811,191
22.877358,-44.702811,210
22.877358,-46.702811,221
22.877358,-47.702811,235
22.877358,-48.702811,248
22.877358,-49.702811,259
22.877358,-50.702811,279
22.877358,-51.702811,303
22.877358,-52.702811,324
22.877358,-54.702811,340
22.877358,-55.702811,350
23.877358,-55.702811,369
24.877358,-55.702811,387
24.877358,-56.702811,429
24.877358,-57.702811,439
24.877358,-58.702811,450
24.877358,-59.702811,460
24.877358,-60.702811,481
24.877358,-61.702811,493
24.877358,-62.702811,517
24.877358,-64.702811,550
24.877358,-65.702811,560
24.877358,-66.702811,589
24.877358,-67.702811,599
24.877358,-68.702811,621
24.877358,-69.702811,650
24.877358,-70.702811,661
24.877358,-72.702811,694
24.877358,-73.702811,705
24.877358,-74.702811,721
24.877358,-75.702811,740
24.877358,-76.702811,750
24.877358,-77.702811,773
24.877358,-78.702811,784
24.877358,-80.702811,808
24.877358,-81.702811,1218
24.877358,-82.702811,1255
24.877358,-83.702811,1265
24.877358,-84.702811,1292
24.877358,-85.702811,1340
24.877358,-86.702811,1389
22.877358,-86.702811,1428
22.877358,-87.702811,1440
22.877358,-88.702811,1483
20.877358,-89.702811,1519
19.877358,-90.702811,1543
19.877358,-91.702811,1604
BREAK
28.877358,-88.702811,3923
25.877358,-87.702811,3964
29.877358,-85.702811,4086
30.877358,-82.702811,4106
30.877358,-81.702811,4117
31.877358,-80.702811,4128
32.877358,-76.702811,4138
33.877358,-75.702811,4151
34.877358,-74.702811,4170
35.877358,-73.702811,4180
35.877358,-72.702811,4194
35.877358,-71.702811,4205
36.877358,-69.702811,4216
37.877358,-68.702811,4234
38.877358,-67.702811,4244
38.877358,-66.702811,4268
38.877358,-65.702811,4299
39.877358,-64.702811,4309
39.877358,-63.702811,4324
39.877358,-62.702811,4335
40.877358,-60.702811,4346
41.877358,-59.702811,4355
41.877358,-58.702811,4366
42.877358,-57.702811,4389
43.877358,-56.702811,4400
43.877358,-53.702811,4411
43.877358,-52.702811,4429
43.877358,-51.702811,4440
45.877358,-47.702811,4451
45.877358,-46.702811,4462
46.877358,-45.702811,4471
46.877358,-44.702811,4482
46.877358,-43.702811,4493
46.877358,-42.702811,4505
46.877358,-40.702811,4603
46.877358,-39.702811,4735
47.877358,-38.702811,4746
48.877358,-37.702811,4993
48.877358,-33.702811,5409
48.877358,-34.702811,5423
48.877358,-35.702811,5432
49.877358,-36.702811,5443
50.877358,-38.702811,5454
50.877358,-40.702811,5465
50.877358,-41.702811,5475
50.877358,-43.702811,5486
51.877358,-43.702811,5496
52.877358,-44.702811,5507
52.877358,-46.702811,5517
52.877358,-47.702811,5528
52.877358,-48.702811,5539
52.877358,-49.702811,5550
52.877358,-52.702811,5559
52.877358,-53.702811,5580
52.877358,-54.702811,5591
52.877358,-55.702811,5605
52.877358,-56.702811,5617
52.877358,-58.702811,5627
52.877358,-59.702811,5645
52.877358,-60.702811,5658
52.877358,-61.702811,5669
52.877358,-63.702811,5679
52.877358,-65.702811,5690
52.877358,-66.702811,5701
52.877358,-67.702811,5712
52.877358,-68.702811,5734
52.877358,-69.702811,5757
52.877358,-70.702811,5778
52.877358,-73.702811,5788
52.877358,-74.702811,5808
52.877358,-75.702811,5819
52.877358,-76.702811,5830
52.877358,-77.702811,5847
52.877358,-78.702811,5858
52.877358,-79.702811,5871
52.877358,-81.702811,5882
52.877358,-82.702811,5899
52.877358,-83.702811,5913
52.877358,-84.702811,5923
52.877358,-85.702811,5933
52.877358,-86.702811,5944
52.877358,-87.702811,6013
BREAK
27.877358,-12.702811,7497
27.877358,-13.702811,7631
27.877358,-14.702811,7691
28.877358,-14.702811,7702
29.877358,-15.702811,7713
30.877358,-15.702811,7723
31.877358,-15.702811,7733
32.877358,-16.702811,7758
33.877358,-16.702811,7783
34.877358,-16.702811,7794
36.877358,-16.702811,7809
37.877358,-16.702811,7823
38.877358,-16.702811,7855
38.877358,-17.702811,7877
39.877358,-17.702811,7897
39.877358,-18.702811,7908
41.877358,-18.702811,7919
42.877358,-18.702811,7936
43.877358,-18.702811,7959
44.877358,-18.702811,7976
45.877358,-18.702811,8087
43.877358,-18.702811,8101
44.877358,-18.702811,8186
45.877358,-18.702811,8212
45.877358,-16.702811,8256
45.877358,-15.702811,8273
47.877358,-15.702811,8324
48.877358,-15.702811,8334
49.877358,-13.702811,8480
BREAK
59.877358,-9.7028112,9660
58.877358,-9.7028112,9695
57.877358,-9.7028112,9754
56.877358,-9.7028112,9778
56.877358,-10.702811,9789
52.877358,-11.702811,9800
50.877358,-12.702811,9810
49.877358,-13.702811,9832
48.877358,-14.702811,9843
47.877358,-14.702811,9858
46.877358,-14.702811,9881
45.877358,-15.702811,9891
44.877358,-15.702811,9902
42.877358,-15.702811,9913
BREAK
