START
40.877358,-14.702811,0
40.877358,-15.702811,38
40.877358,-16.702811,95
41.877358,-16.702811,114
41.877358,-17.702811,135
42.877358,-17.702811,171
42.877358,-18.702811,184
42.877358,-19.702811,243
43.877358,-19.702811,266
44.877358,-20.702811,283
45.877358,-21.702811,347
45.877358,-22.702811,392
46.877358,-23.702811,435
47.877358,-23.702811,476
47.877358,-24.702811,498
48.877358,-24.702811,539
48.877358,-25.702811,559
49.877358,-26.702811,582
50.877358,-26.702811,623
51.877358,-26.702811,662
52.877358,-26.702811,698
53.877358,-26.702811,735
54.877358,-26.702811,762
55.877358,-26.702811,781
56.877358,-26.702811,802
57.877358,-25.702811,819
57.877358,-24.702811,843
58.877358,-24.702811,855
59.877358,-23.702811,895
60.877358,-23.702811,963
60.877358,-22.702811,976
61.877358,-22.702811,1038
62.877358,-20.702811,1058
63.877358,-18.702811,1079
63.877358,-16.702811,1125
64.877358,-16.702811,1165
64.877358,-15.702811,1229
64.877358,-14.702811,1319
64.877358,-13.702811,1383
64.877358,-12.702811,1413
64.877358,-11.702811,1540
64.877358,-10.702811,1602
64.877358,-9.7028112,1697
64.877358,-8.7028112,1722
BREAK
33.877358,-32.702811,3416
33.877358,-33.702811,3438
33.877358,-34.702811,3479
33.877358,-36.702811,3527
34.877358,-39.702811,3544
34.877358,-42.702811,3563
35.877358,-46.702811,3580
35.877358,-47.702811,3596
35.877358,-48.702811,3609
35.877358,-49.702811,3627
35.877358,-50.702811,3649
36.877358,-50.702811,3671
36.877358,-51.702811,3692
36.877358,-53.702811,3712
36.877358,-56.702811,3734
36.877358,-59.702811,3757
36.877358,-62.702811,3780
36.877358,-64.702811,3799
36.877358,-65.702811,3811
36.877358,-66.702811,3827
36.877358,-68.702811,3842
36.877358,-70.702811,3861
36.877358,-73.702811,3882
36.877358,-75.702811,3902
36.877358,-76.702811,3925
35.877358,-77.702811,3945
35.877358,-78.702811,3976
35.877358,-79.702811,3997
35.877358,-80.702811,4031
35.877358,-82.702811,4065
34.877358,-84.702811,4084
34.877358,-85.702811,4118
33.877358,-86.702811,4140
33.877358,-87.702811,4183
BREAK
38.877358,-84.702811,6621
38.877358,-83.702811,6631
38.877358,-82.702811,6686
38.877358,-81.702811,6729
39.877358,-80.702811,6749
39.877358,-79.702811,6771
41.877358,-78.702811,6809
42.877358,-76.702811,6837
42.877358,-75.702811,6850
42.877358,-74.702811,6864
43.877358,-73.702811,6881
44.877358,-72.702811,6903
44.877358,-71.702811,6924
45.877358,-71.702811,6945
46.877358,-69.702811,6963
48.877358,-66.702811,6978
48.877358,-65.702811,6992
48.877358,-64.702811,7009
49.877358,-63.702811,7023
50.877358,-61.702811,7069
51.877358,-61.702811,7091
51.877358,-59.702811,7112
52.877358,-59.702811,7132
52.877358,-58.702811,7156
52.877358,-57.702811,7198
53.877358,-57.702811,7238
54.877358,-56.702811,7260
55.877358,-55.702811,7280
55.877358,-54.702811,7342
56.877358,-54.702811,7365
56.877358,-53.702811,7458
57.877358,-52.702811,7478
58.877358,-50.702811,7497
59.877358,-49.702811,7519
59.877358,-48.702811,7563
59.877358,-47.702811,7585
60.877358,-47.702811,7627
60.877358,-46.702811,7646
61.877358,-45.702811,7700
62.877358,-44.702811,7717
63.877358,-43.702811,7800
63.877358,-42.702811,7942
64.877358,-42.702811,7972
64.877358,-41.702811,8059
64.877358,-40.702811,8075
65.877358,-39.702811,8094
66.877358,-39.702811,8138
66.877358,-38.702811,8218
66.877358,-37.702811,8533
66.877358,-36.702811,8777
66.877358,-35.702811,8948
66.877358,-36.702811,9425
66.877358,-38.702811,9444
66.877358,-39.702811,9485
66.877358,-40.702811,9506
66.877358,-41.702811,9551
66.877358,-42.702811,9573
66.877358,-43.702811,9613
66.877358,-44.702811,9633
66.877358,-45.702811,9653
66.877358,-47.702811,9677
66.877358,-48.702811,9717
66.877358,-49.702811,9764
66.877358,-50.702811,9784
66.877358,-51.702811,9805
66.877358,-53.702811,9821
66.877358,-54.702811,9865
66.877358,-56.702811,9901
66.877358,-61.702811,9920
66.877358,-64.702811,9943
66.877358,-65.702811,9966
66.877358,-66.702811,9985
66.877358,-67.702811,10015
66.877358,-69.702811,10031
66.877358,-70.702811,10051
66.877358,-71.702811,10074
66.877358,-72.702811,10111
66.877358,-73.702811,10156
66.877358,-74.702811,10178
66.877358,-75.702811,10200
67.877358,-75.702811,10242
67.877358,-76.702811,10263
67.877358,-78.702811,10344
67.877358,-79.702811,10367
67.877358,-80.702811,10384
67.877358,-81.702811,10424
67.877358,-82.702811,10499
67.877358,-83.702811,10626
67.877358,-84.702811,10767
68.877358,-84.702811,10808
BREAK
