START
49.29717,-24.389558,0
48.29717,-24.389558,10
47.29717,-23.389558,90
46.29717,-22.389558,140
47.29717,-22.389558,230
48.29717,-22.389558,240
49.29717,-22.389558,250
50.29717,-22.389558,270
51.29717,-22.389558,320
52.29717,-22.389558,330
55.29717,-22.389558,391
55.29717,-23.389558,481
55.29717,-24.389558,491
55.29717,-25.389558,501
55.29717,-26.389558,511
55.29717,-27.389558,521
53.29717,-30.389558,581
52.29717,-31.389558,591
51.29717,-32.389558,601
50.29717,-32.389558,711
47.29717,-27.389558,771
45.29717,-26.389558,781
43.29717,-25.389558,791
42.29717,-24.389558,801
40.29717,-23.389558,821
39.29717,-22.389558,881
39.29717,-21.389558,941
43.29717,-20.389558,1001
46.29717,-20.389558,1011
48.29717,-20.389558,1021
48.29717,-19.389558,1041
49.29717,-19.389558,1052
52.29717,-19.389558,1102
54.29717,-20.389558,1172
55.29717,-20.389558,1192
55.29717,-21.389558,1202
55.29717,-26.389558,1252
55.29717,-27.389558,1272
55.29717,-28.389558,1282
55.29717,-30.389558,1292
55.29717,-32.389558,1342
54.29717,-34.389558,1362
53.29717,-34.389558,1372
51.29717,-34.389558,1382
50.29717,-34.389558,1392
49.29717,-33.389558,1502
48.29717,-33.389558,1512
46.29717,-27.389558,1572
45.29717,-26.389558,1582
45.29717,-25.389558,1592
44.29717,-24.389558,1722
43.29717,-24.389558,1823
44.29717,-25.389558,2003
44.29717,-28.389558,2063
44.29717,-29.389558,2073
44.29717,-31.389558,2083
44.29717,-33.389558,2103
44.29717,-34.389558,2113
44.29717,-35.389558,2173
45.29717,-35.389558,2323
BREAK
48.29717,-82.389558,3104
48.29717,-80.389558,3114
48.29717,-79.389558,3134
48.29717,-75.389558,3185
48.29717,-74.389558,3195
48.29717,-73.389558,3215
50.29717,-73.389558,3225
51.29717,-72.389558,3235
52.29717,-72.389558,3245
56.29717,-71.389558,3305
57.29717,-71.389558,3355
58.29717,-72.389558,3365
58.29717,-74.389558,3385
58.29717,-75.389558,3435
57.29717,-78.389558,3495
56.29717,-79.389558,3505
55.29717,-80.389558,3525
54.29717,-81.389558,3535
53.29717,-82.389558,3585
52.29717,-81.389558,3755
52.29717,-77.389558,3815
52.29717,-76.389558,3836
52.29717,-73.389558,3896
52.29717,-72.389558,3906
53.29717,-72.389558,3976
54.29717,-72.389558,3996
54.29717,-74.389558,4066
54.29717,-75.389558,4086
54.29717,-76.389558,4156
54.29717,-78.389558,4176
54.29717,-79.389558,4186
54.29717,-80.389558,4196
53.29717,-81.389558,4206
53.29717,-82.389558,4226
52.29717,-82.389558,4336
BREAK
