START
34.528302,-17.686747,0
34.528302,-18.686747,145
34.528302,-19.686747,203
34.528302,-20.686747,233
34.528302,-21.686747,246
34.528302,-22.686747,257
34.528302,-25.686747,267
34.528302,-26.686747,279
34.528302,-27.686747,290
34.528302,-28.686747,301
34.528302,-30.686747,312
34.528302,-32.686747,322
34.528302,-34.686747,334
34.528302,-37.686747,345
34.528302,-38.686747,355
34.528302,-39.686747,366
34.528302,-41.686747,377
34.528302,-42.686747,388
34.528302,-45.686747,398
34.528302,-46.686747,414
34.528302,-47.686747,425
34.528302,-48.686747,435
34.528302,-49.686747,446
34.528302,-50.686747,456
34.528302,-53.686747,468
34.528302,-54.686747,478
34.528302,-56.686747,489
34.528302,-59.686747,500
34.528302,-60.686747,511
34.528302,-63.686747,521
34.528302,-64.686747,532
34.528302,-65.686747,543
34.528302,-66.686747,554
34.528302,-68.686747,564
35.528302,-70.686747,580
35.528302,-71.686747,591
35.528302,-72.686747,619
35.528302,-73.686747,644
35.528302,-74.686747,693
35.528302,-75.686747,726
35.528302,-76.686747,737
35.528302,-78.686747,763
35.528302,-79.686747,774
35.528302,-80.686747,786
35.528302,-81.686747,799
35.528302,-82.686747,809
35.528302,-83.686747,823
35.528302,-84.686747,834
35.528302,-85.686747,871
35.528302,-87.686747,931
35.528302,-88.686747,963
35.528302,-89.686747,983
35.528302,-90.686747,1006
35.528302,-91.686747,1016
35.528302,-92.686747,1033
BREAK
34.528302,-16.686747,2667
35.528302,-17.686747,3088
36.528302,-18.686747,3099
37.528302,-18.686747,3110
38.528302,-18.686747,3121
39.528302,-19.686747,3132
40.528302,-19.686747,3143
44.528302,-21.686747,3154
45.528302,-21.686747,3170
47.528302,-21.686747,3191
48.528302,-21.686747,3207
49.528302,-22.686747,3224
50.528302,-22.686747,3235
51.528302,-22.686747,3246
52.528302,-22.686747,3257
53.528302,-23.686747,3267
53.528302,-24.686747,3278
55.528302,-24.686747,3289
56.528302,-24.686747,3301
57.528302,-24.686747,3322
58.528302,-24.686747,3333
58.528302,-25.686747,3344
58.528302,-26.686747,3354
60.528302,-26.686747,3365
61.528302,-26.686747,3376
62.528302,-26.686747,3394
63.528302,-27.686747,3405
63.528302,-28.686747,3416
64.528302,-28.686747,3427
65.528302,-28.686747,3438
65.528302,-29.686747,3475
66.528302,-29.686747,3487
67.528302,-29.686747,3502
67.528302,-31.686747,3513
68.528302,-31.686747,3525
69.528302,-31.686747,3536
70.528302,-31.686747,3547
71.528302,-31.686747,3557
72.528302,-31.686747,3568
72.528302,-32.686747,3579
72.528302,-33.686747,3590
74.528302,-33.686747,3600
75.528302,-33.686747,3657
76.528302,-33.686747,3671
76.528302,-34.686747,3685
78.528302,-34.686747,3696
79.528302,-34.686747,3707
79.528302,-35.686747,3718
BREAK
36.528302,-43.686747,5000
36.528302,-44.686747,5083
36.528302,-45.686747,5134
37.528302,-45.686747,5328
38.528302,-45.686747,5339
39.528302,-46.686747,5349
41.528302,-47.686747,5360
43.528302,-47.686747,5371
44.528302,-48.686747,5381
45.528302,-48.686747,5392
46.528302,-49.686747,5403
47.528302,-49.686747,5414
48.528302,-49.686747,5425
49.528302,-49.686747,5449
51.528302,-50.686747,5460
53.528302,-51.686747,5470
56.528302,-52.686747,5484
58.528302,-54.686747,5495
60.528302,-54.686747,5505
60.528302,-55.686747,5634
BREAK
