START
62.75,-13.859438,0
62.75,-14.859438,220
62.75,-15.859438,230
62.75,-16.859438,240
62.75,-17.859438,251
62.75,-19.859438,259
62.75,-21.859438,279
62.75,-22.859438,290
62.75,-24.859438,300
62.75,-26.859438,309
62.75,-28.859438,319
62.75,-30.859438,330
62.75,-32.859438,339
62.75,-33.859438,349
62.75,-35.859438,359
62.75,-36.859438,370
62.75,-37.859438,382
62.75,-39.859438,393
62.75,-40.859438,413
62.75,-42.859438,423
62.75,-43.859438,433
62.75,-44.859438,442
62.75,-45.859438,452
62.75,-46.859438,472
62.75,-48.859438,492
62.75,-49.859438,502
62.75,-50.859438,512
62.75,-51.859438,522
62.75,-53.859438,533
62.75,-54.859438,557
62.75,-55.859438,567
62.75,-56.859438,577
62.75,-59.859438,587
62.75,-60.859438,597
62.75,-62.859438,607
62.75,-63.859438,617
62.75,-64.859438,628
62.75,-66.859438,637
62.75,-67.859438,667
62.75,-68.859438,707
62.75,-69.859438,717
62.75,-70.859438,786
62.75,-71.859438,926
BREAK
62.75,-38.859438,2973
62.75,-37.859438,3086
62.75,-36.859438,3096
61.75,-36.859438,3106
60.75,-35.859438,3116
59.75,-34.859438,3136
58.75,-34.859438,3165
58.75,-33.859438,3185
57.75,-33.859438,3195
56.75,-33.859438,3205
55.75,-32.859438,3235
54.75,-32.859438,3255
53.75,-32.859438,3274
52.75,-32.859438,3294
51.75,-32.859438,3314
50.75,-32.859438,3324
49.75,-32.859438,3334
48.75,-32.859438,3344
47.75,-32.859438,3355
46.75,-32.859438,3364
45.75,-32.859438,3384
44.75,-32.859438,3404
43.75,-32.859438,3414
42.75,-32.859438,3425
41.75,-32.859438,3454
40.75,-33.859438,3474
39.75,-34.859438,3505
38.75,-34.859438,3515
38.75,-35.859438,3534
37.75,-35.859438,3544
37.75,-36.859438,3574
36.75,-37.859438,3584
35.75,-37.859438,3614
35.75,-38.859438,3624
34.75,-38.859438,3634
34.75,-39.859438,3664
33.75,-39.859438,3694
33.75,-40.859438,3714
33.75,-41.859438,3724
32.75,-42.859438,3744
32.75,-44.859438,3773
31.75,-45.859438,3793
30.75,-46.859438,3813
30.75,-47.859438,3823
30.75,-48.859438,3833
30.75,-49.859438,3853
30.75,-50.859438,3863
30.75,-52.859438,3884
30.75,-53.859438,3893
30.75,-54.859438,3903
30.75,-56.859438,3913
30.75,-57.859438,3924
30.75,-58.859438,3933
30.75,-59.859438,3942
30.75,-60.859438,3963
31.75,-60.859438,4012
31.75,-61.859438,4022
31.75,-62.859438,4032
32.75,-63.859438,4053
32.75,-64.859438,4073
33.75,-64.859438,4084
33.75,-65.859438,4094
34.75,-66.859438,4104
35.75,-67.859438,4124
36.75,-68.859438,4143
37.75,-69.859438,4154
38.75,-69.859438,4164
39.75,-69.859438,4176
39.75,-70.859438,4194
40.75,-70.859438,4204
41.75,-70.859438,4215
42.75,-70.859438,4234
43.75,-70.859438,4255
44.75,-70.859438,4265
45.75,-70.859438,4275
46.75,-70.859438,4305
48.75,-70.859438,4325
49.75,-70.859438,4346
50.75,-69.859438,4356
51.75,-69.859438,4366
52.75,-68.859438,4376
53.75,-68.859438,4406
54.75,-67.859438,4436
55.75,-67.859438,4446
56.75,-67.859438,4465
56.75,-66.859438,4475
57.75,-66.859438,4485
58.75,-66.859438,4535
58.75,-65.859438,4545
59.75,-65.859438,4555
59.75,-64.859438,4575
60.75,-64.859438,4615
BREAK
