START
14.564039,-22.946532,0
15.530141,-21.98043,50
16.496242,-21.98043,80
17.462344,-21.98043,120
18.428446,-21.014329,130
19.394547,-21.014329,140
20.360649,-21.014329,149
21.326751,-21.014329,160
23.258954,-21.014329,169
25.191158,-21.014329,179
27.123361,-21.014329,189
29.055564,-21.014329,209
30.021666,-21.014329,219
31.95387,-21.014329,229
32.919971,-21.014329,249
33.886073,-21.014329,259
34.852175,-21.014329,269
35.818276,-21.014329,279
37.75048,-21.014329,299
38.716581,-21.014329,309
39.682683,-21.014329,319
40.648785,-21.014329,329
41.614886,-21.014329,349
42.580988,-21.014329,359
43.54709,-21.014329,369
45.479293,-21.014329,379
46.445395,-21.014329,389
47.411497,-21.014329,399
49.3437,-21.014329,409
50.309802,-21.014329,419
51.275903,-21.014329,429
52.242005,-21.014329,439
53.208107,-21.014329,449
54.174209,-21.014329,459
55.14031,-21.014329,479
56.106412,-21.014329,509
57.072514,-21.014329,519
59.004717,-21.014329,529
59.970819,-21.014329,538
60.93692,-21.014329,549
62.869124,-21.014329,558
63.835225,-21.014329,578
64.801327,-21.014329,588
65.767429,-21.014329,598
66.733531,-21.014329,688
67.699632,-21.014329,718
68.665734,-21.014329,728
69.631836,-21.014329,738
70.597937,-21.014329,748
72.530141,-21.014329,758
74.462344,-21.014329,768
75.428446,-21.014329,778
76.394547,-21.014329,788
77.360649,-21.014329,798
78.326751,-21.014329,808
BREAK
59.970819,-21.98043,1566
59.970819,-23.912634,1645
59.970819,-24.878735,1655
59.970819,-25.844837,1665
59.970819,-27.77704,1685
59.970819,-29.709244,1695
59.970819,-30.675345,1705
59.970819,-32.607549,1715
59.970819,-34.539752,1735
59.970819,-35.505854,1745
59.970819,-37.438057,1755
59.970819,-38.404159,1765
59.970819,-39.370261,1785
59.970819,-40.336362,1795
59.970819,-41.302464,1805
59.970819,-42.268566,1815
59.970819,-43.234667,1835
59.970819,-44.200769,1845
59.970819,-45.166871,1855
59.970819,-46.132973,1865
59.970819,-47.099074,1875
59.970819,-48.065176,1885
59.970819,-49.997379,1895
59.970819,-50.963481,1905
59.970819,-51.929583,1925
59.970819,-52.895684,1935
59.970819,-53.861786,1945
59.970819,-54.827888,1955
59.970819,-55.79399,1974
59.970819,-56.760091,1984
59.970819,-58.692295,1994
59.970819,-59.658396,2004
59.970819,-60.624498,2024
59.970819,-62.556701,2034
59.970819,-63.522803,2044
59.970819,-64.488905,2054
59.970819,-65.455006,2074
59.970819,-66.421108,2084
59.970819,-67.38721,2094
59.970819,-68.353312,2104
59.970819,-69.319413,2114
59.970819,-70.285515,2144
59.970819,-71.251617,2164
59.970819,-72.217718,2174
59.970819,-73.18382,2184
59.970819,-74.149922,2353
59.970819,-75.116023,2373
59.970819,-76.082125,2383
59.970819,-77.048227,2403
59.970819,-76.082125,2982
59.970819,-75.116023,2992
59.970819,-73.18382,3002
59.970819,-72.217718,3012
59.970819,-71.251617,3022
59.004717,-70.285515,3032
59.004717,-69.319413,3042
59.004717,-68.353312,3052
59.004717,-67.38721,3072
58.038615,-67.38721,3111
58.038615,-65.455006,3121
57.072514,-64.488905,3131
57.072514,-62.556701,3141
56.106412,-62.556701,3151
56.106412,-61.5906,3161
56.106412,-60.624498,3191
55.14031,-60.624498,3211
54.174209,-59.658396,3241
53.208107,-58.692295,3251
53.208107,-57.726193,3261
52.242005,-56.760091,3291
51.275903,-55.79399,3321
50.309802,-55.79399,3361
49.3437,-55.79399,3391
49.3437,-54.827888,3411
48.377598,-54.827888,3421
48.377598,-53.861786,3431
47.411497,-53.861786,3451
46.445395,-53.861786,3471
45.479293,-53.861786,3500
44.513192,-53.861786,3520
43.54709,-53.861786,3530
42.580988,-53.861786,3550
41.614886,-53.861786,3560
40.648785,-52.895684,3570
39.682683,-52.895684,3590
38.716581,-52.895684,3610
37.75048,-52.895684,3620
35.818276,-52.895684,3630
34.852175,-52.895684,3650
33.886073,-52.895684,3660
32.919971,-52.895684,3670
31.95387,-52.895684,3690
30.987768,-52.895684,3710
30.021666,-52.895684,3740
30.987768,-52.895684,3889
31.95387,-52.895684,3909
32.919971,-52.895684,3929
32.919971,-51.929583,3949
33.886073,-51.929583,4009
33.886073,-50.963481,4019
33.886073,-49.997379,4059
33.886073,-49.031278,4069
33.886073,-48.065176,4079
33.886073,-47.099074,4089
33.886073,-46.132973,4099
33.886073,-45.166871,4179
33.886073,-44.200769,4189
33.886073,-42.268566,4199
33.886073,-41.302464,4228
32.919971,-41.302464,4238
32.919971,-40.336362,4258
31.95387,-39.370261,4278
31.95387,-38.404159,4288
30.987768,-37.438057,4298
30.021666,-36.471956,4308
29.055564,-35.505854,4328
28.089463,-35.505854,4338
27.123361,-34.539752,4348
26.157259,-33.573651,4358
25.191158,-32.607549,4368
24.225056,-31.641447,4388
23.258954,-31.641447,4398
22.292853,-30.675345,4408
21.326751,-30.675345,4428
21.326751,-29.709244,4438
20.360649,-29.709244,4448
19.394547,-28.743142,4468
18.428446,-28.743142,4488
17.462344,-28.743142,4498
17.462344,-27.77704,4518
16.496242,-27.77704,4528
15.530141,-26.810939,4538
14.564039,-26.810939,4558
13.597937,-26.810939,4667
BREAK
