START
21.326751,-23.912634,0
63.835225,-21.98043,190
64.801327,-21.98043,193
BREAK
22.292853,-26.810939,1111
23.258954,-26.810939,1175
24.225056,-26.810939,1191
25.191158,-26.810939,1199
26.157259,-26.810939,1207
27.123361,-27.77704,1215
29.055564,-27.77704,1223
30.021666,-28.743142,1231
30.987768,-29.709244,1239
33.886073,-29.709244,1247
34.852175,-31.641447,1255
35.818276,-32.607549,1263
38.716581,-32.607549,1271
39.682683,-34.539752,1279
41.614886,-35.505854,1287
42.580988,-36.471956,1295
43.54709,-37.438057,1303
45.479293,-38.404159,1311
46.445395,-40.336362,1319
47.411497,-41.302464,1328
48.377598,-42.268566,1335
48.377598,-43.234667,1344
49.3437,-44.200769,1351
49.3437,-45.166871,1359
50.309802,-46.132973,1367
50.309802,-47.099074,1375
50.309802,-48.065176,1383
50.309802,-49.031278,1391
50.309802,-49.997379,1399
50.309802,-50.963481,1415
50.309802,-51.929583,1423
50.309802,-52.895684,1440
49.3437,-53.861786,1455
48.377598,-54.827888,1463
47.411497,-55.79399,1480
46.445395,-55.79399,1487
45.479293,-56.760091,1495
44.513192,-57.726193,1503
43.54709,-57.726193,1512
42.580988,-57.726193,1519
41.614886,-58.692295,1528
40.648785,-58.692295,1535
39.682683,-58.692295,1544
37.75048,-59.658396,1551
36.784378,-59.658396,1559
35.818276,-59.658396,1567
33.886073,-59.658396,1575
32.919971,-59.658396,1591
31.95387,-59.658396,1599
30.987768,-59.658396,1607
30.021666,-59.658396,1615
28.089463,-59.658396,1631
27.123361,-59.658396,1647
26.157259,-59.658396,1663
25.191158,-59.658396,1679
BREAK
27.123361,-59.658396,2199
28.089463,-59.658396,2223
29.055564,-59.658396,2239
30.021666,-59.658396,2247
30.987768,-59.658396,2263
31.95387,-59.658396,2271
32.919971,-59.658396,2279
35.818276,-59.658396,2287
36.784378,-59.658396,2295
38.716581,-59.658396,2303
40.648785,-59.658396,2311
42.580988,-60.624498,2319
43.54709,-61.5906,2328
45.479293,-62.556701,2335
47.411497,-63.522803,2344
48.377598,-65.455006,2351
50.309802,-65.455006,2359
52.242005,-67.38721,2367
53.208107,-68.353312,2375
55.14031,-70.285515,2383
57.072514,-70.285515,2391
59.004717,-72.217718,2399
60.93692,-73.18382,2407
61.903022,-74.149922,2415
63.835225,-76.082125,2423
64.801327,-76.082125,2431
66.733531,-78.014329,2439
67.699632,-78.98043,2455
68.665734,-79.946532,2463
69.631836,-79.946532,2471
69.631836,-80.912634,2487
70.597937,-80.912634,2495
71.564039,-80.912634,2519
71.564039,-81.878735,2528
71.564039,-80.912634,2847
71.564039,-79.946532,2871
71.564039,-78.98043,2879
71.564039,-78.014329,2895
71.564039,-77.048227,2903
71.564039,-76.082125,2912
71.564039,-75.116023,2919
70.597937,-74.149922,2928
70.597937,-72.217718,2935
69.631836,-70.285515,2944
69.631836,-67.38721,2951
69.631836,-65.455006,2960
68.665734,-62.556701,2967
66.733531,-57.726193,2975
65.767429,-54.827888,2983
64.801327,-51.929583,2991
63.835225,-47.099074,2999
63.835225,-44.200769,3007
63.835225,-41.302464,3015
62.869124,-37.438057,3023
62.869124,-34.539752,3031
61.903022,-32.607549,3039
61.903022,-29.709244,3047
61.903022,-26.810939,3055
60.93692,-24.878735,3063
60.93692,-21.98043,3071
60.93692,-21.014329,3079
60.93692,-19.082125,3087
60.93692,-18.116023,3095
60.93692,-17.149922,3103
60.93692,-16.18382,3112
60.93692,-15.217718,3128
BREAK
59.004717,-20.048227,3527
59.970819,-20.048227,3583
60.93692,-20.048227,3591
62.869124,-20.048227,3599
64.801327,-20.048227,3607
67.699632,-20.048227,3615
70.597937,-20.048227,3623
74.462344,-20.048227,3631
78.326751,-20.048227,3639
81.225056,-20.048227,3647
84.123361,-20.048227,3655
87.021666,-20.048227,3663
88.95387,-20.048227,3671
89.919971,-20.048227,3679
91.852175,-20.048227,3687
92.818276,-20.048227,3703
BREAK
