START
26.877358,-18.859438,0
26.877358,-21.859438,143
26.877358,-25.859438,152
26.877358,-26.859438,160
26.877358,-28.859438,167
25.877358,-32.859438,183
25.877358,-33.859438,191
25.877358,-35.859438,199
25.877358,-37.859438,207
25.877358,-38.859438,231
25.877358,-39.859438,240
25.877358,-41.859438,255
24.877358,-42.859438,264
24.877358,-43.859438,280
24.877358,-44.859438,303
24.877358,-46.859438,480
24.877358,-47.859438,495
24.877358,-48.859438,520
24.877358,-49.859438,527
28.877358,-49.859438,920
29.877358,-49.859438,935
32.877358,-49.859438,951
33.877358,-49.859438,968
34.877358,-49.859438,983
35.877358,-49.859438,1047
36.877358,-49.859438,1063
38.877358,-50.859438,1087
39.877358,-51.859438,1103
40.877358,-52.859438,1111
42.877358,-52.859438,1119
42.877358,-53.859438,1136
43.877358,-53.859438,1151
44.877358,-54.859438,1191
46.877358,-55.859438,1224
47.877358,-55.859438,2503
50.877358,-55.859438,2511
52.877358,-54.859438,2519
53.877358,-53.859438,2527
55.877358,-52.859438,2543
56.877358,-52.859438,2703
57.877358,-51.859438,2711
59.877358,-50.859438,2735
60.877358,-50.859438,2743
61.877358,-49.859438,2751
62.877358,-49.859438,2759
63.877358,-48.859438,2767
64.877358,-48.859438,2783
65.877358,-48.859438,2807
65.877358,-47.859438,2815
67.877358,-47.859438,2839
69.877358,-47.859438,2871
72.877358,-47.859438,2879
73.877358,-47.859438,2887
74.877358,-47.859438,2895
75.877358,-47.859438,2903
75.877358,-46.859438,3351
75.877358,-45.859438,3367
75.877358,-44.859438,3383
75.877358,-43.859438,3407
75.877358,-41.859438,3415
75.877358,-40.859438,3431
75.877358,-38.859438,3447
75.877358,-37.859438,3455
75.877358,-36.859438,3463
75.877358,-34.859438,3479
75.877358,-33.859438,3503
75.877358,-31.859438,3511
75.877358,-30.859438,3535
75.877358,-29.859438,3551
75.877358,-28.859438,3567
75.877358,-27.859438,3583
75.877358,-26.859438,3591
75.877358,-25.859438,3599
75.877358,-24.859438,3615
75.877358,-22.859438,3631
75.877358,-21.859438,3647
75.877358,-20.859438,3671
75.877358,-19.859438,3687
75.877358,-17.859438,3719
75.877358,-16.859438,3735
75.877358,-15.859438,3743
75.877358,-14.859438,3767
75.877358,-13.859438,3791
BREAK
46.877358,-55.859438,5911
46.877358,-57.859438,6174
46.877358,-58.859438,6182
48.877358,-61.859438,6199
48.877358,-62.859438,6215
48.877358,-63.859438,6230
48.877358,-64.859438,6238
48.877358,-65.859438,6246
48.877358,-66.859438,6270
48.877358,-67.859438,6279
48.877358,-68.859438,6286
48.877358,-69.859438,6294
48.877358,-71.859438,6318
48.877358,-72.859438,6342
48.877358,-73.859438,6374
48.877358,-74.859438,6398
48.877358,-75.859438,6414
48.877358,-77.859438,6422
48.877358,-78.859438,6446
48.877358,-80.859438,6462
48.877358,-81.859438,6502
48.877358,-82.859438,6526
48.877358,-83.859438,6574
48.877358,-84.859438,6607
48.877358,-85.859438,6630
48.877358,-86.859438,6734
48.877358,-87.859438,6767
48.877358,-88.859438,6774
48.877358,-89.859438,6806
48.877358,-90.859438,6830
BREAK
