START
33.877358,-15.859438,0
33.877358,-16.859438,364
33.877358,-17.859438,385
33.877358,-18.859438,420
33.877358,-19.859438,450
33.877358,-20.859438,486
33.877358,-21.859438,497
33.877358,-22.859438,508
33.877358,-23.859438,585
33.877358,-24.859438,608
33.877358,-25.859438,618
33.877358,-26.859438,629
33.877358,-27.859438,644
33.877358,-28.859438,670
33.877358,-29.859438,680
33.877358,-30.859438,695
33.877358,-31.859438,729
33.877358,-32.859438,811
33.877358,-33.859438,826
33.877358,-34.859438,862
33.877358,-35.859438,885
33.877358,-36.859438,925
33.877358,-37.859438,936
33.877358,-38.859438,953
33.877358,-39.859438,987
33.877358,-40.859438,1188
33.877358,-41.859438,1199
33.877358,-42.859438,1209
33.877358,-43.859438,1233
33.877358,-44.859438,1244
33.877358,-45.859438,1389
33.877358,-46.859438,1400
33.877358,-47.859438,1413
33.877358,-48.859438,1424
34.877358,-48.859438,2170
35.877358,-48.859438,2461
36.877358,-48.859438,2472
37.877358,-48.859438,2660
38.877358,-49.859438,2803
39.877358,-49.859438,2818
40.877358,-49.859438,2840
41.877358,-49.859438,2891
41.877358,-50.859438,2911
42.877358,-51.859438,2922
43.877358,-52.859438,3273
44.877358,-53.859438,3446
45.877358,-53.859438,3457
45.877358,-54.859438,3493
46.877358,-55.859438,3533
47.877358,-56.859438,3544
48.877358,-56.859438,3573
49.877358,-56.859438,3592
49.877358,-57.859438,3671
50.877358,-58.859438,3682
51.877358,-58.859438,4023
52.877358,-58.859438,4034
53.877358,-58.859438,4916
53.877358,-57.859438,4964
53.877358,-56.859438,4977
54.877358,-56.859438,5010
55.877358,-56.859438,5020
56.877358,-56.859438,5053
56.877358,-55.859438,5093
56.877358,-54.859438,5103
57.877358,-54.859438,5125
58.877358,-54.859438,5136
59.877358,-54.859438,5146
60.877358,-54.859438,5163
61.877358,-54.859438,5241
61.877358,-53.859438,5286
61.877358,-52.859438,5319
62.877358,-52.859438,5361
63.877358,-51.859438,5379
65.877358,-50.859438,5420
67.877358,-49.859438,5430
68.877358,-48.859438,5613
69.877358,-47.859438,5623
70.877358,-47.859438,5650
70.877358,-46.859438,5664
70.877358,-45.859438,5726
70.877358,-44.859438,5737
70.877358,-43.859438,7103
70.877358,-42.859438,7125
70.877358,-41.859438,7136
70.877358,-40.859438,7151
70.877358,-39.859438,7167
70.877358,-38.859438,7196
70.877358,-37.859438,7207
70.877358,-36.859438,7238
70.877358,-35.859438,7268
70.877358,-34.859438,7315
70.877358,-33.859438,7327
70.877358,-32.859438,7340
70.877358,-31.859438,7359
70.877358,-30.859438,7475
70.877358,-29.859438,7486
70.877358,-28.859438,7519
70.877358,-27.859438,7543
70.877358,-26.859438,7590
70.877358,-25.859438,7601
70.877358,-24.859438,7611
70.877358,-23.859438,7627
70.877358,-22.859438,7656
70.877358,-21.859438,7666
70.877358,-20.859438,7718
70.877358,-19.859438,7737
70.877358,-18.859438,7804
70.877358,-17.859438,7815
70.877358,-16.859438,7894
70.877358,-15.859438,8092
70.877358,-14.859438,8125
70.877358,-13.859438,8136
70.877358,-12.859438,8524
BREAK
52.877358,-56.859438,10350
52.877358,-57.859438,10746
52.877358,-58.859438,10763
52.877358,-59.859438,10773
52.877358,-60.859438,10799
52.877358,-61.859438,10851
52.877358,-62.859438,10881
52.877358,-63.859438,10896
52.877358,-64.859438,10908
52.877358,-65.859438,10950
52.877358,-66.859438,10973
52.877358,-67.859438,10984
52.877358,-68.859438,11015
52.877358,-69.859438,11042
52.877358,-70.859438,11061
52.877358,-71.859438,11071
52.877358,-72.859438,11097
52.877358,-73.859438,11150
52.877358,-74.859438,11169
52.877358,-75.859438,11180
52.877358,-76.859438,11190
52.877358,-77.859438,11212
52.877358,-78.859438,11223
52.877358,-79.859438,11233
52.877358,-80.859438,11244
52.877358,-81.859438,11313
52.877358,-82.859438,11406
52.877358,-83.859438,11417
52.877358,-84.859438,11458
52.877358,-85.859438,11476
52.877358,-86.859438,11533
52.877358,-87.859438,11547
52.877358,-88.859438,11941
52.877358,-89.859438,11952
52.877358,-90.859438,11974
52.877358,-91.859438,11984
BREAK
