START
14.206409,-41.086207,0
13.217019,-41.086207,142
14.206409,-43.064987,151
14.206409,-44.054377,161
16.185188,-49.001326,170
17.174578,-50.980106,180
18.163968,-52.958886,189
19.153358,-53.948276,199
20.142748,-55.927056,208
20.142748,-56.916446,246
21.132138,-57.905836,275
22.121528,-58.895225,294
22.121528,-59.884615,303
23.110918,-59.884615,313
24.100308,-60.874005,322
25.089698,-63.842175,332
26.079088,-63.842175,341
26.079088,-64.831565,350
27.068478,-65.820955,369
28.057867,-66.810345,379
29.047257,-67.799735,388
29.047257,-68.789125,398
30.036647,-69.778515,407
31.026037,-69.778515,426
32.015427,-69.778515,436
33.004817,-70.767905,455
33.994207,-70.767905,521
34.983597,-70.767905,540
37.951767,-70.767905,550
41.909326,-70.767905,559
47.845666,-70.767905,569
52.792615,-70.767905,578
55.760785,-70.767905,588
57.739565,-70.767905,597
58.728955,-69.778515,692
58.728955,-68.789125,702
58.728955,-66.810345,711
58.728955,-64.831565,721
58.728955,-62.852785,730
58.728955,-60.874005,740
58.728955,-59.884615,759
58.728955,-58.895225,768
58.728955,-56.916446,778
58.728955,-54.937666,787
58.728955,-53.948276,797
58.728955,-52.958886,806
56.750175,-50.980106,816
55.760785,-49.990716,825
55.760785,-48.011936,834
54.771395,-47.022546,844
53.782005,-45.043767,853
53.782005,-44.054377,872
52.792615,-43.064987,882
51.803226,-42.075597,891
51.803226,-41.086207,901
50.813836,-40.096817,910
49.824446,-38.118037,920
49.824446,-36.139257,929
49.824446,-35.149867,939
49.824446,-34.160477,948
48.835056,-32.181698,958
48.835056,-31.192308,1005
48.835056,-30.202918,1015
49.824446,-29.213528,1024
50.813836,-28.224138,1034
51.803226,-27.234748,1043
53.782005,-26.245358,1053
54.771395,-25.255968,1062
55.760785,-24.266578,1072
55.760785,-23.277188,1081
57.739565,-23.277188,1167
58.728955,-23.277188,1176
59.718345,-23.277188,1186
61.697125,-23.277188,1195
64.665295,-23.277188,1205
67.633464,-23.277188,1214
69.612244,-23.277188,1224
72.580414,-23.277188,1233
BREAK
64.665295,-14.372679,1726
BREAK
