START
29.047257,-33.171088,0
28.057867,-34.160477,168
28.057867,-35.149867,184
27.068478,-35.149867,192
27.068478,-36.139257,200
26.079088,-37.128647,208
26.079088,-38.118037,240
25.089698,-38.118037,279
25.089698,-39.107427,288
25.089698,-41.086207,320
23.110918,-41.086207,352
23.110918,-42.075597,360
23.110918,-43.064987,376
23.110918,-44.054377,408
23.110918,-45.043767,424
23.110918,-46.033156,440
23.110918,-47.022546,456
23.110918,-48.011936,472
24.100308,-49.001326,496
24.100308,-49.990716,520
24.100308,-50.980106,528
25.089698,-50.980106,544
25.089698,-51.969496,552
27.068478,-51.969496,568
28.057867,-53.948276,576
29.047257,-53.948276,584
31.026037,-54.937666,600
33.004817,-54.937666,616
33.994207,-54.937666,632
34.983597,-54.937666,648
35.972987,-54.937666,656
36.962377,-54.937666,664
37.951767,-54.937666,672
37.951767,-55.927056,680
38.941157,-55.927056,688
39.930547,-55.927056,696
41.909326,-55.927056,712
42.898716,-55.927056,737
43.888106,-55.927056,744
44.877496,-55.927056,760
45.866886,-55.927056,776
46.856276,-55.927056,792
47.845666,-55.927056,800
48.835056,-54.937666,816
49.824446,-54.937666,832
50.813836,-54.937666,856
51.803226,-54.937666,872
52.792615,-54.937666,888
53.782005,-54.937666,904
55.760785,-54.937666,920
56.750175,-54.937666,936
57.739565,-54.937666,944
58.728955,-54.937666,960
59.718345,-54.937666,984
60.707735,-54.937666,1000
61.697125,-54.937666,1017
62.686515,-54.937666,1024
63.675905,-54.937666,1048
64.665295,-54.937666,1088
65.654684,-54.937666,1137
66.644074,-54.937666,1231
67.633464,-54.937666,1289
69.612244,-54.937666,1360
70.601634,-54.937666,1520
70.601634,-53.948276,1856
70.601634,-52.958886,1879
70.601634,-51.969496,1887
70.601634,-50.980106,1903
70.601634,-49.990716,1911
70.601634,-49.001326,1943
70.601634,-48.011936,1951
70.601634,-47.022546,1991
70.601634,-46.033156,2015
70.601634,-45.043767,2055
70.601634,-44.054377,2079
70.601634,-43.064987,2119
70.601634,-41.086207,2143
70.601634,-40.096817,2199
70.601634,-39.107427,2255
70.601634,-38.118037,2287
69.612244,-38.118037,2295
69.612244,-37.128647,2320
69.612244,-36.139257,2351
69.612244,-35.149867,2480
68.622854,-35.149867,2544
68.622854,-34.160477,2568
68.622854,-33.171088,2593
67.633464,-32.181698,2608
67.633464,-31.192308,2648
66.644074,-31.192308,2696
BREAK
52.792615,-68.789125,4425
53.782005,-68.789125,4561
54.771395,-68.789125,4577
55.760785,-69.778515,4585
56.750175,-70.767905,4601
58.728955,-71.757294,4609
BREAK
