START
44.139175,-21.998986,0
44.139175,-22.906202,156
42.324742,-23.813419,173
40.510309,-24.720635,189
39.603093,-25.627852,206
38.695876,-25.627852,241
37.78866,-25.627852,256
36.881443,-26.535068,291
35.974227,-26.535068,306
35.06701,-27.442285,324
34.159794,-27.442285,341
33.252577,-28.349501,374
32.345361,-28.349501,391
31.438144,-28.349501,425
30.530928,-28.349501,441
30.530928,-29.256718,473
29.623711,-29.256718,542
28.716495,-29.256718,609
27.809278,-29.256718,709
26.902062,-29.256718,760
25.994845,-29.256718,793
25.087629,-29.256718,842
24.180412,-29.256718,876
22.365979,-29.256718,892
21.458763,-28.349501,926
19.64433,-28.349501,978
18.737113,-27.442285,1009
19.64433,-28.349501,1277
19.64433,-29.256718,1312
20.551546,-30.163934,1326
21.458763,-32.885584,1360
21.458763,-33.7928,1378
21.458763,-34.700017,1394
21.458763,-35.607233,1411
21.458763,-36.51445,1427
21.458763,-37.421666,1444
21.458763,-38.328883,1460
21.458763,-40.143316,1479
21.458763,-41.050532,1494
21.458763,-42.864965,1528
21.458763,-43.772182,1545
21.458763,-45.586614,1561
21.458763,-46.493831,1578
21.458763,-47.401047,1594
21.458763,-48.308264,1628
21.458763,-49.21548,1646
21.458763,-50.122697,1663
21.458763,-51.93713,1679
21.458763,-53.751563,1713
21.458763,-54.658779,1729
21.458763,-56.473212,1745
21.458763,-57.380429,1762
21.458763,-59.194862,1780
21.458763,-60.102078,1795
21.458763,-61.009295,1812
21.458763,-61.916511,1831
21.458763,-62.823728,1846
21.458763,-63.730944,1862
21.458763,-65.545377,1897
21.458763,-66.452594,1912
21.458763,-68.267027,1930
22.365979,-69.174243,1946
23.273196,-69.174243,1964
23.273196,-70.988676,1979
24.180412,-70.988676,1997
25.994845,-72.803109,2013
26.902062,-73.710326,2047
28.716495,-74.617542,2063
28.716495,-75.524759,2080
30.530928,-76.431975,2097
31.438144,-77.339192,2113
31.438144,-78.246408,2131
33.252577,-79.153625,2164
34.159794,-80.060841,2181
34.159794,-80.968058,2197
35.06701,-80.968058,2213
35.974227,-81.875274,2231
36.881443,-82.782491,2247
38.695876,-82.782491,2266
39.603093,-83.689707,2282
42.324742,-84.596924,2298
44.139175,-84.596924,2316
45.953608,-85.50414,2331
46.860825,-85.50414,2347
48.675258,-86.411357,2364
50.489691,-86.411357,2381
53.21134,-86.411357,2397
55.93299,-86.411357,2414
58.654639,-86.411357,2432
61.376289,-86.411357,2448
64.097938,-86.411357,2464
66.819588,-85.50414,2482
69.541237,-83.689707,2498
71.35567,-82.782491,2515
72.262887,-80.968058,2531
73.170103,-78.246408,2548
74.984536,-75.524759,2565
75.891753,-72.803109,2581
76.798969,-71.895893,2598
76.798969,-70.08146,2649
BREAK
70.448454,-37.421666,3672
68.634021,-39.236099,3736
68.634021,-41.050532,3752
67.726804,-41.050532,3769
67.726804,-42.864965,3802
66.819588,-43.772182,3820
67.726804,-41.957749,3988
68.634021,-41.050532,4003
68.634021,-40.143316,4038
69.541237,-41.050532,4154
71.35567,-42.864965,4170
72.262887,-45.586614,4188
72.262887,-47.401047,4204
74.07732,-49.21548,4222
74.07732,-50.122697,4237
70.448454,-50.122697,4374
68.634021,-50.122697,4390
66.819588,-50.122697,4404
65.912371,-50.122697,4422
65.912371,-49.21548,4790
65.912371,-48.308264,4890
66.819588,-45.586614,4922
68.634021,-44.679398,4973
69.541237,-44.679398,5058
70.448454,-44.679398,5141
71.35567,-44.679398,5174
BREAK
