START
32.220812,-27.498593,0
33.124365,-27.498593,82
34.027919,-27.498593,96
35.835025,-27.498593,110
36.738579,-27.498593,123
38.545685,-27.498593,137
39.449239,-27.498593,207
40.352792,-27.498593,234
41.256345,-28.402147,358
41.256345,-29.3057,385
41.256345,-30.209253,413
42.159898,-31.112807,468
42.159898,-32.01636,496
42.159898,-32.919913,552
42.159898,-33.823466,579
42.159898,-34.72702,634
42.159898,-35.630573,675
42.159898,-36.534126,717
42.159898,-37.43768,758
41.256345,-37.43768,772
41.256345,-38.341233,786
40.352792,-38.341233,800
39.449239,-39.244786,827
38.545685,-40.14834,855
35.835025,-42.858999,946
34.931472,-43.762553,957
34.027919,-43.762553,968
33.124365,-44.666106,993
32.220812,-44.666106,1021
31.317259,-44.666106,1035
31.317259,-45.569659,1048
30.413706,-45.569659,1062
29.510152,-45.569659,1090
28.606599,-45.569659,1145
27.703046,-45.569659,1186
26.799492,-45.569659,1227
26.799492,-44.666106,1351
26.799492,-43.762553,1379
BREAK
69.266497,-22.980827,2718
69.266497,-23.88438,2759
69.266497,-24.787933,2772
69.266497,-25.691487,2786
69.266497,-27.498593,2800
69.266497,-28.402147,2813
69.266497,-29.3057,2828
69.266497,-30.209253,2841
69.266497,-32.01636,2854
69.266497,-32.919913,2869
69.266497,-33.823466,2882
69.266497,-34.72702,2896
69.266497,-36.534126,2924
69.266497,-37.43768,2951
69.266497,-38.341233,2965
69.266497,-39.244786,2979
69.266497,-41.051893,2993
69.266497,-41.955446,3007
69.266497,-43.762553,3035
69.266497,-44.666106,3048
69.266497,-46.473213,3075
69.266497,-47.376766,3104
69.266497,-49.183873,3117
69.266497,-50.990979,3145
69.266497,-51.894532,3172
69.266497,-52.798086,3186
69.266497,-53.701639,3200
69.266497,-54.605192,3214
69.266497,-56.412299,3227
69.266497,-58.219406,3256
69.266497,-59.122959,3268
69.266497,-60.026512,3282
69.266497,-60.930065,3297
69.266497,-62.737172,3310
69.266497,-64.544279,3339
69.266497,-65.447832,3352
69.266497,-66.351385,3365
70.170051,-67.254939,3380
70.170051,-68.158492,3393
70.170051,-69.062045,3407
71.073604,-69.062045,3421
71.073604,-69.965598,3434
71.977157,-71.772705,3463
72.880711,-72.676258,3489
73.784264,-72.676258,3517
74.687817,-73.579812,3530
75.591371,-73.579812,3545
76.494924,-73.579812,3573
77.398477,-74.483365,3586
78.30203,-74.483365,3601
79.205584,-74.483365,3628
79.205584,-75.386918,3642
80.109137,-75.386918,3655
81.01269,-75.386918,3671
81.916244,-75.386918,3711
82.819797,-75.386918,3752
BREAK
35.835025,-48.280319,4608
35.835025,-49.183873,4662
35.835025,-50.087426,4694
35.835025,-51.894532,4718
35.835025,-52.798086,4745
35.835025,-53.701639,4773
35.835025,-54.605192,4786
35.835025,-55.508746,4800
35.835025,-56.412299,4841
36.738579,-57.315852,4882
37.642132,-58.219406,4924
37.642132,-59.122959,4938
38.545685,-60.026512,4952
39.449239,-60.026512,4965
40.352792,-60.026512,4994
40.352792,-60.930065,5007
41.256345,-60.930065,5021
41.256345,-61.833619,5035
43.063452,-61.833619,5049
43.063452,-62.737172,5063
43.967005,-62.737172,5076
44.870558,-62.737172,5104
45.774112,-62.737172,5131
46.677665,-62.737172,5145
47.581218,-62.737172,5173
48.484772,-62.737172,5186
49.388325,-62.737172,5201
50.291878,-62.737172,5228
51.195431,-62.737172,5242
52.098985,-62.737172,5256
53.002538,-62.737172,5269
53.906091,-62.737172,5297
54.809645,-62.737172,5325
55.713198,-62.737172,5339
56.616751,-62.737172,5380
57.520305,-62.737172,5407
59.327411,-62.737172,5436
60.230964,-62.737172,5462
62.038071,-62.737172,5491
62.941624,-62.737172,5517
63.845178,-62.737172,5532
64.748731,-62.737172,5559
65.652284,-62.737172,5573
66.555838,-61.833619,5600
66.555838,-60.930065,5614
67.459391,-60.930065,5629
67.459391,-60.026512,5642
68.362944,-60.026512,5656
68.362944,-59.122959,5670
68.362944,-58.219406,5683
69.266497,-58.219406,5697
69.266497,-56.412299,5713
71.073604,-56.412299,5725
71.073604,-55.508746,5738
71.977157,-54.605192,5753
71.073604,-54.605192,5904
BREAK
