START
32.220812,-21.17372,0
33.124365,-21.17372,4
34.027919,-21.17372,11
34.931472,-21.17372,27
35.835025,-21.17372,35
36.738579,-21.17372,42
37.642132,-21.17372,51
38.545685,-21.17372,58
39.449239,-21.17372,66
40.352792,-21.17372,75
41.256345,-21.17372,82
42.159898,-21.17372,91
43.063452,-20.270167,98
43.967005,-20.270167,106
44.870558,-20.270167,131
45.774112,-20.270167,138
46.677665,-20.270167,154
47.581218,-20.270167,171
47.581218,-21.17372,178
48.484772,-21.17372,186
48.484772,-22.077274,194
49.388325,-22.077274,202
49.388325,-22.980827,211
50.291878,-22.980827,219
50.291878,-23.88438,226
51.195431,-23.88438,235
51.195431,-24.787933,242
51.195431,-25.691487,250
51.195431,-26.59504,258
52.098985,-26.59504,266
52.098985,-27.498593,274
52.098985,-28.402147,282
52.098985,-29.3057,290
52.098985,-30.209253,298
52.098985,-31.112807,306
52.098985,-32.01636,314
51.195431,-32.01636,322
51.195431,-32.919913,330
51.195431,-33.823466,338
50.291878,-34.72702,346
49.388325,-35.630573,354
49.388325,-36.534126,363
48.484772,-36.534126,370
47.581218,-37.43768,378
46.677665,-38.341233,386
45.774112,-39.244786,394
44.870558,-40.14834,402
43.967005,-40.14834,410
43.063452,-41.051893,418
42.159898,-41.955446,426
41.256345,-42.858999,435
40.352792,-42.858999,442
38.545685,-43.762553,450
37.642132,-43.762553,458
36.738579,-44.666106,467
35.835025,-44.666106,474
34.027919,-44.666106,482
33.124365,-44.666106,490
32.220812,-44.666106,498
31.317259,-44.666106,507
30.413706,-44.666106,514
29.510152,-44.666106,522
28.606599,-44.666106,531
27.703046,-44.666106,538
27.703046,-45.569659,547
26.799492,-45.569659,554
25.895939,-45.569659,611
BREAK
39.449239,-41.955446,1071
40.352792,-41.955446,1107
40.352792,-42.858999,1131
41.256345,-42.858999,1138
41.256345,-43.762553,1147
42.159898,-43.762553,1155
43.063452,-44.666106,1162
43.063452,-45.569659,1170
43.967005,-45.569659,1178
43.967005,-46.473213,1187
44.870558,-46.473213,1194
45.774112,-46.473213,1202
45.774112,-47.376766,1210
46.677665,-47.376766,1219
47.581218,-48.280319,1227
48.484772,-48.280319,1234
49.388325,-49.183873,1242
50.291878,-49.183873,1250
52.098985,-50.087426,1259
53.002538,-50.087426,1266
53.906091,-50.990979,1275
54.809645,-50.990979,1282
55.713198,-51.894532,1290
56.616751,-51.894532,1299
57.520305,-51.894532,1306
58.423858,-51.894532,1314
59.327411,-51.894532,1322
59.327411,-52.798086,1330
60.230964,-52.798086,1338
61.134518,-52.798086,1346
62.038071,-52.798086,1354
62.941624,-52.798086,1362
63.845178,-52.798086,1370
64.748731,-52.798086,1379
65.652284,-52.798086,1386
65.652284,-51.894532,1394
66.555838,-51.894532,1403
67.459391,-51.894532,1412
68.362944,-50.990979,1421
69.266497,-50.990979,1427
69.266497,-50.087426,1435
70.170051,-50.087426,1442
71.073604,-50.087426,1450
71.073604,-49.183873,1458
71.977157,-49.183873,1466
72.880711,-49.183873,1474
73.784264,-48.280319,1482
73.784264,-47.376766,1490
74.687817,-47.376766,1498
74.687817,-46.473213,1507
75.591371,-46.473213,1514
75.591371,-45.569659,1523
75.591371,-44.666106,1539
76.494924,-44.666106,1554
BREAK
75.591371,-19.366614,1951
75.591371,-20.270167,2011
75.591371,-21.17372,2018
75.591371,-22.077274,2026
76.494924,-22.980827,2035
76.494924,-24.787933,2042
76.494924,-26.59504,2051
76.494924,-28.402147,2059
76.494924,-29.3057,2066
76.494924,-31.112807,2074
76.494924,-32.919913,2082
76.494924,-33.823466,2091
76.494924,-35.630573,2098
76.494924,-37.43768,2106
77.398477,-38.341233,2114
77.398477,-40.14834,2122
77.398477,-41.955446,2131
77.398477,-43.762553,2139
78.30203,-44.666106,2147
78.30203,-46.473213,2154
78.30203,-47.376766,2162
78.30203,-49.183873,2170
78.30203,-50.087426,2178
78.30203,-51.894532,2186
78.30203,-52.798086,2194
79.205584,-54.605192,2202
79.205584,-55.508746,2210
79.205584,-56.412299,2218
79.205584,-57.315852,2226
79.205584,-58.219406,2235
79.205584,-59.122959,2243
79.205584,-60.026512,2250
79.205584,-60.930065,2258
79.205584,-61.833619,2266
80.109137,-61.833619,2274
80.109137,-62.737172,2282
80.109137,-63.640725,2290
80.109137,-64.544279,2298
80.109137,-65.447832,2306
80.109137,-66.351385,2322
80.109137,-67.254939,2339
80.109137,-68.158492,2355
81.01269,-68.158492,2370
81.01269,-69.062045,2387
81.916244,-69.062045,2410
82.819797,-69.062045,2458
82.819797,-69.965598,2482
83.72335,-69.965598,2490
84.626904,-69.965598,2539
85.530457,-69.965598,2570
85.530457,-70.869152,2580
86.43401,-70.869152,2755
BREAK
