START
13.246193,-12.138187,0
13.246193,-13.041741,38
13.246193,-12.138187,50
14.149746,-12.138187,88
15.053299,-13.041741,104
15.956853,-13.041741,112
16.860406,-13.041741,120
17.763959,-13.041741,136
18.667513,-13.945294,144
19.571066,-13.945294,152
21.378173,-14.848847,160
22.281726,-14.848847,168
23.185279,-15.7524,176
24.992386,-16.655954,184
26.799492,-17.559507,200
27.703046,-17.559507,248
26.799492,-17.559507,368
27.703046,-18.46306,376
27.703046,-19.366614,400
27.703046,-20.270167,408
27.703046,-21.17372,424
27.703046,-22.980827,433
26.799492,-23.88438,440
26.799492,-25.691487,449
24.992386,-26.59504,456
24.992386,-27.498593,464
24.088832,-27.498593,472
24.088832,-28.402147,536
23.185279,-29.3057,544
22.281726,-29.3057,560
22.281726,-30.209253,632
21.378173,-30.209253,649
20.474619,-31.112807,664
19.571066,-31.112807,672
19.571066,-32.01636,680
18.667513,-32.01636,696
17.763959,-32.01636,720
17.763959,-32.919913,736
16.860406,-32.919913,744
15.956853,-32.919913,760
15.956853,-33.823466,784
15.053299,-33.823466,808
14.149746,-33.823466,872
13.246193,-33.823466,920
12.34264,-33.823466,944
11.439086,-33.823466,968
10.535533,-33.823466,992
BREAK
18.667513,-32.01636,2584
18.667513,-32.919913,2608
18.667513,-33.823466,2704
19.571066,-34.72702,2712
19.571066,-35.630573,2720
19.571066,-36.534126,2744
20.474619,-37.43768,2752
20.474619,-38.341233,2760
20.474619,-40.14834,2776
19.571066,-41.051893,2792
19.571066,-41.955446,2801
18.667513,-42.858999,2808
19.571066,-42.858999,2816
20.474619,-43.762553,2832
19.571066,-43.762553,2840
20.474619,-44.666106,2848
19.571066,-44.666106,2856
19.571066,-45.569659,2864
20.474619,-46.473213,2872
20.474619,-48.280319,2880
19.571066,-48.280319,2894
19.571066,-49.183873,2896
20.474619,-50.087426,2992
20.474619,-50.990979,3001
21.378173,-51.894532,3040
22.281726,-52.798086,3072
21.378173,-52.798086,3088
22.281726,-53.701639,3096
22.281726,-54.605192,3112
23.185279,-55.508746,3128
23.185279,-56.412299,3144
24.088832,-57.315852,3192
24.088832,-58.219406,3201
24.088832,-59.122959,3216
25.895939,-60.930065,3232
25.895939,-61.833619,3240
25.895939,-62.737172,3256
26.799492,-63.640725,3264
27.703046,-64.544279,3272
27.703046,-65.447832,3280
28.606599,-66.351385,3296
29.510152,-66.351385,3384
30.413706,-66.351385,3408
31.317259,-66.351385,3432
32.220812,-67.254939,3440
33.124365,-67.254939,3448
34.931472,-67.254939,3456
35.835025,-67.254939,3464
37.642132,-67.254939,3472
38.545685,-67.254939,3480
39.449239,-67.254939,3488
41.256345,-67.254939,3496
42.159898,-67.254939,3512
43.063452,-67.254939,3552
43.063452,-66.351385,3592
43.967005,-66.351385,3616
44.870558,-66.351385,3664
45.774112,-66.351385,3688
46.677665,-66.351385,3720
47.581218,-66.351385,3728
48.484772,-66.351385,3744
48.484772,-65.447832,3784
48.484772,-64.544279,4040
50.291878,-63.640725,4048
51.195431,-62.737172,4056
52.098985,-62.737172,4064
53.002538,-61.833619,4072
53.906091,-60.930065,4088
53.906091,-60.026512,4104
53.906091,-60.930065,4144
53.002538,-60.026512,4152
53.906091,-60.026512,4184
53.906091,-55.508746,4414
53.906091,-54.605192,4424
55.713198,-54.605192,4432
54.809645,-52.798086,4440
54.809645,-51.894532,4448
54.809645,-50.990979,4456
54.809645,-49.183873,4464
55.713198,-48.280319,4472
56.616751,-46.473213,4480
56.616751,-45.569659,4488
56.616751,-44.666106,4504
55.713198,-43.762553,4512
56.616751,-43.762553,4520
57.520305,-42.858999,4528
56.616751,-42.858999,4536
57.520305,-48.280319,4544
58.423858,-49.183873,4553
58.423858,-48.280319,4560
58.423858,-47.376766,4569
59.327411,-46.473213,4576
60.230964,-45.569659,4585
61.134518,-44.666106,4592
61.134518,-43.762553,4600
61.134518,-42.858999,4609
61.134518,-41.955446,4616
62.038071,-41.955446,4624
61.134518,-40.14834,4632
61.134518,-39.244786,4648
60.230964,-38.341233,4656
60.230964,-39.244786,4664
62.038071,-37.43768,4672
62.038071,-36.534126,4680
62.038071,-35.630573,4704
62.038071,-34.72702,4720
62.038071,-33.823466,4736
62.038071,-32.919913,4760
62.038071,-32.01636,4776
62.038071,-31.112807,4800
62.038071,-30.209253,4808
62.038071,-29.3057,4824
62.941624,-29.3057,4848
62.038071,-28.402147,4856
62.941624,-28.402147,4864
62.941624,-27.498593,4872
62.941624,-26.59504,4894
62.941624,-25.691487,4904
62.941624,-24.787933,4928
62.941624,-23.88438,4944
62.941624,-22.980827,4960
63.845178,-22.980827,4976
62.941624,-22.077274,4984
63.845178,-22.077274,5008
63.845178,-21.17372,5024
63.845178,-20.270167,5040
62.941624,-19.366614,5080
62.941624,-18.46306,5096
62.941624,-17.559507,5176
62.941624,-16.655954,5264
BREAK
56.616751,-58.219406,7488
56.616751,-59.122959,7616
56.616751,-60.026512,7624
56.616751,-60.930065,7632
56.616751,-61.833619,7648
55.713198,-61.833619,7664
56.616751,-62.737172,7672
55.713198,-62.737172,7680
56.616751,-63.640725,7688
56.616751,-64.544279,7696
56.616751,-65.447832,7705
56.616751,-66.351385,7728
57.520305,-68.158492,7808
57.520305,-67.254939,7824
57.520305,-68.158492,7840
57.520305,-69.062045,7848
58.423858,-69.965598,7856
58.423858,-70.869152,7864
59.327411,-71.772705,7880
58.423858,-71.772705,7888
59.327411,-72.676258,7912
59.327411,-73.579812,7968
60.230964,-73.579812,7984
61.134518,-74.483365,7992
62.038071,-75.386918,8024
62.941624,-76.290472,8064
63.845178,-76.290472,8072
65.652284,-77.194025,8088
66.555838,-78.097578,8105
68.362944,-78.097578,8112
69.266497,-79.001131,8128
70.170051,-79.001131,8144
71.073604,-79.001131,8152
71.977157,-79.001131,8168
72.880711,-79.001131,8200
73.784264,-79.001131,8216
74.687817,-79.001131,8224
75.591371,-79.001131,8240
76.494924,-79.001131,8296
77.398477,-79.001131,8312
78.30203,-78.097578,8336
79.205584,-78.097578,8360
78.30203,-78.097578,8408
79.205584,-78.097578,8416
80.109137,-78.097578,8456
81.01269,-78.097578,8464
81.01269,-77.194025,8504
81.916244,-77.194025,8624
BREAK
