START
25.895939,-34.72702,0
26.799492,-34.72702,9
27.703046,-33.823466,39
28.606599,-33.823466,68
29.510152,-32.919913,78
30.413706,-32.919913,88
31.317259,-32.01636,118
32.220812,-32.01636,127
32.220812,-31.112807,137
33.124365,-31.112807,157
34.027919,-30.209253,177
34.931472,-30.209253,226
35.835025,-30.209253,255
35.835025,-31.112807,295
36.738579,-32.919913,315
37.642132,-34.72702,334
38.545685,-34.72702,344
38.545685,-35.630573,354
38.545685,-36.534126,403
38.545685,-37.43768,413
38.545685,-38.341233,423
38.545685,-39.244786,433
38.545685,-41.955446,443
38.545685,-42.858999,452
38.545685,-43.762553,462
38.545685,-45.569659,472
38.545685,-46.473213,492
38.545685,-47.376766,531
38.545685,-48.280319,551
37.642132,-49.183873,561
37.642132,-50.087426,580
36.738579,-50.990979,590
35.835025,-50.990979,610
34.931472,-51.894532,649
34.027919,-51.894532,679
34.027919,-52.798086,689
33.124365,-52.798086,708
32.220812,-52.798086,728
32.220812,-53.701639,738
31.317259,-53.701639,748
30.413706,-53.701639,758
29.510152,-54.605192,777
28.606599,-54.605192,787
27.703046,-54.605192,807
26.799492,-54.605192,817
25.895939,-55.508746,846
24.992386,-55.508746,876
24.088832,-55.508746,905
23.185279,-55.508746,964
22.281726,-55.508746,994
21.378173,-55.508746,1004
22.281726,-55.508746,1171
23.185279,-55.508746,1191
24.088832,-55.508746,1201
24.992386,-55.508746,1211
25.895939,-55.508746,1220
27.703046,-55.508746,1240
29.510152,-55.508746,1250
31.317259,-55.508746,1270
32.220812,-56.412299,1279
33.124365,-56.412299,1289
33.124365,-57.315852,1299
34.027919,-58.219406,1358
34.027919,-59.122959,1368
34.931472,-60.026512,1388
35.835025,-60.930065,1407
36.738579,-60.930065,1427
37.642132,-60.930065,1437
38.545685,-61.833619,1447
39.449239,-61.833619,1457
40.352792,-62.737172,1466
41.256345,-62.737172,1476
42.159898,-62.737172,1496
43.967005,-62.737172,1506
43.967005,-63.640725,1516
44.870558,-63.640725,1526
45.774112,-63.640725,1535
46.677665,-63.640725,1555
48.484772,-63.640725,1565
49.388325,-63.640725,1575
51.195431,-63.640725,1585
52.098985,-63.640725,1594
53.002538,-62.737172,1634
53.906091,-61.833619,1654
54.809645,-60.930065,1673
55.713198,-60.930065,1683
55.713198,-60.026512,1713
55.713198,-59.122959,1732
55.713198,-58.219406,1782
BREAK
53.002538,-30.209253,2550
53.002538,-31.112807,2589
53.002538,-32.919913,2598
53.002538,-35.630573,2608
53.002538,-37.43768,2618
53.002538,-40.14834,2628
53.906091,-41.051893,2638
54.809645,-41.955446,2648
54.809645,-42.858999,2657
54.809645,-43.762553,2687
54.809645,-44.666106,2697
54.809645,-45.569659,2716
54.809645,-47.376766,2720
54.809645,-48.280319,2740
54.809645,-49.183873,2750
54.809645,-50.087426,2769
54.809645,-50.990979,2779
54.809645,-51.894532,2789
54.809645,-53.701639,2799
54.809645,-55.508746,2819
54.809645,-56.412299,2838
54.809645,-57.315852,2858
54.809645,-59.122959,2878
54.809645,-60.026512,2888
54.809645,-60.930065,2907
54.809645,-61.833619,2917
55.713198,-61.833619,2927
55.713198,-62.737172,2937
55.713198,-65.447832,2947
56.616751,-65.447832,2956
56.616751,-67.254939,2966
57.520305,-68.158492,2976
58.423858,-69.062045,2986
58.423858,-69.965598,2996
59.327411,-69.965598,3006
59.327411,-70.869152,3016
59.327411,-71.772705,3046
60.230964,-71.772705,3056
60.230964,-72.676258,3065
61.134518,-73.579812,3075
61.134518,-74.483365,3085
62.038071,-74.483365,3095
62.941624,-74.483365,3115
63.845178,-74.483365,3242
BREAK
