START
9.6319797,-19.366614,0
9.6319797,-17.559507,120
9.6319797,-16.655954,139
10.535533,-16.655954,158
10.535533,-15.7524,164
11.439086,-15.7524,168
12.34264,-15.7524,179
14.149746,-15.7524,184
15.956853,-15.7524,200
16.860406,-15.7524,205
17.763959,-15.7524,216
19.571066,-15.7524,223
20.474619,-15.7524,231
21.378173,-15.7524,255
22.281726,-15.7524,272
23.185279,-15.7524,279
24.992386,-15.7524,295
25.895939,-15.7524,323
25.895939,-16.655954,335
26.799492,-16.655954,343
27.703046,-16.655954,359
27.703046,-17.559507,367
28.606599,-17.559507,383
28.606599,-19.366614,391
28.606599,-20.270167,402
30.413706,-21.17372,408
31.317259,-22.077274,423
32.220812,-22.077274,432
32.220812,-22.980827,471
33.124365,-22.980827,487
33.124365,-24.787933,495
33.124365,-25.691487,513
33.124365,-26.59504,531
34.027919,-28.402147,544
34.027919,-30.209253,560
34.027919,-31.112807,570
34.027919,-32.01636,578
34.027919,-32.919913,610
34.027919,-33.823466,625
34.027919,-35.630573,639
34.027919,-36.534126,648
34.027919,-37.43768,666
33.124365,-37.43768,671
33.124365,-38.341233,687
32.220812,-38.341233,695
32.220812,-39.244786,703
32.220812,-41.051893,729
31.317259,-41.051893,751
30.413706,-41.051893,767
27.703046,-41.051893,792
26.799492,-41.955446,801
25.895939,-41.955446,810
24.992386,-41.955446,816
23.185279,-41.955446,823
22.281726,-42.858999,831
21.378173,-42.858999,848
20.474619,-42.858999,952
19.571066,-42.858999,1072
17.763959,-42.858999,1223
16.860406,-42.858999,1255
15.956853,-42.858999,1287
15.053299,-41.955446,1313
15.053299,-41.051893,1331
14.149746,-41.051893,1336
BREAK
26.799492,-42.858999,2254
26.799492,-43.762553,2345
27.703046,-43.762553,2402
27.703046,-44.666106,2423
28.606599,-44.666106,2431
30.413706,-46.473213,2455
30.413706,-47.376766,2466
30.413706,-48.280319,2471
31.317259,-48.280319,2479
32.220812,-49.183873,2487
32.220812,-50.087426,2513
33.124365,-50.087426,2553
33.124365,-51.894532,2568
34.027919,-51.894532,2581
35.835025,-51.894532,2609
36.738579,-51.894532,2615
37.642132,-51.894532,2623
39.449239,-52.798086,2639
41.256345,-52.798086,2655
42.159898,-52.798086,2671
42.159898,-53.701639,2687
43.063452,-53.701639,2703
43.967005,-53.701639,2711
44.870558,-53.701639,2727
46.677665,-53.701639,2735
47.581218,-53.701639,2743
48.484772,-53.701639,2753
49.388325,-53.701639,2768
50.291878,-53.701639,2789
52.098985,-53.701639,2794
53.002538,-53.701639,2808
53.906091,-53.701639,2815
54.809645,-53.701639,2831
55.713198,-53.701639,2839
57.520305,-53.701639,2859
58.423858,-53.701639,2879
58.423858,-52.798086,2888
58.423858,-51.894532,2903
58.423858,-50.087426,2927
59.327411,-50.087426,2937
59.327411,-49.183873,2943
60.230964,-48.280319,2959
60.230964,-47.376766,2967
60.230964,-46.473213,2985
60.230964,-44.666106,3002
60.230964,-42.858999,3015
60.230964,-41.955446,3023
60.230964,-41.051893,3031
60.230964,-39.244786,3055
60.230964,-38.341233,3066
60.230964,-37.43768,3079
60.230964,-36.534126,3088
60.230964,-35.630573,3095
60.230964,-33.823466,3124
60.230964,-32.01636,3142
60.230964,-31.112807,3146
60.230964,-30.209253,3159
60.230964,-28.402147,3175
60.230964,-27.498593,3202
60.230964,-26.59504,3239
60.230964,-25.691487,3281
60.230964,-24.787933,3415
60.230964,-22.980827,3431
60.230964,-22.077274,3459
60.230964,-21.17372,3472
60.230964,-20.270167,3488
61.134518,-20.270167,3703
61.134518,-21.17372,3751
61.134518,-22.077274,3767
61.134518,-22.980827,3775
61.134518,-24.787933,3783
61.134518,-25.691487,3800
61.134518,-26.59504,3807
61.134518,-27.498593,3823
61.134518,-28.402147,3831
61.134518,-30.209253,3858
61.134518,-31.112807,3871
61.134518,-32.01636,3888
61.134518,-32.919913,3896
61.134518,-33.823466,3923
61.134518,-35.630573,3931
61.134518,-36.534126,3943
61.134518,-37.43768,3954
61.134518,-38.341233,3968
61.134518,-39.244786,3984
61.134518,-41.051893,4007
61.134518,-41.955446,4023
61.134518,-42.858999,4039
61.134518,-43.762553,4063
61.134518,-44.666106,4079
61.134518,-46.473213,4088
61.134518,-47.376766,4103
61.134518,-48.280319,4122
61.134518,-49.183873,4136
61.134518,-50.087426,4144
61.134518,-51.894532,4161
61.134518,-52.798086,4168
61.134518,-53.701639,4188
61.134518,-54.605192,4194
61.134518,-55.508746,4214
61.134518,-57.315852,4223
61.134518,-58.219406,4231
62.941624,-59.122959,4247
62.941624,-60.026512,4256
62.941624,-60.930065,4264
63.845178,-62.737172,4271
63.845178,-63.640725,4279
63.845178,-64.544279,4303
64.748731,-65.447832,4311
65.652284,-65.447832,4344
65.652284,-66.351385,4360
66.555838,-66.351385,4390
68.362944,-66.351385,4397
69.266497,-66.351385,4423
70.170051,-66.351385,4439
70.170051,-68.158492,4457
71.073604,-68.158492,4472
71.977157,-68.158492,4487
73.784264,-68.158492,4503
74.687817,-68.158492,4524
75.591371,-68.158492,4536
76.494924,-68.158492,4568
77.398477,-68.158492,4743
BREAK
