START
44.061321,-11.718876,0
39.061321,-15.718876,250
39.061321,-16.718876,265
39.061321,-17.718876,281
38.061321,-17.718876,297
38.061321,-18.718876,453
35.061321,-18.718876,531
35.061321,-19.718876,1015
35.061321,-20.718876,1047
36.061321,-20.718876,1094
37.061321,-20.718876,1109
37.061321,-21.718876,1125
38.061321,-21.718876,1140
39.061321,-21.718876,1172
40.061321,-21.718876,1203
43.061321,-23.718876,1219
44.061321,-23.718876,1219
48.061321,-23.718876,1250
48.061321,-24.718876,1297
49.061321,-25.718876,1312
50.061321,-26.718876,1312
50.061321,-27.718876,1328
50.061321,-28.718876,1344
51.061321,-29.718876,1359
51.061321,-30.718876,1359
51.061321,-31.718876,1390
52.061321,-32.718876,1406
52.061321,-33.718876,1422
52.061321,-34.718876,1437
52.061321,-35.718876,1437
52.061321,-41.718876,1531
53.061321,-41.718876,1531
53.061321,-42.718876,1547
53.061321,-43.718876,1578
54.061321,-43.718876,1609
54.061321,-44.718876,1609
54.061321,-45.718876,1625
54.061321,-46.718876,1640
54.061321,-47.718876,1703
54.061321,-48.718876,1719
54.061321,-49.718876,1734
54.061321,-50.718876,1750
54.061321,-51.718876,1781
54.061321,-52.718876,1812
54.061321,-53.718876,1828
54.061321,-54.718876,1844
54.061321,-55.718876,1859
54.061321,-56.718876,1875
54.061321,-57.718876,1890
54.061321,-58.718876,1890
54.061321,-59.718876,1906
54.061321,-60.718876,1922
54.061321,-61.718876,1937
54.061321,-62.718876,1953
54.061321,-63.718876,1969
54.061321,-64.718876,1984
54.061321,-65.718876,2000
54.061321,-66.718876,2000
54.061321,-67.718876,2015
54.061321,-68.718876,2031
54.061321,-69.718876,2047
54.061321,-70.718876,2062
54.061321,-71.718876,2078
53.061321,-72.718876,2094
53.061321,-73.718876,2125
52.061321,-73.718876,2125
51.061321,-73.718876,2156
50.061321,-73.718876,2172
49.061321,-73.718876,2187
48.061321,-73.718876,2203
47.061321,-73.718876,2219
46.061321,-73.718876,2219
45.061321,-73.718876,2234
44.061321,-73.718876,2250
43.061321,-73.718876,2265
42.061321,-73.718876,2281
41.061321,-73.718876,2281
40.061321,-73.718876,2297
39.061321,-72.718876,2312
38.061321,-72.718876,2328
38.061321,-71.718876,2328
37.061321,-71.718876,2344
33.061321,-71.718876,2359
32.061321,-70.718876,2359
31.061321,-70.718876,2375
31.061321,-69.718876,2390
30.061321,-69.718876,2406
28.061321,-66.718876,2406
27.061321,-65.718876,2422
27.061321,-64.718876,2437
26.061321,-64.718876,2453
26.061321,-63.718876,2453
24.061321,-61.718876,2531
24.061321,-60.718876,2531
24.061321,-59.718876,2547
23.061321,-58.718876,2562
23.061321,-57.718876,2562
22.061321,-56.718876,2578
22.061321,-55.718876,2594
22.061321,-54.718876,2594
22.061321,-53.718876,2625
22.061321,-52.718876,2640
22.061321,-51.718876,2656
22.061321,-50.718876,2672
22.061321,-49.718876,2719
22.061321,-48.718876,2719
23.061321,-48.718876,2750
23.061321,-47.718876,2781
24.061321,-47.718876,2797
25.061321,-47.718876,2812
26.061321,-47.718876,2828
27.061321,-47.718876,2828
28.061321,-47.718876,2844
31.061321,-47.718876,2844
32.061321,-47.718876,2859
33.061321,-47.718876,2875
34.061321,-47.718876,2875
37.061321,-47.718876,2890
38.061321,-47.718876,2906
39.061321,-47.718876,2906
40.061321,-47.718876,2922
41.061321,-47.718876,2937
42.061321,-47.718876,2937
43.061321,-47.718876,2953
44.061321,-47.718876,2969
45.061321,-47.718876,2969
46.061321,-46.718876,2984
48.061321,-46.718876,3047
48.061321,-45.718876,3047
48.061321,-44.718876,3062
48.061321,-43.718876,3094
48.061321,-42.718876,3125
49.061321,-42.718876,3156
49.061321,-41.718876,3156
50.061321,-41.718876,3203
50.061321,-40.718876,3203
51.061321,-40.718876,3234
52.061321,-40.718876,3234
53.061321,-40.718876,3250
53.061321,-39.718876,3265
54.061321,-39.718876,3281
55.061321,-39.718876,3297
56.061321,-39.718876,3297
57.061321,-39.718876,3312
58.061321,-39.718876,3328
60.061321,-39.718876,3344
60.061321,-38.718876,3359
61.061321,-38.718876,3390
62.061321,-38.718876,3390
63.061321,-38.718876,3406
64.061321,-38.718876,3437
70.061321,-38.718876,3531
71.061321,-38.718876,3547
72.061321,-38.718876,3656
BREAK
