START
33.528302,-17.686747,0
33.528302,-18.686747,220
33.528302,-19.686747,230
33.528302,-22.686747,241
33.528302,-23.686747,251
33.528302,-25.686747,260
34.528302,-26.686747,270
34.528302,-27.686747,281
34.528302,-28.686747,291
34.528302,-30.686747,300
34.528302,-31.686747,310
34.528302,-32.686747,321
34.528302,-33.686747,340
34.528302,-34.686747,350
34.528302,-35.686747,361
34.528302,-36.686747,380
34.528302,-37.686747,390
34.528302,-38.686747,411
34.528302,-39.686747,422
34.528302,-40.686747,441
34.528302,-41.686747,452
34.528302,-43.686747,471
34.528302,-44.686747,492
34.528302,-46.686747,502
34.528302,-47.686747,522
34.528302,-48.686747,543
34.528302,-49.686747,552
34.528302,-50.686747,562
34.528302,-52.686747,583
34.528302,-53.686747,602
34.528302,-54.686747,612
34.528302,-55.686747,622
33.528302,-56.686747,632
33.528302,-57.686747,652
33.528302,-58.686747,663
33.528302,-59.686747,672
33.528302,-60.686747,692
33.528302,-62.686747,713
33.528302,-63.686747,732
33.528302,-64.686747,742
33.528302,-65.686747,753
33.528302,-66.686747,772
33.528302,-67.686747,793
33.528302,-68.686747,812
33.528302,-70.686747,833
33.528302,-71.686747,852
33.528302,-72.686747,862
33.528302,-73.686747,872
33.528302,-74.686747,892
33.528302,-75.686747,912
33.528302,-76.686747,932
33.528302,-77.686747,942
33.528302,-78.686747,957
33.528302,-79.686747,978
33.528302,-80.686747,996
32.528302,-80.686747,1015
32.528302,-81.686747,1026
32.528302,-82.686747,1055
32.528302,-83.686747,1082
32.528302,-84.686747,1124
BREAK
33.528302,-12.686747,2599
34.528302,-12.686747,2762
35.528302,-12.686747,2807
36.528302,-12.686747,2891
36.528302,-13.686747,2902
36.528302,-14.686747,2931
37.528302,-14.686747,2941
38.528302,-15.686747,2995
39.528302,-16.686747,3014
39.528302,-17.686747,3035
39.528302,-18.686747,3045
40.528302,-18.686747,3054
40.528302,-19.686747,3066
41.528302,-19.686747,3078
41.528302,-20.686747,3097
42.528302,-21.686747,3107
43.528302,-22.686747,3128
44.528302,-23.686747,3147
45.528302,-23.686747,3157
45.528302,-24.686747,3167
46.528302,-25.686747,3187
46.528302,-26.686747,3198
47.528302,-26.686747,3207
47.528302,-27.686747,3217
48.528302,-28.686747,3237
49.528302,-28.686747,3247
49.528302,-29.686747,3267
50.528302,-29.686747,3277
50.528302,-30.686747,3297
51.528302,-30.686747,3316
52.528302,-31.686747,3326
53.528302,-32.686747,3346
54.528302,-33.686747,3366
54.528302,-34.686747,3376
55.528302,-34.686747,3386
56.528302,-35.686747,3396
57.528302,-35.686747,3425
58.528302,-36.686747,3436
59.528302,-37.686747,3456
60.528302,-37.686747,3465
61.528302,-37.686747,3486
62.528302,-37.686747,3506
62.528302,-38.686747,3526
63.528302,-38.686747,3536
64.528302,-38.686747,3574
BREAK
60.528302,-40.686747,4983
59.528302,-40.686747,5262
58.528302,-40.686747,5282
57.528302,-41.686747,5302
56.528302,-41.686747,5312
55.528302,-41.686747,5333
55.528302,-42.686747,5342
54.528302,-42.686747,5352
53.528302,-42.686747,5372
52.528302,-42.686747,5382
52.528302,-43.686747,5392
51.528302,-43.686747,5402
50.528302,-43.686747,5412
50.528302,-44.686747,5422
49.528302,-45.686747,5432
48.528302,-45.686747,5452
47.528302,-46.686747,5472
46.528302,-46.686747,5492
45.528302,-46.686747,5503
45.528302,-47.686747,5512
44.528302,-47.686747,5522
43.528302,-47.686747,5542
42.528302,-47.686747,5555
42.528302,-48.686747,5575
41.528302,-48.686747,5585
40.528302,-48.686747,5605
39.528302,-48.686747,5625
39.528302,-49.686747,5645
38.528302,-49.686747,5655
37.528302,-49.686747,5665
36.528302,-50.686747,5685
35.528302,-50.686747,5705
35.528302,-51.686747,5725
34.528302,-51.686747,5735
33.528302,-51.686747,5745
33.528302,-52.686747,5767
32.528302,-52.686747,5781
31.528302,-52.686747,5841
31.528302,-53.686747,5874
BREAK
35.528302,-54.686747,6976
36.528302,-54.686747,7056
37.528302,-54.686747,7129
38.528302,-54.686747,7155
39.528302,-54.686747,7165
39.528302,-55.686747,7174
40.528302,-55.686747,7184
41.528302,-56.686747,7195
44.528302,-57.686747,7205
46.528302,-58.686747,7214
47.528302,-60.686747,7224
48.528302,-60.686747,7235
48.528302,-61.686747,7245
50.528302,-61.686747,7255
51.528302,-62.686747,7274
52.528302,-62.686747,7285
53.528302,-63.686747,7295
54.528302,-64.686747,7304
56.528302,-65.686747,7325
56.528302,-66.686747,7346
57.528302,-66.686747,7367
58.528302,-66.686747,7377
59.528302,-67.686747,7396
60.528302,-67.686747,7406
61.528302,-67.686747,7426
62.528302,-67.686747,7436
62.528302,-68.686747,7446
63.528302,-68.686747,7457
63.528302,-69.686747,7468
64.528302,-69.686747,7487
64.528302,-70.686747,7498
65.528302,-70.686747,7507
66.528302,-70.686747,7575
67.528302,-70.686747,7631
BREAK
67.528302,-70.686747,8833
67.528302,-71.686747,8984
66.528302,-71.686747,8994
65.528302,-71.686747,9014
64.528302,-71.686747,9034
63.528302,-71.686747,9050
63.528302,-72.686747,9062
62.528302,-72.686747,9072
61.528302,-72.686747,9092
60.528302,-72.686747,9102
60.528302,-73.686747,9122
59.528302,-73.686747,9131
58.528302,-73.686747,9159
57.528302,-73.686747,9178
56.528302,-73.686747,9189
56.528302,-74.686747,9199
55.528302,-74.686747,9209
55.528302,-75.686747,9229
54.528302,-75.686747,9239
53.528302,-75.686747,9249
53.528302,-76.686747,9258
52.528302,-76.686747,9280
51.528302,-76.686747,9300
50.528302,-77.686747,9320
49.528302,-77.686747,9344
49.528302,-78.686747,9367
48.528302,-78.686747,9376
48.528302,-79.686747,9396
47.528302,-79.686747,9406
46.528302,-79.686747,9427
46.528302,-80.686747,9449
45.528302,-80.686747,9483
45.528302,-81.686747,9503
44.528302,-81.686747,9512
43.528302,-81.686747,9538
42.528302,-81.686747,9575
42.528302,-82.686747,9594
41.528302,-82.686747,9625
41.528302,-83.686747,9665
40.528302,-83.686747,9674
40.528302,-84.686747,9721
39.528302,-84.686747,9755
39.528302,-85.686747,9833
38.528302,-85.686747,9842
37.528302,-85.686747,9932
37.528302,-86.686747,9963
36.528302,-86.686747,9991
36.528302,-87.686747,10056
35.528302,-87.686747,10065
34.528302,-87.686747,10090
34.528302,-88.686747,10143
34.528302,-89.686747,11018
34.528302,-90.686747,11201
BREAK
