START
22.633515,-27.765229,0
23.5072,-27.765229,215
24.380884,-27.765229,239
25.254568,-27.765229,272
26.128252,-27.765229,311
27.001936,-26.891545,319
28.749305,-26.891545,327
29.622989,-26.891545,335
30.496673,-26.891545,359
31.370357,-26.891545,375
32.244042,-26.891545,407
33.117726,-27.765229,415
33.99141,-27.765229,431
34.865094,-27.765229,447
35.738779,-27.765229,479
36.612463,-27.765229,487
37.486147,-27.765229,511
38.359831,-27.765229,519
40.1072,-27.765229,543
40.980884,-27.765229,551
41.854568,-27.765229,575
42.728252,-27.765229,583
43.601936,-27.765229,623
44.475621,-27.765229,631
45.349305,-27.765229,655
46.222989,-27.765229,663
47.096673,-27.765229,671
47.970357,-27.765229,679
48.844042,-27.765229,687
49.717726,-27.765229,695
50.59141,-27.765229,703
51.465094,-27.765229,719
53.212463,-27.765229,727
54.086147,-27.765229,743
54.959831,-27.765229,751
55.833515,-27.765229,759
56.7072,-27.765229,775
57.580884,-27.765229,791
58.454568,-27.765229,799
59.328252,-27.765229,807
61.075621,-27.765229,823
61.949305,-27.765229,831
62.822989,-27.765229,839
63.696673,-27.765229,847
64.570357,-27.765229,855
65.444042,-27.765229,863
67.19141,-27.765229,871
68.065094,-27.765229,879
68.938779,-27.765229,887
69.812463,-27.765229,911
70.686147,-27.765229,919
71.559831,-27.765229,927
72.433515,-27.765229,959
73.3072,-27.765229,967
74.180884,-27.765229,975
75.054568,-27.765229,983
75.928252,-27.765229,991
77.675621,-28.638914,999
78.549305,-28.638914,1007
79.422989,-28.638914,1023
81.170357,-28.638914,1031
82.044042,-28.638914,1039
82.917726,-28.638914,1047
84.665094,-28.638914,1055
85.538779,-28.638914,1071
86.412463,-28.638914,1103
BREAK
70.686147,-29.512598,2647
70.686147,-31.259966,2887
70.686147,-32.13365,2935
70.686147,-33.007335,2967
70.686147,-33.881019,2999
70.686147,-35.628387,3007
70.686147,-36.502071,3039
70.686147,-37.375756,3047
70.686147,-38.24944,3055
70.686147,-39.123124,3079
70.686147,-39.996808,3095
70.686147,-40.870492,3143
70.686147,-41.744177,3175
70.686147,-42.617861,3207
70.686147,-44.365229,3247
70.686147,-45.238914,3287
70.686147,-46.112598,3303
70.686147,-46.986282,3327
70.686147,-47.859966,3359
70.686147,-48.73365,3375
70.686147,-49.607335,3383
69.812463,-49.607335,3391
69.812463,-50.481019,3407
69.812463,-51.354703,3439
69.812463,-52.228387,3463
69.812463,-53.102071,3487
69.812463,-53.975756,3519
69.812463,-54.84944,3527
69.812463,-55.723124,3543
69.812463,-56.596808,3567
69.812463,-57.470492,3583
69.812463,-58.344177,3599
69.812463,-59.217861,3631
69.812463,-60.091545,3687
69.812463,-60.965229,3719
69.812463,-61.838914,3727
69.812463,-62.712598,3743
69.812463,-63.586282,3791
69.812463,-64.459966,3807
69.812463,-65.33365,3831
69.812463,-66.207335,3887
69.812463,-67.081019,3927
69.812463,-67.954703,3959
70.686147,-68.828387,3991
70.686147,-69.702071,4007
70.686147,-70.575756,4047
70.686147,-71.44944,4079
70.686147,-72.323124,4127
70.686147,-73.196808,4175
70.686147,-74.070492,4191
70.686147,-74.944177,4215
69.812463,-74.070492,4391
69.812463,-73.196808,4399
68.938779,-72.323124,4415
68.938779,-71.44944,4423
BREAK
29.622989,-65.33365,5591
27.875621,-65.33365,5799
27.001936,-65.33365,5831
26.128252,-63.586282,5855
25.254568,-62.712598,5887
25.254568,-61.838914,5911
24.380884,-61.838914,5919
24.380884,-60.965229,5927
24.380884,-60.091545,5951
23.5072,-59.217861,5959
23.5072,-58.344177,5983
23.5072,-56.596808,6015
23.5072,-55.723124,6031
23.5072,-53.975756,6063
23.5072,-53.102071,6095
23.5072,-52.228387,6111
23.5072,-51.354703,6143
24.380884,-50.481019,6167
24.380884,-49.607335,6199
25.254568,-48.73365,6215
26.128252,-48.73365,6223
27.001936,-48.73365,6239
27.001936,-47.859966,6255
27.875621,-47.859966,6263
27.875621,-46.986282,6271
27.875621,-46.112598,6295
28.749305,-46.112598,6303
29.622989,-46.112598,6311
30.496673,-46.112598,6359
31.370357,-46.112598,6375
33.117726,-46.112598,6433
34.865094,-46.112598,6440
35.738779,-46.112598,6456
36.612463,-46.112598,6463
37.486147,-46.112598,6471
38.359831,-46.112598,6503
39.233515,-46.112598,6543
40.1072,-46.112598,6559
40.1072,-46.986282,6607
40.980884,-47.859966,6631
40.980884,-48.73365,6687
40.980884,-49.607335,6727
41.854568,-49.607335,6735
42.728252,-49.607335,6767
42.728252,-50.481019,6775
42.728252,-51.354703,6799
42.728252,-52.228387,6831
42.728252,-53.102071,6935
BREAK
37.486147,-58.344177,8199
38.359831,-58.344177,8327
39.233515,-58.344177,8399
40.1072,-58.344177,8423
40.980884,-58.344177,8431
41.854568,-58.344177,8463
41.854568,-57.470492,8471
42.728252,-57.470492,8479
44.475621,-57.470492,8495
45.349305,-57.470492,8511
45.349305,-56.596808,8527
46.222989,-56.596808,8535
47.096673,-56.596808,8543
48.844042,-56.596808,8551
49.717726,-56.596808,8583
49.717726,-55.723124,8591
50.59141,-55.723124,8615
50.59141,-54.84944,8623
51.465094,-54.84944,8655
51.465094,-53.975756,8671
51.465094,-53.102071,8719
52.338779,-53.102071,8751
52.338779,-52.228387,8791
53.212463,-52.228387,8823
54.086147,-51.354703,8831
54.959831,-51.354703,8839
55.833515,-50.481019,8847
57.580884,-50.481019,8855
56.7072,-49.607335,8871
57.580884,-49.607335,8879
58.454568,-48.73365,8887
59.328252,-48.73365,8911
59.328252,-47.859966,8919
61.075621,-46.986282,8927
61.075621,-46.112598,8953
62.822989,-46.112598,8959
63.696673,-46.112598,8983
65.444042,-46.112598,9007
65.444042,-45.238914,9015
66.317726,-45.238914,9047
67.19141,-45.238914,9087
68.065094,-45.238914,9119
68.065094,-44.365229,9127
68.938779,-44.365229,9159
69.812463,-44.365229,9303
BREAK
40.1072,-46.986282,10264
40.980884,-46.986282,10326
40.980884,-47.859966,10335
41.854568,-47.859966,10351
42.728252,-47.859966,10375
42.728252,-48.73365,10415
43.601936,-48.73365,10423
43.601936,-49.607335,10439
43.601936,-50.481019,10456
44.475621,-51.354703,10487
44.475621,-52.228387,10511
45.349305,-52.228387,10519
47.096673,-52.228387,10551
47.096673,-53.102071,10559
47.096673,-53.975756,10663
BREAK
