START
18.265094,-24.270492,0
44.475621,-24.270492,547
45.349305,-24.270492,564
46.222989,-24.270492,571
47.096673,-24.270492,577
48.844042,-24.270492,584
49.717726,-24.270492,593
51.465094,-24.270492,601
53.212463,-24.270492,609
54.959831,-25.144177,617
55.833515,-25.144177,625
57.580884,-25.144177,633
58.454568,-25.144177,706
59.328252,-25.144177,730
60.201936,-25.144177,738
61.075621,-25.144177,746
61.949305,-25.144177,754
63.696673,-25.144177,770
64.570357,-25.144177,786
65.444042,-25.144177,794
66.317726,-24.270492,858
68.065094,-24.270492,874
68.938779,-24.270492,882
69.812463,-24.270492,890
70.686147,-24.270492,914
71.559831,-24.270492,953
72.433515,-24.270492,969
73.3072,-24.270492,977
74.180884,-24.270492,1017
75.054568,-24.270492,1096
75.928252,-24.270492,1288
76.801936,-24.270492,1336
77.675621,-24.270492,1448
78.549305,-24.270492,1464
BREAK
61.075621,-24.270492,30831
61.075621,-25.144177,31023
61.075621,-26.017861,31039
61.075621,-26.891545,31095
61.075621,-27.765229,31103
61.075621,-28.638914,31119
61.075621,-29.512598,31127
61.075621,-30.386282,31135
61.075621,-31.259966,31143
61.949305,-32.13365,31151
61.949305,-33.007335,31159
61.949305,-33.881019,31167
61.949305,-34.754703,31191
61.949305,-35.628387,31215
61.949305,-36.502071,31239
62.822989,-36.502071,31247
62.822989,-38.24944,31255
62.822989,-39.123124,31271
62.822989,-39.996808,31279
62.822989,-40.870492,31287
63.696673,-65.33365,31594
63.696673,-66.207335,31617
63.696673,-67.954703,31632
63.696673,-68.828387,31635
63.696673,-69.702071,31640
63.696673,-71.44944,31648
63.696673,-72.323124,31656
63.696673,-73.196808,31664
63.696673,-74.070492,31680
63.696673,-74.944177,31720
63.696673,-75.817861,31752
62.822989,-76.691545,31785
62.822989,-77.565229,31809
BREAK
62.822989,-52.228387,34804
49.717726,-60.091545,34824
49.717726,-60.965229,34959
47.970357,-60.965229,35055
47.096673,-60.965229,35119
47.096673,-61.838914,35143
45.349305,-62.712598,35231
44.475621,-62.712598,35247
43.601936,-63.586282,35271
BREAK
53.212463,-56.596808,36664
53.212463,-55.723124,37119
52.338779,-55.723124,37137
52.338779,-54.84944,37167
51.465094,-53.975756,37207
50.59141,-53.102071,37215
49.717726,-52.228387,37223
49.717726,-51.354703,37231
48.844042,-50.481019,37255
47.970357,-49.607335,37287
47.096673,-49.607335,37295
47.096673,-48.73365,37304
45.349305,-48.73365,37311
45.349305,-47.859966,37319
44.475621,-47.859966,37383
43.601936,-46.986282,37391
43.601936,-46.112598,37407
41.854568,-46.112598,37471
40.1072,-46.112598,37543
38.359831,-46.112598,37567
36.612463,-46.112598,37583
34.865094,-46.112598,37623
33.117726,-46.112598,37655
31.370357,-46.112598,37775
29.622989,-46.986282,37807
28.749305,-47.859966,37815
27.875621,-47.859966,37823
27.875621,-48.73365,37831
27.001936,-48.73365,37855
27.001936,-49.607335,37863
26.128252,-50.481019,37927
25.254568,-50.481019,37935
25.254568,-51.354703,37943
23.5072,-51.354703,37975
23.5072,-52.228387,38047
23.5072,-53.102071,38063
22.633515,-53.102071,38071
22.633515,-53.975756,38087
22.633515,-54.84944,38103
22.633515,-55.723124,38111
22.633515,-56.596808,38119
22.633515,-57.470492,38151
23.5072,-57.470492,38175
23.5072,-58.344177,38207
23.5072,-59.217861,38223
24.380884,-59.217861,38231
24.380884,-60.091545,38241
24.380884,-60.965229,38247
24.380884,-61.838914,38271
25.254568,-62.712598,38279
25.254568,-63.586282,38335
26.128252,-64.459966,38343
27.001936,-65.33365,38375
27.001936,-66.207335,38392
27.875621,-67.081019,38399
28.749305,-67.081019,38407
28.749305,-67.954703,38423
29.622989,-67.954703,38439
29.622989,-68.828387,38447
29.622989,-69.702071,38455
30.496673,-69.702071,38463
30.496673,-70.575756,38503
31.370357,-70.575756,38519
32.244042,-70.575756,38527
32.244042,-71.44944,38559
33.117726,-71.44944,38575
33.117726,-72.323124,38584
33.99141,-72.323124,38608
34.865094,-72.323124,38695
34.865094,-73.196808,38864
BREAK
