START
6.6415094,-33.859438,0
9.6415094,-33.859438,130
12.641509,-33.859438,139
16.641509,-33.859438,148
22.641509,-33.859438,157
26.641509,-33.859438,167
30.641509,-33.859438,176
33.641509,-33.859438,185
35.641509,-33.859438,195
37.641509,-33.859438,204
38.641509,-33.859438,213
39.641509,-33.859438,232
40.641509,-33.859438,260
41.641509,-33.859438,269
42.641509,-33.859438,279
43.641509,-33.859438,335
44.641509,-33.859438,381
BREAK
22.641509,-33.859438,1183
BREAK
22.641509,-33.859438,1723
22.641509,-35.859438,1779
22.641509,-36.859438,1788
22.641509,-37.859438,1797
22.641509,-39.859438,1816
22.641509,-41.859438,1825
22.641509,-43.859438,1834
22.641509,-44.859438,1844
22.641509,-45.859438,1853
22.641509,-47.859438,1862
22.641509,-49.859438,1872
22.641509,-50.859438,1890
22.641509,-51.859438,1900
22.641509,-52.859438,1937
22.641509,-53.859438,1965
22.641509,-54.859438,1974
22.641509,-55.859438,2002
22.641509,-56.859438,2030
22.641509,-57.859438,2040
22.641509,-58.859438,2049
22.641509,-59.859438,2058
22.641509,-60.859438,2067
22.641509,-62.859438,2086
22.641509,-63.859438,2095
22.641509,-64.859438,2105
22.641509,-65.859438,2123
22.641509,-66.859438,2133
22.641509,-67.859438,2142
22.641509,-68.859438,2161
BREAK
54.641509,-14.859438,3353
54.641509,-16.859438,3390
54.641509,-18.859438,3400
54.641509,-20.859438,3409
54.641509,-21.859438,3418
54.641509,-22.859438,3428
54.641509,-24.859438,3437
54.641509,-26.859438,3446
54.641509,-28.859438,3456
54.641509,-30.859438,3465
54.641509,-31.859438,3474
54.641509,-33.859438,3483
54.641509,-34.859438,3493
54.641509,-36.859438,3502
54.641509,-37.859438,3511
54.641509,-39.859438,3521
54.641509,-41.859438,3530
54.641509,-43.859438,3539
54.641509,-44.859438,3549
54.641509,-45.859438,3558
54.641509,-47.859438,3577
54.641509,-48.859438,3586
54.641509,-50.859438,3595
54.641509,-51.859438,3605
54.641509,-53.859438,3614
54.641509,-55.859438,3623
54.641509,-57.859438,3633
54.641509,-58.859438,3642
54.641509,-59.859438,3651
54.641509,-60.859438,3661
54.641509,-61.859438,3670
54.641509,-62.859438,3679
54.641509,-63.859438,3688
54.641509,-64.859438,3698
54.641509,-65.859438,3726
54.641509,-66.859438,3735
54.641509,-67.859438,3744
54.641509,-68.859438,3763
54.641509,-69.859438,3791
54.641509,-70.859438,3800
54.641509,-71.859438,3819
54.641509,-72.859438,3828
54.641509,-73.859438,3847
54.641509,-74.859438,3866
54.641509,-75.859438,3931
BREAK
37.641509,-52.859438,4509
38.641509,-51.859438,4658
40.641509,-51.859438,4667
42.641509,-51.859438,4677
45.641509,-49.859438,4686
47.641509,-49.859438,4695
49.641509,-49.859438,4705
50.641509,-49.859438,4723
51.641509,-48.859438,4732
BREAK
69.641509,-10.859438,5702
69.641509,-11.859438,5804
69.641509,-12.859438,5813
69.641509,-13.859438,5822
69.641509,-14.859438,5832
69.641509,-15.859438,5841
69.641509,-16.859438,5850
69.641509,-18.859438,5860
69.641509,-20.859438,5869
69.641509,-22.859438,5878
69.641509,-23.859438,5888
69.641509,-24.859438,5897
69.641509,-26.859438,5906
69.641509,-28.859438,5916
69.641509,-30.859438,5925
69.641509,-32.859438,5944
69.641509,-34.859438,5953
69.641509,-36.859438,5962
69.641509,-38.859438,5972
69.641509,-40.859438,5981
69.641509,-41.859438,5990
69.641509,-43.859438,6000
69.641509,-44.859438,6009
69.641509,-45.859438,6018
69.641509,-47.859438,6028
69.641509,-48.859438,6046
69.641509,-50.859438,6055
69.641509,-51.859438,6065
69.641509,-53.859438,6083
69.641509,-54.859438,6102
69.641509,-55.859438,6111
69.641509,-56.859438,6139
69.641509,-57.859438,6233
69.641509,-58.859438,6251
69.641509,-59.859438,6279
69.641509,-60.859438,6298
69.641509,-61.859438,6345
69.641509,-62.859438,6363
69.641509,-63.859438,6373
69.641509,-64.859438,6634
69.641509,-65.859438,6643
69.641509,-66.859438,6792
BREAK
69.641509,-62.859438,8534
69.641509,-63.859438,8580
69.641509,-64.859438,8599
68.641509,-65.859438,8608
68.641509,-66.859438,8646
68.641509,-67.859438,8664
68.641509,-68.859438,8673
68.641509,-69.859438,8683
68.641509,-71.859438,8701
68.641509,-72.859438,8711
68.641509,-73.859438,8720
68.641509,-74.859438,8729
68.641509,-76.859438,8739
68.641509,-77.859438,8748
68.641509,-78.859438,8757
68.641509,-79.859438,8767
68.641509,-80.859438,8776
68.641509,-81.859438,8795
68.641509,-82.859438,8813
68.641509,-83.859438,8832
BREAK
