START
36.830554,-52.624883,0
37.226839,-52.624883,79
37.226839,-52.228599,103
37.226839,-51.832314,151
37.226839,-51.436029,207
37.226839,-51.039744,255
37.623123,-51.039744,279
37.623123,-50.643459,287
37.623123,-50.247174,343
38.019408,-50.247174,391
38.415693,-50.247174,415
38.811978,-50.247174,430
39.208263,-50.247174,447
39.604548,-50.247174,471
40.000832,-50.247174,551
40.397117,-50.247174,592
40.793402,-50.247174,598
40.793402,-50.643459,695
41.189687,-50.643459,719
41.585972,-50.643459,775
41.982257,-51.039744,800
41.982257,-51.436029,823
41.982257,-51.832314,855
41.982257,-52.228599,887
41.982257,-52.624883,935
41.982257,-53.021168,951
41.982257,-53.417453,999
41.982257,-53.813738,1047
41.982257,-54.210023,1103
41.982257,-54.606308,1151
41.982257,-55.002592,1223
41.982257,-55.398877,1327
41.982257,-55.795162,1415
41.982257,-56.191447,1447
41.585972,-56.587732,1519
41.585972,-56.984017,1591
41.189687,-56.984017,1623
40.793402,-56.984017,1679
40.397117,-56.984017,1718
40.000832,-56.984017,1783
39.604548,-56.984017,1886
39.208263,-56.984017,1903
38.811978,-56.984017,1999
38.415693,-56.984017,2014
38.415693,-56.587732,2039
38.019408,-56.587732,2095
37.623123,-56.587732,2119
37.623123,-56.191447,2127
37.226839,-56.191447,2143
37.226839,-55.795162,2247
37.226839,-55.398877,2262
36.830554,-55.398877,2279
36.830554,-55.002592,2295
36.830554,-54.606308,2335
36.434269,-54.606308,2375
36.434269,-54.210023,2383
36.434269,-53.813738,2439
36.434269,-53.417453,2455
36.434269,-53.021168,2527
36.037984,-53.021168,2535
36.037984,-52.624883,2552
36.037984,-52.228599,2567
36.037984,-51.832314,2599
36.037984,-51.436029,2638
36.037984,-51.039744,2663
36.037984,-50.643459,2687
36.037984,-50.247174,2711
36.037984,-49.85089,2743
36.037984,-49.454605,2767
36.037984,-49.05832,2799
36.037984,-48.662035,2831
36.037984,-48.26575,2871
36.037984,-47.869465,2895
36.037984,-47.473181,2911
36.037984,-47.076896,2951
36.434269,-47.076896,2983
36.830554,-47.076896,2999
36.830554,-46.680611,3007
36.830554,-46.284326,3054
37.226839,-45.888041,3094
37.623123,-45.888041,3111
37.623123,-45.491756,3127
38.019408,-45.491756,3142
38.415693,-45.491756,3159
38.415693,-45.095472,3167
38.811978,-45.095472,3182
38.811978,-44.699187,3199
39.208263,-44.699187,3231
39.604548,-44.699187,3247
40.000832,-44.699187,3271
40.397117,-44.699187,3279
40.793402,-44.699187,3302
41.189687,-44.699187,3319
41.585972,-44.699187,3359
41.982257,-44.699187,3383
42.378541,-44.699187,3430
42.774826,-44.699187,3455
43.171111,-44.699187,3503
43.567396,-44.699187,3527
43.963681,-44.699187,3551
44.359966,-44.699187,3591
44.75625,-44.699187,3623
45.152535,-44.699187,3678
45.54882,-44.699187,3718
45.945105,-44.699187,3726
46.34139,-44.699187,3766
46.737675,-45.095472,3775
47.133959,-45.095472,3791
47.530244,-45.095472,3823
47.530244,-45.491756,3879
47.926529,-45.491756,3895
48.322814,-45.491756,3934
48.719099,-45.888041,3967
48.719099,-46.284326,3991
48.719099,-46.680611,4039
48.719099,-47.076896,4063
48.719099,-47.473181,4102
48.719099,-47.869465,4119
48.719099,-48.26575,4183
48.719099,-48.662035,4207
48.719099,-49.05832,4263
48.719099,-49.454605,4295
48.719099,-49.85089,4335
48.719099,-50.247174,4350
48.719099,-50.643459,4398
48.719099,-51.039744,4430
48.719099,-51.436029,4478
48.719099,-51.832314,4503
48.719099,-52.228599,4544
48.719099,-52.624883,4559
48.719099,-53.021168,4607
48.719099,-53.417453,4663
48.719099,-53.813738,4686
48.719099,-54.210023,4711
48.719099,-54.606308,4743
48.719099,-55.002592,4799
48.719099,-55.398877,4814
48.719099,-55.795162,4919
48.719099,-56.191447,4974
48.719099,-56.587732,5111
49.115383,-56.984017,5159
49.511668,-56.984017,5199
49.907953,-56.984017,5247
50.304238,-56.984017,5343
50.700523,-56.984017,5398
51.096808,-56.984017,5503
51.493092,-56.984017,5518
51.889377,-56.984017,5543
52.285662,-56.984017,5566
52.681947,-56.984017,5631
53.078232,-56.984017,5655
53.474517,-56.984017,5711
53.474517,-56.587732,5743
53.870801,-56.587732,5791
53.870801,-56.191447,5831
53.870801,-55.795162,5894
53.870801,-55.398877,5911
54.267086,-55.002592,5967
54.663371,-54.606308,6014
54.663371,-54.210023,6062
54.663371,-53.813738,6127
54.663371,-53.417453,6159
54.663371,-53.021168,6199
54.663371,-52.624883,6222
54.663371,-52.228599,6270
54.663371,-51.832314,6310
54.663371,-51.436029,6358
54.663371,-51.039744,6383
54.663371,-50.643459,6415
54.663371,-50.247174,6446
54.663371,-49.85089,6503
54.663371,-49.454605,6543
54.663371,-49.05832,6583
54.663371,-48.662035,6631
54.663371,-48.26575,6663
54.663371,-47.869465,6718
54.663371,-47.473181,6743
54.663371,-47.076896,6774
54.663371,-46.680611,6799
54.663371,-46.284326,6814
54.663371,-45.888041,6863
54.663371,-45.491756,6894
54.663371,-45.095472,6951
54.663371,-44.699187,6991
55.059656,-44.699187,7047
55.455941,-44.302902,7094
55.852226,-44.302902,7150
56.24851,-44.302902,7167
56.644795,-44.302902,7247
57.04108,-44.302902,7278
57.437365,-44.302902,7375
57.83365,-44.302902,7398
58.229935,-44.302902,7423
58.626219,-44.302902,7438
59.022504,-44.302902,7510
59.418789,-44.302902,7574
59.815074,-44.302902,7614
60.211359,-44.302902,7623
60.607644,-44.302902,7663
60.607644,-44.699187,7678
61.003928,-44.699187,7694
61.400213,-45.095472,7703
61.400213,-45.491756,7839
61.400213,-45.888041,7934
61.400213,-46.284326,7974
61.400213,-46.680611,8022
61.400213,-47.076896,8030
61.400213,-47.473181,8078
61.400213,-47.869465,8119
61.400213,-48.26575,8127
61.400213,-48.662035,8150
61.400213,-49.05832,8167
61.400213,-49.454605,8207
61.400213,-49.85089,8215
61.400213,-50.247174,8238
61.400213,-50.643459,8270
61.400213,-51.039744,8287
61.400213,-51.436029,8302
61.400213,-51.832314,8318
61.400213,-52.228599,8358
61.400213,-52.624883,8375
61.400213,-53.021168,8398
61.400213,-53.417453,8415
61.400213,-53.813738,8430
61.400213,-54.210023,8446
61.400213,-54.606308,8470
61.400213,-55.002592,8478
61.400213,-55.398877,8510
61.400213,-55.795162,8518
61.400213,-56.191447,8543
61.400213,-56.587732,8558
61.400213,-56.984017,8591
61.400213,-57.380301,8606
61.400213,-57.776586,8646
61.400213,-58.172871,8663
61.400213,-58.569156,8702
61.400213,-58.965441,8726
61.400213,-59.361726,8774
61.400213,-59.75801,8782
61.400213,-60.154295,8831
61.400213,-60.55058,8854
61.003928,-60.55058,8886
60.607644,-60.55058,8919
60.607644,-60.946865,8950
60.607644,-61.34315,8974
60.211359,-61.34315,8982
60.211359,-61.739435,9007
60.211359,-62.135719,9014
59.815074,-62.135719,9022
59.815074,-62.532004,9038
59.418789,-62.928289,9054
59.418789,-63.324574,9087
59.022504,-63.324574,9102
59.022504,-63.720859,9135
58.626219,-63.720859,9159
58.626219,-64.117143,9191
58.626219,-64.513428,9199
58.229935,-64.513428,9207
57.83365,-64.513428,9247
57.83365,-64.909713,9295
57.437365,-64.909713,9302
57.04108,-64.909713,9326
56.644795,-64.909713,9358
56.24851,-64.909713,9383
55.852226,-64.909713,9406
55.455941,-64.909713,9430
55.059656,-64.909713,9470
54.663371,-64.909713,9494
54.267086,-64.909713,9518
53.870801,-64.909713,9535
53.474517,-64.909713,9558
53.078232,-64.909713,9566
52.681947,-64.909713,9583
52.285662,-64.909713,9591
51.889377,-64.909713,9606
51.493092,-64.909713,9614
51.096808,-64.909713,9631
50.700523,-64.909713,9638
50.304238,-64.909713,9671
49.907953,-64.909713,9678
49.511668,-64.909713,9711
49.115383,-64.909713,9718
48.719099,-64.909713,9743
48.322814,-64.909713,9782
47.926529,-64.909713,9799
47.530244,-64.909713,9814
47.133959,-64.909713,9822
46.737675,-64.909713,9846
46.34139,-64.909713,9854
45.945105,-64.909713,9871
45.54882,-64.909713,9879
45.152535,-64.909713,9894
44.75625,-64.909713,9902
44.75625,-64.513428,9910
44.359966,-64.513428,9919
43.963681,-64.513428,9927
43.567396,-64.513428,9959
43.171111,-64.513428,9974
42.774826,-64.513428,9982
42.774826,-64.117143,9999
42.378541,-64.117143,10007
41.982257,-64.117143,10014
41.585972,-64.117143,10022
41.189687,-64.117143,10038
40.793402,-64.117143,10047
40.793402,-63.720859,10054
40.397117,-63.720859,10062
40.000832,-63.720859,10070
39.604548,-63.720859,10079
39.208263,-63.324574,10094
38.811978,-63.324574,10102
38.415693,-63.324574,10119
38.019408,-63.324574,10128
38.019408,-62.928289,10135
37.623123,-62.928289,10150
37.226839,-62.928289,10167
36.830554,-62.928289,10182
36.434269,-62.928289,10198
36.434269,-62.532004,10207
36.037984,-62.532004,10215
35.641699,-62.532004,10222
35.245414,-62.532004,10238
34.84913,-62.532004,10255
34.452845,-62.532004,10270
34.452845,-62.135719,10295
34.05656,-62.135719,10302
33.660275,-62.135719,10318
33.26399,-62.135719,10335
32.867705,-62.135719,10366
32.471421,-62.135719,10383
32.075136,-62.135719,10446
31.678851,-62.135719,10470
31.282566,-62.135719,10494
31.282566,-61.739435,10503
30.886281,-61.739435,10510
30.489996,-61.739435,10518
30.093712,-61.739435,10534
29.697427,-61.739435,10558
29.301142,-61.739435,10566
28.904857,-61.739435,10591
28.508572,-61.739435,10598
28.112288,-61.739435,10671
27.716003,-61.739435,10694
27.319718,-61.739435,10951
26.923433,-61.739435,10967
26.527148,-61.739435,11007
26.130863,-61.739435,11022
25.734579,-61.739435,11054
25.338294,-61.739435,11079
24.942009,-61.739435,11094
24.942009,-61.34315,11335
24.942009,-60.946865,11350
24.942009,-60.55058,11358
BREAK
