START
32.220812,-69.062045,0
31.317259,-69.062045,223
30.413706,-68.158492,239
29.510152,-67.254939,247
28.606599,-67.254939,255
27.703046,-65.447832,263
25.895939,-64.544279,279
24.992386,-63.640725,287
24.088832,-63.640725,303
24.088832,-62.737172,327
23.185279,-62.737172,367
23.185279,-61.833619,375
22.281726,-60.930065,391
22.281726,-60.026512,399
21.378173,-60.026512,407
21.378173,-59.122959,415
20.474619,-58.219406,431
20.474619,-57.315852,439
20.474619,-56.412299,455
19.571066,-55.508746,463
19.571066,-54.605192,471
19.571066,-53.701639,487
19.571066,-52.798086,495
19.571066,-51.894532,503
19.571066,-50.990979,511
18.667513,-50.087426,519
18.667513,-49.183873,527
18.667513,-46.473213,535
18.667513,-45.569659,543
18.667513,-44.666106,551
18.667513,-42.858999,559
18.667513,-41.955446,567
18.667513,-41.051893,575
18.667513,-40.14834,583
18.667513,-39.244786,599
18.667513,-38.341233,607
19.571066,-37.43768,647
20.474619,-36.534126,663
21.378173,-36.534126,671
21.378173,-34.72702,679
22.281726,-34.72702,687
23.185279,-34.72702,703
24.088832,-33.823466,711
24.992386,-33.823466,743
25.895939,-33.823466,775
26.799492,-33.823466,791
27.703046,-33.823466,807
29.510152,-33.823466,823
30.413706,-33.823466,839
32.220812,-33.823466,847
34.027919,-33.823466,863
34.931472,-33.823466,887
35.835025,-34.72702,935
35.835025,-35.630573,943
36.738579,-35.630573,951
37.642132,-36.534126,967
37.642132,-37.43768,983
38.545685,-37.43768,991
38.545685,-38.341233,999
39.449239,-39.244786,1048
40.352792,-40.14834,1064
40.352792,-41.051893,1071
40.352792,-41.955446,1087
41.256345,-41.955446,1095
41.256345,-43.762553,1103
41.256345,-44.666106,1119
41.256345,-45.569659,1135
41.256345,-46.473213,1159
41.256345,-45.569659,1575
42.159898,-45.569659,1583
42.159898,-43.762553,1591
43.063452,-42.858999,1607
43.063452,-41.955446,1623
43.063452,-41.051893,1639
43.063452,-40.14834,1671
43.967005,-39.244786,1703
43.967005,-38.341233,1719
44.870558,-37.43768,1727
45.774112,-37.43768,1743
46.677665,-36.534126,1751
47.581218,-36.534126,1767
47.581218,-34.72702,1775
48.484772,-33.823466,1791
49.388325,-33.823466,1807
50.291878,-32.919913,1823
50.291878,-32.01636,1855
51.195431,-32.01636,1863
52.098985,-31.112807,1879
53.002538,-31.112807,1887
53.906091,-31.112807,1903
54.809645,-30.209253,1911
55.713198,-30.209253,1919
56.616751,-30.209253,1927
57.520305,-30.209253,1935
58.423858,-30.209253,1951
59.327411,-30.209253,1959
60.230964,-30.209253,1967
61.134518,-30.209253,1983
62.038071,-30.209253,1999
62.941624,-30.209253,2007
63.845178,-30.209253,2015
64.748731,-29.3057,2031
65.652284,-29.3057,2039
66.555838,-29.3057,2047
67.459391,-29.3057,2055
68.362944,-29.3057,2063
69.266497,-29.3057,2071
70.170051,-29.3057,2087
71.073604,-30.209253,2103
71.073604,-31.112807,2153
71.073604,-32.01636,2159
71.977157,-32.919913,2175
71.977157,-34.72702,2199
71.977157,-35.630573,2223
71.977157,-36.534126,2255
71.977157,-37.43768,2263
71.977157,-38.341233,2287
71.977157,-39.244786,2296
71.073604,-39.244786,2303
70.170051,-40.14834,2312
69.266497,-41.051893,2328
69.266497,-41.955446,2335
69.266497,-42.858999,2352
68.362944,-42.858999,2359
67.459391,-42.858999,2375
67.459391,-43.762553,2383
66.555838,-44.666106,2424
66.555838,-45.569659,2432
65.652284,-46.473213,2464
65.652284,-47.376766,2480
64.748731,-48.280319,2487
63.845178,-48.280319,2504
63.845178,-49.183873,2527
62.941624,-49.183873,2544
62.941624,-50.087426,2568
62.038071,-50.087426,2584
62.038071,-50.990979,2600
61.134518,-50.990979,2607
61.134518,-51.894532,2616
61.134518,-52.798086,2640
60.230964,-52.798086,2647
60.230964,-53.701639,2672
60.230964,-54.605192,2680
59.327411,-54.605192,2703
59.327411,-55.508746,2711
59.327411,-56.412299,2735
58.423858,-56.412299,2753
58.423858,-57.315852,2769
58.423858,-58.219406,2800
58.423858,-59.122959,2816
58.423858,-60.026512,2840
58.423858,-60.930065,2848
58.423858,-61.833619,2864
58.423858,-62.737172,2888
58.423858,-63.640725,2904
58.423858,-64.544279,2928
59.327411,-64.544279,2960
61.134518,-64.544279,3064
62.038071,-64.544279,3072
63.845178,-64.544279,3080
66.555838,-64.544279,3088
69.266497,-64.544279,3095
71.073604,-64.544279,3104
73.784264,-64.544279,3112
74.687817,-64.544279,3120
75.591371,-64.544279,3128
76.494924,-64.544279,3136
77.398477,-64.544279,3152
78.30203,-64.544279,3160
78.30203,-63.640725,3384
BREAK
62.941624,-26.59504,4175
63.845178,-26.59504,4343
63.845178,-25.691487,4351
64.748731,-24.787933,4359
65.652284,-24.787933,4367
65.652284,-23.88438,4391
65.652284,-22.980827,4407
65.652284,-22.077274,4439
66.555838,-22.077274,4447
67.459391,-20.270167,4463
67.459391,-19.366614,4487
67.459391,-18.46306,4599
67.459391,-17.559507,4607
68.362944,-16.655954,4623
68.362944,-15.7524,4647
68.362944,-14.848847,4655
68.362944,-13.945294,4687
BREAK
