START
75.591371,-20.270167,0
75.591371,-21.17372,194
75.591371,-22.980827,206
75.591371,-23.88438,219
75.591371,-24.787933,231
75.591371,-26.59504,244
75.591371,-27.498593,272
74.687817,-28.402147,279
73.784264,-29.3057,292
73.784264,-31.112807,304
71.977157,-32.01636,316
71.073604,-32.919913,328
71.073604,-34.72702,340
70.170051,-34.72702,352
69.266497,-36.534126,364
68.362944,-37.43768,377
67.459391,-38.341233,410
66.555838,-38.341233,417
65.652284,-38.341233,425
64.748731,-38.341233,449
62.038071,-38.341233,472
61.134518,-37.43768,497
61.134518,-36.534126,509
59.327411,-34.72702,522
58.423858,-32.919913,546
57.520305,-32.919913,558
56.616751,-31.112807,570
55.713198,-31.112807,582
55.713198,-30.209253,594
53.906091,-30.209253,606
52.098985,-30.209253,631
51.195431,-29.3057,643
50.291878,-29.3057,663
48.484772,-29.3057,670
47.581218,-30.209253,691
46.677665,-30.209253,703
45.774112,-31.112807,715
44.870558,-31.112807,727
44.870558,-32.01636,739
42.159898,-32.919913,752
41.256345,-33.823466,776
41.256345,-34.72702,789
40.352792,-36.534126,800
39.449239,-37.43768,813
39.449239,-38.341233,824
39.449239,-40.14834,836
38.545685,-40.14834,848
38.545685,-41.051893,861
37.642132,-42.858999,873
36.738579,-43.762553,885
36.738579,-46.473213,913
36.738579,-48.280319,921
36.738579,-49.183873,927
36.738579,-50.087426,935
36.738579,-50.990979,945
36.738579,-52.798086,957
36.738579,-53.701639,969
36.738579,-54.605192,981
37.642132,-57.315852,994
38.545685,-58.219406,1006
38.545685,-59.122959,1018
39.449239,-60.026512,1029
39.449239,-60.930065,1042
40.352792,-62.737172,1054
41.256345,-64.544279,1066
42.159898,-67.254939,1079
42.159898,-68.158492,1091
42.159898,-69.062045,1103
42.159898,-69.965598,1128
43.967005,-69.965598,1187
BREAK
55.713198,-57.315852,2176
55.713198,-56.412299,2190
56.616751,-54.605192,2215
57.520305,-52.798086,2238
57.520305,-51.894532,2250
57.520305,-50.990979,2274
57.520305,-50.087426,2286
58.423858,-49.183873,2311
58.423858,-48.280319,2322
58.423858,-47.376766,2347
58.423858,-46.473213,2360
59.327411,-46.473213,2371
59.327411,-44.666106,2395
60.230964,-44.666106,2408
61.134518,-44.666106,2428
61.134518,-43.762553,2434
61.134518,-42.858999,2457
62.038071,-42.858999,2468
62.038071,-41.955446,2480
63.845178,-41.955446,2505
64.748731,-41.051893,2529
65.652284,-41.051893,2541
65.652284,-40.14834,2565
66.555838,-40.14834,2578
67.459391,-40.14834,2613
68.362944,-40.14834,2638
69.266497,-40.14834,2650
70.170051,-40.14834,2681
71.073604,-41.051893,2699
71.977157,-41.955446,2722
73.784264,-41.955446,2734
73.784264,-42.858999,2747
74.687817,-42.858999,2759
75.591371,-43.762553,2771
76.494924,-44.666106,2784
77.398477,-46.473213,2808
78.30203,-48.280319,2831
79.205584,-49.183873,2844
80.109137,-50.087426,2856
81.01269,-50.990979,2868
81.01269,-51.894532,2880
81.916244,-53.701639,2892
83.72335,-54.605192,2904
83.72335,-56.412299,2932
83.72335,-57.315852,2939
84.626904,-58.219406,2946
84.626904,-59.122959,2953
84.626904,-60.026512,2965
84.626904,-60.930065,2977
84.626904,-61.833619,2989
84.626904,-62.737172,3014
84.626904,-63.640725,3037
84.626904,-64.544279,3049
83.72335,-66.351385,3074
81.916244,-67.254939,3098
81.916244,-68.158492,3122
81.01269,-69.062045,3134
81.01269,-69.965598,3159
79.205584,-70.869152,3184
79.205584,-71.772705,3192
77.398477,-73.579812,3199
76.494924,-76.290472,3219
75.591371,-77.194025,3243
74.687817,-77.194025,3256
74.687817,-78.097578,3268
74.687817,-79.001131,3294
74.687817,-79.904685,3304
74.687817,-80.808238,3328
74.687817,-82.615345,3351
74.687817,-83.518898,3376
74.687817,-84.422451,3388
75.591371,-86.229558,3401
75.591371,-87.133111,3413
76.494924,-87.133111,3446
78.30203,-88.940218,3453
79.205584,-88.940218,3461
80.109137,-88.940218,3473
81.01269,-88.940218,3485
83.72335,-88.940218,3510
85.530457,-88.036664,3534
85.530457,-87.133111,3549
86.43401,-87.133111,3558
87.337563,-87.133111,3570
88.241117,-86.229558,3581
89.14467,-86.229558,3594
90.048223,-84.422451,3606
90.951777,-84.422451,3618
90.951777,-83.518898,3654
BREAK
