START
20.012463,-23.396808,0
18.265094,-24.270492,8
17.39141,-24.270492,33
18.265094,-25.144177,152
20.012463,-26.017861,176
20.886147,-26.017861,184
21.759831,-26.017861,193
23.5072,-26.017861,200
25.254568,-26.891545,216
27.001936,-26.891545,224
28.749305,-27.765229,232
30.496673,-27.765229,248
32.244042,-27.765229,256
33.99141,-27.765229,264
35.738779,-28.638914,272
37.486147,-28.638914,288
39.233515,-28.638914,296
40.980884,-28.638914,304
42.728252,-29.512598,312
44.475621,-29.512598,328
46.222989,-29.512598,336
47.970357,-30.386282,344
49.717726,-30.386282,353
51.465094,-30.386282,368
53.212463,-30.386282,376
54.959831,-30.386282,384
56.7072,-30.386282,400
58.454568,-30.386282,408
60.201936,-30.386282,417
61.949305,-30.386282,424
63.696673,-30.386282,440
64.570357,-30.386282,448
66.317726,-30.386282,456
67.19141,-30.386282,464
68.938779,-30.386282,480
69.812463,-30.386282,488
71.559831,-30.386282,497
73.3072,-30.386282,512
75.054568,-30.386282,528
75.928252,-30.386282,552
76.801936,-30.386282,577
77.675621,-30.386282,608
78.549305,-30.386282,648
79.422989,-30.386282,664
80.296673,-30.386282,704
81.170357,-30.386282,720
82.044042,-30.386282,728
82.917726,-30.386282,752
83.79141,-30.386282,760
83.79141,-31.259966,776
BREAK
65.444042,-31.259966,1201
66.317726,-31.259966,1288
66.317726,-32.13365,1320
67.19141,-33.007335,1344
67.19141,-33.881019,1353
68.065094,-35.628387,1384
68.938779,-36.502071,1392
68.938779,-38.24944,1400
68.938779,-39.996808,1408
68.938779,-41.744177,1424
68.938779,-43.491545,1433
68.938779,-45.238914,1440
68.938779,-46.986282,1457
68.938779,-48.73365,1464
68.938779,-50.481019,1472
68.938779,-52.228387,1480
68.938779,-53.102071,1497
68.938779,-54.84944,1504
68.938779,-55.723124,1512
68.938779,-56.596808,1520
68.938779,-57.470492,1537
68.938779,-58.344177,1544
69.812463,-60.091545,1560
69.812463,-60.965229,1576
69.812463,-61.838914,1592
69.812463,-62.712598,1608
69.812463,-63.586282,1617
69.812463,-64.459966,1632
69.812463,-65.33365,1648
69.812463,-66.207335,1664
69.812463,-67.081019,1688
69.812463,-67.954703,1704
69.812463,-68.828387,1728
69.812463,-69.702071,1745
69.812463,-70.575756,1760
69.812463,-71.44944,1777
69.812463,-72.323124,1800
69.812463,-73.196808,1816
69.812463,-74.070492,1840
68.938779,-74.944177,1897
68.065094,-74.944177,1960
BREAK
44.475621,-32.13365,2649
45.349305,-31.259966,2656
45.349305,-32.13365,2777
44.475621,-33.007335,2792
44.475621,-33.881019,2808
44.475621,-34.754703,2824
44.475621,-36.502071,2832
43.601936,-37.375756,2840
43.601936,-39.123124,2848
42.728252,-39.996808,2864
42.728252,-40.870492,2872
42.728252,-41.744177,2880
42.728252,-42.617861,2888
41.854568,-43.491545,2912
40.980884,-43.491545,3136
40.1072,-43.491545,3152
39.233515,-43.491545,3168
38.359831,-43.491545,3177
37.486147,-43.491545,3193
35.738779,-43.491545,3208
34.865094,-43.491545,3216
33.99141,-43.491545,3224
33.117726,-42.617861,3232
32.244042,-42.617861,3248
30.496673,-41.744177,3264
29.622989,-41.744177,3288
28.749305,-41.744177,3297
27.875621,-41.744177,3320
27.001936,-42.617861,3336
26.128252,-42.617861,3345
25.254568,-43.491545,3376
24.380884,-43.491545,3385
24.380884,-44.365229,3400
24.380884,-45.238914,3417
23.5072,-46.112598,3440
23.5072,-46.986282,3457
22.633515,-47.859966,3481
22.633515,-48.73365,3488
22.633515,-49.607335,3512
22.633515,-50.481019,3528
22.633515,-51.354703,3560
23.5072,-51.354703,3568
24.380884,-52.228387,3592
24.380884,-53.102071,3600
25.254568,-53.102071,3608
26.128252,-53.975756,3624
27.001936,-53.975756,3633
27.875621,-54.84944,3640
29.622989,-54.84944,3648
30.496673,-54.84944,3665
32.244042,-54.84944,3672
33.99141,-54.84944,3680
35.738779,-54.84944,3688
36.612463,-54.84944,3704
38.359831,-55.723124,3712
40.1072,-55.723124,3720
40.980884,-56.596808,3737
42.728252,-56.596808,3744
43.601936,-56.596808,3752
44.475621,-57.470492,3777
45.349305,-57.470492,3785
46.222989,-58.344177,3792
47.096673,-59.217861,3801
47.096673,-60.091545,3824
47.970357,-60.091545,3832
47.970357,-60.965229,3840
48.844042,-61.838914,3857
48.844042,-62.712598,3872
48.844042,-63.586282,3897
48.844042,-64.459966,3904
48.844042,-65.33365,3912
48.844042,-66.207335,3944
48.844042,-67.081019,3969
47.970357,-67.954703,3984
47.096673,-68.828387,3992
46.222989,-68.828387,4009
45.349305,-69.702071,4017
45.349305,-70.575756,4048
44.475621,-70.575756,4057
44.475621,-71.44944,4065
43.601936,-72.323124,4081
42.728252,-72.323124,4088
41.854568,-73.196808,4097
41.854568,-74.070492,4129
40.980884,-74.070492,4137
40.1072,-74.070492,4161
38.359831,-74.944177,4177
37.486147,-74.944177,4193
35.738779,-75.817861,4201
34.865094,-75.817861,4208
33.99141,-75.817861,4217
33.117726,-76.691545,4233
32.244042,-76.691545,4241
31.370357,-76.691545,4249
30.496673,-75.817861,4257
29.622989,-75.817861,4273
27.875621,-74.944177,4281
27.001936,-74.070492,4289
26.128252,-74.070492,4305
25.254568,-73.196808,4313
24.380884,-72.323124,4320
23.5072,-72.323124,4329
22.633515,-71.44944,4345
21.759831,-70.575756,4361
20.886147,-69.702071,4385
20.012463,-68.828387,4393
19.138779,-67.954703,4417
18.265094,-67.081019,4433
BREAK
31.370357,-74.944177,4929
30.496673,-75.817861,4945
30.496673,-76.691545,4992
31.370357,-76.691545,5024
31.370357,-78.438914,5032
32.244042,-78.438914,5040
33.117726,-79.312598,5048
33.99141,-80.186282,5064
34.865094,-80.186282,5072
35.738779,-81.059966,5080
36.612463,-81.93365,5097
37.486147,-82.807335,5104
38.359831,-82.807335,5112
39.233515,-83.681019,5120
40.1072,-84.554703,5136
40.980884,-85.428387,5144
41.854568,-86.302071,5152
42.728252,-86.302071,5160
43.601936,-87.175756,5184
44.475621,-88.04944,5208
44.475621,-88.923124,5224
44.475621,-89.796808,5265
BREAK
68.065094,-57.470492,9433
67.19141,-57.470492,9616
66.317726,-57.470492,9624
65.444042,-57.470492,9632
64.570357,-57.470492,9656
62.822989,-57.470492,9664
61.949305,-57.470492,9680
60.201936,-57.470492,9688
59.328252,-57.470492,9696
58.454568,-57.470492,9704
57.580884,-57.470492,9720
56.7072,-57.470492,9728
55.833515,-57.470492,9744
54.959831,-56.596808,9760
54.086147,-56.596808,9768
53.212463,-56.596808,9776
52.338779,-55.723124,9792
51.465094,-55.723124,9808
50.59141,-55.723124,9832
49.717726,-55.723124,9856
49.717726,-56.596808,9872
48.844042,-56.596808,9880
47.970357,-57.470492,9888
47.096673,-57.470492,9896
46.222989,-57.470492,9912
45.349305,-57.470492,9952
44.475621,-57.470492,9968
43.601936,-57.470492,9992
42.728252,-57.470492,10008
41.854568,-57.470492,10040
40.980884,-57.470492,10080
40.1072,-57.470492,10112
BREAK
