START
79.641509,-10.859438,0
80.641509,-11.859438,353
81.641509,-12.859438,389
81.641509,-14.859438,439
83.641509,-14.859438,475
83.641509,-15.859438,510
84.641509,-15.859438,527
85.641509,-16.859438,604
86.641509,-16.859438,656
86.641509,-17.859438,675
86.641509,-19.859438,903
85.641509,-21.859438,997
85.641509,-22.859438,1015
85.641509,-24.859438,1030
85.641509,-26.859438,1048
85.641509,-27.859438,1065
85.641509,-30.859438,1083
85.641509,-32.859438,1101
84.641509,-36.859438,1117
84.641509,-38.859438,1136
83.641509,-41.859438,1153
83.641509,-43.859438,1172
83.641509,-47.859438,1191
83.641509,-49.859438,1209
81.641509,-53.859438,1225
81.641509,-56.859438,1243
81.641509,-59.859438,1261
81.641509,-62.859438,1280
81.641509,-63.859438,1299
81.641509,-66.859438,1317
80.641509,-68.859438,1334
80.641509,-72.859438,1351
79.641509,-75.859438,1369
79.641509,-80.859438,1388
79.641509,-85.859438,1405
79.641509,-89.859438,1424
79.641509,-90.859438,1440
79.641509,-91.859438,1458
79.641509,-93.859438,1478
78.641509,-93.859438,1531
78.641509,-94.859438,1565
78.641509,-95.859438,1585
BREAK
81.641509,-53.859438,3024
81.641509,-54.859438,3167
80.641509,-54.859438,3236
79.641509,-54.859438,3255
79.641509,-56.859438,3272
78.641509,-57.859438,3288
75.641509,-57.859438,3308
73.641509,-58.859438,3341
70.641509,-59.859438,3359
69.641509,-59.859438,3375
67.641509,-59.859438,3392
64.641509,-61.859438,3410
62.641509,-61.859438,3428
58.641509,-62.859438,3447
57.641509,-63.859438,3463
53.641509,-63.859438,3482
52.641509,-63.859438,3499
51.641509,-63.859438,3518
47.641509,-63.859438,3538
46.641509,-63.859438,3555
41.641509,-63.859438,3611
40.641509,-63.859438,3626
37.641509,-64.859438,3645
32.641509,-64.859438,3710
30.641509,-64.859438,3716
28.641509,-64.859438,3731
27.641509,-64.859438,3747
26.641509,-64.859438,3764
25.641509,-64.859438,3782
24.641509,-64.859438,3800
22.641509,-64.859438,3834
21.641509,-64.859438,3888
20.641509,-64.859438,3903
20.641509,-63.859438,3961
19.641509,-63.859438,3979
17.641509,-63.859438,4206
17.641509,-62.859438,4240
16.641509,-62.859438,4326
16.641509,-61.859438,4399
16.641509,-59.859438,4487
15.641509,-59.859438,4502
15.641509,-58.859438,4704
15.641509,-57.859438,4732
15.641509,-56.859438,4821
15.641509,-54.859438,4889
BREAK
16.641509,-54.859438,5173
17.641509,-54.859438,5182
19.641509,-54.859438,5275
19.641509,-56.859438,5343
20.641509,-56.859438,5411
21.641509,-56.859438,5447
21.641509,-57.859438,5484
22.641509,-57.859438,5515
22.641509,-58.859438,5566
24.641509,-58.859438,5603
24.641509,-59.859438,5635
24.641509,-61.859438,5703
BREAK
