START
50.877358,-19.859438,0
50.877358,-20.859438,31
50.877358,-21.859438,40
50.877358,-22.859438,47
51.877358,-24.859438,56
52.877358,-27.859438,63
52.877358,-29.859438,72
52.877358,-31.859438,79
53.877358,-35.859438,87
54.877358,-38.859438,95
55.877358,-42.859438,103
55.877358,-46.859438,111
56.877358,-49.859438,119
56.877358,-52.859438,127
56.877358,-55.859438,135
56.877358,-58.859438,143
57.877358,-61.859438,151
57.877358,-64.859438,159
57.877358,-67.859438,167
57.877358,-70.859438,175
57.877358,-72.859438,184
58.877358,-73.859438,192
58.877358,-75.859438,199
58.877358,-76.859438,207
58.877358,-77.859438,215
58.877358,-78.859438,224
58.877358,-79.859438,231
58.877358,-80.859438,240
58.877358,-81.859438,256
57.877358,-81.859438,273
57.877358,-82.859438,279
56.877358,-82.859438,296
55.877358,-82.859438,303
54.877358,-82.859438,311
52.877358,-82.859438,328
51.877358,-82.859438,336
50.877358,-82.859438,344
48.877358,-82.859438,352
46.877358,-82.859438,360
45.877358,-81.859438,368
41.877358,-79.859438,376
40.877358,-78.859438,384
38.877358,-76.859438,392
35.877358,-75.859438,400
34.877358,-74.859438,408
32.877358,-72.859438,416
30.877358,-72.859438,424
29.877358,-71.859438,432
28.877358,-70.859438,440
28.877358,-69.859438,448
27.877358,-67.859438,464
27.877358,-65.859438,480
27.877358,-64.859438,488
27.877358,-63.859438,496
27.877358,-61.859438,504
27.877358,-59.859438,512
27.877358,-57.859438,520
28.877358,-56.859438,528
30.877358,-54.859438,536
32.877358,-53.859438,544
33.877358,-51.859438,552
36.877358,-50.859438,560
37.877358,-49.859438,568
40.877358,-48.859438,576
42.877358,-47.859438,584
45.877358,-47.859438,592
47.877358,-46.859438,600
50.877358,-46.859438,608
53.877358,-45.859438,616
55.877358,-45.859438,624
58.877358,-45.859438,632
61.877358,-45.859438,640
65.877358,-45.859438,648
66.877358,-45.859438,657
69.877358,-45.859438,664
70.877358,-45.859438,672
73.877358,-45.859438,680
74.877358,-45.859438,688
75.877358,-45.859438,704
75.877358,-46.859438,712
76.877358,-46.859438,720
76.877358,-47.859438,728
76.877358,-48.859438,736
76.877358,-49.859438,744
76.877358,-50.859438,752
77.877358,-52.859438,760
77.877358,-53.859438,768
77.877358,-54.859438,776
77.877358,-55.859438,784
77.877358,-56.859438,800
78.877358,-56.859438,880
79.877358,-56.859438,1032
79.877358,-57.859438,1040
79.877358,-58.859438,1057
79.877358,-59.859438,1064
79.877358,-60.859438,1080
BREAK
