START
24.965704,-20.940433,0
24.965704,-21.84296,8
24.965704,-22.745487,44
25.868231,-22.745487,53
26.770758,-22.745487,89
27.673285,-23.648014,99
28.575812,-23.648014,109
31.283394,-23.648014,119
32.185921,-23.648014,129
33.088448,-23.648014,140
33.990975,-23.648014,149
34.893502,-23.648014,160
35.796029,-23.648014,170
36.698556,-23.648014,180
37.601083,-23.648014,190
40.308664,-24.550542,200
41.211191,-24.550542,211
43.918773,-24.550542,221
46.626354,-24.550542,230
49.333935,-24.550542,241
52.944043,-24.550542,251
53.84657,-24.550542,262
54.749097,-24.550542,271
55.651625,-24.550542,281
56.554152,-24.550542,292
57.456679,-24.550542,302
58.359206,-25.453069,322
59.261733,-25.453069,332
60.16426,-25.453069,343
61.066787,-25.453069,352
61.969314,-25.453069,362
62.871841,-25.453069,373
63.774368,-25.453069,383
63.774368,-26.355596,403
64.676895,-26.355596,429
65.579422,-26.355596,459
65.579422,-27.258123,470
66.481949,-27.258123,479
67.384477,-27.258123,489
68.287004,-27.258123,500
69.189531,-27.258123,697
70.092058,-27.258123,708
70.994585,-27.258123,718
71.897112,-27.258123,728
72.799639,-26.355596,738
73.702166,-26.355596,957
74.604693,-26.355596,976
75.50722,-26.355596,987
76.409747,-25.453069,997
77.312274,-25.453069,1017
77.312274,-26.355596,1196
77.312274,-27.258123,1225
77.312274,-28.16065,1235
76.409747,-29.063177,1246
76.409747,-29.965704,1256
75.50722,-30.868231,1266
75.50722,-31.770758,1276
75.50722,-32.673285,1297
75.50722,-33.575812,1307
75.50722,-34.478339,1316
75.50722,-35.380866,1327
74.604693,-36.283394,1337
74.604693,-38.990975,1348
74.604693,-41.698556,1357
73.702166,-44.406137,1367
72.799639,-47.113718,1378
72.799639,-49.8213,1388
72.799639,-50.723827,1398
71.897112,-53.431408,1408
71.897112,-54.333935,1418
71.897112,-55.236462,1429
71.897112,-57.944043,1438
71.897112,-58.84657,1449
71.897112,-59.749097,1459
71.897112,-60.651625,1469
71.897112,-61.554152,1479
71.897112,-65.16426,1489
71.897112,-66.066787,1510
71.897112,-66.969314,1530
71.897112,-67.871841,1540
71.897112,-70.579422,1550
71.897112,-73.287004,1560
71.897112,-74.189531,1570
71.897112,-75.092058,1582
71.897112,-75.994585,1591
71.897112,-76.897112,1619
71.897112,-77.799639,1639
71.897112,-78.702166,1669
71.897112,-79.604693,1689
70.994585,-80.50722,1718
70.994585,-81.409747,1727
70.092058,-81.409747,1748
69.189531,-81.409747,1787
69.189531,-80.50722,1809
68.287004,-80.50722,1819
67.384477,-80.50722,1829
66.481949,-80.50722,1840
65.579422,-80.50722,1850
64.676895,-80.50722,1859
63.774368,-80.50722,1880
62.871841,-80.50722,1891
61.969314,-80.50722,1900
61.066787,-80.50722,1911
58.359206,-80.50722,1921
57.456679,-80.50722,1932
56.554152,-80.50722,1941
55.651625,-80.50722,1951
52.944043,-81.409747,1961
52.041516,-81.409747,1972
49.333935,-81.409747,1981
46.626354,-81.409747,1992
43.918773,-81.409747,2002
40.308664,-81.409747,2012
39.406137,-81.409747,2022
38.50361,-81.409747,2033
37.601083,-81.409747,2043
36.698556,-81.409747,2053
35.796029,-81.409747,2062
34.893502,-81.409747,2073
31.283394,-81.409747,2083
27.673285,-81.409747,2094
26.770758,-81.409747,2103
25.868231,-81.409747,2113
24.965704,-81.409747,2124
24.063177,-81.409747,2134
23.16065,-81.409747,2154
22.258123,-81.409747,2215
21.355596,-81.409747,2225
20.453069,-81.409747,2235
19.550542,-81.409747,2246
20.453069,-81.409747,2349
21.355596,-80.50722,2392
BREAK
