START
36.698556,-33.575812,0
36.698556,-32.673285,40
37.601083,-32.673285,75
38.50361,-32.673285,95
38.50361,-32.673285,129
39.406137,-32.673285,146
40.308664,-32.673285,157
41.211191,-32.673285,162
42.113718,-32.673285,169
43.016245,-32.673285,181
43.918773,-32.673285,184
44.8213,-32.673285,192
45.723827,-32.673285,197
46.626354,-32.673285,207
46.626354,-32.673285,209
47.528881,-32.673285,214
48.431408,-32.673285,216
49.333935,-32.673285,225
50.236462,-32.673285,228
51.138989,-32.673285,234
52.041516,-32.673285,237
52.944043,-32.673285,241
53.84657,-32.673285,247
54.749097,-32.673285,251
54.749097,-32.673285,253
55.651625,-32.673285,258
56.554152,-32.673285,263
57.456679,-32.673285,266
58.359206,-32.673285,268
59.261733,-32.673285,272
60.16426,-32.673285,274
61.066787,-32.673285,281
61.969314,-32.673285,283
62.871841,-32.673285,286
62.871841,-32.673285,290
63.774368,-32.673285,298
64.676895,-32.673285,301
65.579422,-32.673285,305
66.481949,-32.673285,307
67.384477,-32.673285,310
68.287004,-32.673285,320
69.189531,-32.673285,322
70.092058,-32.673285,328
70.994585,-32.673285,332
70.994585,-32.673285,347
71.897112,-32.673285,355
72.799639,-32.673285,364
73.702166,-32.673285,375
74.604693,-32.673285,393
75.50722,-32.673285,397
76.409747,-32.673285,407
77.312274,-32.673285,416
78.214801,-32.673285,424
78.214801,-33.575812,680
78.214801,-34.478339,683
78.214801,-35.380866,692
78.214801,-36.283394,698
78.214801,-37.185921,705
78.214801,-38.088448,707
78.214801,-38.990975,711
79.117329,-38.990975,717
79.117329,-38.990975,719
79.117329,-39.893502,724
79.117329,-40.796029,729
79.117329,-41.698556,733
79.117329,-42.601083,735
79.117329,-43.50361,745
79.117329,-43.50361,748
79.117329,-44.406137,750
79.117329,-45.308664,756
79.117329,-46.211191,759
79.117329,-47.113718,772
79.117329,-47.113718,775
80.019856,-47.113718,778
80.019856,-48.016245,784
80.019856,-48.918773,791
80.019856,-49.8213,808
80.019856,-50.723827,811
80.019856,-51.626354,825
80.019856,-52.528881,829
80.019856,-53.431408,837
80.019856,-54.333935,851
80.019856,-55.236462,861
80.019856,-55.236462,866
80.019856,-56.138989,872
80.019856,-57.041516,887
80.019856,-57.944043,889
80.019856,-58.84657,895
80.019856,-59.749097,900
80.019856,-60.651625,912
80.019856,-61.554152,930
80.019856,-62.456679,936
80.019856,-63.359206,942
80.019856,-63.359206,952
80.019856,-64.261733,965
80.019856,-65.16426,970
80.019856,-66.066787,977
80.019856,-66.969314,996
80.019856,-67.871841,1003
80.019856,-68.774368,1030
80.019856,-69.676895,1035
80.019856,-70.579422,1047
80.019856,-71.481949,1050
80.019856,-71.481949,1070
80.019856,-72.384477,1087
80.019856,-73.287004,1092
80.019856,-74.189531,1160
80.019856,-75.092058,1222
80.019856,-75.994585,1233
79.117329,-75.994585,1462
79.117329,-75.994585,1503
78.214801,-75.994585,1517
77.312274,-75.994585,1522
76.409747,-75.994585,1527
75.50722,-75.994585,1531
74.604693,-75.994585,1533
73.702166,-75.994585,1538
72.799639,-75.994585,1543
72.799639,-76.897112,1546
71.897112,-76.897112,1548
70.994585,-76.897112,1552
70.994585,-76.897112,1560
70.092058,-76.897112,1566
69.189531,-76.897112,1571
68.287004,-76.897112,1578
67.384477,-76.897112,1590
66.481949,-76.897112,1595
65.579422,-76.897112,1597
64.676895,-76.897112,1602
63.774368,-76.897112,1606
62.871841,-76.897112,1613
62.871841,-76.897112,1615
61.969314,-76.897112,1620
61.066787,-76.897112,1622
60.16426,-76.897112,1629
59.261733,-76.897112,1631
58.359206,-76.897112,1633
57.456679,-76.897112,1638
56.554152,-76.897112,1641
55.651625,-76.897112,1648
54.749097,-76.897112,1651
54.749097,-76.897112,1654
53.84657,-76.897112,1659
52.944043,-76.897112,1661
52.041516,-76.897112,1677
51.138989,-76.897112,1687
50.236462,-76.897112,1691
49.333935,-76.897112,1693
48.431408,-76.897112,1704
47.528881,-76.897112,1708
46.626354,-76.897112,1714
46.626354,-76.897112,1719
45.723827,-76.897112,1725
44.8213,-76.897112,1735
43.918773,-76.897112,1741
43.016245,-76.897112,1747
42.113718,-76.897112,1756
41.211191,-76.897112,1770
40.308664,-76.897112,1774
39.406137,-76.897112,1781
38.50361,-76.897112,1786
38.50361,-76.897112,1792
37.601083,-76.897112,1800
36.698556,-76.897112,1803
35.796029,-76.897112,1808
34.893502,-76.897112,1811
33.990975,-76.897112,1820
33.088448,-76.897112,1822
33.088448,-77.799639,1824
32.185921,-77.799639,1828
31.283394,-77.799639,1835
30.380866,-77.799639,1856
30.380866,-77.799639,1862
29.478339,-77.799639,1866
28.575812,-77.799639,1879
27.673285,-77.799639,1885
26.770758,-77.799639,1919
25.868231,-77.799639,1929
24.965704,-77.799639,1974
24.063177,-77.799639,1981
BREAK
