START
29.387543,-62.280256,0
29.387543,-61.702705,152
29.387543,-61.125154,160
29.387543,-59.970052,168
29.387543,-59.392501,176
29.387543,-58.237399,184
29.387543,-57.659848,192
29.387543,-56.504746,200
29.387543,-55.349643,208
29.387543,-54.772092,216
29.387543,-54.194541,224
29.387543,-53.61699,232
29.387543,-53.039439,239
29.387543,-52.461888,248
29.387543,-51.884337,256
29.387543,-51.306786,272
29.387543,-50.729235,280
29.387543,-49.574133,288
29.387543,-48.996582,296
29.387543,-48.419031,305
29.387543,-47.84148,313
29.387543,-47.263929,321
29.387543,-46.686378,328
29.387543,-45.531276,336
29.387543,-44.953725,344
29.387543,-44.376174,352
29.387543,-43.221072,361
29.965094,-42.643521,368
29.965094,-42.06597,384
29.965094,-41.488419,392
29.965094,-40.910868,401
29.965094,-40.333317,416
30.542645,-39.755766,424
30.542645,-39.178215,432
30.542645,-38.600664,440
31.120196,-38.023113,448
31.697747,-37.445562,456
31.697747,-36.868011,464
32.275298,-36.868011,472
32.852849,-36.29046,480
33.4304,-36.29046,488
33.4304,-35.712909,496
34.007951,-35.135358,504
34.585503,-35.135358,512
34.585503,-34.557807,521
35.740605,-33.980256,529
36.895707,-32.825154,544
37.473258,-32.825154,552
38.050809,-32.247603,560
38.62836,-31.670052,569
39.205911,-31.670052,609
39.783462,-31.670052,624
40.361013,-31.670052,640
41.516115,-31.670052,649
42.671217,-31.670052,656
43.826319,-31.670052,664
45.558972,-31.670052,672
46.714074,-31.670052,680
47.869176,-31.670052,689
49.024278,-31.670052,696
50.17938,-31.670052,704
51.334482,-31.670052,712
51.912033,-31.670052,720
52.489584,-31.670052,729
53.067135,-31.670052,737
53.644686,-32.825154,800
54.222237,-33.980256,809
55.377339,-35.712909,817
55.95489,-36.868011,824
58.265094,-38.600664,832
58.842645,-39.755766,840
59.997747,-40.910868,848
61.152849,-41.488419,857
61.7304,-42.643521,864
62.307951,-42.643521,872
62.307951,-43.221072,880
62.307951,-43.798623,897
62.307951,-44.376174,904
62.307951,-44.953725,928
62.307951,-45.531276,937
62.307951,-46.108827,945
62.307951,-47.263929,952
62.307951,-47.84148,960
62.307951,-48.996582,969
62.307951,-49.574133,977
62.307951,-50.729235,985
62.307951,-52.461888,992
62.307951,-53.61699,1001
62.307951,-54.772092,1008
62.307951,-55.349643,1017
62.885503,-57.082297,1025
62.885503,-57.659848,1032
62.885503,-58.237399,1040
63.463054,-59.392501,1048
63.463054,-59.970052,1065
63.463054,-60.547603,1072
63.463054,-61.125154,1145
64.040605,-61.125154,1496
65.195707,-60.547603,1504
66.92836,-60.547603,1513
68.661013,-60.547603,1521
71.548768,-59.970052,1529
73.281421,-59.970052,1536
75.591625,-59.970052,1544
77.324278,-59.392501,1553
78.47938,-59.392501,1561
78.47938,-58.81495,1569
79.056931,-58.81495,1576
BREAK
