START
16.16779,-29.655414,0
16.930593,-29.655414,87
19.219003,-29.655414,98
20.744609,-29.655414,109
25.321429,-29.655414,120
27.609838,-29.655414,131
29.135445,-29.655414,142
31.423854,-29.655414,153
32.186658,-29.655414,176
34.475067,-29.655414,187
37.52628,-29.655414,198
42.865903,-29.655414,260
43.628706,-29.655414,291
45.154313,-29.655414,315
45.917116,-29.655414,327
46.679919,-29.655414,351
47.442722,-29.655414,369
48.205526,-29.655414,403
48.968329,-29.655414,429
BREAK
48.968329,-29.655414,1216
48.968329,-30.418217,1345
48.968329,-31.181021,1369
49.731132,-32.706627,1381
50.493935,-33.46943,1391
50.493935,-34.995037,1410
50.493935,-35.75784,1421
50.493935,-37.283446,1432
51.256739,-37.283446,1443
51.256739,-38.809053,1454
52.019542,-41.097463,1477
52.019542,-41.860266,1499
52.019542,-42.623069,1510
52.782345,-44.148676,1521
53.545148,-44.911479,1543
53.545148,-45.674282,1554
53.545148,-46.437085,1565
53.545148,-47.199889,1588
53.545148,-48.725495,1599
53.545148,-49.488298,1621
54.307951,-51.013905,1632
54.307951,-52.539511,1654
55.070755,-53.302314,1665
55.070755,-54.065118,1693
55.833558,-54.827921,1716
55.833558,-55.590724,1727
55.833558,-56.353527,1754
56.596361,-57.879134,1776
57.359164,-57.879134,1797
57.359164,-58.641937,1816
58.121968,-58.641937,1829
58.884771,-58.641937,1840
59.647574,-58.641937,1851
60.410377,-60.167543,1862
61.935984,-60.167543,1891
63.46159,-60.930347,1915
64.224394,-61.69315,1926
64.987197,-61.69315,1937
67.275606,-63.218756,1949
68.03841,-63.218756,1971
69.564016,-63.218756,1982
70.326819,-63.218756,1993
71.089623,-63.218756,2005
71.852426,-63.98156,2016
72.615229,-63.98156,2027
73.378032,-63.98156,2038
74.903639,-63.98156,2050
77.192049,-63.98156,2061
77.954852,-63.98156,2083
78.717655,-63.218756,2094
78.717655,-62.455953,2105
79.480458,-62.455953,2116
80.243261,-60.930347,2127
81.006065,-60.930347,2138
81.768868,-60.167543,2150
83.294474,-59.40474,2161
84.057278,-57.879134,2172
84.057278,-57.116331,2183
83.294474,-55.590724,2194
84.057278,-54.065118,2230
84.057278,-52.539511,2241
84.057278,-50.251101,2252
84.057278,-49.488298,2263
84.057278,-48.725495,2274
84.057278,-47.199889,2285
84.057278,-45.674282,2296
84.057278,-44.911479,2307
84.057278,-43.385872,2319
84.057278,-41.860266,2330
84.057278,-40.334659,2341
84.057278,-38.04625,2363
84.057278,-35.75784,2385
83.294474,-35.75784,2397
82.531671,-34.232234,2408
82.531671,-33.46943,2419
82.531671,-32.706627,2430
82.531671,-31.943824,2441
81.768868,-30.418217,2452
81.006065,-29.655414,2463
80.243261,-28.129808,2475
79.480458,-26.604201,2497
79.480458,-25.841398,2508
80.243261,-25.841398,2519
80.243261,-25.078595,2538
79.480458,-24.315791,2568
78.717655,-24.315791,2579
78.717655,-23.552988,2590
77.954852,-22.790185,2601
77.192049,-22.027382,2616
76.429245,-22.027382,2627
75.666442,-22.027382,2649
75.666442,-21.264579,2660
74.903639,-21.264579,2677
74.140836,-20.501775,2703
73.378032,-19.738972,2715
72.615229,-19.738972,2726
71.089623,-19.738972,2737
70.326819,-19.738972,2759
69.564016,-19.738972,2770
68.801213,-19.738972,2781
68.03841,-19.738972,2792
65.75,-19.738972,2804
64.224394,-19.738972,2814
63.46159,-19.738972,2826
62.698787,-19.738972,2837
61.935984,-19.738972,2848
61.173181,-19.738972,2862
60.410377,-19.738972,2873
58.884771,-20.501775,2895
58.121968,-20.501775,2906
57.359164,-21.264579,2929
56.596361,-21.264579,2940
56.596361,-22.027382,2951
55.833558,-22.027382,2962
54.307951,-22.027382,2984
53.545148,-22.027382,3007
52.782345,-22.027382,3017
52.782345,-22.790185,3029
51.256739,-22.790185,3040
51.256739,-23.552988,3051
50.493935,-23.552988,3068
49.731132,-24.315791,3090
48.968329,-24.315791,3101
48.968329,-25.078595,3112
49.731132,-25.841398,3134
49.731132,-26.604201,3145
48.968329,-26.604201,3159
48.205526,-27.367004,3170
48.205526,-28.129808,3181
48.968329,-28.892611,3192
48.968329,-29.655414,3203
48.968329,-30.418217,3215
48.968329,-31.181021,3239
48.968329,-31.943824,3283
49.731132,-31.943824,3404
BREAK
