START
48.835056,-21.298408,0
49.824446,-21.298408,455
49.824446,-22.287798,462
50.813836,-22.287798,503
50.813836,-23.277188,510
51.803226,-23.277188,982
51.803226,-24.266578,1062
BREAK
42.898716,-29.213528,3767
43.888106,-29.213528,3878
44.877496,-29.213528,3966
45.866886,-29.213528,4006
46.856276,-29.213528,4166
47.845666,-29.213528,4182
47.845666,-30.202918,4190
47.845666,-31.192308,4262
47.845666,-30.202918,4270
BREAK
54.771395,-30.202918,8719
56.750175,-30.202918,8881
57.739565,-30.202918,8894
57.739565,-31.192308,8918
58.728955,-31.192308,8926
59.718345,-31.192308,9006
59.718345,-30.202918,9078
59.718345,-29.213528,9150
59.718345,-28.224138,9183
BREAK
24.100308,-30.202918,11415
24.100308,-31.192308,11758
25.089698,-32.181698,11766
25.089698,-34.160477,11783
26.079088,-34.160477,11790
26.079088,-35.149867,11799
26.079088,-37.128647,11815
26.079088,-38.118037,11838
27.068478,-39.107427,11918
27.068478,-40.096817,11943
27.068478,-41.086207,11950
27.068478,-42.075597,11967
28.057867,-42.075597,11974
28.057867,-43.064987,11983
29.047257,-44.054377,11999
29.047257,-45.043767,12006
29.047257,-46.033156,12038
30.036647,-46.033156,12055
30.036647,-47.022546,12087
31.026037,-48.011936,12119
31.026037,-49.001326,12151
31.026037,-49.990716,12159
32.015427,-49.990716,12175
38.941157,-57.905836,12442
39.930547,-57.905836,12445
40.919936,-58.895225,12453
41.909326,-58.895225,12461
43.888106,-59.884615,12477
44.877496,-60.874005,12493
45.866886,-60.874005,12501
46.856276,-60.874005,12509
47.845666,-61.863395,12525
48.835056,-60.874005,12543
49.824446,-60.874005,12567
50.813836,-60.874005,12639
51.803226,-60.874005,12719
53.782005,-60.874005,12735
55.760785,-60.874005,12743
56.750175,-60.874005,12751
57.739565,-61.863395,12759
59.718345,-61.863395,12767
60.707735,-61.863395,12783
60.707735,-60.874005,12847
61.697125,-60.874005,12855
61.697125,-59.884615,12871
62.686515,-59.884615,12879
63.675905,-59.884615,12890
64.665295,-59.884615,12911
65.654684,-59.884615,12975
67.633464,-59.884615,12991
68.622854,-59.884615,12999
70.601634,-59.884615,13007
71.591024,-60.874005,13015
72.580414,-60.874005,13023
73.569804,-60.874005,13031
74.559194,-60.874005,13039
75.548584,-60.874005,13103
76.537974,-60.874005,13175
77.527363,-60.874005,13183
78.516753,-60.874005,13191
80.495533,-60.874005,13207
81.484923,-60.874005,13215
81.484923,-61.863395,13223
82.474313,-61.863395,13231
83.463703,-61.863395,13431
82.474313,-61.863395,13439
82.474313,-60.874005,13455
82.474313,-59.884615,13464
82.474313,-58.895225,13479
82.474313,-57.905836,13495
82.474313,-56.916446,13519
82.474313,-55.927056,13527
83.463703,-55.927056,13535
83.463703,-54.937666,13543
83.463703,-53.948276,13567
83.463703,-52.958886,13615
83.463703,-51.969496,13631
82.474313,-51.969496,13647
82.474313,-50.980106,13663
82.474313,-49.990716,13711
82.474313,-49.001326,13735
82.474313,-48.011936,13751
82.474313,-47.022546,13791
82.474313,-45.043767,13823
82.474313,-44.054377,13863
81.484923,-44.054377,13895
81.484923,-43.064987,13903
81.484923,-42.075597,13943
81.484923,-41.086207,13999
BREAK
