START
37.601083,-27.258123,0
36.698556,-27.258123,16
35.796029,-27.258123,40
34.893502,-28.16065,64
33.990975,-28.16065,72
33.990975,-29.063177,80
33.088448,-29.063177,88
33.088448,-29.965704,96
32.185921,-30.868231,104
31.283394,-32.673285,112
31.283394,-33.575812,128
31.283394,-35.380866,136
31.283394,-37.185921,152
31.283394,-38.088448,160
32.185921,-38.990975,168
32.185921,-39.893502,176
33.088448,-40.796029,184
33.990975,-40.796029,192
33.990975,-41.698556,200
34.893502,-41.698556,208
36.698556,-42.601083,216
37.601083,-42.601083,232
38.50361,-42.601083,240
39.406137,-42.601083,248
39.406137,-41.698556,256
40.308664,-40.796029,264
42.113718,-40.796029,272
43.918773,-38.990975,296
46.626354,-38.088448,304
48.431408,-36.283394,312
50.236462,-35.380866,320
50.236462,-34.478339,328
51.138989,-33.575812,336
52.041516,-31.770758,344
52.041516,-30.868231,352
52.041516,-29.965704,360
52.041516,-28.16065,368
52.041516,-27.258123,376
52.041516,-26.355596,392
52.041516,-25.453069,400
52.041516,-24.550542,408
52.041516,-23.648014,416
51.138989,-22.745487,424
50.236462,-22.745487,440
50.236462,-21.84296,448
49.333935,-21.84296,456
47.528881,-20.940433,472
46.626354,-20.940433,496
45.723827,-20.940433,504
44.8213,-20.940433,512
43.918773,-20.940433,520
43.016245,-20.940433,544
41.211191,-21.84296,552
40.308664,-22.745487,568
39.406137,-22.745487,576
38.50361,-23.648014,592
37.601083,-23.648014,616
BREAK
43.016245,-44.406137,1168
42.113718,-45.308664,1232
42.113718,-46.211191,1248
42.113718,-47.113718,1256
42.113718,-48.016245,1264
42.113718,-48.918773,1272
42.113718,-52.528881,1280
42.113718,-56.138989,1296
42.113718,-57.041516,1312
42.113718,-57.944043,1320
42.113718,-58.84657,1328
42.113718,-59.749097,1336
42.113718,-60.651625,1352
42.113718,-62.456679,1368
42.113718,-63.359206,1384
41.211191,-64.261733,1424
41.211191,-65.16426,1448
41.211191,-66.066787,1456
41.211191,-66.969314,1464
41.211191,-67.871841,1480
41.211191,-68.774368,1488
41.211191,-67.871841,1576
BREAK
20.453069,-73.287004,1904
21.355596,-73.287004,1944
22.258123,-73.287004,1960
23.16065,-73.287004,1968
24.063177,-73.287004,1976
24.965704,-73.287004,1984
25.868231,-73.287004,1992
27.673285,-73.287004,2000
32.185921,-73.287004,2008
41.211191,-73.287004,2016
44.8213,-73.287004,2024
55.651625,-73.287004,2032
70.092058,-73.287004,2040
80.922383,-73.287004,2048
85.435018,-73.287004,2064
90.850181,-73.287004,2072
89.947653,-73.287004,2128
89.045126,-73.287004,2160
88.142599,-73.287004,2200
BREAK
