START
42.023585,-28.702811,0
42.023585,-29.702811,229
43.023585,-29.702811,246
44.023585,-29.702811,281
45.023585,-29.702811,314
46.023585,-29.702811,341
47.023585,-29.702811,351
48.023585,-29.702811,372
49.023585,-29.702811,393
50.023585,-29.702811,418
51.023585,-29.702811,438
52.023585,-29.702811,463
53.023585,-29.702811,484
54.023585,-29.702811,507
55.023585,-29.702811,518
56.023585,-29.702811,546
57.023585,-29.702811,580
59.023585,-29.702811,601
60.023585,-29.702811,622
61.023585,-29.702811,633
62.023585,-29.702811,644
63.023585,-29.702811,665
64.023585,-29.702811,686
65.023585,-29.702811,702
66.023585,-29.702811,714
67.023585,-29.702811,741
68.023585,-29.702811,769
69.023585,-29.702811,795
70.023585,-29.702811,857
71.023585,-29.702811,1001
72.023585,-29.702811,1092
72.023585,-28.702811,1103
72.023585,-27.702811,1133
73.023585,-27.702811,1200
BREAK
39.023585,-24.702811,3019
BREAK
39.023585,-26.702811,3900
BREAK
39.023585,-27.702811,5612
39.023585,-28.702811,5775
40.023585,-28.702811,5796
40.023585,-29.702811,5806
41.023585,-29.702811,5817
BREAK
37.023585,-23.702811,7452
BREAK
35.023585,-22.702811,8196
BREAK
75.023585,-31.702811,13492
76.023585,-31.702811,13524
BREAK
75.023585,-32.702811,16608
75.023585,-33.702811,17008
74.023585,-33.702811,17026
74.023585,-34.702811,17037
74.023585,-35.702811,17129
74.023585,-36.702811,17218
74.023585,-37.702811,17228
73.023585,-37.702811,17328
73.023585,-38.702811,17380
73.023585,-39.702811,17460
73.023585,-40.702811,17547
73.023585,-41.702811,17630
73.023585,-42.702811,17716
73.023585,-43.702811,17851
73.023585,-44.702811,17904
73.023585,-45.702811,17923
73.023585,-46.702811,18059
72.023585,-47.702811,18179
72.023585,-48.702811,18217
72.023585,-49.702811,18250
72.023585,-50.702811,18320
72.023585,-51.702811,18362
72.023585,-52.702811,18418
72.023585,-53.702811,18463
72.023585,-54.702811,18587
72.023585,-55.702811,18652
72.023585,-56.702811,18708
72.023585,-57.702811,18749
72.023585,-58.702811,18759
72.023585,-59.702811,18787
72.023585,-60.702811,18808
73.023585,-61.702811,18855
73.023585,-62.702811,18883
73.023585,-63.702811,18919
74.023585,-63.702811,18943
74.023585,-64.702811,18979
74.023585,-65.702811,19027
75.023585,-65.702811,19051
75.023585,-66.702811,19072
75.023585,-67.702811,19113
75.023585,-68.702811,19176
75.023585,-69.702811,19199
75.023585,-70.702811,19209
75.023585,-71.702811,19243
75.023585,-72.702811,19278
75.023585,-73.702811,19308
75.023585,-74.702811,19319
75.023585,-75.702811,19378
75.023585,-76.702811,19421
75.023585,-77.702811,19491
75.023585,-78.702811,19527
75.023585,-79.702811,19563
75.023585,-80.702811,19595
75.023585,-81.702811,19624
74.023585,-81.702811,19634
73.023585,-81.702811,19645
73.023585,-82.702811,19655
72.023585,-83.702811,19689
72.023585,-84.702811,19735
72.023585,-85.702811,19798
71.023585,-85.702811,19825
71.023585,-86.702811,19883
70.023585,-86.702811,19965
69.023585,-87.702811,20033
BREAK
46.023585,-30.702811,24998
46.023585,-31.702811,25353
45.023585,-31.702811,25375
45.023585,-32.702811,25402
44.023585,-33.702811,25466
43.023585,-33.702811,25487
43.023585,-34.702811,25550
42.023585,-35.702811,25641
41.023585,-36.702811,25690
41.023585,-37.702811,25735
41.023585,-38.702811,25809
40.023585,-38.702811,25838
39.023585,-39.702811,25848
39.023585,-40.702811,25880
39.023585,-41.702811,25918
39.023585,-42.702811,25939
39.023585,-43.702811,25962
39.023585,-44.702811,25994
38.023585,-44.702811,26004
38.023585,-45.702811,26024
38.023585,-46.702811,26073
38.023585,-47.702811,26115
38.023585,-48.702811,26148
38.023585,-49.702811,26186
38.023585,-50.702811,26218
38.023585,-51.702811,26255
38.023585,-52.702811,26281
38.023585,-53.702811,26319
38.023585,-54.702811,26330
38.023585,-55.702811,26407
38.023585,-56.702811,26474
38.023585,-57.702811,26529
38.023585,-58.702811,26540
38.023585,-59.702811,26614
38.023585,-60.702811,26703
39.023585,-60.702811,26718
39.023585,-61.702811,26755
39.023585,-62.702811,26789
39.023585,-63.702811,26823
40.023585,-63.702811,26895
40.023585,-64.702811,26920
40.023585,-65.702811,26978
40.023585,-66.702811,27016
40.023585,-67.702811,27051
40.023585,-68.702811,27074
40.023585,-69.702811,27116
40.023585,-70.702811,27172
40.023585,-71.702811,27206
40.023585,-72.702811,27229
40.023585,-73.702811,27276
40.023585,-74.702811,27312
40.023585,-75.702811,27346
40.023585,-76.702811,27359
40.023585,-77.702811,27384
40.023585,-78.702811,27405
40.023585,-79.702811,27454
40.023585,-80.702811,27465
40.023585,-81.702811,27520
40.023585,-82.702811,27556
40.023585,-83.702811,27603
40.023585,-84.702811,27613
40.023585,-85.702811,27643
39.023585,-85.702811,27658
39.023585,-86.702811,27677
39.023585,-87.702811,27709
39.023585,-88.702811,27745
38.023585,-88.702811,27755
38.023585,-89.702811,27815
37.023585,-89.702811,27849
37.023585,-90.702811,27889
36.023585,-90.702811,28010
35.023585,-91.702811,28171
BREAK
