START
20.061321,-30.718876,0
21.061321,-30.718876,204
22.061321,-30.718876,250
23.061321,-30.718876,298
24.061321,-30.718876,358
25.061321,-30.718876,406
25.061321,-29.718876,418
26.061321,-29.718876,502
27.061321,-29.718876,660
BREAK
27.061321,-29.718876,1338
27.061321,-34.718876,1572
27.061321,-35.718876,1578
27.061321,-36.718876,1603
27.061321,-37.718876,1628
27.061321,-38.718876,1639
27.061321,-39.718876,1651
27.061321,-40.718876,1676
27.061321,-41.718876,1688
27.061321,-42.718876,1700
27.061321,-44.718876,1724
27.061321,-45.718876,1749
27.061321,-46.718876,1773
27.061321,-48.718876,1797
27.061321,-49.718876,1847
27.061321,-50.718876,2184
27.061321,-51.718876,2197
27.061321,-52.718876,2209
27.061321,-54.718876,2232
27.061321,-55.718876,2257
27.061321,-56.718876,2281
27.061321,-57.718876,2293
27.061321,-58.718876,2304
27.061321,-59.718876,2329
27.061321,-60.718876,2340
27.061321,-61.718876,2352
27.061321,-62.718876,2378
27.061321,-63.718876,2401
27.061321,-65.718876,2425
27.061321,-66.718876,2448
27.061321,-67.718876,2475
27.061321,-68.718876,2485
27.061321,-69.718876,2545
27.061321,-70.718876,2593
27.061321,-71.718876,2665
28.061321,-71.718876,2774
28.061321,-72.718876,2810
29.061321,-72.718876,2822
30.061321,-72.718876,2978
31.061321,-72.718876,3054
32.061321,-72.718876,3111
33.061321,-72.718876,3171
34.061321,-72.718876,3244
35.061321,-72.718876,3342
36.061321,-72.718876,3390
37.061321,-72.718876,3415
38.061321,-72.718876,3463
39.061321,-72.718876,3500
40.061321,-72.718876,3560
41.061321,-72.718876,3598
42.061321,-72.718876,3622
42.061321,-71.718876,3634
42.061321,-70.718876,3647
43.061321,-70.718876,3658
43.061321,-69.718876,3670
44.061321,-68.718876,3694
44.061321,-67.718876,3792
44.061321,-66.718876,3840
45.061321,-65.718876,3889
45.061321,-64.718876,3962
46.061321,-64.718876,4022
46.061321,-63.718876,4059
46.061321,-62.718876,4131
BREAK
37.061321,-28.718876,5579
38.061321,-28.718876,5807
38.061321,-27.718876,5819
39.061321,-27.718876,5831
39.061321,-26.718876,5843
40.061321,-26.718876,5868
41.061321,-26.718876,5969
42.061321,-26.718876,6113
43.061321,-26.718876,6245
43.061321,-25.718876,6268
44.061321,-25.718876,6622
44.061321,-26.718876,6663
44.061321,-27.718876,6683
44.061321,-28.718876,6707
44.061321,-29.718876,6732
44.061321,-30.718876,6756
44.061321,-31.718876,6792
44.061321,-32.718876,6829
44.061321,-33.718876,6853
44.061321,-34.718876,6889
44.061321,-35.718876,6925
44.061321,-37.718876,6977
44.061321,-38.718876,6998
44.061321,-40.718876,7023
44.061321,-41.718876,7037
44.061321,-42.718876,7048
44.061321,-43.718876,7059
44.061321,-44.718876,7084
44.061321,-45.718876,7375
44.061321,-46.718876,7388
44.061321,-47.718876,7412
44.061321,-48.718876,7436
44.061321,-49.718876,7449
44.061321,-50.718876,7461
44.061321,-51.718876,7485
44.061321,-53.718876,7509
44.061321,-54.718876,7533
44.061321,-55.718876,7570
44.061321,-56.718876,7595
44.061321,-57.718876,7606
44.061321,-58.718876,7631
44.061321,-59.718876,7680
44.061321,-60.718876,7704
44.061321,-61.718876,7753
44.061321,-62.718876,7789
44.061321,-63.718876,7837
44.061321,-64.718876,7862
44.061321,-65.718876,7886
45.061321,-65.718876,7975
45.061321,-66.718876,7983
46.061321,-66.718876,8032
46.061321,-67.718876,8043
47.061321,-67.718876,8070
47.061321,-68.718876,8081
48.061321,-68.718876,8131
49.061321,-68.718876,8165
50.061321,-68.718876,8579
51.061321,-68.718876,8603
52.061321,-68.718876,8615
53.061321,-68.718876,8627
55.061321,-68.718876,8652
56.061321,-68.718876,8676
57.061321,-68.718876,8712
58.061321,-68.718876,8750
59.061321,-68.718876,8773
60.061321,-68.718876,8821
61.061321,-68.718876,8870
62.061321,-68.718876,8955
63.061321,-68.718876,9016
63.061321,-67.718876,9226
63.061321,-66.718876,9308
BREAK
60.061321,-27.718876,10601
61.061321,-27.718876,10789
62.061321,-27.718876,10815
63.061321,-27.718876,10838
64.061321,-27.718876,10863
65.061321,-27.718876,10886
65.061321,-26.718876,10900
66.061321,-26.718876,10912
67.061321,-25.718876,10959
68.061321,-25.718876,10971
69.061321,-25.718876,11019
70.061321,-25.718876,11174
70.061321,-26.718876,11235
70.061321,-27.718876,11258
70.061321,-28.718876,11294
70.061321,-29.718876,11318
70.061321,-30.718876,11331
70.061321,-31.718876,11355
70.061321,-32.718876,11379
70.061321,-33.718876,11391
70.061321,-34.718876,11403
70.061321,-35.718876,11415
70.061321,-36.718876,11439
70.061321,-37.718876,11450
70.061321,-38.718876,11463
70.061321,-40.718876,11487
70.061321,-41.718876,11510
70.061321,-42.718876,11522
70.061321,-43.718876,11547
70.061321,-44.718876,11559
70.061321,-45.718876,11613
70.061321,-46.718876,11885
70.061321,-47.718876,11898
70.061321,-48.718876,11909
70.061321,-49.718876,11922
70.061321,-50.718876,11933
70.061321,-51.718876,11945
70.061321,-52.718876,11981
70.061321,-53.718876,11993
70.061321,-54.718876,12005
70.061321,-55.718876,12018
70.061321,-56.718876,12029
70.061321,-57.718876,12042
70.061321,-58.718876,12067
70.061321,-59.718876,12102
70.061321,-60.718876,12108
70.061321,-61.718876,12127
70.061321,-62.718876,12163
70.061321,-63.718876,12188
70.061321,-64.718876,12200
70.061321,-65.718876,12236
70.061321,-66.718876,12273
70.061321,-67.718876,12334
70.061321,-68.718876,12369
70.061321,-69.718876,12406
70.061321,-70.718876,12442
70.061321,-71.718876,12492
70.061321,-72.718876,12515
71.061321,-72.718876,12553
72.061321,-72.718876,12661
73.061321,-72.718876,12759
74.061321,-72.718876,12834
BREAK
