START
33.26399,-47.473181,0
33.26399,-47.869465,22
33.26399,-48.26575,48
33.26399,-47.473181,256
33.660275,-47.473181,264
33.660275,-47.076896,272
34.05656,-46.680611,288
34.05656,-46.284326,296
34.452845,-45.888041,320
34.452845,-45.491756,344
34.84913,-45.491756,360
35.245414,-45.491756,376
35.641699,-45.491756,384
36.037984,-45.491756,392
36.434269,-45.491756,408
36.830554,-45.491756,464
37.226839,-45.491756,480
37.623123,-45.491756,488
37.623123,-45.888041,504
37.623123,-46.284326,520
38.019408,-46.680611,536
38.019408,-47.076896,560
38.019408,-47.473181,568
38.019408,-47.869465,600
38.019408,-48.26575,616
38.019408,-48.662035,632
38.019408,-49.05832,640
38.019408,-49.454605,664
38.019408,-49.85089,688
38.019408,-50.247174,720
38.019408,-50.643459,736
37.623123,-51.039744,760
37.623123,-51.436029,784
37.226839,-51.832314,808
37.226839,-52.228599,816
36.830554,-52.228599,840
36.434269,-52.228599,864
36.037984,-52.228599,872
35.641699,-52.228599,904
35.245414,-52.228599,936
34.84913,-52.228599,968
34.452845,-52.228599,976
33.660275,-51.832314,984
32.867705,-51.832314,992
32.867705,-51.436029,1000
32.471421,-51.436029,1008
32.471421,-51.039744,1016
32.471421,-50.643459,1096
32.471421,-50.247174,1104
32.471421,-49.85089,1120
32.471421,-49.454605,1128
32.471421,-49.05832,1144
32.471421,-48.662035,1160
32.471421,-48.26575,1184
32.471421,-47.869465,1192
32.867705,-47.869465,1208
32.867705,-47.473181,1216
33.26399,-47.473181,1224
33.26399,-47.076896,1232
33.660275,-47.076896,1240
33.660275,-46.680611,1248
34.05656,-46.284326,1256
34.452845,-45.888041,1264
34.84913,-45.491756,1280
35.245414,-45.095472,1304
35.641699,-44.699187,1312
36.037984,-44.302902,1328
36.037984,-43.906617,1336
36.434269,-43.906617,1344
36.830554,-43.510332,1352
37.226839,-43.510332,1360
37.623123,-43.510332,1368
38.019408,-43.114048,1376
38.415693,-43.114048,1384
38.811978,-43.114048,1392
39.208263,-43.114048,1400
39.604548,-43.114048,1408
40.397117,-43.114048,1424
40.793402,-43.114048,1440
41.189687,-43.114048,1448
41.982257,-43.114048,1464
42.378541,-43.114048,1480
42.774826,-43.114048,1488
43.171111,-43.114048,1496
43.567396,-43.114048,1512
44.359966,-43.114048,1520
44.75625,-43.114048,1528
45.152535,-43.114048,1536
45.54882,-43.114048,1560
45.945105,-43.114048,1616
46.34139,-43.114048,1672
46.34139,-43.510332,1696
46.737675,-43.906617,1712
47.133959,-44.302902,1736
47.133959,-44.699187,1752
47.530244,-45.095472,1760
47.530244,-45.491756,1776
47.530244,-45.888041,1792
47.530244,-46.284326,1800
47.530244,-46.680611,1816
47.530244,-47.076896,1832
47.530244,-47.473181,1848
47.530244,-47.869465,1856
47.530244,-48.26575,1864
47.530244,-48.662035,1880
47.530244,-49.05832,1896
47.530244,-49.454605,1904
47.530244,-49.85089,1912
47.530244,-50.247174,1936
47.530244,-50.643459,1960
47.530244,-51.039744,1976
47.530244,-51.436029,2008
47.530244,-50.643459,2224
47.530244,-50.247174,2232
47.530244,-49.85089,2240
47.530244,-49.454605,2248
47.530244,-48.662035,2264
47.926529,-48.26575,2280
48.322814,-48.26575,2288
48.322814,-47.869465,2296
48.322814,-47.076896,2312
48.719099,-47.076896,2320
48.719099,-46.680611,2328
49.115383,-46.284326,2344
49.115383,-45.888041,2352
49.511668,-45.888041,2360
49.511668,-45.491756,2368
49.907953,-45.491756,2376
49.907953,-45.095472,2384
50.304238,-45.095472,2392
50.700523,-44.699187,2400
51.096808,-44.302902,2416
51.096808,-43.906617,2424
51.493092,-43.906617,2432
51.889377,-43.510332,2448
52.285662,-43.510332,2456
52.285662,-43.114048,2472
52.681947,-43.114048,2488
53.078232,-43.114048,2504
53.474517,-43.114048,2520
53.870801,-43.114048,2528
54.267086,-43.114048,2536
54.663371,-43.114048,2568
55.059656,-43.114048,2608
55.455941,-43.114048,2640
55.455941,-43.510332,2696
55.852226,-43.906617,2712
56.24851,-44.699187,2728
56.24851,-45.095472,2752
56.24851,-45.491756,2776
56.24851,-45.888041,2800
56.24851,-46.284326,2808
56.24851,-46.680611,2824
56.24851,-47.076896,2840
56.24851,-47.473181,2872
56.24851,-47.869465,2904
56.24851,-48.26575,2920
56.24851,-48.662035,2928
56.24851,-49.05832,2936
56.24851,-49.454605,2952
56.24851,-49.85089,2960
56.24851,-50.247174,2976
56.24851,-50.643459,2992
55.852226,-50.643459,3000
55.852226,-51.039744,3008
55.455941,-51.436029,3024
55.455941,-51.832314,3048
55.059656,-52.228599,3056
54.663371,-52.624883,3080
54.267086,-53.021168,3096
53.870801,-53.021168,3104
53.474517,-53.417453,3120
53.078232,-53.813738,3128
52.681947,-54.210023,3136
52.285662,-54.210023,3152
51.889377,-54.210023,3160
51.493092,-54.210023,3168
51.493092,-54.606308,3176
50.700523,-54.606308,3184
50.304238,-54.606308,3200
49.907953,-55.002592,3208
49.511668,-55.002592,3224
49.115383,-55.398877,3240
48.719099,-55.795162,3256
48.322814,-55.795162,3264
48.322814,-56.191447,3272
47.926529,-56.191447,3280
47.926529,-56.587732,3288
47.530244,-56.984017,3296
47.133959,-56.984017,3304
46.737675,-57.380301,3312
46.34139,-57.776586,3328
45.945105,-58.172871,3336
45.54882,-58.172871,3344
45.152535,-58.569156,3360
44.75625,-58.965441,3384
44.359966,-58.965441,3408
43.963681,-58.965441,3416
43.963681,-59.361726,3424
43.567396,-59.361726,3440
43.171111,-59.361726,3448
43.171111,-59.75801,3456
42.774826,-59.75801,3464
42.774826,-60.154295,3481
42.378541,-60.154295,3488
41.982257,-60.154295,3496
41.982257,-60.55058,3512
41.585972,-60.55058,3520
41.189687,-60.946865,3528
41.189687,-61.34315,3536
41.189687,-61.739435,3552
41.189687,-62.135719,3585
41.189687,-62.532004,3665
41.585972,-62.532004,3689
41.982257,-62.532004,3721
41.982257,-62.928289,3728
42.378541,-62.928289,3744
42.378541,-63.324574,3760
42.774826,-63.324574,3776
42.774826,-63.720859,3784
43.171111,-64.117143,3800
43.171111,-64.513428,3881
43.567396,-64.513428,3897
43.963681,-64.513428,3904
44.75625,-64.513428,3920
45.152535,-64.513428,3928
45.945105,-64.513428,3944
46.737675,-64.513428,3961
47.133959,-64.513428,3968
47.926529,-64.513428,3984
48.322814,-64.513428,4000
48.719099,-64.117143,4016
49.115383,-64.117143,4025
49.511668,-64.117143,4032
49.511668,-63.720859,4040
49.907953,-63.720859,4048
51.096808,-63.720859,4056
51.493092,-63.324574,4072
51.889377,-62.928289,4089
52.285662,-62.928289,4097
52.681947,-62.532004,4104
53.078232,-62.135719,4113
53.474517,-62.135719,4120
53.870801,-61.739435,4129
54.663371,-61.34315,4136
55.455941,-60.55058,4153
55.852226,-60.55058,4161
56.24851,-59.75801,4169
56.644795,-59.75801,4177
57.04108,-59.361726,4185
57.437365,-59.361726,4193
58.229935,-58.569156,4201
59.022504,-57.776586,4217
59.418789,-57.776586,4225
59.815074,-56.984017,4233
60.211359,-56.984017,4241
60.607644,-56.587732,4249
61.400213,-56.191447,4257
62.192783,-56.191447,4273
62.589068,-56.191447,4281
62.985353,-56.191447,4289
63.381637,-56.191447,4297
63.777922,-56.191447,4305
64.174207,-56.191447,4313
64.570492,-56.191447,4321
64.966777,-56.191447,4401
65.759346,-56.587732,4417
66.155631,-56.587732,4425
66.551916,-56.984017,4433
66.948201,-57.380301,4441
67.344486,-57.776586,4457
67.344486,-58.172871,4473
67.344486,-58.569156,4481
67.344486,-58.965441,4505
67.344486,-59.361726,4521
67.344486,-59.75801,4529
67.344486,-60.154295,4537
67.344486,-60.55058,4545
67.344486,-61.34315,4561
67.344486,-61.739435,4577
67.344486,-62.532004,4593
67.344486,-62.928289,4609
66.948201,-63.324574,4625
66.551916,-63.720859,4649
66.551916,-64.117143,4657
66.155631,-64.513428,4681
65.759346,-64.909713,4697
65.363062,-64.909713,4705
64.966777,-65.305998,4721
64.570492,-65.702283,4737
64.174207,-66.098568,4753
63.777922,-66.098568,4769
63.381637,-66.098568,4793
62.985353,-66.098568,4809
62.589068,-66.098568,4841
62.192783,-66.098568,4881
61.796498,-66.098568,4897
61.400213,-66.098568,4921
61.003928,-66.098568,4929
61.003928,-65.702283,5017
60.607644,-65.305998,5025
60.607644,-64.909713,5065
60.607644,-64.513428,5105
60.607644,-64.117143,5145
61.003928,-64.117143,5161
61.003928,-63.720859,5177
61.003928,-63.324574,5209
61.003928,-62.928289,5233
61.003928,-62.532004,5297
61.400213,-62.532004,5497
BREAK
