START
38.415693,-49.454605,0
38.811978,-49.454605,10
40.000832,-48.662035,20
40.397117,-48.26575,31
41.189687,-48.26575,41
41.982257,-48.26575,51
42.378541,-48.26575,61
42.774826,-48.26575,72
43.171111,-48.26575,83
43.567396,-48.662035,92
43.963681,-48.662035,113
44.359966,-49.05832,124
45.152535,-49.85089,133
45.54882,-49.85089,144
45.945105,-50.643459,154
46.34139,-51.039744,165
46.34139,-51.436029,174
46.34139,-52.228599,196
46.34139,-52.624883,216
45.945105,-52.624883,226
45.54882,-53.021168,237
45.152535,-53.021168,247
44.75625,-53.021168,257
44.359966,-53.021168,268
43.567396,-53.021168,278
43.171111,-53.021168,289
42.774826,-53.021168,298
42.378541,-53.021168,319
41.982257,-52.624883,341
41.982257,-52.228599,350
41.585972,-52.228599,371
41.189687,-51.832314,380
40.793402,-51.832314,402
40.793402,-51.436029,412
40.397117,-51.436029,432
40.397117,-51.039744,443
40.000832,-51.039744,458
39.604548,-50.643459,504
39.604548,-50.247174,538
39.208263,-49.85089,545
39.208263,-49.05832,567
39.208263,-48.662035,586
39.208263,-48.26575,610
39.208263,-47.869465,628
39.208263,-47.473181,638
39.604548,-47.473181,649
39.604548,-47.076896,659
40.000832,-47.076896,669
41.189687,-46.680611,679
41.189687,-46.284326,690
41.982257,-46.284326,701
42.774826,-45.888041,710
43.963681,-45.491756,723
44.75625,-45.491756,731
45.945105,-45.095472,742
46.737675,-44.699187,751
47.530244,-44.302902,762
48.322814,-44.302902,772
48.719099,-44.302902,783
49.511668,-44.302902,793
50.304238,-44.302902,803
51.096808,-44.699187,814
51.889377,-45.095472,824
52.681947,-45.491756,834
53.078232,-45.888041,860
53.870801,-46.284326,862
53.870801,-46.680611,865
54.267086,-46.680611,875
54.663371,-47.076896,886
55.059656,-47.473181,896
55.455941,-48.26575,907
55.852226,-49.05832,916
55.852226,-49.454605,927
56.24851,-49.85089,937
56.24851,-50.247174,948
56.24851,-50.643459,968
56.24851,-51.039744,989
56.24851,-51.436029,1020
56.24851,-51.039744,1082
55.852226,-50.643459,1102
55.455941,-50.643459,1113
55.455941,-50.247174,1123
55.059656,-50.247174,1133
54.663371,-49.85089,1143
54.663371,-49.454605,1156
54.663371,-49.05832,1164
54.663371,-48.26575,1174
54.663371,-47.869465,1184
55.059656,-47.473181,1195
55.455941,-46.284326,1206
56.24851,-45.888041,1215
56.644795,-45.095472,1226
57.437365,-44.699187,1236
58.229935,-44.302902,1254
58.626219,-43.906617,1256
59.022504,-43.510332,1269
59.815074,-43.510332,1299
60.211359,-43.510332,1308
61.003928,-43.510332,1329
61.796498,-43.510332,1339
62.589068,-43.510332,1349
63.381637,-43.510332,1360
63.777922,-43.510332,1370
64.174207,-43.510332,1380
64.570492,-43.510332,1390
64.966777,-43.906617,1421
65.363062,-44.302902,1442
65.363062,-44.699187,1453
65.759346,-45.095472,1462
66.155631,-45.491756,1473
66.155631,-46.284326,1485
66.551916,-46.680611,1494
66.948201,-47.473181,1505
66.948201,-47.869465,1514
66.948201,-48.662035,1525
66.948201,-49.05832,1535
66.948201,-49.454605,1545
66.948201,-50.247174,1555
66.551916,-51.039744,1566
65.759346,-51.832314,1576
65.759346,-52.228599,1586
64.966777,-53.021168,1597
64.174207,-53.021168,1607
62.985353,-53.813738,1618
62.192783,-54.210023,1627
60.607644,-54.210023,1638
59.418789,-54.210023,1648
57.437365,-54.210023,1659
55.852226,-54.210023,1668
53.078232,-54.210023,1679
51.889377,-54.210023,1690
49.511668,-54.606308,1700
47.926529,-55.002592,1715
46.737675,-55.398877,1721
44.75625,-55.795162,1731
43.963681,-55.795162,1741
43.171111,-55.795162,1751
42.378541,-56.191447,1761
41.585972,-56.587732,1772
40.793402,-56.587732,1782
40.793402,-56.984017,1792
40.397117,-57.380301,1803
40.397117,-57.776586,1824
40.000832,-57.776586,1833
40.000832,-58.172871,1844
39.208263,-58.569156,1865
39.208263,-58.965441,1868
39.208263,-59.75801,1874
39.208263,-60.154295,1895
39.208263,-60.55058,1906
39.208263,-60.946865,1916
39.604548,-61.34315,1926
40.397117,-62.135719,1947
40.397117,-62.532004,1958
41.585972,-63.324574,1967
42.378541,-63.720859,1978
43.171111,-64.513428,1988
44.359966,-64.513428,2002
45.945105,-64.513428,2009
47.530244,-64.513428,2019
50.304238,-64.513428,2030
51.889377,-64.513428,2040
53.474517,-64.513428,2050
54.663371,-64.513428,2060
55.455941,-64.117143,2071
56.644795,-63.720859,2081
57.04108,-63.324574,2092
57.437365,-62.928289,2101
57.437365,-62.532004,2112
58.229935,-61.739435,2123
58.626219,-61.34315,2132
59.418789,-60.55058,2143
59.815074,-60.154295,2164
59.815074,-59.75801,2173
59.815074,-59.361726,2184
59.815074,-58.965441,2225
60.211359,-58.965441,2236
60.607644,-58.172871,2246
61.003928,-58.172871,2256
61.796498,-57.776586,2266
61.796498,-57.380301,2277
62.192783,-57.380301,2287
62.589068,-56.984017,2307
62.985353,-56.984017,2310
63.777922,-56.587732,2323
64.174207,-56.587732,2329
64.966777,-56.587732,2338
64.966777,-56.587732,2349
65.363062,-56.587732,2352
66.551916,-56.587732,2359
67.344486,-56.587732,2372
68.53334,-57.380301,2379
68.929625,-57.776586,2390
69.722195,-58.172871,2401
70.118479,-58.569156,2411
70.514764,-58.965441,2421
70.911049,-59.361726,2431
71.307334,-59.75801,2442
71.703619,-59.75801,2452
71.703619,-60.154295,2462
71.703619,-60.55058,2473
71.703619,-60.946865,2493
71.703619,-61.34315,2514
71.703619,-62.135719,2535
71.307334,-62.135719,2544
70.911049,-62.928289,2562
70.118479,-63.324574,2566
69.32591,-63.720859,2576
68.929625,-63.720859,2585
68.137055,-63.720859,2596
67.74077,-63.720859,2606
67.344486,-63.720859,2637
66.948201,-63.720859,2658
66.948201,-63.324574,2678
66.551916,-63.324574,2691
66.155631,-62.928289,2709
66.155631,-62.532004,2766
65.759346,-62.532004,2782
65.759346,-62.135719,2802
65.363062,-62.135719,2823
65.363062,-61.739435,2854
64.966777,-61.739435,2864
64.966777,-61.739435,2878
BREAK
