START
40.000832,-41.528908,0
40.000832,-41.925193,63
40.397117,-41.925193,71
40.793402,-41.925193,87
40.793402,-42.321478,101
41.189687,-42.321478,103
41.189687,-42.717763,127
41.585972,-42.717763,142
41.585972,-43.114048,144
41.982257,-43.114048,151
41.982257,-43.510332,191
41.982257,-43.906617,207
41.982257,-44.302902,223
41.982257,-44.699187,247
41.982257,-45.095472,279
41.982257,-45.491756,327
41.585972,-45.491756,338
41.585972,-45.888041,351
41.189687,-45.888041,383
40.793402,-45.888041,423
40.397117,-45.888041,439
40.000832,-45.888041,471
40.000832,-45.491756,511
39.604548,-45.491756,519
39.208263,-45.491756,538
39.208263,-45.095472,543
38.811978,-45.095472,551
38.811978,-44.699187,583
38.415693,-44.699187,607
38.415693,-44.302902,615
38.415693,-43.906617,631
38.019408,-43.906617,671
38.019408,-43.510332,679
38.019408,-43.114048,703
38.019408,-42.717763,719
38.019408,-42.321478,738
38.019408,-41.925193,759
38.019408,-41.528908,783
38.415693,-41.132623,791
38.415693,-40.736339,799
38.811978,-40.736339,807
39.208263,-40.340054,818
39.604548,-39.943769,823
40.000832,-39.943769,839
40.397117,-39.547484,847
40.793402,-39.547484,863
41.585972,-39.151199,879
41.982257,-39.151199,887
42.378541,-38.754914,901
42.774826,-38.754914,903
43.171111,-38.754914,911
43.567396,-38.754914,919
43.567396,-38.35863,927
44.359966,-38.35863,942
44.75625,-38.35863,951
45.152535,-38.35863,967
45.54882,-38.35863,980
46.34139,-38.35863,992
46.737675,-38.35863,999
47.133959,-38.35863,1007
47.530244,-38.35863,1026
47.926529,-38.35863,1047
47.926529,-38.754914,1071
48.322814,-38.754914,1079
48.719099,-39.151199,1102
49.115383,-39.547484,1103
49.115383,-39.943769,1119
49.115383,-40.340054,1143
49.115383,-40.736339,1159
49.115383,-41.132623,1167
49.511668,-41.132623,1182
49.511668,-41.528908,1191
49.511668,-41.925193,1199
49.511668,-42.321478,1207
49.511668,-42.717763,1224
49.511668,-43.114048,1239
49.511668,-43.510332,1262
49.907953,-43.510332,1264
49.907953,-43.906617,1279
49.907953,-44.302902,1304
49.907953,-44.699187,1344
50.304238,-44.699187,1351
50.304238,-45.095472,1359
50.700523,-45.095472,1382
50.700523,-45.491756,1384
50.700523,-45.888041,1399
50.700523,-46.284326,1421
50.700523,-45.888041,1591
50.700523,-45.491756,1607
50.700523,-45.095472,1624
50.700523,-44.699187,1631
50.700523,-44.302902,1639
50.700523,-43.906617,1647
50.700523,-43.510332,1662
50.700523,-43.114048,1671
50.700523,-42.717763,1679
50.700523,-42.321478,1687
50.700523,-41.925193,1704
50.700523,-41.528908,1719
50.700523,-41.132623,1727
51.096808,-41.132623,1744
51.096808,-40.736339,1751
51.493092,-40.736339,1767
51.493092,-40.340054,1781
51.889377,-40.340054,1783
52.285662,-40.340054,1799
53.078232,-39.943769,1807
53.474517,-39.943769,1824
53.870801,-39.547484,1831
54.267086,-39.547484,1839
54.663371,-39.547484,1861
55.059656,-39.547484,1863
55.455941,-39.547484,1871
55.852226,-39.547484,1887
56.24851,-39.547484,1901
56.644795,-39.547484,1903
57.04108,-39.547484,1912
57.437365,-39.547484,1919
57.437365,-39.151199,1941
57.83365,-39.151199,1944
58.229935,-39.151199,1982
58.626219,-39.151199,1999
59.022504,-39.151199,2008
59.418789,-39.547484,2032
59.815074,-39.943769,2039
60.211359,-39.943769,2047
60.607644,-40.340054,2057
61.003928,-40.340054,2064
61.003928,-40.736339,2072
61.400213,-40.736339,2080
61.796498,-40.736339,2097
61.796498,-41.132623,2104
61.796498,-41.528908,2112
62.192783,-41.528908,2128
62.192783,-41.925193,2141
62.589068,-42.321478,2152
62.589068,-42.717763,2160
62.589068,-43.114048,2181
62.589068,-43.510332,2192
62.589068,-43.906617,2208
62.589068,-44.302902,2221
62.985353,-44.302902,2224
62.985353,-44.699187,2232
62.985353,-45.095472,2248
62.985353,-45.491756,2258
62.985353,-45.888041,2272
62.985353,-46.680611,2288
62.589068,-46.680611,2297
62.589068,-47.076896,2304
62.192783,-47.076896,2312
62.192783,-47.473181,2320
61.796498,-47.473181,2344
61.796498,-47.869465,2352
61.796498,-48.26575,2360
61.400213,-48.26575,2375
61.003928,-48.662035,2384
60.607644,-48.662035,2400
60.607644,-49.454605,2408
60.211359,-49.85089,2424
59.815074,-49.85089,2432
59.815074,-50.247174,2462
59.418789,-50.247174,2464
59.418789,-50.643459,2472
59.022504,-50.643459,2480
58.626219,-50.643459,2501
58.229935,-51.039744,2504
57.83365,-51.039744,2520
57.437365,-51.436029,2528
57.04108,-51.832314,2541
56.644795,-51.832314,2552
56.644795,-52.228599,2560
56.24851,-52.228599,2568
55.852226,-52.228599,2581
55.455941,-52.228599,2584
55.059656,-52.624883,2600
54.663371,-52.624883,2608
54.267086,-52.624883,2624
54.267086,-53.021168,2632
53.870801,-53.021168,2640
53.870801,-53.417453,2648
53.474517,-53.417453,2657
53.078232,-53.417453,2664
52.681947,-53.417453,2672
52.285662,-53.417453,2688
51.889377,-53.417453,2701
51.889377,-53.813738,2704
51.493092,-53.813738,2712
51.096808,-53.813738,2728
50.700523,-54.210023,2744
50.304238,-54.210023,2752
49.907953,-54.606308,2760
49.511668,-54.606308,2768
49.115383,-54.606308,2784
48.719099,-54.606308,2792
48.322814,-54.606308,2800
48.322814,-55.002592,2808
47.926529,-55.002592,2821
47.530244,-55.002592,2840
47.530244,-55.398877,2848
47.133959,-55.398877,2861
47.133959,-55.795162,2864
46.737675,-55.795162,2872
46.34139,-55.795162,2888
45.945105,-55.795162,2896
45.54882,-55.795162,2905
45.54882,-56.191447,2912
45.152535,-56.191447,2937
44.75625,-56.191447,3000
44.75625,-56.587732,3008
44.75625,-56.984017,3061
44.359966,-56.984017,3064
44.359966,-57.380301,3072
43.963681,-57.380301,3088
43.963681,-57.776586,3098
43.963681,-58.172871,3141
43.963681,-58.569156,3152
43.567396,-58.569156,3160
43.567396,-58.965441,3184
43.567396,-59.361726,3240
43.567396,-59.75801,3288
43.567396,-60.154295,3337
43.567396,-60.55058,3384
43.963681,-60.55058,3408
43.963681,-60.946865,3421
44.359966,-60.946865,3424
44.359966,-61.34315,3440
44.75625,-61.34315,3472
44.75625,-61.739435,3480
45.152535,-61.739435,3498
45.152535,-62.135719,3512
45.54882,-62.135719,3520
45.945105,-62.135719,3528
46.34139,-62.135719,3552
46.737675,-62.135719,3568
47.133959,-62.135719,3584
47.530244,-62.135719,3600
47.926529,-62.135719,3621
48.322814,-62.135719,3632
48.719099,-62.135719,3640
49.115383,-62.135719,3657
49.511668,-62.135719,3664
49.907953,-62.135719,3672
50.304238,-62.135719,3680
50.700523,-62.135719,3688
51.096808,-61.739435,3701
51.096808,-61.34315,3704
51.889377,-61.34315,3712
52.285662,-60.946865,3728
52.681947,-60.946865,3737
53.078232,-60.946865,3744
53.474517,-60.55058,3760
53.474517,-60.154295,3768
53.870801,-60.154295,3784
54.267086,-59.75801,3792
54.663371,-59.361726,3808
54.663371,-58.965441,3821
55.059656,-58.965441,3824
55.455941,-58.569156,3840
55.852226,-58.569156,3848
55.852226,-58.172871,3862
56.24851,-58.172871,3864
56.24851,-57.776586,3872
56.644795,-57.380301,3880
57.04108,-57.380301,3888
57.04108,-56.984017,3898
57.437365,-56.587732,3904
57.83365,-56.191447,3920
58.229935,-55.795162,3941
58.626219,-55.795162,3944
59.022504,-55.795162,3960
59.418789,-55.795162,3978
59.815074,-55.795162,3984
60.211359,-55.795162,4000
60.211359,-55.398877,4008
60.607644,-55.398877,4024
60.607644,-55.002592,4032
61.003928,-55.002592,4048
61.400213,-55.002592,4057
61.796498,-55.002592,4072
62.192783,-55.002592,4102
62.589068,-55.002592,4104
62.589068,-54.606308,4112
62.985353,-54.606308,4128
63.381637,-54.606308,4144
63.777922,-54.606308,4160
64.174207,-54.606308,4168
64.570492,-54.606308,4184
64.966777,-54.606308,4200
65.363062,-54.606308,4208
65.759346,-54.606308,4224
66.551916,-54.606308,4248
66.948201,-55.002592,4259
67.344486,-55.002592,4264
67.74077,-55.002592,4288
67.74077,-55.398877,4296
68.137055,-55.398877,4312
68.137055,-55.795162,4341
68.53334,-55.795162,4344
68.929625,-55.795162,4360
68.929625,-56.191447,4368
68.929625,-56.587732,4400
68.929625,-56.984017,4418
68.929625,-57.380301,4432
68.929625,-57.776586,4440
68.929625,-58.172871,4464
68.929625,-58.569156,4488
68.929625,-58.965441,4512
68.929625,-59.361726,4528
68.929625,-59.75801,4546
68.929625,-60.154295,4584
68.929625,-60.55058,4600
68.53334,-60.55058,4608
68.53334,-60.946865,4688
68.137055,-60.946865,4702
67.74077,-60.946865,4720
67.74077,-61.34315,4744
67.344486,-61.34315,4752
66.948201,-61.34315,4782
66.551916,-61.34315,4808
66.155631,-61.34315,4832
65.759346,-61.34315,4840
65.363062,-61.34315,4888
64.966777,-61.34315,4904
64.570492,-61.34315,4920
64.174207,-61.34315,4928
63.777922,-61.34315,4944
63.381637,-61.34315,4978
62.985353,-61.34315,5008
62.589068,-61.34315,5032
62.589068,-60.946865,5040
62.589068,-60.55058,5216
BREAK
