START
25.868231,-20.037906,0
25.868231,-22.745487,158
25.868231,-24.550542,167
26.770758,-27.258123,177
26.770758,-29.063177,186
26.770758,-30.868231,195
26.770758,-31.770758,204
26.770758,-32.673285,214
26.770758,-34.478339,223
26.770758,-36.283394,232
26.770758,-37.185921,242
26.770758,-38.088448,251
26.770758,-39.893502,260
26.770758,-40.796029,270
26.770758,-41.698556,279
26.770758,-43.50361,288
26.770758,-51.626354,384
26.770758,-52.528881,410
BREAK
26.770758,-35.380866,970
27.673285,-35.380866,1174
28.575812,-35.380866,1184
30.380866,-35.380866,1193
31.283394,-35.380866,1202
33.990975,-35.380866,1212
35.796029,-35.380866,1221
38.50361,-35.380866,1230
40.308664,-35.380866,1239
43.016245,-35.380866,1249
45.723827,-35.380866,1258
46.626354,-35.380866,1268
48.431408,-35.380866,1277
50.236462,-35.380866,1286
51.138989,-35.380866,1296
52.041516,-35.380866,1305
52.041516,-36.283394,1538
52.041516,-38.990975,1547
52.041516,-41.698556,1557
52.041516,-44.406137,1566
52.041516,-47.113718,1575
52.041516,-48.918773,1585
52.041516,-48.016245,1594
52.041516,-49.8213,1603
52.041516,-52.528881,1613
52.041516,-54.333935,1622
52.041516,-57.041516,1632
52.041516,-58.84657,1641
52.041516,-59.749097,1650
52.041516,-60.651625,1659
52.041516,-62.456679,1669
52.041516,-64.261733,1678
52.041516,-65.16426,1687
52.041516,-66.969314,1697
52.041516,-67.871841,1715
52.041516,-68.774368,1725
52.041516,-69.676895,1734
52.041516,-70.579422,1743
52.041516,-71.481949,1753
52.041516,-73.287004,1762
52.041516,-75.092058,1771
52.041516,-76.897112,1781
52.944043,-79.604693,1790
52.944043,-81.409747,1799
52.944043,-83.214801,1809
52.944043,-85.019856,1818
52.944043,-85.922383,1837
BREAK
