START
21.458763,-27.442285,0
20.551546,-27.442285,1096
20.551546,-28.349501,1144
19.64433,-28.349501,1208
20.551546,-28.349501,1592
20.551546,-29.256718,1840
20.551546,-30.163934,1856
BREAK
12.386598,-46.493831,2696
13.293814,-46.493831,2848
15.108247,-46.493831,2872
16.015464,-46.493831,2880
16.92268,-46.493831,2896
17.829897,-46.493831,2936
19.64433,-46.493831,2952
20.551546,-46.493831,2968
21.458763,-46.493831,2984
22.365979,-46.493831,3008
24.180412,-46.493831,3016
25.087629,-46.493831,3024
25.994845,-46.493831,3040
26.902062,-46.493831,3056
28.716495,-46.493831,3080
29.623711,-46.493831,3088
30.530928,-46.493831,3096
31.438144,-46.493831,3104
33.252577,-46.493831,3128
34.159794,-46.493831,3136
35.06701,-46.493831,3160
35.974227,-46.493831,3184
37.78866,-46.493831,3200
38.695876,-46.493831,3232
39.603093,-46.493831,3304
40.510309,-46.493831,3768
40.510309,-45.586614,3776
40.510309,-43.772182,3784
42.324742,-42.864965,3792
44.139175,-36.51445,3800
45.046392,-34.700017,3808
45.046392,-33.7928,3816
45.046392,-32.885584,3824
46.860825,-32.885584,3896
47.768041,-31.978367,3952
49.582474,-30.163934,4036
51.396907,-30.163934,4048
51.396907,-29.256718,4080
52.304124,-29.256718,4088
53.21134,-29.256718,4096
53.21134,-28.349501,4104
54.118557,-28.349501,4120
55.93299,-28.349501,4128
55.93299,-27.442285,4144
58.654639,-27.442285,4160
60.469072,-27.442285,4176
61.376289,-27.442285,4200
62.283505,-27.442285,4224
62.283505,-25.627852,4264
63.190722,-25.627852,4296
63.190722,-24.720635,4376
65.005155,-24.720635,4408
65.912371,-23.813419,4440
66.819588,-23.813419,4520
66.819588,-24.720635,4608
65.912371,-24.720635,4616
65.912371,-29.256718,4624
65.005155,-29.256718,4634
BREAK
42.324742,-46.493831,5632
42.324742,-47.401047,5760
42.324742,-48.308264,5775
40.510309,-50.122697,5799
40.510309,-51.029913,5816
40.510309,-51.93713,5832
40.510309,-52.844346,5864
40.510309,-54.658779,5880
40.510309,-55.565996,5896
40.510309,-56.473212,5912
40.510309,-57.380429,5952
40.510309,-59.194862,5968
40.510309,-60.102078,5984
40.510309,-61.009295,6000
40.510309,-61.916511,6032
40.510309,-63.730944,6040
40.510309,-64.638161,6056
40.510309,-65.545377,6064
40.510309,-66.452594,6072
40.510309,-68.267027,6120
40.510309,-69.174243,6144
40.510309,-70.08146,6152
39.603093,-70.08146,6160
39.603093,-70.988676,6176
38.695876,-70.988676,6208
38.695876,-72.803109,6216
37.78866,-72.803109,6272
35.974227,-73.710326,6304
35.06701,-73.710326,6368
35.06701,-74.617542,6376
34.159794,-74.617542,6408
33.252577,-74.617542,6424
33.252577,-75.524759,6440
31.438144,-75.524759,6464
30.530928,-75.524759,6504
30.530928,-77.339192,6520
29.623711,-77.339192,6568
28.716495,-77.339192,6600
26.902062,-77.339192,6632
25.994845,-77.339192,6664
26.902062,-77.339192,6952
BREAK
65.912371,-65.545377,7552
65.005155,-65.545377,7672
63.190722,-65.545377,7695
62.283505,-66.452594,7744
62.283505,-68.267027,7784
62.283505,-69.174243,7840
63.190722,-69.174243,8007
65.005155,-69.174243,8039
65.912371,-69.174243,8112
66.819588,-69.174243,8144
66.819588,-68.267027,8344
66.819588,-66.452594,8376
66.819588,-65.545377,8399
65.912371,-65.545377,8464
BREAK
