START
14.201031,-49.21548,0
15.108247,-49.21548,147
16.015464,-49.21548,179
16.92268,-49.21548,197
17.829897,-49.21548,231
18.737113,-49.21548,264
19.64433,-49.21548,280
21.458763,-49.21548,298
22.365979,-49.21548,314
24.180412,-49.21548,330
25.994845,-49.21548,348
26.902062,-49.21548,365
28.716495,-49.21548,383
30.530928,-49.21548,398
31.438144,-49.21548,415
32.345361,-49.21548,431
33.252577,-48.308264,448
34.159794,-48.308264,465
35.06701,-48.308264,482
36.881443,-48.308264,499
38.695876,-48.308264,515
39.603093,-48.308264,533
41.417526,-46.493831,549
43.231959,-46.493831,566
45.046392,-46.493831,583
45.953608,-46.493831,600
47.768041,-46.493831,616
48.675258,-46.493831,633
49.582474,-46.493831,650
51.396907,-45.586614,666
53.21134,-45.586614,683
55.025773,-45.586614,700
56.840206,-44.679398,717
57.747423,-44.679398,733
59.561856,-43.772182,750
61.376289,-43.772182,767
62.283505,-43.772182,784
64.097938,-43.772182,818
65.005155,-43.772182,833
65.912371,-43.772182,885
66.819588,-43.772182,902
67.726804,-42.864965,918
69.541237,-42.864965,934
70.448454,-41.957749,951
71.35567,-41.957749,969
71.35567,-41.050532,1001
73.170103,-41.050532,1036
73.170103,-39.236099,1069
74.07732,-39.236099,1087
74.07732,-38.328883,1103
74.07732,-37.421666,1120
74.07732,-36.51445,1136
74.984536,-36.51445,1152
74.984536,-35.607233,1169
74.984536,-34.700017,1204
75.891753,-33.7928,1254
75.891753,-32.885584,1271
75.891753,-31.978367,1304
76.798969,-31.071151,1337
76.798969,-30.163934,1355
76.798969,-29.256718,1371
77.706186,-29.256718,1387
77.706186,-28.349501,1404
77.706186,-27.442285,1439
77.706186,-26.535068,1556
77.706186,-24.720635,1590
77.706186,-22.906202,1606
77.706186,-19.277336,1622
77.706186,-17.462903,1640
77.706186,-16.555687,1674
BREAK
61.376289,-44.679398,2888
61.376289,-45.586614,3148
60.469072,-45.586614,3166
59.561856,-46.493831,3182
59.561856,-47.401047,3199
57.747423,-47.401047,3215
56.840206,-48.308264,3233
56.840206,-50.122697,3249
55.93299,-50.122697,3283
55.93299,-51.029913,3300
55.025773,-51.029913,3334
55.93299,-51.029913,3502
55.93299,-51.93713,3518
56.840206,-51.93713,3535
56.840206,-53.751563,3551
57.747423,-54.658779,3585
57.747423,-55.565996,3602
58.654639,-55.565996,3618
58.654639,-56.473212,3636
58.654639,-57.380429,3686
58.654639,-58.287645,3720
58.654639,-59.194862,3735
58.654639,-60.102078,3752
58.654639,-61.009295,3770
58.654639,-61.916511,3787
58.654639,-62.823728,3803
58.654639,-63.730944,3837
58.654639,-64.638161,3853
58.654639,-65.545377,3869
58.654639,-66.452594,3921
58.654639,-67.35981,3955
58.654639,-68.267027,3987
58.654639,-69.174243,4054
58.654639,-70.08146,4071
58.654639,-70.988676,4106
58.654639,-71.895893,4121
58.654639,-72.803109,4156
58.654639,-73.710326,4307
57.747423,-73.710326,4340
56.840206,-73.710326,4357
55.93299,-73.710326,4376
55.93299,-74.617542,4389
54.118557,-74.617542,4407
53.21134,-74.617542,4423
52.304124,-74.617542,4441
51.396907,-75.524759,4456
50.489691,-75.524759,4474
49.582474,-75.524759,4507
48.675258,-75.524759,4541
47.768041,-75.524759,4575
46.860825,-75.524759,4608
45.046392,-75.524759,4624
42.324742,-75.524759,4642
39.603093,-75.524759,4658
37.78866,-75.524759,4676
36.881443,-75.524759,4692
35.06701,-75.524759,4709
34.159794,-75.524759,4725
33.252577,-75.524759,4743
BREAK
80.427835,-65.545377,5984
81.335052,-65.545377,6236
81.335052,-66.452594,6252
82.242268,-66.452594,6269
82.242268,-67.35981,6285
83.149485,-68.267027,6320
84.056701,-69.174243,6352
84.056701,-70.08146,6638
84.056701,-70.988676,6672
83.149485,-70.988676,6688
82.242268,-70.988676,6739
81.335052,-71.895893,6772
80.427835,-71.895893,6872
79.520619,-72.803109,6923
78.613402,-72.803109,6957
77.706186,-72.803109,6990
76.798969,-72.803109,7057
75.891753,-72.803109,7190
75.891753,-71.895893,7225
75.891753,-70.988676,7258
75.891753,-70.08146,7275
75.891753,-69.174243,7325
76.798969,-69.174243,7427
77.706186,-69.174243,7527
78.613402,-69.174243,7628
78.613402,-68.267027,7644
79.520619,-68.267027,7678
80.427835,-68.267027,7745
BREAK
30.530928,-18.37012,8889
30.530928,-17.462903,8903
31.438144,-17.462903,9003
31.438144,-18.37012,9019
31.438144,-19.277336,9070
31.438144,-20.184553,9086
32.345361,-21.091769,9104
32.345361,-21.998986,9120
32.345361,-22.906202,9136
34.159794,-22.906202,9153
34.159794,-24.720635,9187
35.974227,-24.720635,9203
35.974227,-25.627852,9220
35.974227,-26.535068,9271
35.974227,-27.442285,9304
35.974227,-28.349501,9422
35.974227,-29.256718,9456
35.974227,-30.163934,9489
35.974227,-31.071151,9540
35.06701,-31.071151,9556
34.159794,-31.071151,9590
33.252577,-31.071151,9624
32.345361,-31.071151,9657
31.438144,-31.071151,9674
30.530928,-31.071151,9691
29.623711,-31.071151,9708
28.716495,-31.071151,9724
27.809278,-31.071151,9775
26.902062,-31.071151,9926
25.994845,-31.071151,9959
25.994845,-30.163934,10077
25.994845,-29.256718,10110
25.994845,-28.349501,10144
25.994845,-27.442285,10160
25.994845,-26.535068,10177
25.994845,-25.627852,10210
25.994845,-24.720635,10244
25.994845,-23.813419,10261
26.902062,-22.906202,10277
26.902062,-21.998986,10311
28.716495,-21.998986,10328
28.716495,-21.091769,10345
29.623711,-21.091769,10462
29.623711,-20.184553,10480
30.530928,-19.277336,10513
31.438144,-19.277336,10546
32.345361,-18.37012,10614
BREAK
32.345361,-21.998986,10920
32.345361,-22.906202,10931
32.345361,-23.813419,10966
32.345361,-24.720635,11200
31.438144,-24.720635,11234
30.530928,-24.720635,11251
29.623711,-25.627852,11267
28.716495,-25.627852,11301
27.809278,-25.627852,11335
BREAK
