START
57.683962,-22.859438,0
55.683962,-22.859438,121
54.683962,-22.859438,130
52.683962,-22.859438,140
49.683962,-22.859438,149
46.683962,-22.859438,158
42.683962,-22.859438,168
39.683962,-22.859438,177
37.683962,-22.859438,186
36.683962,-22.859438,205
35.683962,-22.859438,242
34.683962,-22.859438,298
32.683962,-22.859438,307
31.683962,-22.859438,335
31.683962,-23.859438,419
30.683962,-24.859438,429
30.683962,-25.859438,438
30.683962,-26.859438,447
30.683962,-28.859438,457
30.683962,-30.859438,466
30.683962,-32.859438,475
30.683962,-34.859438,484
30.683962,-37.859438,494
30.683962,-39.859438,504
30.683962,-42.859438,512
30.683962,-43.859438,522
30.683962,-45.859438,531
30.683962,-48.859438,540
30.683962,-50.859438,550
30.683962,-53.859438,559
30.683962,-55.859438,568
30.683962,-57.859438,578
30.683962,-60.859438,587
30.683962,-62.859438,596
30.683962,-63.859438,606
30.683962,-64.859438,624
30.683962,-65.859438,634
30.683962,-66.859438,643
30.683962,-67.859438,662
30.683962,-68.859438,671
30.683962,-69.859438,680
30.683962,-70.859438,689
30.683962,-71.859438,699
30.683962,-72.859438,708
30.683962,-73.859438,764
30.683962,-74.859438,783
30.683962,-75.859438,792
30.683962,-76.859438,820
31.683962,-76.859438,997
33.683962,-76.859438,1007
34.683962,-76.859438,1016
36.683962,-76.859438,1025
41.683962,-77.859438,1035
45.683962,-77.859438,1044
48.683962,-77.859438,1053
50.683962,-77.859438,1062
51.683962,-77.859438,1116
52.683962,-77.859438,1119
53.683962,-77.859438,1137
54.683962,-77.859438,1146
55.683962,-77.859438,1156
56.683962,-77.859438,1258
57.683962,-77.859438,1361
58.683962,-77.859438,1380
59.683962,-77.859438,1389
60.683962,-77.859438,1398
BREAK
