START
58.683962,-16.859438,0
57.683962,-16.859438,184
56.683962,-16.859438,204
55.683962,-16.859438,224
54.683962,-16.859438,234
53.683962,-16.859438,244
52.683962,-16.859438,254
51.683962,-16.859438,264
50.683962,-16.859438,274
49.683962,-16.859438,294
48.683962,-16.859438,304
47.683962,-16.859438,324
46.683962,-16.859438,334
45.683962,-16.859438,344
43.683962,-16.859438,364
42.683962,-16.859438,384
40.683962,-16.859438,394
39.683962,-16.859438,414
38.683962,-16.859438,424
37.683962,-16.859438,434
36.683962,-16.859438,454
36.683962,-17.859438,466
35.683962,-17.859438,478
34.683962,-17.859438,497
33.683962,-17.859438,517
32.683962,-17.859438,587
32.683962,-18.859438,667
32.683962,-20.859438,688
32.683962,-22.859438,700
32.683962,-24.859438,710
32.683962,-27.859438,720
32.683962,-29.859438,730
32.683962,-32.859438,740
33.683962,-35.859438,750
34.683962,-37.859438,760
35.683962,-40.859438,769
35.683962,-43.859438,781
36.683962,-45.859438,789
37.683962,-46.859438,799
37.683962,-48.859438,809
38.683962,-50.859438,820
38.683962,-51.859438,831
39.683962,-52.859438,842
39.683962,-54.859438,852
39.683962,-55.859438,862
40.683962,-56.859438,872
40.683962,-57.859438,882
41.683962,-58.859438,892
41.683962,-59.859438,902
41.683962,-60.859438,912
41.683962,-61.859438,922
41.683962,-62.859438,932
42.683962,-63.859438,942
42.683962,-64.859438,953
43.683962,-66.859438,973
43.683962,-67.859438,992
43.683962,-69.859438,1012
43.683962,-70.859438,1032
43.683962,-71.859438,1065
44.683962,-71.859438,1076
44.683962,-72.859438,1099
44.683962,-73.859438,1134
44.683962,-74.859438,1144
44.683962,-75.859438,1183
44.683962,-76.859438,1270
45.683962,-76.859438,1281
46.683962,-77.859438,1300
47.683962,-78.859438,1309
50.683962,-79.859438,1320
53.683962,-80.859438,1329
57.683962,-80.859438,1340
61.683962,-81.859438,1350
63.683962,-81.859438,1361
65.683962,-81.859438,1372
68.683962,-81.859438,1382
69.683962,-81.859438,1393
71.683962,-81.859438,1415
72.683962,-81.859438,1456
BREAK
