START
23.110918,-29.213528,0
24.100308,-29.213528,186
25.089698,-29.213528,196
27.068478,-29.213528,207
31.026037,-29.213528,217
33.004817,-29.213528,228
33.994207,-29.213528,239
34.983597,-29.213528,250
35.972987,-29.213528,259
36.962377,-29.213528,270
37.951767,-29.213528,281
38.941157,-29.213528,292
41.909326,-29.213528,302
45.866886,-29.213528,313
46.856276,-29.213528,329
49.824446,-29.213528,334
50.813836,-29.213528,345
51.803226,-29.213528,355
52.792615,-29.213528,374
55.760785,-29.213528,426
56.750175,-29.213528,437
57.739565,-29.213528,448
62.686515,-29.213528,459
65.654684,-29.213528,469
67.633464,-29.213528,480
70.601634,-29.213528,490
71.591024,-29.213528,505
73.569804,-29.213528,515
74.559194,-29.213528,549
76.537974,-29.213528,560
77.527363,-29.213528,571
78.516753,-29.213528,588
79.506143,-29.213528,597
80.495533,-29.213528,645
81.484923,-29.213528,903
82.474313,-29.213528,966
84.453093,-29.213528,999
BREAK
63.675905,-32.181698,3043
61.697125,-32.181698,3148
61.697125,-33.171088,3201
61.697125,-34.160477,3229
59.718345,-34.160477,3240
58.728955,-35.149867,3317
57.739565,-36.139257,3345
56.750175,-36.139257,3356
55.760785,-36.139257,3405
54.771395,-37.128647,3440
53.782005,-38.118037,3473
51.803226,-39.107427,3484
50.813836,-39.107427,3494
49.824446,-39.107427,3510
49.824446,-40.096817,3521
49.824446,-41.086207,3538
47.845666,-41.086207,3548
47.845666,-42.075597,3558
45.866886,-42.075597,3569
45.866886,-43.064987,3595
45.866886,-44.054377,3613
43.888106,-44.054377,3624
43.888106,-45.043767,3651
41.909326,-45.043767,3664
40.919936,-46.033156,3677
40.919936,-47.022546,3687
40.919936,-48.011936,3710
38.941157,-49.001326,3720
38.941157,-49.990716,3735
38.941157,-50.980106,3746
36.962377,-51.969496,3765
35.972987,-53.948276,3780
35.972987,-54.937666,3791
35.972987,-55.927056,3805
35.972987,-56.916446,3816
35.972987,-57.905836,3830
35.972987,-58.895225,3841
35.972987,-59.884615,3851
35.972987,-61.863395,3861
35.972987,-62.852785,3883
35.972987,-63.842175,3894
35.972987,-64.831565,3912
35.972987,-65.820955,3923
35.972987,-66.810345,3933
36.962377,-67.799735,3943
37.951767,-69.778515,3954
37.951767,-70.767905,3965
37.951767,-71.757294,3976
37.951767,-72.746684,3996
38.941157,-73.736074,4007
38.941157,-74.725464,4016
39.930547,-75.714854,4037
39.930547,-76.704244,4050
40.919936,-76.704244,4068
40.919936,-78.683024,4082
40.919936,-79.672414,4092
41.909326,-79.672414,4103
42.898716,-79.672414,4129
43.888106,-79.672414,4163
44.877496,-79.672414,4174
44.877496,-80.661804,4193
44.877496,-81.651194,4212
45.866886,-81.651194,4222
47.845666,-81.651194,4243
48.835056,-81.651194,4269
49.824446,-81.651194,4279
50.813836,-81.651194,4295
52.792615,-81.651194,4305
53.782005,-81.651194,4316
54.771395,-81.651194,4327
55.760785,-81.651194,4338
56.750175,-81.651194,4347
57.739565,-81.651194,4358
58.728955,-81.651194,4369
60.707735,-81.651194,4380
61.697125,-81.651194,4390
62.686515,-81.651194,4403
63.675905,-81.651194,4414
64.665295,-81.651194,4439
65.654684,-81.651194,4457
66.644074,-79.672414,4478
68.622854,-78.683024,4488
69.612244,-78.683024,4499
71.591024,-78.683024,4509
72.580414,-76.704244,4539
73.569804,-76.704244,4550
75.548584,-76.704244,4560
76.537974,-74.725464,4601
78.516753,-73.736074,4611
79.506143,-73.736074,4622
79.506143,-71.757294,4633
80.495533,-70.767905,4671
81.484923,-69.778515,4681
81.484923,-68.789125,4697
81.484923,-67.799735,4737
81.484923,-66.810345,4765
81.484923,-65.820955,4776
81.484923,-63.842175,4818
81.484923,-62.852785,4828
79.506143,-62.852785,4841
78.516753,-60.874005,4853
78.516753,-59.884615,4873
78.516753,-58.895225,4883
76.537974,-57.905836,4893
76.537974,-56.916446,4915
76.537974,-55.927056,4974
76.537974,-54.937666,4985
74.559194,-52.958886,4996
74.559194,-51.969496,5118
BREAK
61.697125,-61.863395,6058
BREAK
