START
37.951767,-25.255968,0
38.941157,-25.255968,96
39.930547,-25.255968,107
41.909326,-25.255968,120
43.888106,-25.255968,132
45.866886,-25.255968,144
48.835056,-25.255968,156
51.803226,-25.255968,168
52.792615,-25.255968,181
53.782005,-25.255968,194
54.771395,-25.255968,204
56.750175,-25.255968,216
57.739565,-25.255968,242
59.718345,-25.255968,254
60.707735,-25.255968,277
61.697125,-25.255968,290
62.686515,-25.255968,302
61.697125,-25.255968,532
60.707735,-26.245358,544
59.718345,-27.234748,569
58.728955,-28.224138,581
57.739565,-29.213528,593
57.739565,-30.202918,605
55.760785,-31.192308,617
54.771395,-32.181698,628
53.782005,-33.171088,641
52.792615,-35.149867,653
50.813836,-36.139257,666
49.824446,-37.128647,677
48.835056,-38.118037,690
47.845666,-40.096817,702
46.856276,-41.086207,714
44.877496,-43.064987,726
43.888106,-45.043767,738
41.909326,-47.022546,750
40.919936,-48.011936,762
39.930547,-50.980106,774
37.951767,-52.958886,786
37.951767,-53.948276,798
36.962377,-55.927056,811
35.972987,-56.916446,822
35.972987,-57.905836,835
35.972987,-59.884615,847
35.972987,-60.874005,859
35.972987,-62.852785,871
35.972987,-63.842175,884
35.972987,-65.820955,896
35.972987,-66.810345,908
36.962377,-67.799735,920
37.951767,-69.778515,932
39.930547,-70.767905,945
40.919936,-72.746684,957
42.898716,-73.736074,969
45.866886,-74.725464,981
47.845666,-75.714854,992
49.824446,-76.704244,1005
51.803226,-78.683024,1017
53.782005,-78.683024,1030
56.750175,-78.683024,1041
59.718345,-79.672414,1052
61.697125,-79.672414,1066
63.675905,-79.672414,1078
65.654684,-79.672414,1090
66.644074,-79.672414,1101
68.622854,-79.672414,1113
69.612244,-79.672414,1138
71.591024,-79.672414,1150
72.580414,-79.672414,1162
73.569804,-79.672414,1174
74.559194,-78.683024,1186
74.559194,-77.693634,1198
75.548584,-77.693634,1211
76.537974,-77.693634,1222
BREAK
51.803226,-56.916446,2083
BREAK
64.665295,-49.990716,2434
BREAK
63.675905,-59.884615,2846
BREAK
