START
20.582876,-48.26575,0
20.979161,-48.26575,168
21.375445,-48.26575,177
21.77173,-48.26575,187
22.168015,-48.26575,196
22.168015,-48.662035,205
22.168015,-49.05832,214
22.5643,-49.454605,224
22.960585,-49.85089,233
23.35687,-49.85089,242
23.35687,-50.247174,252
23.35687,-50.643459,261
23.753154,-51.039744,270
23.753154,-51.436029,289
23.753154,-51.832314,298
23.753154,-52.228599,308
23.753154,-53.021168,317
23.753154,-53.417453,326
23.753154,-53.813738,336
23.753154,-54.210023,345
23.753154,-54.606308,354
23.753154,-55.002592,364
23.753154,-55.398877,373
23.35687,-55.398877,382
22.960585,-55.398877,392
22.5643,-55.398877,401
21.77173,-55.398877,410
21.375445,-55.398877,429
20.979161,-55.398877,438
20.582876,-55.398877,448
20.186591,-55.398877,457
19.790306,-55.398877,476
19.394021,-55.398877,485
18.997736,-55.398877,504
18.601452,-55.002592,513
18.601452,-54.606308,522
18.205167,-54.210023,532
17.412597,-53.813738,541
17.412597,-53.417453,550
17.016312,-53.417453,560
16.620027,-53.021168,578
16.620027,-52.624883,588
16.223743,-52.228599,597
16.223743,-51.436029,606
16.223743,-51.039744,625
16.223743,-50.643459,634
16.223743,-50.247174,644
16.223743,-49.85089,653
16.223743,-49.454605,662
16.223743,-49.05832,672
16.223743,-48.26575,681
16.223743,-47.473181,690
16.223743,-47.076896,700
16.223743,-46.680611,709
16.223743,-46.284326,718
16.620027,-45.491756,728
16.620027,-44.699187,737
17.016312,-44.302902,756
17.808882,-43.510332,765
18.205167,-42.717763,774
18.601452,-42.321478,784
18.997736,-41.925193,793
19.394021,-41.528908,812
19.790306,-41.528908,821
22.960585,-40.340054,907
23.753154,-40.340054,924
24.149439,-40.340054,933
24.545724,-40.340054,942
24.942009,-40.340054,952
25.338294,-40.340054,961
26.130863,-40.340054,970
26.923433,-40.340054,980
27.716003,-40.340054,989
28.508572,-40.340054,998
28.904857,-40.340054,1017
29.301142,-40.340054,1026
29.697427,-40.340054,1045
30.093712,-40.736339,1054
30.093712,-41.132623,1064
30.886281,-41.528908,1073
31.282566,-42.321478,1082
31.678851,-43.114048,1092
32.075136,-43.114048,1101
32.471421,-43.510332,1110
32.471421,-43.906617,1120
32.471421,-44.699187,1129
32.471421,-45.095472,1138
32.471421,-45.491756,1148
32.471421,-45.888041,1157
32.471421,-46.284326,1166
32.471421,-46.680611,1176
32.471421,-47.076896,1185
32.471421,-47.473181,1204
32.471421,-47.869465,1213
32.471421,-48.26575,1222
32.471421,-48.662035,1232
32.471421,-49.05832,1260
32.471421,-49.454605,1269
32.471421,-49.85089,1297
32.471421,-50.247174,1316
32.471421,-50.643459,1334
32.471421,-51.039744,1344
32.471421,-51.436029,1353
32.471421,-51.832314,1362
32.471421,-52.228599,1390
32.471421,-52.624883,1400
32.471421,-53.021168,1418
32.471421,-53.417453,1428
32.471421,-53.813738,1456
32.075136,-54.210023,1474
32.075136,-54.606308,1484
32.075136,-55.002592,1502
32.075136,-55.398877,1521
32.471421,-55.398877,1810
32.867705,-55.398877,1820
33.26399,-55.398877,1838
33.660275,-55.398877,1848
34.05656,-55.398877,1857
34.452845,-55.398877,1866
35.245414,-55.398877,1876
36.037984,-55.398877,1885
36.434269,-55.398877,1894
37.623123,-55.398877,1904
38.415693,-55.398877,1913
39.208263,-55.398877,1922
40.000832,-55.398877,1932
41.189687,-55.398877,1941
41.585972,-55.398877,1950
41.982257,-55.398877,1960
42.774826,-55.398877,1969
43.567396,-55.398877,1978
44.359966,-55.398877,1988
45.152535,-55.398877,1997
45.54882,-55.398877,2006
46.34139,-55.398877,2016
47.133959,-55.398877,2025
47.926529,-55.398877,2034
48.719099,-55.398877,2044
49.115383,-55.398877,2053
49.511668,-55.398877,2081
49.907953,-55.398877,2090
50.304238,-55.398877,2109
50.700523,-55.398877,2118
51.096808,-55.398877,2128
51.493092,-55.398877,2137
51.889377,-55.398877,2146
52.285662,-55.398877,2156
52.285662,-55.002592,2417
52.285662,-54.606308,2426
52.285662,-54.210023,2436
52.285662,-53.417453,2445
52.285662,-52.624883,2463
52.285662,-52.228599,2473
52.285662,-51.436029,2482
51.889377,-50.643459,2492
51.889377,-49.85089,2510
51.493092,-49.05832,2520
51.493092,-48.662035,2529
51.493092,-47.869465,2538
51.493092,-47.473181,2548
51.493092,-47.076896,2557
51.493092,-46.284326,2566
51.493092,-45.491756,2576
51.493092,-45.095472,2585
51.493092,-44.302902,2603
51.493092,-43.906617,2613
51.493092,-43.114048,2622
51.493092,-42.321478,2641
51.493092,-41.925193,2650
51.493092,-41.528908,2660
51.493092,-41.132623,2678
51.493092,-40.736339,2688
51.493092,-40.340054,2697
51.493092,-39.943769,2706
51.889377,-39.547484,2725
52.285662,-39.151199,2734
52.681947,-39.151199,2744
53.078232,-38.754914,2753
53.078232,-38.35863,2762
53.474517,-38.35863,2772
53.870801,-38.35863,2790
54.267086,-38.35863,2837
54.663371,-38.35863,2856
55.059656,-38.35863,2865
55.455941,-38.35863,2874
55.852226,-38.35863,2884
56.644795,-38.35863,2893
57.04108,-38.35863,2921
57.437365,-38.35863,2930
57.83365,-38.35863,2940
57.83365,-38.754914,2958
58.229935,-38.754914,2968
58.626219,-38.754914,2977
59.022504,-39.151199,2986
59.022504,-39.547484,2996
59.022504,-39.943769,3005
59.418789,-40.340054,3014
59.815074,-41.132623,3033
60.211359,-41.132623,3042
60.211359,-41.528908,3052
60.211359,-41.925193,3061
60.211359,-42.321478,3070
60.607644,-43.114048,3080
61.003928,-43.114048,3089
61.003928,-43.510332,3098
61.003928,-44.302902,3108
61.003928,-45.095472,3117
61.003928,-45.491756,3126
61.003928,-45.888041,3136
61.003928,-46.680611,3145
61.003928,-47.076896,3154
61.003928,-47.869465,3164
61.003928,-48.26575,3173
61.003928,-48.662035,3182
61.003928,-49.05832,3192
61.003928,-49.454605,3201
61.003928,-49.85089,3210
61.003928,-50.247174,3238
61.003928,-50.643459,3462
61.400213,-50.247174,3472
61.400213,-49.85089,3481
61.400213,-49.454605,3490
61.400213,-49.05832,3500
61.400213,-48.662035,3509
61.400213,-48.26575,3518
61.400213,-47.869465,3528
61.400213,-47.473181,3537
61.400213,-47.076896,3547
61.400213,-46.680611,3565
61.400213,-46.284326,3584
61.400213,-45.888041,3593
61.400213,-45.491756,3602
61.400213,-45.095472,3621
61.400213,-44.699187,3630
61.400213,-44.302902,3640
61.400213,-43.906617,3649
61.400213,-43.510332,3658
61.400213,-43.114048,3677
61.400213,-42.717763,3686
61.400213,-41.925193,3696
61.400213,-41.132623,3714
61.400213,-40.736339,3733
61.400213,-40.340054,3742
61.400213,-39.943769,3752
61.400213,-39.547484,3761
61.400213,-39.151199,3789
61.796498,-38.754914,3826
62.192783,-38.754914,3836
62.192783,-38.35863,3845
62.589068,-37.962345,3882
62.985353,-37.962345,3911
63.381637,-37.962345,3929
63.777922,-37.56606,3948
64.570492,-37.56606,3966
64.966777,-37.56606,3976
65.759346,-37.56606,3985
66.155631,-37.56606,3994
66.551916,-37.56606,4004
67.344486,-37.56606,4013
67.74077,-37.56606,4022
68.137055,-37.56606,4041
68.929625,-37.56606,4079
69.32591,-37.56606,4088
69.722195,-37.56606,4097
70.118479,-37.56606,4107
70.514764,-37.56606,4116
70.911049,-37.56606,4125
71.307334,-37.56606,4134
71.703619,-37.56606,4144
72.099904,-37.56606,4181
72.496188,-37.962345,4200
72.892473,-38.35863,4209
73.288758,-38.754914,4219
73.685043,-39.151199,4228
74.477613,-39.547484,4247
74.477613,-39.943769,4256
74.477613,-40.736339,4265
74.873897,-41.132623,4275
74.873897,-41.528908,4293
75.270182,-42.321478,4303
75.666467,-42.717763,4312
76.062752,-43.114048,4321
76.062752,-43.906617,4340
76.459037,-44.699187,4349
76.855322,-45.095472,4359
76.855322,-45.491756,4368
76.855322,-46.284326,4377
77.251606,-47.076896,4396
77.647891,-47.473181,4415
77.647891,-47.869465,4433
77.647891,-48.26575,4443
77.647891,-48.662035,4452
77.647891,-49.05832,4461
77.647891,-49.454605,4489
77.647891,-49.85089,4499
77.647891,-50.247174,4508
77.647891,-50.643459,4517
77.647891,-51.039744,4527
77.647891,-51.436029,4555
77.647891,-51.832314,4564
77.647891,-52.228599,4573
77.647891,-52.624883,4583
77.647891,-53.021168,4601
77.647891,-53.417453,4611
77.647891,-53.813738,4620
77.251606,-54.210023,4629
77.251606,-54.606308,4648
77.251606,-55.002592,4667
76.855322,-55.398877,4676
76.855322,-55.795162,4695
76.855322,-56.191447,4713
76.459037,-56.587732,4723
76.459037,-56.984017,4732
76.062752,-57.380301,4741
75.666467,-57.776586,4760
75.270182,-58.172871,4779
75.270182,-58.569156,4788
74.873897,-58.569156,4797
74.477613,-58.965441,4816
73.685043,-58.965441,4825
73.288758,-59.361726,4835
72.892473,-59.361726,4844
72.496188,-59.75801,4853
72.099904,-59.75801,4872
71.703619,-60.154295,4881
71.307334,-60.154295,4891
70.911049,-60.154295,4900
70.911049,-60.55058,4909
70.118479,-60.55058,4919
69.722195,-60.55058,4928
69.32591,-60.946865,4937
68.929625,-60.946865,4947
68.137055,-60.946865,4965
67.74077,-60.946865,4984
67.344486,-60.946865,4993
66.948201,-60.946865,5012
66.551916,-60.946865,5021
66.155631,-60.946865,5040
65.759346,-60.946865,5049
65.363062,-60.946865,5059
64.966777,-60.946865,5068
64.174207,-60.946865,5087
63.777922,-60.946865,5096
63.381637,-60.946865,5105
62.985353,-60.946865,5115
62.192783,-60.946865,5133
61.796498,-60.946865,5143
60.607644,-60.946865,5152
60.211359,-60.946865,5161
59.418789,-60.946865,5171
58.626219,-60.946865,5180
57.83365,-60.946865,5189
57.04108,-60.946865,5199
56.644795,-60.946865,5208
56.24851,-60.946865,5218
55.852226,-60.946865,5227
55.455941,-60.946865,5236
55.059656,-60.946865,5245
54.267086,-60.946865,5255
53.474517,-60.946865,5264
52.681947,-60.946865,5283
51.889377,-60.946865,5292
51.096808,-60.946865,5301
50.700523,-60.946865,5311
50.304238,-60.946865,5320
49.907953,-60.946865,5329
49.511668,-60.946865,5339
49.115383,-60.946865,5367
48.719099,-60.946865,5376
48.322814,-60.946865,5395
47.926529,-60.946865,5404
47.530244,-60.946865,5413
46.737675,-61.34315,5423
46.34139,-61.34315,5441
45.945105,-61.34315,5451
45.54882,-61.34315,5460
45.152535,-61.34315,5469
44.75625,-61.34315,5497
44.359966,-61.34315,5507
43.567396,-61.34315,5516
42.774826,-61.34315,5525
41.982257,-61.34315,5544
41.189687,-61.34315,5554
40.793402,-61.34315,5563
40.000832,-61.34315,5572
39.604548,-61.34315,5591
38.811978,-61.34315,5600
38.415693,-61.34315,5609
38.019408,-61.34315,5619
37.623123,-61.34315,5628
36.830554,-61.34315,5637
36.037984,-61.34315,5647
35.641699,-61.34315,5656
35.245414,-61.34315,5665
34.84913,-61.34315,5675
34.05656,-61.34315,5684
33.26399,-61.34315,5693
32.867705,-61.34315,5703
32.471421,-61.34315,5712
32.075136,-61.34315,5721
31.282566,-61.34315,5731
30.489996,-61.34315,5740
30.093712,-61.34315,5749
29.697427,-61.34315,5768
29.301142,-61.34315,5777
28.904857,-61.34315,5787
28.508572,-61.34315,5796
28.112288,-61.34315,5805
27.319718,-61.34315,5824
26.923433,-61.34315,5843
BREAK
