START
34.133219,-55.770415,0
38.274633,-55.770415,36
47.385744,-54.113849,71
50.698876,-51.629001,107
50.698876,-49.972435,109
52.355441,-47.487587,144
52.355441,-45.002738,180
52.355441,-41.689607,215
52.355441,-39.204758,252
51.527158,-39.204758,325
50.698876,-39.204758,363
49.870593,-39.204758,401
49.04231,-42.51789,439
49.04231,-45.002738,476
49.04231,-46.659304,516
50.698876,-49.144152,557
52.355441,-51.629001,598
54.012007,-52.457284,639
54.84029,-53.285567,680
58.981704,-53.285567,720
61.466552,-53.285567,756
63.123118,-53.285567,791
67.264532,-51.629001,826
70.577663,-49.144152,862
70.577663,-47.487587,897
70.577663,-45.831021,933
69.749381,-40.861324,968
68.921098,-39.204758,1004
68.092815,-39.204758,1039
BREAK
