START
27.506956,-56.598698,0
28.335239,-57.426981,39
29.163522,-58.255263,63
29.991805,-59.083546,87
29.991805,-59.911829,95
30.820088,-60.740112,111
31.64837,-60.740112,127
32.476653,-60.740112,143
32.476653,-61.568395,151
33.304936,-61.568395,183
34.133219,-61.568395,207
34.961502,-61.568395,215
35.789785,-61.568395,223
36.618067,-61.568395,239
37.44635,-61.568395,247
38.274633,-61.568395,279
39.102916,-61.568395,303
39.931199,-61.568395,335
39.931199,-60.740112,343
40.759482,-60.740112,351
41.587764,-60.740112,367
41.587764,-59.911829,375
42.416047,-59.911829,391
42.416047,-59.083546,415
43.24433,-59.083546,423
44.072613,-58.255263,439
44.900896,-58.255263,455
44.900896,-57.426981,471
45.729179,-57.426981,479
45.729179,-56.598698,487
46.557461,-56.598698,503
46.557461,-55.770415,511
47.385744,-55.770415,528
47.385744,-54.942132,536
48.214027,-54.942132,544
48.214027,-54.113849,551
48.214027,-53.285567,559
49.04231,-53.285567,575
49.04231,-52.457284,584
49.04231,-51.629001,599
49.04231,-50.800718,615
49.04231,-49.972435,623
49.04231,-49.144152,647
49.04231,-48.31587,663
49.04231,-47.487587,687
49.04231,-46.659304,696
49.04231,-45.831021,712
48.214027,-45.831021,720
48.214027,-45.002738,728
48.214027,-44.174455,751
47.385744,-43.346173,760
47.385744,-42.51789,783
46.557461,-41.689607,807
46.557461,-40.861324,832
46.557461,-41.689607,1031
46.557461,-42.51789,1056
47.385744,-43.346173,1072
47.385744,-44.174455,1087
47.385744,-45.002738,1104
48.214027,-45.002738,1112
48.214027,-45.831021,1128
48.214027,-46.659304,1144
49.04231,-46.659304,1168
49.04231,-47.487587,1176
49.04231,-48.31587,1184
49.04231,-49.144152,1208
49.870593,-49.972435,1224
50.698876,-50.800718,1240
50.698876,-51.629001,1248
50.698876,-52.457284,1272
51.527158,-52.457284,1280
51.527158,-53.285567,1288
52.355441,-54.113849,1304
52.355441,-54.942132,1312
53.183724,-54.942132,1320
54.012007,-55.770415,1336
54.84029,-56.598698,1360
55.668573,-56.598698,1392
55.668573,-57.426981,1416
56.496855,-58.255263,1432
57.325138,-58.255263,1440
58.153421,-58.255263,1456
58.981704,-58.255263,1472
58.981704,-59.083546,1480
59.809987,-59.083546,1496
60.638269,-59.083546,1504
61.466552,-59.083546,1520
62.294835,-59.083546,1528
63.123118,-59.083546,1544
63.951401,-59.083546,1552
64.779684,-59.083546,1584
65.607966,-59.083546,1616
66.436249,-59.083546,1640
66.436249,-58.255263,1648
67.264532,-58.255263,1656
67.264532,-57.426981,1680
68.092815,-57.426981,1704
68.092815,-56.598698,1728
68.921098,-56.598698,1736
69.749381,-56.598698,1760
69.749381,-55.770415,1768
70.577663,-54.942132,1784
70.577663,-54.113849,1792
70.577663,-53.285567,1816
71.405946,-53.285567,1824
71.405946,-51.629001,1840
71.405946,-50.800718,1864
71.405946,-49.972435,1888
71.405946,-49.144152,1904
71.405946,-48.31587,1912
71.405946,-47.487587,1936
71.405946,-46.659304,1952
70.577663,-45.831021,1968
70.577663,-45.002738,1976
69.749381,-44.174455,2000
69.749381,-43.346173,2016
68.921098,-42.51789,2040
68.092815,-41.689607,2072
68.092815,-40.861324,2096
67.264532,-40.861324,2120
67.264532,-40.033041,2128
66.436249,-40.033041,2136
66.436249,-39.204758,2144
65.607966,-39.204758,2160
65.607966,-38.376476,2168
64.779684,-37.548193,2184
BREAK
