START
24.992386,-27.498593,0
26.799492,-27.498593,72
27.703046,-27.498593,83
28.606599,-28.402147,91
30.413706,-28.402147,99
32.220812,-28.402147,107
34.027919,-29.3057,117
34.931472,-29.3057,123
36.738579,-29.3057,131
37.642132,-29.3057,139
37.642132,-30.209253,147
39.449239,-30.209253,156
39.449239,-31.112807,163
39.449239,-32.01636,171
40.352792,-32.01636,179
40.352792,-32.919913,193
40.352792,-34.72702,203
40.352792,-35.630573,211
41.256345,-36.534126,219
41.256345,-37.43768,232
41.256345,-39.244786,243
41.256345,-40.14834,251
41.256345,-41.051893,259
41.256345,-41.955446,273
40.352792,-41.955446,275
40.352792,-43.762553,283
39.449239,-44.666106,299
38.545685,-44.666106,307
38.545685,-45.569659,320
37.642132,-46.473213,323
35.835025,-47.376766,339
34.931472,-47.376766,356
34.027919,-48.280319,363
33.124365,-48.280319,371
32.220812,-48.280319,379
32.220812,-49.183873,387
30.413706,-49.183873,397
28.606599,-49.183873,411
27.703046,-49.183873,419
26.799492,-49.183873,433
24.992386,-49.183873,435
23.185279,-49.183873,443
22.281726,-49.183873,451
21.378173,-49.183873,459
21.378173,-50.087426,467
20.474619,-50.087426,481
BREAK
26.799492,-50.087426,859
27.703046,-50.087426,867
28.606599,-50.087426,883
29.510152,-50.087426,916
29.510152,-50.990979,952
29.510152,-51.894532,955
30.413706,-51.894532,963
30.413706,-52.798086,979
31.317259,-52.798086,993
32.220812,-53.701639,995
32.220812,-54.605192,1003
32.220812,-55.508746,1011
33.124365,-56.412299,1032
33.124365,-57.315852,1035
33.124365,-58.219406,1051
33.124365,-59.122959,1072
33.124365,-60.026512,1075
34.027919,-60.930065,1083
34.931472,-62.737172,1099
34.931472,-63.640725,1120
34.931472,-64.544279,1123
34.931472,-65.447832,1131
35.835025,-65.447832,1139
35.835025,-66.351385,1147
35.835025,-67.254939,1156
36.738579,-67.254939,1163
36.738579,-68.158492,1171
37.642132,-68.158492,1179
37.642132,-69.062045,1187
38.545685,-69.965598,1203
40.352792,-70.869152,1219
41.256345,-70.869152,1235
41.256345,-71.772705,1243
42.159898,-71.772705,1251
43.063452,-71.772705,1259
43.967005,-71.772705,1275
44.870558,-71.772705,1283
45.774112,-71.772705,1291
46.677665,-71.772705,1307
47.581218,-71.772705,1323
48.484772,-71.772705,1339
49.388325,-71.772705,1347
50.291878,-71.772705,1363
51.195431,-71.772705,1392
52.098985,-71.772705,1403
52.098985,-70.869152,1419
52.098985,-69.965598,1427
53.002538,-69.965598,1437
53.002538,-69.062045,1443
53.906091,-69.062045,1459
53.906091,-68.158492,1472
54.809645,-67.254939,1483
55.713198,-66.351385,1491
55.713198,-65.447832,1499
55.713198,-64.544279,1512
56.616751,-63.640725,1523
56.616751,-62.737172,1539
56.616751,-61.833619,1560
57.520305,-60.930065,1563
57.520305,-60.026512,1571
58.423858,-60.026512,1579
58.423858,-59.122959,1587
58.423858,-58.219406,1598
59.327411,-56.412299,1603
59.327411,-55.508746,1619
59.327411,-54.605192,1627
59.327411,-53.701639,1637
59.327411,-52.798086,1643
59.327411,-51.894532,1651
60.230964,-50.990979,1659
60.230964,-50.087426,1672
60.230964,-49.183873,1675
60.230964,-47.376766,1683
60.230964,-46.473213,1691
60.230964,-45.569659,1699
60.230964,-43.762553,1712
60.230964,-42.858999,1715
60.230964,-41.955446,1723
60.230964,-41.051893,1731
60.230964,-40.14834,1739
60.230964,-39.244786,1747
60.230964,-38.341233,1771
60.230964,-39.244786,2019
60.230964,-40.14834,2037
60.230964,-41.051893,2051
60.230964,-41.955446,2073
60.230964,-42.858999,2083
60.230964,-43.762553,2091
60.230964,-44.666106,2099
60.230964,-45.569659,2107
60.230964,-46.473213,2117
60.230964,-47.376766,2123
60.230964,-48.280319,2131
60.230964,-50.087426,2139
60.230964,-50.990979,2147
60.230964,-51.894532,2160
60.230964,-52.798086,2163
60.230964,-54.605192,2171
60.230964,-56.412299,2187
60.230964,-57.315852,2203
60.230964,-58.219406,2219
60.230964,-59.122959,2235
60.230964,-60.026512,2243
60.230964,-60.930065,2259
60.230964,-61.833619,2283
60.230964,-62.737172,2299
60.230964,-63.640725,2331
61.134518,-63.640725,2347
61.134518,-64.544279,2363
62.038071,-64.544279,2371
62.941624,-65.447832,2400
62.941624,-66.351385,2443
63.845178,-66.351385,2451
64.748731,-66.351385,2459
65.652284,-66.351385,2475
66.555838,-66.351385,2491
67.459391,-65.447832,2499
68.362944,-65.447832,2515
68.362944,-64.544279,2523
69.266497,-64.544279,2531
69.266497,-63.640725,2539
70.170051,-63.640725,2555
71.073604,-62.737172,2563
71.073604,-61.833619,2571
71.977157,-61.833619,2579
71.977157,-60.930065,2587
72.880711,-60.026512,2601
73.784264,-59.122959,2603
73.784264,-58.219406,2611
74.687817,-57.315852,2619
74.687817,-56.412299,2627
74.687817,-54.605192,2641
74.687817,-52.798086,2651
74.687817,-51.894532,2659
75.591371,-50.087426,2667
75.591371,-49.183873,2677
75.591371,-47.376766,2683
76.494924,-45.569659,2691
76.494924,-43.762553,2699
76.494924,-42.858999,2713
76.494924,-40.14834,2715
76.494924,-39.244786,2723
76.494924,-37.43768,2731
76.494924,-36.534126,2739
76.494924,-34.72702,2753
76.494924,-33.823466,2755
76.494924,-32.919913,2763
76.494924,-31.112807,2771
76.494924,-30.209253,2779
76.494924,-29.3057,2787
76.494924,-28.402147,2801
76.494924,-27.498593,2811
76.494924,-28.402147,2907
76.494924,-30.209253,2923
76.494924,-31.112807,2939
76.494924,-33.823466,2953
76.494924,-34.72702,2955
76.494924,-36.534126,2963
76.494924,-38.341233,2971
76.494924,-41.051893,2979
76.494924,-41.955446,2993
76.494924,-43.762553,2995
76.494924,-44.666106,3003
76.494924,-45.569659,3011
76.494924,-46.473213,3019
76.494924,-47.376766,3027
76.494924,-49.183873,3040
75.591371,-50.087426,3043
75.591371,-50.990979,3051
75.591371,-53.701639,3059
74.687817,-54.605192,3067
74.687817,-56.412299,3077
73.784264,-58.219406,3083
73.784264,-60.026512,3091
73.784264,-60.930065,3099
73.784264,-61.833619,3107
73.784264,-63.640725,3124
73.784264,-64.544279,3139
73.784264,-65.447832,3153
73.784264,-66.351385,3155
73.784264,-67.254939,3163
73.784264,-68.158492,3171
73.784264,-69.062045,3179
73.784264,-69.965598,3192
73.784264,-70.869152,3195
73.784264,-71.772705,3211
73.784264,-72.676258,3227
74.687817,-72.676258,3235
74.687817,-73.579812,3251
74.687817,-74.483365,3268
75.591371,-74.483365,3277
76.494924,-74.483365,3313
77.398477,-74.483365,3363
78.30203,-74.483365,3401
79.205584,-74.483365,3451
80.109137,-74.483365,3477
81.01269,-74.483365,3491
BREAK
