START
14.149746,-17.559507,0
15.053299,-16.655954,230
15.956853,-14.848847,257
18.667513,-13.041741,279
19.571066,-12.138187,303
21.378173,-12.138187,316
22.281726,-12.138187,327
23.185279,-12.138187,339
24.992386,-12.138187,352
27.703046,-12.138187,364
28.606599,-12.138187,376
30.413706,-13.041741,399
32.220812,-13.041741,405
33.124365,-13.041741,424
34.027919,-13.945294,437
34.027919,-14.848847,449
34.931472,-14.848847,461
35.835025,-16.655954,475
35.835025,-18.46306,486
37.642132,-20.270167,511
37.642132,-21.17372,521
37.642132,-22.077274,534
37.642132,-22.980827,546
35.835025,-23.88438,558
35.835025,-24.787933,570
34.931472,-27.498593,581
33.124365,-29.3057,606
33.124365,-31.112807,618
32.220812,-32.919913,630
31.317259,-33.823466,651
30.413706,-36.534126,658
27.703046,-38.341233,667
24.992386,-39.244786,679
23.185279,-41.051893,691
22.281726,-41.051893,703
21.378173,-41.051893,716
20.474619,-41.955446,728
19.571066,-41.955446,751
18.667513,-41.955446,776
18.667513,-42.858999,788
17.763959,-42.858999,799
15.956853,-42.858999,811
15.053299,-42.858999,836
15.053299,-43.762553,958
15.053299,-42.858999,1042
15.053299,-41.955446,1066
15.956853,-41.955446,1115
15.956853,-41.051893,1187
17.763959,-41.051893,1199
17.763959,-40.14834,1212
18.667513,-39.244786,1236
18.667513,-38.341233,1260
19.571066,-38.341233,1272
20.474619,-38.341233,1284
21.378173,-38.341233,1308
21.378173,-37.43768,1418
22.281726,-37.43768,1441
22.281726,-38.341233,1599
22.281726,-39.244786,1623
22.281726,-40.14834,1660
23.185279,-41.051893,1668
23.185279,-41.955446,1675
23.185279,-42.858999,1696
24.088832,-42.858999,1707
24.088832,-43.762553,1719
24.088832,-44.666106,1732
24.088832,-46.473213,1744
24.992386,-47.376766,1756
24.992386,-48.280319,1770
25.895939,-50.087426,1780
25.895939,-50.990979,1792
27.703046,-52.798086,1804
28.606599,-53.701639,1817
28.606599,-54.605192,1829
30.413706,-56.412299,1841
31.317259,-57.315852,1853
33.124365,-57.315852,1864
34.931472,-58.219406,1876
37.642132,-58.219406,1887
38.545685,-59.122959,1911
40.352792,-59.122959,1915
41.256345,-59.122959,1924
43.967005,-59.122959,1935
45.774112,-57.315852,1948
47.581218,-56.412299,1960
48.484772,-52.798086,1974
49.388325,-50.990979,1986
50.291878,-48.280319,1999
51.195431,-46.473213,2010
53.002538,-43.762553,2025
53.002538,-41.955446,2034
53.906091,-41.051893,2046
53.906091,-40.14834,2059
54.809645,-38.341233,2069
54.809645,-37.43768,2081
54.809645,-33.823466,2094
54.809645,-31.112807,2105
54.809645,-29.3057,2117
54.809645,-26.59504,2129
54.809645,-23.88438,2142
55.713198,-22.980827,2168
57.520305,-22.980827,2337
57.520305,-23.88438,2362
57.520305,-24.787933,2385
57.520305,-26.59504,2422
57.520305,-27.498593,2446
57.520305,-28.402147,2458
57.520305,-30.209253,2470
57.520305,-31.112807,2494
57.520305,-32.01636,2506
57.520305,-32.919913,2518
58.423858,-33.823466,2530
58.423858,-34.72702,2543
59.327411,-36.534126,2555
60.230964,-37.43768,2565
60.230964,-38.341233,2578
61.134518,-40.14834,2590
62.038071,-40.14834,2601
62.941624,-41.051893,2614
63.845178,-41.051893,2626
64.748731,-41.051893,2638
65.652284,-41.051893,2669
68.362944,-39.244786,2677
69.266497,-37.43768,2688
70.170051,-36.534126,2700
71.073604,-33.823466,2712
71.977157,-32.01636,2724
71.977157,-30.209253,2736
72.880711,-29.3057,2748
73.784264,-27.498593,2761
73.784264,-26.59504,2773
73.784264,-24.787933,2785
73.784264,-22.980827,2858
73.784264,-22.077274,2870
74.687817,-21.17372,2882
74.687817,-22.077274,2991
74.687817,-22.980827,3003
74.687817,-23.88438,3015
74.687817,-24.787933,3027
74.687817,-26.59504,3040
74.687817,-27.498593,3051
74.687817,-30.209253,3063
74.687817,-32.919913,3075
74.687817,-38.341233,3088
75.591371,-44.666106,3100
77.398477,-50.990979,3112
77.398477,-54.605192,3124
79.205584,-59.122959,3135
80.109137,-60.026512,3148
80.109137,-60.930065,3172
81.01269,-62.737172,3177
81.916244,-62.737172,3182
81.916244,-63.640725,3195
83.72335,-63.640725,3207
84.626904,-63.640725,3218
85.530457,-63.640725,3243
85.530457,-61.833619,3255
87.337563,-61.833619,3267
87.337563,-60.930065,3282
BREAK
