START
29.135445,-41.860266,0
29.135445,-41.097463,237
29.135445,-40.334659,272
29.135445,-39.571856,302
29.135445,-38.809053,320
29.135445,-38.04625,354
29.135445,-37.283446,378
29.135445,-36.520643,396
29.135445,-35.75784,439
29.135445,-34.995037,459
29.135445,-34.232234,479
29.135445,-33.46943,499
29.135445,-32.706627,519
29.135445,-31.943824,539
29.135445,-31.181021,560
29.135445,-30.418217,584
29.135445,-29.655414,604
29.135445,-28.892611,624
29.135445,-28.129808,634
29.898248,-28.129808,648
30.661051,-27.367004,774
30.661051,-26.604201,784
31.423854,-26.604201,794
32.186658,-25.841398,804
32.949461,-25.078595,825
33.712264,-24.315791,835
34.475067,-24.315791,845
34.475067,-23.552988,855
36.000674,-23.552988,865
36.763477,-22.790185,885
37.52628,-22.790185,895
38.289084,-22.027382,905
39.051887,-22.027382,915
39.81469,-22.027382,925
41.340296,-21.264579,936
42.1031,-21.264579,946
42.865903,-20.501775,956
43.628706,-20.501775,966
44.391509,-20.501775,986
45.154313,-20.501775,1007
45.917116,-20.501775,1016
45.917116,-19.738972,1100
46.679919,-19.738972,1110
47.442722,-19.738972,1130
48.205526,-19.738972,1140
48.968329,-19.738972,1150
50.493935,-19.738972,1160
51.256739,-19.738972,1180
52.782345,-19.738972,1190
53.545148,-19.738972,1211
54.307951,-19.738972,1221
55.070755,-19.738972,1241
55.833558,-19.738972,1261
56.596361,-19.738972,1281
57.359164,-19.738972,1302
58.884771,-19.738972,1312
58.884771,-20.501775,1322
59.647574,-20.501775,1332
60.410377,-20.501775,1342
61.173181,-20.501775,1362
61.935984,-20.501775,1382
62.698787,-20.501775,1422
63.46159,-20.501775,1452
64.224394,-20.501775,1493
64.224394,-21.264579,1503
64.224394,-22.027382,1545
64.987197,-22.027382,1557
64.987197,-22.790185,1567
65.75,-23.552988,1587
65.75,-24.315791,1616
65.75,-25.078595,1746
65.75,-25.841398,1756
66.512803,-26.604201,1766
66.512803,-27.367004,1777
66.512803,-28.129808,1787
66.512803,-28.892611,1807
66.512803,-29.655414,1827
66.512803,-30.418217,1838
66.512803,-31.181021,1863
66.512803,-31.943824,1914
66.512803,-32.706627,1934
66.512803,-33.46943,1955
66.512803,-34.232234,1975
66.512803,-34.995037,1985
66.512803,-35.75784,2005
66.512803,-36.520643,2015
66.512803,-37.283446,2035
66.512803,-38.04625,2056
66.512803,-38.809053,2066
66.512803,-39.571856,2077
66.512803,-40.334659,2097
66.512803,-41.097463,2117
66.512803,-41.860266,2127
66.512803,-42.623069,2137
66.512803,-43.385872,2147
66.512803,-44.148676,2168
66.512803,-45.674282,2188
66.512803,-46.437085,2208
66.512803,-47.199889,2218
66.512803,-47.962692,2228
66.512803,-48.725495,2248
66.512803,-49.488298,2269
66.512803,-50.251101,2279
66.512803,-51.013905,2299
66.512803,-51.776708,2309
66.512803,-52.539511,2330
66.512803,-53.302314,2360
66.512803,-54.065118,2380
66.512803,-54.827921,2400
66.512803,-55.590724,2410
67.275606,-55.590724,2421
67.275606,-56.353527,2431
67.275606,-57.879134,2441
67.275606,-58.641937,2481
67.275606,-59.40474,2491
67.275606,-60.167543,2515
67.275606,-60.930347,2661
67.275606,-61.69315,2681
67.275606,-62.455953,2691
67.275606,-63.218756,2701
67.275606,-63.98156,2711
67.275606,-65.507166,2732
67.275606,-66.269969,2742
67.275606,-67.032773,2752
67.275606,-67.795576,2772
67.275606,-68.558379,2782
67.275606,-69.321182,2804
67.275606,-70.083986,2814
67.275606,-70.846789,2835
67.275606,-71.609592,2855
67.275606,-72.372395,2875
67.275606,-73.135198,2895
67.275606,-73.898002,2928
67.275606,-74.660805,2948
67.275606,-75.423608,2968
67.275606,-76.186411,3006
67.275606,-76.949215,3042
BREAK
