START
51.877358,-42.859438,0
39.877358,-42.859438,114
38.877358,-42.859438,127
36.877358,-42.859438,175
35.877358,-43.859438,191
34.877358,-43.859438,199
33.877358,-44.859438,215
32.877358,-44.859438,223
32.877358,-45.859438,231
31.877358,-45.859438,239
30.877358,-45.859438,247
30.877358,-46.859438,255
28.877358,-46.859438,271
27.877358,-47.859438,303
26.877358,-49.859438,343
25.877358,-50.859438,359
25.877358,-51.859438,375
25.877358,-52.859438,399
25.877358,-54.859438,423
25.877358,-55.859438,431
25.877358,-56.859438,447
25.877358,-57.859438,463
25.877358,-59.859438,471
25.877358,-60.859438,479
25.877358,-61.859438,487
25.877358,-63.859438,495
25.877358,-64.859438,503
26.877358,-65.859438,511
26.877358,-67.859438,519
27.877358,-68.859438,543
27.877358,-69.859438,575
28.877358,-70.859438,599
28.877358,-72.859438,615
29.877358,-72.859438,631
30.877358,-72.859438,647
30.877358,-73.859438,655
31.877358,-73.859438,687
31.877358,-74.859438,703
31.877358,-75.859438,727
32.877358,-75.859438,743
33.877358,-75.859438,751
33.877358,-76.859438,759
34.877358,-76.859438,767
35.877358,-77.859438,775
36.877358,-78.859438,815
37.877358,-78.859438,839
38.877358,-79.859438,855
39.877358,-79.859438,863
39.877358,-80.859438,871
42.877358,-80.859438,879
43.877358,-80.859438,887
44.877358,-80.859438,895
46.877358,-80.859438,903
47.877358,-80.859438,943
48.877358,-81.859438,967
49.877358,-81.859438,975
51.877358,-81.859438,983
52.877358,-81.859438,991
53.877358,-81.859438,999
54.877358,-81.859438,1063
56.877358,-81.859438,1071
57.877358,-81.859438,1079
60.877358,-81.859438,1087
61.877358,-81.859438,1095
63.877358,-81.859438,1103
64.877358,-81.859438,1111
65.877358,-81.859438,1175
66.877358,-81.859438,1183
68.877358,-81.859438,1247
69.877358,-81.859438,1263
69.877358,-80.859438,1271
70.877358,-79.859438,1279
71.877358,-79.859438,1303
71.877358,-78.859438,1359
72.877358,-78.859438,1367
72.877358,-76.859438,1375
73.877358,-75.859438,1383
73.877358,-74.859438,1399
73.877358,-72.859438,1415
74.877358,-71.859438,1431
74.877358,-70.859438,1447
74.877358,-69.859438,1455
74.877358,-68.859438,1463
75.877358,-67.859438,1471
75.877358,-66.859438,1495
75.877358,-65.859438,1527
75.877358,-64.859438,1535
75.877358,-62.859438,1543
76.877358,-61.859438,1559
76.877358,-60.859438,1575
76.877358,-58.859438,1591
77.877358,-57.859438,1639
77.877358,-56.859438,1735
76.877358,-55.859438,1751
75.877358,-53.859438,1767
75.877358,-52.859438,1791
75.877358,-51.859438,1815
75.877358,-49.859438,1831
74.877358,-49.859438,1839
73.877358,-48.859438,1847
73.877358,-47.859438,1855
72.877358,-47.859438,1983
71.877358,-47.859438,2007
70.877358,-46.859438,2031
70.877358,-45.859438,2039
68.877358,-45.859438,2047
67.877358,-45.859438,2055
66.877358,-45.859438,2063
65.877358,-45.859438,2071
63.877358,-45.859438,2079
62.877358,-45.859438,2087
61.877358,-44.859438,2095
58.877358,-42.859438,2103
57.877358,-42.859438,2159
55.877358,-42.859438,2167
54.877358,-42.859438,2175
53.877358,-41.859438,2183
51.877358,-40.859438,2191
50.877358,-40.859438,2199
49.877358,-40.859438,2263
47.877358,-40.859438,2383
BREAK
49.877358,-29.859438,3111
49.877358,-30.859438,3223
49.877358,-31.859438,3230
50.877358,-33.859438,3239
51.877358,-35.859438,3247
51.877358,-36.859438,3279
51.877358,-38.859438,3343
BREAK
26.877358,-20.859438,4071
26.877358,-21.859438,4175
27.877358,-21.859438,4206
28.877358,-21.859438,4214
29.877358,-21.859438,4222
32.877358,-19.859438,4230
38.877358,-19.859438,4238
39.877358,-19.859438,4246
42.877358,-19.859438,4254
46.877358,-18.859438,4262
49.877358,-16.859438,4270
50.877358,-15.859438,4278
51.877358,-15.859438,4286
53.877358,-16.859438,4294
53.877358,-15.859438,4302
54.877358,-14.859438,4327
55.877358,-14.859438,4334
56.877358,-14.859438,4342
58.877358,-14.859438,4350
61.877358,-14.859438,4358
62.877358,-14.859438,4366
63.877358,-14.859438,4374
64.877358,-14.859438,4382
66.877358,-14.859438,4390
67.877358,-14.859438,4430
68.877358,-14.859438,4439
69.877358,-14.859438,4447
72.877358,-14.859438,4454
74.877358,-14.859438,4463
75.877358,-14.859438,4470
76.877358,-14.859438,4478
BREAK
47.877358,-15.859438,5231
47.877358,-16.859438,5310
47.877358,-18.859438,5318
47.877358,-19.859438,5326
47.877358,-20.859438,5342
47.877358,-21.859438,5358
47.877358,-23.859438,5374
47.877358,-24.859438,5382
47.877358,-25.859438,5390
47.877358,-27.859438,5398
47.877358,-28.859438,5406
47.877358,-29.859438,5414
48.877358,-31.859438,5422
48.877358,-32.859438,5438
48.877358,-33.859438,5510
48.877358,-34.859438,5518
BREAK
25.877358,-15.859438,6206
26.877358,-15.859438,6430
27.877358,-15.859438,6438
28.877358,-15.859438,6446
30.877358,-15.859438,6454
31.877358,-15.859438,6462
34.877358,-15.859438,6470
39.877358,-15.859438,6478
40.877358,-15.859438,6486
45.877358,-15.859438,6494
47.877358,-15.859438,6502
48.877358,-15.859438,6510
49.877358,-15.859438,6518
50.877358,-15.859438,6566
52.877358,-15.859438,6574
53.877358,-15.859438,6582
54.877358,-15.859438,6590
55.877358,-15.859438,6598
58.877358,-15.859438,6606
60.877358,-15.859438,6614
61.877358,-15.859438,6654
62.877358,-15.859438,6670
64.877358,-15.859438,6678
65.877358,-15.859438,6686
66.877358,-15.859438,6694
67.877358,-15.859438,6702
67.877358,-16.859438,6758
68.877358,-16.859438,6766
70.877358,-16.859438,6774
71.877358,-16.859438,6782
72.877358,-14.859438,6790
74.877358,-14.859438,6870
75.877358,-14.859438,6974
76.877358,-13.859438,6990
BREAK
