START
15.910997,-53.285567,0
17.567562,-53.285567,55
19.224128,-52.457284,72
20.880694,-52.457284,88
21.708977,-52.457284,104
23.365542,-52.457284,120
24.193825,-52.457284,144
25.022108,-52.457284,168
25.850391,-52.457284,176
26.678674,-52.457284,184
27.506956,-52.457284,200
28.335239,-52.457284,208
29.163522,-52.457284,224
29.163522,-53.285567,232
29.991805,-53.285567,240
30.820088,-53.285567,248
31.64837,-54.113849,255
32.476653,-54.113849,272
33.304936,-54.942132,279
34.133219,-54.942132,295
34.133219,-55.770415,303
34.961502,-55.770415,311
34.961502,-56.598698,319
35.789785,-56.598698,327
37.44635,-57.426981,335
39.102916,-57.426981,352
39.931199,-58.255263,360
40.759482,-59.083546,376
42.416047,-59.911829,392
43.24433,-59.911829,400
44.072613,-60.740112,408
44.900896,-60.740112,424
45.729179,-61.568395,432
47.385744,-61.568395,440
48.214027,-62.396678,456
49.04231,-62.396678,464
49.870593,-62.396678,480
50.698876,-62.396678,504
51.527158,-63.22496,512
52.355441,-64.053243,520
53.183724,-64.053243,536
54.012007,-64.053243,544
54.84029,-64.881526,552
55.668573,-64.881526,568
56.496855,-64.881526,576
56.496855,-65.709809,584
57.325138,-65.709809,592
57.325138,-66.538092,600
58.153421,-66.538092,608
58.981704,-67.366375,624
59.809987,-67.366375,632
60.638269,-68.194657,648
61.466552,-69.02294,664
62.294835,-69.02294,672
63.123118,-69.02294,688
63.951401,-69.02294,704
64.779684,-69.02294,720
65.607966,-69.02294,736
66.436249,-69.851223,752
67.264532,-69.851223,760
68.092815,-69.851223,776
68.921098,-70.679506,792
69.749381,-70.679506,808
69.749381,-71.507789,816
70.577663,-71.507789,824
72.234229,-71.507789,840
72.234229,-72.336072,856
73.062512,-72.336072,864
73.890795,-72.336072,880
74.719078,-72.336072,896
74.719078,-73.164354,920
75.54736,-73.164354,928
75.54736,-73.992637,952
77.203926,-73.992637,960
78.032209,-73.992637,992
78.860492,-73.992637,1016
79.688775,-73.992637,1040
80.517057,-73.992637,1056
81.34534,-74.82092,1080
82.173623,-74.82092,1120
83.001906,-74.82092,1136
83.830189,-74.82092,1176
84.658472,-74.82092,1216
84.658472,-75.649203,1232
85.486754,-75.649203,1256
86.315037,-75.649203,1352
87.14332,-76.477486,1400
87.14332,-77.305769,1440
86.315037,-77.305769,2184
85.486754,-77.305769,2192
BREAK
44.900896,-34.235061,2904
44.900896,-35.063344,2975
45.729179,-35.063344,2984
45.729179,-35.891627,2992
47.385744,-35.891627,3000
47.385744,-36.71991,3008
48.214027,-38.376476,3024
49.04231,-38.376476,3032
49.870593,-38.376476,3048
49.870593,-39.204758,3056
50.698876,-40.033041,3064
51.527158,-40.861324,3080
51.527158,-41.689607,3096
52.355441,-42.51789,3112
53.183724,-43.346173,3143
54.012007,-43.346173,3145
54.84029,-45.002738,3174
54.84029,-45.831021,3183
56.496855,-46.659304,3199
56.496855,-47.487587,3207
57.325138,-47.487587,3216
57.325138,-48.31587,3223
58.153421,-49.144152,3240
58.981704,-49.972435,3248
58.981704,-50.800718,3264
59.809987,-50.800718,3272
59.809987,-51.629001,3280
59.809987,-52.457284,3288
59.809987,-53.285567,3296
60.638269,-53.285567,3304
61.466552,-53.285567,3312
61.466552,-54.113849,3328
62.294835,-54.113849,3344
62.294835,-54.942132,3352
63.123118,-54.942132,3368
63.123118,-55.770415,3376
63.951401,-56.598698,3384
63.951401,-57.426981,3400
64.779684,-57.426981,3408
64.779684,-58.255263,3416
64.779684,-59.083546,3448
64.779684,-59.911829,3456
65.607966,-59.911829,3488
66.436249,-60.740112,3496
66.436249,-62.396678,3528
66.436249,-63.22496,3544
67.264532,-64.053243,3576
67.264532,-64.881526,3592
67.264532,-65.709809,3624
67.264532,-66.538092,3648
68.092815,-66.538092,3664
68.092815,-67.366375,3688
68.092815,-68.194657,3696
68.921098,-68.194657,3704
68.921098,-69.02294,3720
68.921098,-68.194657,3920
BREAK
