START
27.809278,-27.442285,0
27.809278,-27.442285,1
27.809278,-27.442285,61
27.809278,-26.535068,95
27.809278,-26.535068,121
27.809278,-25.627852,183
27.809278,-24.720635,215
27.809278,-23.813419,223
28.716495,-23.813419,231
28.716495,-22.906202,247
29.623711,-21.998986,255
29.623711,-21.091769,280
30.530928,-21.091769,295
30.530928,-20.184553,320
31.438144,-19.277336,335
31.438144,-18.37012,359
31.438144,-17.462903,375
31.438144,-16.555687,399
32.345361,-16.555687,415
32.345361,-15.64847,440
33.252577,-15.64847,463
34.159794,-15.64847,503
35.06701,-15.64847,528
35.974227,-15.64847,551
35.974227,-16.555687,639
36.881443,-16.555687,656
36.881443,-17.462903,679
37.78866,-17.462903,703
37.78866,-18.37012,711
37.78866,-19.277336,735
38.695876,-19.277336,744
38.695876,-20.184553,759
38.695876,-21.091769,784
39.603093,-21.091769,791
39.603093,-21.998986,815
39.603093,-22.906202,864
39.603093,-23.813419,879
40.510309,-23.813419,903
40.510309,-24.720635,911
40.510309,-25.627852,927
40.510309,-26.535068,944
40.510309,-28.349501,959
41.417526,-28.349501,967
42.324742,-29.256718,983
42.324742,-30.163934,999
43.231959,-30.163934,1007
43.231959,-31.071151,1015
44.139175,-32.885584,1039
45.046392,-32.885584,1055
45.046392,-33.7928,1072
45.046392,-34.700017,1087
45.953608,-35.607233,1112
45.953608,-36.51445,1127
45.953608,-37.421666,1135
46.860825,-38.328883,1152
46.860825,-39.236099,1167
46.860825,-40.143316,1175
46.860825,-41.050532,1191
47.768041,-41.957749,1215
47.768041,-42.864965,1231
47.768041,-43.772182,1247
48.675258,-43.772182,1255
48.675258,-44.679398,1263
49.582474,-46.493831,1280
50.489691,-47.401047,1295
50.489691,-48.308264,1312
51.396907,-49.21548,1320
51.396907,-50.122697,1327
52.304124,-50.122697,1335
52.304124,-51.029913,1343
53.21134,-52.844346,1351
53.21134,-53.751563,1368
54.118557,-54.658779,1383
55.025773,-55.565996,1399
55.025773,-56.473212,1408
55.93299,-56.473212,1415
55.93299,-57.380429,1423
56.840206,-57.380429,1431
57.747423,-58.287645,1439
57.747423,-59.194862,1455
57.747423,-60.102078,1463
58.654639,-60.102078,1471
58.654639,-61.009295,1511
59.561856,-61.009295,1528
59.561856,-61.916511,1535
60.469072,-61.916511,1583
61.376289,-61.916511,1671
61.376289,-61.009295,1719
62.283505,-61.009295,1767
63.190722,-61.009295,1791
63.190722,-60.102078,1847
63.190722,-59.194862,1871
63.190722,-58.287645,1895
64.097938,-57.380429,1919
64.097938,-56.473212,1935
65.005155,-56.473212,1944
65.005155,-55.565996,1952
65.005155,-54.658779,1983
65.912371,-53.751563,2015
65.912371,-52.844346,2039
65.912371,-51.93713,2087
65.912371,-51.029913,2112
65.912371,-50.122697,2152
65.912371,-49.21548,2247
65.912371,-48.308264,2408
BREAK
65.912371,-35.607233,3599
65.912371,-35.607233,3600
65.912371,-35.607233,3624
65.912371,-35.607233,3687
66.819588,-35.607233,3695
66.819588,-34.700017,3710
67.726804,-33.7928,3759
68.634021,-32.885584,3767
69.541237,-31.978367,3775
70.448454,-31.071151,3790
70.448454,-30.163934,3798
71.35567,-30.163934,3807
73.170103,-29.256718,3815
74.984536,-29.256718,3830
75.891753,-29.256718,3847
76.798969,-29.256718,3863
77.706186,-29.256718,3903
78.613402,-29.256718,3918
79.520619,-29.256718,3966
80.427835,-29.256718,3998
81.335052,-29.256718,4023
82.242268,-29.256718,4031
83.149485,-29.256718,4046
84.056701,-29.256718,4063
84.056701,-30.163934,4111
84.963918,-30.163934,4126
84.963918,-31.071151,4159
85.871134,-31.071151,4166
85.871134,-31.978367,4174
86.778351,-32.885584,4191
86.778351,-33.7928,4214
86.778351,-34.700017,4223
87.685567,-34.700017,4231
87.685567,-35.607233,4246
87.685567,-36.51445,4279
87.685567,-37.421666,4327
87.685567,-38.328883,4367
87.685567,-39.236099,4382
87.685567,-40.143316,4399
87.685567,-41.050532,4414
87.685567,-41.957749,4422
87.685567,-42.864965,4431
87.685567,-43.772182,4447
87.685567,-44.679398,4454
87.685567,-45.586614,4471
87.685567,-46.493831,4487
87.685567,-47.401047,4494
87.685567,-48.308264,4502
87.685567,-49.21548,4510
87.685567,-50.122697,4527
87.685567,-51.029913,4535
87.685567,-51.93713,4542
87.685567,-52.844346,4559
87.685567,-53.751563,4567
87.685567,-54.658779,4575
87.685567,-55.565996,4590
87.685567,-57.380429,4599
87.685567,-58.287645,4615
86.778351,-59.194862,4630
86.778351,-60.102078,4639
87.685567,-60.102078,4655
87.685567,-61.009295,4662
87.685567,-61.916511,4687
86.778351,-62.823728,4695
85.871134,-63.730944,4718
85.871134,-64.638161,4735
84.963918,-65.545377,4743
84.963918,-66.452594,4750
84.056701,-67.35981,4758
83.149485,-67.35981,4775
82.242268,-67.35981,4790
81.335052,-68.267027,4807
80.427835,-68.267027,4815
79.520619,-69.174243,4830
78.613402,-69.174243,4838
78.613402,-70.08146,4855
77.706186,-70.08146,4863
76.798969,-70.988676,4870
75.891753,-71.895893,4886
74.984536,-72.803109,4910
74.07732,-73.710326,4918
73.170103,-74.617542,4943
72.262887,-74.617542,4951
72.262887,-75.524759,4967
71.35567,-75.524759,4991
70.448454,-75.524759,4998
69.541237,-75.524759,5031
68.634021,-75.524759,5071
68.634021,-76.431975,5159
BREAK
33.252577,-53.751563,6519
33.252577,-53.751563,6520
32.345361,-53.751563,6534
32.345361,-53.751563,6561
31.438144,-53.751563,6582
31.438144,-53.751563,6622
30.530928,-53.751563,6630
29.623711,-53.751563,6686
29.623711,-52.844346,6838
30.530928,-51.93713,6918
31.438144,-51.93713,6966
31.438144,-51.029913,6990
31.438144,-51.93713,7230
32.345361,-51.93713,7390
33.252577,-51.93713,7454
34.159794,-51.93713,7542
BREAK
