START
63.108491,-23.281124,0
62.108491,-23.281124,202
61.108491,-23.281124,229
60.108491,-23.281124,240
59.108491,-23.281124,252
58.108491,-23.281124,264
57.108491,-23.281124,276
57.108491,-24.281124,288
56.108491,-24.281124,348
55.108491,-24.281124,370
54.108491,-24.281124,383
53.108491,-24.281124,399
52.108491,-24.281124,434
50.108491,-24.281124,495
49.108491,-24.281124,507
48.108491,-24.281124,520
47.108491,-24.281124,545
46.108491,-24.281124,558
46.108491,-23.281124,608
45.108491,-23.281124,620
44.108491,-22.281124,648
43.108491,-21.281124,660
42.108491,-21.281124,672
41.108491,-21.281124,695
41.108491,-20.281124,707
40.108491,-20.281124,744
40.108491,-19.281124,757
40.108491,-18.281124,770
39.108491,-18.281124,804
39.108491,-17.281124,829
BREAK
65.108491,-24.281124,2622
65.108491,-26.281124,2895
65.108491,-27.281124,2906
65.108491,-28.281124,2918
65.108491,-29.281124,2930
65.108491,-30.281124,2978
65.108491,-31.281124,2991
65.108491,-32.281124,3002
64.108491,-33.281124,3016
63.108491,-35.281124,3028
63.108491,-36.281124,3058
63.108491,-37.281124,3104
62.108491,-38.281124,3116
62.108491,-39.281124,3139
61.108491,-40.281124,3152
60.108491,-40.281124,3176
60.108491,-41.281124,3207
59.108491,-41.281124,3277
58.108491,-41.281124,3301
57.108491,-41.281124,3312
57.108491,-42.281124,3325
56.108491,-42.281124,3422
55.108491,-42.281124,3449
54.108491,-42.281124,3472
BREAK
57.108491,-43.281124,5412
58.108491,-43.281124,5575
59.108491,-43.281124,5601
60.108491,-43.281124,5635
61.108491,-43.281124,5650
62.108491,-43.281124,5673
62.108491,-44.281124,5688
63.108491,-50.281124,5770
64.108491,-54.281124,5785
65.108491,-57.281124,5800
66.108491,-59.281124,5811
66.108491,-60.281124,5833
66.108491,-62.281124,5884
66.108491,-64.281124,5895
66.108491,-67.281124,5908
66.108491,-69.281124,5920
65.108491,-72.281124,5931
65.108491,-73.281124,5944
64.108491,-74.281124,5956
64.108491,-76.281124,6021
63.108491,-77.281124,6031
62.108491,-78.281124,6043
61.108491,-80.281124,6056
60.108491,-80.281124,6067
60.108491,-81.281124,6082
58.108491,-82.281124,6094
57.108491,-83.281124,6108
56.108491,-83.281124,6119
53.108491,-84.281124,6133
52.108491,-84.281124,6144
51.108491,-84.281124,6156
50.108491,-84.281124,6167
49.108491,-84.281124,6181
48.108491,-84.281124,6208
48.108491,-83.281124,6219
48.108491,-82.281124,6231
47.108491,-81.281124,6245
46.108491,-79.281124,6257
44.108491,-77.281124,6269
44.108491,-75.281124,6282
43.108491,-75.281124,6295
42.108491,-74.281124,6306
42.108491,-73.281124,6328
42.108491,-72.281124,6341
41.108491,-70.281124,6357
40.108491,-68.281124,6369
39.108491,-66.281124,6382
38.108491,-64.281124,6394
38.108491,-63.281124,6406
38.108491,-62.281124,6417
37.108491,-62.281124,6429
37.108491,-61.281124,6450
36.108491,-59.281124,6476
36.108491,-57.281124,6489
34.108491,-55.281124,6501
33.108491,-53.281124,6512
33.108491,-52.281124,6525
32.108491,-51.281124,6538
32.108491,-52.281124,6721
32.108491,-53.281124,6735
BREAK
