START
47.108491,-14.281124,0
48.108491,-14.281124,7
48.108491,-15.281124,15
49.108491,-17.281124,24
49.108491,-18.281124,39
49.108491,-19.281124,47
49.108491,-20.281124,55
50.108491,-20.281124,63
50.108491,-21.281124,79
50.108491,-22.281124,87
50.108491,-23.281124,103
51.108491,-23.281124,111
52.108491,-23.281124,159
53.108491,-24.281124,223
54.108491,-24.281124,247
55.108491,-24.281124,279
56.108491,-24.281124,295
57.108491,-25.281124,343
57.108491,-26.281124,367
58.108491,-26.281124,383
58.108491,-27.281124,391
58.108491,-28.281124,407
58.108491,-29.281124,423
58.108491,-30.281124,439
58.108491,-31.281124,455
58.108491,-32.281124,471
58.108491,-33.281124,481
58.108491,-34.281124,495
57.108491,-34.281124,503
56.108491,-34.281124,535
55.108491,-34.281124,543
55.108491,-35.281124,551
54.108491,-35.281124,559
53.108491,-36.281124,575
52.108491,-37.281124,583
51.108491,-37.281124,591
50.108491,-38.281124,607
50.108491,-39.281124,623
49.108491,-39.281124,631
48.108491,-39.281124,639
48.108491,-40.281124,647
47.108491,-40.281124,663
46.108491,-40.281124,719
45.108491,-40.281124,744
46.108491,-40.281124,911
48.108491,-40.281124,919
50.108491,-40.281124,935
51.108491,-40.281124,943
52.108491,-40.281124,951
53.108491,-40.281124,959
54.108491,-40.281124,975
55.108491,-41.281124,983
56.108491,-42.281124,991
56.108491,-43.281124,999
57.108491,-43.281124,1007
57.108491,-44.281124,1015
59.108491,-45.281124,1023
59.108491,-46.281124,1031
60.108491,-47.281124,1047
60.108491,-48.281124,1055
60.108491,-49.281124,1071
60.108491,-50.281124,1087
60.108491,-51.281124,1103
60.108491,-52.281124,1111
60.108491,-53.281124,1127
60.108491,-55.281124,1135
60.108491,-56.281124,1143
60.108491,-57.281124,1151
60.108491,-59.281124,1159
60.108491,-60.281124,1167
60.108491,-61.281124,1175
60.108491,-63.281124,1183
60.108491,-64.281124,1191
60.108491,-66.281124,1199
60.108491,-67.281124,1207
60.108491,-68.281124,1239
59.108491,-68.281124,1247
58.108491,-69.281124,1255
57.108491,-70.281124,1263
56.108491,-71.281124,1271
53.108491,-72.281124,1279
52.108491,-73.281124,1287
50.108491,-74.281124,1295
48.108491,-75.281124,1303
45.108491,-75.281124,1311
44.108491,-75.281124,1319
41.108491,-76.281124,1327
40.108491,-76.281124,1335
39.108491,-76.281124,1343
38.108491,-76.281124,1351
36.108491,-76.281124,1407
35.108491,-75.281124,1416
34.108491,-74.281124,1424
34.108491,-73.281124,1432
32.108491,-72.281124,1439
32.108491,-71.281124,1447
31.108491,-71.281124,1455
30.108491,-69.281124,1463
30.108491,-68.281124,1471
30.108491,-67.281124,1479
29.108491,-67.281124,1487
29.108491,-66.281124,1495
28.108491,-65.281124,1511
27.108491,-65.281124,1519
27.108491,-64.281124,1527
27.108491,-62.281124,1535
27.108491,-60.281124,1552
27.108491,-59.281124,1567
27.108491,-58.281124,1575
26.108491,-57.281124,1583
26.108491,-56.281124,1591
26.108491,-55.281124,1607
26.108491,-54.281124,1623
26.108491,-53.281124,1647
26.108491,-52.281124,1671
26.108491,-51.281124,1704
BREAK
