START
37.226839,-45.888041,0
37.226839,-46.284326,7
37.226839,-46.680611,56
37.226839,-47.076896,81
37.226839,-47.869465,93
37.226839,-48.26575,105
37.226839,-49.05832,117
37.226839,-49.85089,129
37.226839,-51.039744,140
37.226839,-52.228599,152
37.226839,-53.417453,165
37.226839,-54.210023,178
37.226839,-55.002592,194
37.226839,-55.398877,202
37.226839,-56.191447,214
37.226839,-56.984017,226
37.226839,-57.380301,251
37.226839,-57.776586,276
37.226839,-58.569156,299
37.226839,-58.965441,325
37.226839,-59.75801,337
37.226839,-60.154295,360
37.226839,-60.55058,435
37.226839,-60.946865,448
37.226839,-61.34315,508
37.226839,-61.739435,532
37.226839,-62.532004,730
37.226839,-62.928289,765
BREAK
38.019408,-43.906617,1677
38.019408,-44.302902,1731
38.415693,-44.302902,1878
38.811978,-44.302902,1902
39.208263,-44.302902,1945
39.604548,-44.302902,1963
40.000832,-44.302902,1976
40.397117,-44.302902,1988
40.793402,-44.302902,2025
41.189687,-44.302902,2049
41.585972,-44.302902,2073
41.982257,-44.302902,2085
42.378541,-44.302902,2098
42.774826,-44.302902,2122
43.171111,-44.302902,2134
43.567396,-44.302902,2147
43.963681,-44.302902,2171
44.359966,-44.302902,2183
44.75625,-44.302902,2196
45.152535,-44.302902,2208
45.54882,-44.302902,2232
45.945105,-44.302902,2257
46.34139,-44.302902,2269
46.737675,-44.302902,2293
47.133959,-44.302902,2319
47.530244,-44.302902,2330
47.926529,-44.302902,2342
48.322814,-44.302902,2367
48.719099,-44.302902,2391
49.115383,-44.302902,2403
49.511668,-44.302902,2428
49.907953,-44.302902,2443
50.304238,-44.302902,2465
50.700523,-44.302902,2477
51.096808,-44.302902,2502
51.493092,-44.302902,2514
52.285662,-44.302902,2538
52.681947,-44.302902,2551
53.078232,-44.302902,2562
53.474517,-43.906617,2980
53.870801,-43.906617,3003
54.267086,-43.906617,3015
54.663371,-43.906617,3028
55.059656,-43.906617,3040
55.455941,-43.510332,3052
55.852226,-43.510332,3066
56.24851,-43.510332,3076
56.644795,-43.510332,3088
57.04108,-43.510332,3101
57.437365,-43.510332,3113
57.83365,-43.510332,3125
58.229935,-43.114048,3149
59.022504,-43.114048,3175
59.418789,-43.114048,3187
59.815074,-43.114048,3199
60.211359,-43.114048,3211
60.607644,-43.114048,3223
61.003928,-43.114048,3236
61.400213,-43.114048,3248
61.796498,-43.114048,3273
62.192783,-43.114048,3297
62.589068,-43.114048,3309
62.985353,-43.114048,3323
63.381637,-43.114048,3346
63.777922,-43.114048,3369
64.174207,-43.114048,3383
64.570492,-43.114048,3407
64.966777,-43.114048,3432
65.363062,-43.114048,3455
65.759346,-43.114048,3468
66.155631,-43.114048,3492
66.551916,-43.114048,3517
66.948201,-43.114048,3541
67.344486,-43.114048,3553
67.74077,-43.114048,3590
69.32591,-43.114048,4967
BREAK
50.700523,-44.699187,5084
50.700523,-45.095472,5093
50.700523,-45.491756,5118
50.700523,-45.888041,5132
50.700523,-46.284326,5143
50.700523,-47.076896,5155
50.700523,-47.869465,5167
50.700523,-49.05832,5179
50.700523,-49.85089,5195
50.700523,-50.643459,5204
50.700523,-51.436029,5216
50.700523,-52.228599,5228
50.700523,-52.624883,5241
50.700523,-53.021168,5253
50.700523,-53.417453,5265
50.700523,-53.813738,5277
50.700523,-54.210023,5301
50.700523,-54.606308,5326
51.096808,-55.002592,5338
51.096808,-55.398877,5351
51.493092,-55.398877,5363
51.493092,-55.795162,5375
51.889377,-56.191447,5387
52.285662,-56.587732,5399
52.681947,-56.984017,5412
53.078232,-57.380301,5424
53.474517,-57.776586,5436
53.870801,-58.172871,5448
54.267086,-58.569156,5461
54.267086,-59.361726,5473
55.059656,-59.361726,5485
55.059656,-60.154295,5497
55.455941,-60.154295,5509
55.852226,-60.55058,5522
55.852226,-61.34315,5535
55.852226,-61.739435,5559
56.24851,-61.739435,5620
56.644795,-61.739435,5645
57.437365,-61.34315,5669
58.229935,-60.55058,5704
59.022504,-60.55058,5709
59.418789,-59.75801,5719
59.815074,-59.75801,5732
60.211359,-58.965441,5744
60.607644,-58.569156,5768
61.003928,-58.172871,5780
61.400213,-57.776586,5804
61.796498,-56.984017,5828
62.192783,-56.587732,5840
62.589068,-55.795162,5865
62.589068,-55.398877,5877
62.985353,-55.002592,5889
62.985353,-54.606308,5902
62.985353,-54.210023,5914
62.985353,-53.813738,5952
62.985353,-53.021168,5964
62.985353,-52.228599,5977
62.985353,-51.832314,5987
62.985353,-51.436029,6000
62.985353,-50.643459,6011
62.985353,-49.85089,6036
62.985353,-49.454605,6048
62.985353,-48.662035,6060
62.985353,-48.26575,6074
62.985353,-47.473181,6086
62.985353,-47.076896,6109
62.985353,-46.680611,6147
62.985353,-46.284326,6160
62.985353,-45.888041,6171
62.985353,-45.491756,6183
62.985353,-45.095472,6199
62.985353,-44.699187,6208
62.985353,-43.906617,6220
62.985353,-43.510332,6232
62.985353,-43.114048,6245
62.985353,-42.717763,6257
62.985353,-42.321478,6269
62.985353,-41.925193,6281
62.985353,-41.528908,6294
62.985353,-41.132623,6334
62.985353,-40.736339,6377
62.985353,-40.340054,6391
BREAK
