START
27.877358,-43.859438,0
27.877358,-42.859438,98
27.877358,-41.859438,159
27.877358,-40.859438,168
27.877358,-39.859438,178
27.877358,-38.859438,198
27.877358,-37.859438,208
27.877358,-36.859438,218
27.877358,-35.859438,248
28.877358,-34.859438,278
28.877358,-33.859438,288
28.877358,-32.859438,299
28.877358,-30.859438,320
28.877358,-29.859438,340
28.877358,-28.859438,370
28.877358,-27.859438,390
28.877358,-26.859438,400
28.877358,-25.859438,420
28.877358,-24.859438,450
28.877358,-23.859438,490
28.877358,-22.859438,520
43.877358,-19.859438,880
45.877358,-19.859438,895
47.877358,-19.859438,905
48.877358,-19.859438,915
49.877358,-19.859438,925
50.877358,-19.859438,935
51.877358,-19.859438,945
52.877358,-19.859438,955
53.877358,-19.859438,966
54.877358,-19.859438,986
55.877358,-19.859438,996
56.877358,-19.859438,1026
57.877358,-19.859438,1046
58.877358,-19.859438,1066
59.877358,-19.859438,1076
60.877358,-19.859438,1106
61.877358,-19.859438,1138
62.877358,-19.859438,1179
63.877358,-19.859438,1209
63.877358,-20.859438,1330
63.877358,-22.859438,1340
63.877358,-24.859438,1350
63.877358,-28.859438,1360
63.877358,-32.859438,1370
63.877358,-35.859438,1380
62.877358,-38.859438,1390
61.877358,-41.859438,1401
61.877358,-43.859438,1412
60.877358,-46.859438,1423
60.877358,-48.859438,1434
59.877358,-50.859438,1444
59.877358,-52.859438,1454
59.877358,-54.859438,1464
59.877358,-56.859438,1474
59.877358,-58.859438,1484
59.877358,-59.859438,1494
59.877358,-60.859438,1504
59.877358,-61.859438,1514
58.877358,-62.859438,1524
58.877358,-63.859438,1534
58.877358,-64.859438,1544
58.877358,-65.859438,1565
58.877358,-66.859438,1575
58.877358,-67.859438,1595
58.877358,-68.859438,1655
58.877358,-70.859438,1674
57.877358,-71.859438,1684
57.877358,-72.859438,1694
57.877358,-74.859438,1704
56.877358,-76.859438,1714
56.877358,-77.859438,1724
56.877358,-78.859438,1734
56.877358,-79.859438,1744
56.877358,-80.859438,1764
56.877358,-81.859438,1775
56.877358,-82.859438,1865
BREAK
59.877358,-48.859438,2427
60.877358,-48.859438,2547
61.877358,-48.859438,2566
62.877358,-48.859438,2577
63.877358,-48.859438,2588
64.877358,-48.859438,2600
66.877358,-48.859438,2610
67.877358,-48.859438,2619
68.877358,-48.859438,2629
69.877358,-48.859438,2639
70.877358,-47.859438,2649
71.877358,-47.859438,2670
72.877358,-47.859438,2699
73.877358,-47.859438,2709
74.877358,-47.859438,2739
75.877358,-46.859438,2769
76.877358,-46.859438,2789
77.877358,-46.859438,2809
78.877358,-45.859438,2858
78.877358,-46.859438,3071
78.877358,-47.859438,3102
78.877358,-48.859438,3142
78.877358,-51.859438,3231
78.877358,-52.859438,3261
78.877358,-53.859438,3297
78.877358,-54.859438,3305
78.877358,-55.859438,3391
78.877358,-56.859438,3414
78.877358,-57.859438,3434
78.877358,-58.859438,3444
78.877358,-59.859438,3474
78.877358,-60.859438,3523
BREAK
