START
36.877358,-39.859438,0
36.877358,-38.859438,76
36.877358,-37.859438,93
36.877358,-36.859438,109
36.877358,-35.859438,143
36.877358,-33.859438,175
36.877358,-32.859438,207
36.877358,-31.859438,240
36.877358,-30.859438,257
36.877358,-28.859438,273
36.877358,-27.859438,290
36.877358,-25.859438,306
36.877358,-24.859438,322
36.877358,-23.859438,339
36.877358,-22.859438,355
36.877358,-20.859438,372
36.877358,-19.859438,388
35.877358,-18.859438,405
35.877358,-17.859438,426
35.877358,-16.859438,454
35.877358,-15.859438,487
35.877358,-14.859438,536
36.877358,-14.859438,636
38.877358,-14.859438,651
41.877358,-14.859438,667
45.877358,-14.859438,685
47.877358,-14.859438,700
50.877358,-14.859438,716
52.877358,-14.859438,733
54.877358,-14.859438,749
55.877358,-14.859438,766
57.877358,-14.859438,787
58.877358,-14.859438,815
60.877358,-14.859438,831
61.877358,-14.859438,848
62.877358,-14.859438,864
63.877358,-14.859438,881
64.877358,-14.859438,913
64.877358,-15.859438,1044
64.877358,-17.859438,1061
64.877358,-19.859438,1077
64.877358,-23.859438,1095
64.877358,-29.859438,1110
64.877358,-31.859438,1127
64.877358,-34.859438,1143
64.877358,-36.859438,1160
64.877358,-37.859438,1176
64.877358,-38.859438,1192
64.877358,-40.859438,1208
64.877358,-41.859438,1226
64.877358,-44.859438,1243
64.877358,-47.859438,1258
64.877358,-50.859438,1275
64.877358,-52.859438,1291
64.877358,-55.859438,1308
64.877358,-57.859438,1323
64.877358,-58.859438,1340
65.877358,-61.859438,1356
65.877358,-63.859438,1373
65.877358,-66.859438,1389
66.877358,-68.859438,1407
66.877358,-69.859438,1423
66.877358,-70.859438,1439
66.877358,-71.859438,1455
66.877358,-72.859438,1488
BREAK
66.877358,-38.859438,2906
67.877358,-38.859438,2965
68.877358,-38.859438,2981
69.877358,-38.859438,2999
70.877358,-38.859438,3016
72.877358,-38.859438,3031
73.877358,-38.859438,3047
74.877358,-38.859438,3065
75.877358,-38.859438,3096
76.877358,-38.859438,3129
77.877358,-38.859438,3163
78.877358,-38.859438,3179
79.877358,-38.859438,3228
80.877358,-38.859438,3277
80.877358,-39.859438,3425
80.877358,-40.859438,3473
80.877358,-41.859438,3476
80.877358,-42.859438,3491
80.877358,-43.859438,3507
80.877358,-44.859438,3523
80.877358,-45.859438,3540
82.877358,-47.859438,3556
82.877358,-48.859438,3572
82.877358,-49.859438,3593
82.877358,-50.859438,3638
BREAK
