START
35.528302,-22.686747,0
35.528302,-23.686747,222
35.528302,-25.686747,246
35.528302,-26.686747,270
35.528302,-27.686747,295
35.528302,-28.686747,326
35.528302,-30.686747,358
35.528302,-31.686747,382
35.528302,-32.686747,406
35.528302,-34.686747,430
35.528302,-35.686747,454
35.528302,-36.686747,462
35.528302,-37.686747,494
35.528302,-39.686747,518
35.528302,-40.686747,550
35.528302,-41.686747,598
35.528302,-43.686747,654
35.528302,-44.686747,694
35.528302,-45.686747,702
35.528302,-47.686747,726
35.528302,-48.686747,750
35.528302,-49.686747,774
35.528302,-51.686747,798
35.528302,-52.686747,822
35.528302,-53.686747,846
35.528302,-55.686747,862
35.528302,-56.686747,902
35.528302,-57.686747,942
35.528302,-58.686747,982
35.528302,-60.686747,1022
35.528302,-61.686747,1046
35.528302,-62.686747,1071
35.528302,-63.686747,1086
35.528302,-65.686747,1110
35.528302,-66.686747,1126
35.528302,-67.686747,1134
35.528302,-68.686747,1150
35.528302,-70.686747,1175
35.528302,-71.686747,1238
35.528302,-72.686747,1295
35.528302,-74.686747,1326
35.528302,-75.686747,1350
35.528302,-76.686747,1374
35.528302,-77.686747,1399
35.528302,-78.686747,1406
35.528302,-79.686747,1463
35.528302,-80.686747,1487
35.528302,-81.686747,1510
35.528302,-83.686747,1567
35.528302,-84.686747,1599
35.528302,-85.686747,1622
35.528302,-86.686747,1670
35.528302,-88.686747,1767
35.528302,-89.686747,1806
35.528302,-90.686747,1814
35.528302,-92.686747,1839
35.528302,-93.686747,1854
BREAK
34.528302,-19.686747,3223
35.528302,-19.686747,3326
36.528302,-19.686747,3367
37.528302,-19.686747,3406
37.528302,-20.686747,3422
39.528302,-20.686747,3431
39.528302,-22.686747,3454
40.528302,-22.686747,3462
41.528302,-22.686747,3486
43.528302,-22.686747,3510
43.528302,-23.686747,3518
44.528302,-24.686747,3550
45.528302,-24.686747,3574
46.528302,-26.686747,3582
48.528302,-27.686747,3606
48.528302,-28.686747,3646
49.528302,-28.686747,3654
49.528302,-30.686747,3671
51.528302,-31.686747,3678
51.528302,-32.686747,3694
52.528302,-32.686747,3702
52.528302,-34.686747,3719
53.528302,-34.686747,3726
54.528302,-34.686747,3751
56.528302,-34.686747,3758
56.528302,-35.686747,3766
57.528302,-36.686747,3791
58.528302,-36.686747,3823
58.528302,-38.686747,3830
60.528302,-38.686747,3855
60.528302,-39.686747,3862
61.528302,-39.686747,3870
62.528302,-40.686747,3887
63.528302,-40.686747,3919
64.528302,-40.686747,3926
64.528302,-42.686747,3942
65.528302,-42.686747,3967
66.528302,-43.686747,3991
67.528302,-43.686747,4071
67.528302,-44.686747,4078
68.528302,-44.686747,4111
69.528302,-45.686747,4119
70.528302,-45.686747,4143
71.528302,-47.686747,4151
73.528302,-47.686747,4167
73.528302,-48.686747,4174
73.528302,-50.686747,4343
BREAK
37.528302,-65.686747,5062
38.528302,-65.686747,5102
39.528302,-63.686747,5142
40.528302,-63.686747,5150
41.528302,-62.686747,5158
42.528302,-62.686747,5166
43.528302,-62.686747,5190
45.528302,-60.686747,5215
46.528302,-60.686747,5238
47.528302,-59.686747,5263
49.528302,-59.686747,5271
49.528302,-58.686747,5288
50.528302,-58.686747,5294
51.528302,-56.686747,5319
53.528302,-55.686747,5342
54.528302,-55.686747,5350
55.528302,-53.686747,5375
57.528302,-53.686747,5399
57.528302,-52.686747,5406
58.528302,-52.686747,5414
58.528302,-51.686747,5422
59.528302,-51.686747,5447
61.528302,-51.686747,5486
61.528302,-49.686747,5494
62.528302,-49.686747,5510
63.528302,-49.686747,5535
65.528302,-49.686747,5575
66.528302,-48.686747,5615
67.528302,-48.686747,5639
68.528302,-48.686747,5671
68.528302,-47.686747,5719
70.528302,-47.686747,5727
71.528302,-47.686747,5751
73.528302,-45.686747,5783
74.528302,-45.686747,5823
BREAK
