START
36.528302,-3.686747,0
36.528302,-4.686747,15
36.528302,-5.686747,23
36.528302,-6.686747,31
36.528302,-8.686747,39
36.528302,-11.686747,47
36.528302,-14.686747,55
35.528302,-19.686747,63
34.528302,-23.686747,71
34.528302,-27.686747,79
34.528302,-32.686747,87
34.528302,-35.686747,95
34.528302,-40.686747,103
34.528302,-43.686747,111
34.528302,-47.686747,119
34.528302,-50.686747,127
34.528302,-54.686747,135
34.528302,-57.686747,143
34.528302,-61.686747,151
34.528302,-64.686747,159
34.528302,-67.686747,167
34.528302,-70.686747,175
34.528302,-73.686747,183
35.528302,-75.686747,191
35.528302,-77.686747,199
35.528302,-79.686747,207
35.528302,-81.686747,215
35.528302,-82.686747,223
35.528302,-83.686747,240
BREAK
38.528302,-7.686747,824
39.528302,-7.686747,871
40.528302,-7.686747,879
41.528302,-8.686747,887
42.528302,-9.686747,895
44.528302,-10.686747,903
46.528302,-11.686747,911
48.528302,-13.686747,919
50.528302,-14.686747,927
53.528302,-15.686747,935
56.528302,-17.686747,943
58.528302,-18.686747,951
60.528302,-20.686747,959
63.528302,-21.686747,967
65.528302,-23.686747,975
67.528302,-24.686747,983
68.528302,-25.686747,991
70.528302,-26.686747,999
71.528302,-27.686747,1007
72.528302,-28.686747,1023
BREAK
38.528302,-34.686747,1337
39.528302,-34.686747,1343
40.528302,-34.686747,1351
41.528302,-33.686747,1359
42.528302,-33.686747,1367
44.528302,-33.686747,1375
46.528302,-32.686747,1383
49.528302,-32.686747,1391
52.528302,-31.686747,1399
55.528302,-30.686747,1407
57.528302,-29.686747,1415
59.528302,-28.686747,1423
60.528302,-27.686747,1431
61.528302,-27.686747,1439
61.528302,-26.686747,1447
62.528302,-25.686747,1455
BREAK
