START
25.877358,-20.702811,0
26.877358,-20.702811,214
27.877358,-20.702811,224
28.877358,-20.702811,255
29.877358,-20.702811,267
30.877358,-20.702811,308
31.877358,-20.702811,327
32.877358,-20.702811,339
34.877358,-20.702811,363
35.877358,-20.702811,377
36.877358,-20.702811,449
37.877358,-20.702811,475
38.877358,-20.702811,487
39.877358,-20.702811,566
40.877358,-20.702811,583
42.877358,-20.702811,625
43.877358,-20.702811,715
44.877358,-20.702811,732
44.877358,-21.702811,1055
44.877358,-22.702811,1097
44.877358,-23.702811,1119
44.877358,-24.702811,1134
44.877358,-25.702811,1144
44.877358,-26.702811,1154
44.877358,-27.702811,1165
44.877358,-29.702811,1178
44.877358,-31.702811,1188
44.877358,-32.702811,1211
44.877358,-33.702811,1222
44.877358,-34.702811,1243
44.877358,-36.702811,1256
44.877358,-37.702811,1265
44.877358,-38.702811,1276
44.877358,-39.702811,1287
44.877358,-40.702811,1298
44.877358,-41.702811,1315
44.877358,-42.702811,1325
44.877358,-44.702811,1354
44.877358,-45.702811,1365
44.877358,-46.702811,1376
44.877358,-47.702811,1390
44.877358,-48.702811,1403
44.877358,-49.702811,1420
44.877358,-50.702811,1430
44.877358,-52.702811,1448
44.877358,-53.702811,1470
44.877358,-54.702811,1489
44.877358,-55.702811,1517
44.877358,-56.702811,1537
44.877358,-57.702811,1547
44.877358,-58.702811,1580
44.877358,-59.702811,1591
44.877358,-61.702811,1628
44.877358,-62.702811,1638
44.877358,-63.702811,1661
44.877358,-64.702811,1678
44.877358,-65.702811,1688
44.877358,-66.702811,1699
44.877358,-67.702811,1710
44.877358,-69.702811,1721
44.877358,-70.702811,1730
44.877358,-71.702811,1741
44.877358,-72.702811,1776
44.877358,-73.702811,1787
44.877358,-74.702811,1813
44.877358,-75.702811,1869
44.877358,-77.702811,1880
44.877358,-78.702811,1939
BREAK
45.877358,-45.702811,3528
46.877358,-45.702811,3839
48.877358,-45.702811,3940
49.877358,-45.702811,3971
50.877358,-45.702811,3990
51.877358,-45.702811,4009
53.877358,-45.702811,4078
54.877358,-45.702811,4159
55.877358,-46.702811,4175
56.877358,-46.702811,4272
57.877358,-47.702811,4331
58.877358,-48.702811,4377
59.877358,-48.702811,4449
61.877358,-48.702811,4537
62.877358,-48.702811,4564
62.877358,-49.702811,4590
63.877358,-49.702811,4698
64.877358,-49.702811,4722
64.877358,-50.702811,4751
65.877358,-51.702811,4822
66.877358,-52.702811,4844
66.877358,-53.702811,4901
67.877358,-54.702811,4939
67.877358,-55.702811,4995
68.877358,-55.702811,5005
69.877358,-55.702811,5015
69.877358,-56.702811,5042
69.877358,-57.702811,5061
69.877358,-58.702811,5086
69.877358,-59.702811,5108
69.877358,-60.702811,5120
69.877358,-61.702811,5147
69.877358,-64.702811,5205
69.877358,-65.702811,5247
69.877358,-66.702811,5260
69.877358,-67.702811,5309
69.877358,-68.702811,5322
69.877358,-69.702811,5347
69.877358,-71.702811,5373
69.877358,-72.702811,5404
69.877358,-73.702811,5479
69.877358,-74.702811,5499
67.877358,-74.702811,5510
67.877358,-75.702811,5548
65.877358,-76.702811,5586
64.877358,-77.702811,5653
63.877358,-78.702811,5711
61.877358,-79.702811,5782
59.877358,-80.702811,5874
58.877358,-80.702811,5912
57.877358,-80.702811,5930
56.877358,-80.702811,5997
55.877358,-80.702811,6037
54.877358,-80.702811,6059
53.877358,-80.702811,6126
51.877358,-80.702811,6160
50.877358,-80.702811,6213
49.877358,-80.702811,6258
49.877358,-78.702811,6316
49.877358,-77.702811,6444
47.877358,-77.702811,6582
46.877358,-77.702811,6669
45.877358,-77.702811,6699
44.877358,-75.702811,6710
43.877358,-74.702811,6847
BREAK
