START
18.877358,-21.702811,0
18.877358,-20.702811,24
19.877358,-20.702811,64
20.877358,-20.702811,96
21.877358,-20.702811,104
23.877358,-20.702811,112
25.877358,-21.702811,120
27.877358,-22.702811,128
28.877358,-22.702811,137
29.877358,-22.702811,144
30.877358,-22.702811,152
32.877358,-22.702811,160
33.877358,-22.702811,168
34.877358,-22.702811,216
35.877358,-22.702811,224
36.877358,-22.702811,232
39.877358,-23.702811,240
42.877358,-23.702811,248
44.877358,-23.702811,256
46.877358,-23.702811,264
47.877358,-24.702811,408
47.877358,-25.702811,464
47.877358,-26.702811,785
47.877358,-30.702811,808
47.877358,-34.702811,816
47.877358,-36.702811,824
47.877358,-39.702811,832
46.877358,-41.702811,840
45.877358,-42.702811,848
45.877358,-43.702811,856
45.877358,-44.702811,872
45.877358,-45.702811,888
45.877358,-46.702811,904
45.877358,-48.702811,928
45.877358,-50.702811,944
45.877358,-51.702811,952
45.877358,-52.702811,960
45.877358,-53.702811,968
45.877358,-55.702811,976
45.877358,-56.702811,992
45.877358,-57.702811,1000
45.877358,-58.702811,1008
45.877358,-59.702811,1016
45.877358,-60.702811,1033
45.877358,-61.702811,1040
45.877358,-63.702811,1048
45.877358,-64.702811,1056
45.877358,-66.702811,1072
45.877358,-67.702811,1088
45.877358,-68.702811,1096
45.877358,-69.702811,1104
45.877358,-70.702811,1112
45.877358,-71.702811,1128
45.877358,-72.702811,1136
45.877358,-73.702811,1144
45.877358,-74.702811,1152
45.877358,-75.702811,1160
45.877358,-76.702811,1184
45.877358,-77.702811,1216
45.877358,-78.702811,1240
45.877358,-79.702811,1256
46.877358,-81.702811,1280
46.877358,-82.702811,1312
46.877358,-83.702811,1328
46.877358,-84.702811,1336
47.877358,-84.702811,1568
48.877358,-85.702811,1592
50.877358,-85.702811,1608
51.877358,-86.702811,1624
52.877358,-86.702811,1640
53.877358,-86.702811,1648
53.877358,-87.702811,1656
54.877358,-87.702811,1664
55.877358,-87.702811,1680
56.877358,-87.702811,1688
57.877358,-87.702811,1704
58.877358,-87.702811,1720
59.877358,-87.702811,1728
60.877358,-87.702811,1736
61.877358,-87.702811,1744
62.877358,-87.702811,1752
64.877358,-87.702811,1760
65.877358,-87.702811,1777
66.877358,-87.702811,1792
67.877358,-87.702811,1808
68.877358,-87.702811,1824
69.877358,-87.702811,1848
70.877358,-87.702811,1864
71.877358,-87.702811,1872
72.877358,-87.702811,1888
73.877358,-87.702811,1896
74.877358,-86.702811,1904
75.877358,-86.702811,1920
76.877358,-85.702811,1928
77.877358,-84.702811,1952
78.877358,-83.702811,1984
78.877358,-82.702811,1992
79.877358,-82.702811,2000
80.877358,-82.702811,2008
80.877358,-81.702811,2016
81.877358,-81.702811,2032
81.877358,-80.702811,2040
81.877358,-79.702811,2048
81.877358,-78.702811,2064
81.877358,-77.702811,2088
81.877358,-76.702811,2104
81.877358,-75.702811,2112
81.877358,-74.702811,2120
81.877358,-72.702811,2136
81.877358,-71.702811,2144
81.877358,-70.702811,2160
81.877358,-69.702811,2176
81.877358,-68.702811,2193
81.877358,-67.702811,2208
81.877358,-66.702811,2232
81.877358,-65.702811,2240
81.877358,-64.702811,2256
80.877358,-62.702811,2272
80.877358,-61.702811,2296
79.877358,-60.702811,2313
78.877358,-59.702811,2336
77.877358,-58.702811,2352
77.877358,-57.702811,2368
76.877358,-56.702811,2384
75.877358,-55.702811,2400
74.877358,-55.702811,2408
74.877358,-54.702811,2416
73.877358,-54.702811,2424
72.877358,-54.702811,2432
71.877358,-54.702811,2456
70.877358,-54.702811,2480
69.877358,-54.702811,2497
68.877358,-54.702811,2504
67.877358,-54.702811,2520
65.877358,-53.702811,2528
63.877358,-53.702811,2544
62.877358,-53.702811,2552
61.877358,-53.702811,2560
60.877358,-53.702811,2576
59.877358,-53.702811,2584
58.877358,-53.702811,2592
57.877358,-52.702811,2600
56.877358,-52.702811,2624
55.877358,-52.702811,2633
54.877358,-52.702811,2648
53.877358,-52.702811,2665
52.877358,-52.702811,2672
51.877358,-52.702811,2688
50.877358,-52.702811,2753
49.877358,-52.702811,2760
48.877358,-52.702811,2776
47.877358,-53.702811,2848
46.877358,-53.702811,2888
45.877358,-54.702811,2928
BREAK
