START
46.641509,-20.859438,0
46.641509,-21.859438,269
47.641509,-21.859438,415
48.641509,-22.859438,431
48.641509,-22.859438,440
49.641509,-22.859438,452
49.641509,-23.859438,482
50.641509,-23.859438,514
51.641509,-23.859438,524
51.641509,-24.859438,534
52.641509,-24.859438,552
52.641509,-25.859438,561
52.641509,-26.859438,593
53.641509,-26.859438,643
54.641509,-26.859438,662
54.641509,-26.859438,686
BREAK
54.641509,-26.859438,1449
54.641509,-28.859438,1915
54.641509,-31.859438,1925
54.641509,-31.859438,1941
49.641509,-35.859438,1970
49.641509,-36.859438,1994
48.641509,-36.859438,2025
47.641509,-36.859438,2036
47.641509,-37.859438,2046
47.641509,-38.859438,2061
47.641509,-39.859438,2096
45.641509,-39.859438,2119
44.641509,-39.859438,2129
44.641509,-40.859438,2142
44.641509,-41.859438,2158
44.641509,-41.859438,2184
43.641509,-42.859438,2193
43.641509,-46.859438,2204
43.641509,-46.859438,2226
41.641509,-47.859438,2259
41.641509,-50.859438,2279
41.641509,-51.859438,2290
38.641509,-51.859438,2303
38.641509,-52.859438,2331
37.641509,-52.859438,2345
37.641509,-53.859438,2356
37.641509,-54.859438,2378
35.641509,-55.859438,2421
34.641509,-56.859438,2431
34.641509,-56.859438,2441
33.641509,-57.859438,2454
32.641509,-58.859438,2471
31.641509,-60.859438,2503
30.641509,-61.859438,2520
27.641509,-61.859438,2536
24.641509,-62.859438,2600
24.641509,-64.859438,2619
23.641509,-64.859438,2638
22.641509,-65.859438,2648
21.641509,-66.859438,2685
19.641509,-66.859438,2734
19.641509,-66.859438,2757
19.641509,-66.859438,2767
17.641509,-67.859438,2777
16.641509,-68.859438,2804
15.641509,-69.859438,2831
14.641509,-69.859438,2842
13.641509,-69.859438,2887
13.641509,-70.859438,2902
12.641509,-70.859438,2930
12.641509,-71.859438,2943
10.641509,-71.859438,2956
10.641509,-71.859438,2995
9.6415094,-71.859438,3025
8.6415094,-71.859438,3036
7.6415094,-72.859438,3185
6.6415094,-72.859438,3259
5.6415094,-72.859438,3307
BREAK
47.641509,-41.859438,5460
48.641509,-41.859438,5664
48.641509,-41.859438,5709
48.641509,-42.859438,5752
48.641509,-42.859438,5789
49.641509,-42.859438,5820
49.641509,-43.859438,5848
50.641509,-43.859438,5889
51.641509,-43.859438,5912
52.641509,-43.859438,5948
52.641509,-44.859438,5963
53.641509,-45.859438,5973
54.641509,-45.859438,5983
54.641509,-46.859438,5995
54.641509,-46.859438,6015
54.641509,-46.859438,6024
55.641509,-47.859438,6035
56.641509,-47.859438,6047
57.641509,-47.859438,6058
57.641509,-48.859438,6070
57.641509,-49.859438,6085
58.641509,-49.859438,6096
59.641509,-49.859438,6105
59.641509,-50.859438,6118
62.641509,-53.859438,6189
62.641509,-54.859438,6204
63.641509,-54.859438,6217
63.641509,-55.859438,6227
63.641509,-56.859438,6240
64.641509,-56.859438,6250
64.641509,-56.859438,6261
64.641509,-57.859438,6273
65.641509,-58.859438,6284
66.641509,-58.859438,6294
67.641509,-58.859438,6305
67.641509,-59.859438,6326
68.641509,-59.859438,6341
68.641509,-60.859438,6352
69.641509,-60.859438,6362
69.641509,-60.859438,6373
69.641509,-61.859438,6394
70.641509,-61.859438,6410
70.641509,-62.859438,6421
70.641509,-63.859438,6431
71.641509,-63.859438,6441
72.641509,-63.859438,6451
73.641509,-63.859438,6462
73.641509,-64.859438,6472
74.641509,-64.859438,6488
75.641509,-65.859438,6498
76.641509,-65.859438,6509
77.641509,-65.859438,6529
77.641509,-66.859438,6540
79.641509,-66.859438,6570
79.641509,-66.859438,6585
BREAK
73.641509,-57.859438,7454
BREAK
73.641509,-57.859438,8031
BREAK
75.641509,-60.859438,8608
BREAK
78.641509,-61.859438,9211
BREAK
78.641509,-65.859438,10102
BREAK
75.641509,-67.859438,13944
BREAK
79.641509,-67.859438,14632
BREAK
81.641509,-63.859438,15485
BREAK
81.641509,-66.859438,16212
BREAK
