START
41.641509,-30.859438,0
44.641509,-30.859438,7
46.641509,-29.859438,17
49.641509,-29.859438,23
52.641509,-28.859438,34
53.641509,-28.859438,39
55.641509,-28.859438,47
56.641509,-28.859438,55
57.641509,-29.859438,143
57.641509,-32.859438,151
56.641509,-35.859438,159
54.641509,-39.859438,167
52.641509,-43.859438,175
50.641509,-49.859438,183
49.641509,-53.859438,191
47.641509,-57.859438,199
44.641509,-62.859438,207
42.641509,-65.859438,217
41.641509,-68.859438,223
39.641509,-70.859438,231
38.641509,-72.859438,239
37.641509,-74.859438,247
36.641509,-76.859438,255
36.641509,-77.859438,271
35.641509,-78.859438,279
35.641509,-79.859438,287
35.641509,-80.859438,295
34.641509,-82.859438,303
32.641509,-84.859438,311
32.641509,-85.859438,319
31.641509,-86.859438,327
30.641509,-86.859438,335
30.641509,-87.859438,359
BREAK
56.641509,-48.859438,1127
57.641509,-48.859438,1136
58.641509,-48.859438,1143
59.641509,-48.859438,1151
60.641509,-48.859438,1159
62.641509,-49.859438,1167
64.641509,-51.859438,1175
68.641509,-53.859438,1183
72.641509,-55.859438,1191
75.641509,-59.859438,1199
81.641509,-62.859438,1207
86.641509,-66.859438,1215
92.641509,-67.859438,1223
98.641509,-69.859438,1231
BREAK
