START
12.641509,-83.859438,0
13.641509,-83.859438,120
14.641509,-83.859438,149
15.641509,-83.859438,169
16.641509,-82.859438,190
17.641509,-81.859438,200
18.641509,-81.859438,211
18.641509,-80.859438,222
19.641509,-79.859438,232
20.641509,-78.859438,242
21.641509,-78.859438,251
21.641509,-77.859438,261
22.641509,-76.859438,281
23.641509,-75.859438,291
24.641509,-74.859438,325
24.641509,-73.859438,347
25.641509,-72.859438,370
25.641509,-71.859438,382
26.641509,-70.859438,401
27.641509,-70.859438,411
28.641509,-68.859438,421
29.641509,-67.859438,441
30.641509,-66.859438,451
30.641509,-65.859438,461
31.641509,-64.859438,484
31.641509,-63.859438,505
32.641509,-63.859438,515
33.641509,-62.859438,525
33.641509,-61.859438,535
34.641509,-60.859438,554
34.641509,-59.859438,584
35.641509,-59.859438,594
35.641509,-58.859438,614
35.641509,-57.859438,624
36.641509,-57.859438,634
37.641509,-56.859438,654
38.641509,-55.859438,685
38.641509,-54.859438,716
39.641509,-53.859438,726
39.641509,-52.859438,746
40.641509,-52.859438,757
41.641509,-51.859438,776
41.641509,-50.859438,786
42.641509,-49.859438,827
43.641509,-48.859438,851
43.641509,-47.859438,861
45.641509,-46.859438,873
45.641509,-45.859438,893
46.641509,-45.859438,903
46.641509,-44.859438,913
47.641509,-43.859438,933
48.641509,-43.859438,952
48.641509,-42.859438,963
49.641509,-42.859438,994
49.641509,-41.859438,1015
50.641509,-41.859438,1035
50.641509,-40.859438,1045
50.641509,-39.859438,1065
51.641509,-39.859438,1075
51.641509,-38.859438,1085
52.641509,-38.859438,1095
52.641509,-37.859438,1125
53.641509,-37.859438,1185
53.641509,-36.859438,1813
53.641509,-35.859438,1844
BREAK
46.641509,-50.859438,2529
46.641509,-51.859438,2630
46.641509,-52.859438,2661
46.641509,-53.859438,2671
46.641509,-54.859438,2691
47.641509,-55.859438,2701
47.641509,-56.859438,2711
48.641509,-58.859438,2721
49.641509,-60.859438,2731
50.641509,-61.859438,2740
51.641509,-63.859438,2752
52.641509,-64.859438,2763
54.641509,-66.859438,2775
55.641509,-67.859438,2788
57.641509,-69.859438,2799
58.641509,-71.859438,2811
60.641509,-73.859438,2822
61.641509,-74.859438,2832
62.641509,-76.859438,2842
62.641509,-77.859438,2852
63.641509,-78.859438,2862
64.641509,-78.859438,2872
64.641509,-79.859438,2882
65.641509,-79.859438,2913
65.641509,-80.859438,2923
66.641509,-81.859438,2943
66.641509,-82.859438,2964
67.641509,-82.859438,2974
67.641509,-83.859438,2984
68.641509,-83.859438,2995
68.641509,-84.859438,3034
BREAK
52.641509,-36.859438,4488
51.641509,-36.859438,4677
50.641509,-35.859438,4687
50.641509,-34.859438,4697
49.641509,-33.859438,4730
49.641509,-32.859438,4768
48.641509,-32.859438,4788
48.641509,-31.859438,4828
47.641509,-30.859438,4847
46.641509,-30.859438,4867
46.641509,-29.859438,4909
45.641509,-29.859438,4939
BREAK
