START
60.108491,-20.281124,0
60.108491,-21.281124,122
63.108491,-26.281124,131
63.108491,-29.281124,140
65.108491,-34.281124,149
66.108491,-38.281124,159
67.108491,-41.281124,168
68.108491,-44.281124,178
68.108491,-46.281124,187
68.108491,-47.281124,196
68.108491,-49.281124,206
68.108491,-50.281124,225
68.108491,-52.281124,234
68.108491,-54.281124,253
68.108491,-55.281124,262
69.108491,-57.281124,271
69.108491,-59.281124,290
69.108491,-60.281124,300
69.108491,-61.281124,309
69.108491,-62.281124,318
69.108491,-63.281124,337
69.108491,-64.281124,356
69.108491,-65.281124,384
69.108491,-66.281124,403
69.108491,-67.281124,421
68.108491,-67.281124,431
67.108491,-68.281124,440
66.108491,-68.281124,468
65.108491,-68.281124,487
65.108491,-69.281124,496
64.108491,-69.281124,506
64.108491,-70.281124,515
63.108491,-71.281124,534
62.108491,-71.281124,543
61.108491,-71.281124,572
60.108491,-71.281124,581
58.108491,-71.281124,656
56.108491,-71.281124,665
55.108491,-72.281124,675
52.108491,-73.281124,684
49.108491,-73.281124,694
46.108491,-74.281124,703
45.108491,-74.281124,712
42.108491,-74.281124,722
41.108491,-74.281124,769
40.108491,-74.281124,787
38.108491,-73.281124,797
37.108491,-71.281124,806
35.108491,-71.281124,816
33.108491,-69.281124,825
32.108491,-68.281124,844
32.108491,-67.281124,862
BREAK
67.108491,-42.281124,1669
66.108491,-42.281124,1735
65.108491,-41.281124,1754
63.108491,-40.281124,1763
62.108491,-40.281124,1773
61.108491,-39.281124,1782
59.108491,-38.281124,1791
58.108491,-38.281124,1801
57.108491,-36.281124,1810
54.108491,-36.281124,1819
53.108491,-35.281124,1829
53.108491,-34.281124,1838
52.108491,-34.281124,1848
51.108491,-34.281124,1857
50.108491,-35.281124,1970
48.108491,-36.281124,1979
47.108491,-38.281124,1988
45.108491,-39.281124,1998
44.108491,-40.281124,2007
43.108491,-41.281124,2017
43.108491,-42.281124,2026
42.108491,-42.281124,2035
42.108491,-43.281124,2045
BREAK
