START
62.108491,-15.281124,0
63.108491,-16.281124,127
64.108491,-17.281124,151
65.108491,-18.281124,175
65.108491,-19.281124,199
65.108491,-20.281124,215
66.108491,-20.281124,216
66.108491,-21.281124,239
67.108491,-21.281124,240
67.108491,-22.281124,255
68.108491,-22.281124,256
68.108491,-23.281124,289
69.108491,-24.281124,309
70.108491,-24.281124,322
70.108491,-25.281124,352
71.108491,-25.281124,367
71.108491,-26.281124,383
71.108491,-27.281124,415
72.108491,-27.281124,416
72.108491,-28.281124,431
72.108491,-29.281124,455
73.108491,-29.281124,482
73.108491,-30.281124,502
73.108491,-31.281124,559
73.108491,-32.281124,575
73.108491,-33.281124,612
73.108491,-34.281124,632
73.108491,-35.281124,647
73.108491,-36.281124,679
73.108491,-37.281124,711
73.108491,-38.281124,727
73.108491,-39.281124,743
73.108491,-40.281124,744
73.108491,-41.281124,767
73.108491,-42.281124,791
73.108491,-43.281124,807
73.108491,-44.281124,823
73.108491,-45.281124,839
73.108491,-46.281124,862
73.108491,-47.281124,879
73.108491,-48.281124,903
73.108491,-49.281124,927
73.108491,-50.281124,943
73.108491,-51.281124,959
73.108491,-52.281124,983
73.108491,-53.281124,1015
73.108491,-54.281124,1055
73.108491,-55.281124,1087
74.108491,-56.281124,1111
74.108491,-57.281124,1112
74.108491,-58.281124,1127
74.108491,-59.281124,1143
74.108491,-60.281124,1175
74.108491,-61.281124,1207
74.108491,-62.281124,1231
74.108491,-63.281124,1255
74.108491,-64.281124,1287
74.108491,-65.281124,1288
74.108491,-66.281124,1311
74.108491,-67.281124,1335
74.108491,-68.281124,1351
74.108491,-69.281124,1391
74.108491,-70.281124,1415
74.108491,-71.281124,1416
74.108491,-72.281124,1431
74.108491,-73.281124,1455
74.108491,-74.281124,1479
74.108491,-75.281124,1495
74.108491,-76.281124,1511
74.108491,-77.281124,1535
74.108491,-78.281124,1551
74.108491,-79.281124,1567
74.108491,-80.281124,1568
74.108491,-81.281124,1583
74.108491,-82.281124,1615
74.108491,-83.281124,1647
74.108491,-84.281124,1671
74.108491,-85.281124,1695
74.108491,-86.281124,1719
74.108491,-87.281124,1743
74.108491,-88.281124,1744
73.108491,-88.281124,1768
73.108491,-89.281124,1799
72.108491,-89.281124,1800
71.108491,-90.281124,1815
70.108491,-90.281124,1839
69.108491,-90.281124,1855
68.108491,-91.281124,1871
67.108491,-91.281124,1903
66.108491,-91.281124,1935
65.108491,-91.281124,1936
64.108491,-91.281124,1951
63.108491,-91.281124,1967
62.108491,-91.281124,1991
62.108491,-92.281124,1992
61.108491,-92.281124,2007
60.108491,-92.281124,2023
59.108491,-92.281124,2024
58.108491,-92.281124,2039
57.108491,-92.281124,2055
56.108491,-92.281124,2071
55.108491,-92.281124,2095
54.108491,-92.281124,2119
53.108491,-92.281124,2120
52.108491,-92.281124,2135
51.108491,-92.281124,2151
50.108491,-92.281124,2167
48.108491,-92.281124,2191
47.108491,-92.281124,2207
46.108491,-92.281124,2233
45.108491,-91.281124,2271
44.108491,-91.281124,2272
44.108491,-90.281124,2287
43.108491,-90.281124,2288
41.108491,-88.281124,2311
40.108491,-87.281124,2327
39.108491,-86.281124,2342
39.108491,-85.281124,2351
38.108491,-85.281124,2373
37.108491,-84.281124,2382
37.108491,-83.281124,2399
36.108491,-83.281124,2400
36.108491,-82.281124,2423
35.108491,-82.281124,2431
35.108491,-81.281124,2432
34.108491,-81.281124,2446
33.108491,-80.281124,2455
33.108491,-79.281124,2456
32.108491,-79.281124,2482
32.108491,-78.281124,2503
31.108491,-78.281124,2511
31.108491,-77.281124,2512
31.108491,-76.281124,2542
31.108491,-75.281124,2551
31.108491,-74.281124,2567
31.108491,-73.281124,2591
31.108491,-72.281124,2613
31.108491,-71.281124,2623
31.108491,-70.281124,2624
31.108491,-69.281124,2662
31.108491,-68.281124,2671
31.108491,-67.281124,2693
31.108491,-66.281124,2703
31.108491,-65.281124,2727
31.108491,-64.281124,2728
31.108491,-63.281124,2751
31.108491,-62.281124,2767
31.108491,-61.281124,2783
31.108491,-60.281124,2807
31.108491,-59.281124,2838
31.108491,-58.281124,2853
32.108491,-58.281124,2862
32.108491,-57.281124,2871
32.108491,-56.281124,2887
33.108491,-55.281124,2913
BREAK
67.108491,-40.281124,4283
66.108491,-40.281124,4375
65.108491,-40.281124,4376
64.108491,-40.281124,4390
62.108491,-40.281124,4407
61.108491,-40.281124,4408
60.108491,-40.281124,4423
59.108491,-40.281124,4438
58.108491,-40.281124,4463
57.108491,-40.281124,4479
57.108491,-39.281124,4480
56.108491,-39.281124,4495
55.108491,-39.281124,4496
54.108491,-39.281124,4511
53.108491,-39.281124,4527
52.108491,-39.281124,4543
51.108491,-39.281124,4559
50.108491,-39.281124,4575
48.108491,-39.281124,4593
47.108491,-39.281124,4607
46.108491,-39.281124,4671
44.108491,-39.281124,4687
43.108491,-39.281124,4703
43.108491,-40.281124,4719
42.108491,-40.281124,4720
42.108491,-41.281124,4743
41.108491,-41.281124,4744
40.108491,-41.281124,4759
39.108491,-41.281124,4775
38.108491,-41.281124,4791
38.108491,-42.281124,4791
37.108491,-43.281124,4807
36.108491,-44.281124,4823
36.108491,-45.281124,4904
36.108491,-44.281124,5103
BREAK
