START
34.061321,-26.718876,0
35.061321,-26.718876,127
36.061321,-25.718876,151
37.061321,-25.718876,167
38.061321,-24.718876,183
39.061321,-24.718876,207
40.061321,-24.718876,223
41.061321,-24.718876,261
42.061321,-24.718876,266
43.061321,-24.718876,447
43.061321,-25.718876,455
43.061321,-26.718876,479
43.061321,-27.718876,487
43.061321,-28.718876,495
43.061321,-29.718876,503
43.061321,-31.718876,519
43.061321,-32.718876,527
43.061321,-34.718876,543
43.061321,-35.718876,559
43.061321,-36.718876,575
43.061321,-37.718876,599
43.061321,-38.718876,607
43.061321,-39.718876,639
43.061321,-40.718876,655
43.061321,-41.718876,679
43.061321,-42.718876,687
43.061321,-43.718876,703
42.061321,-43.718876,711
42.061321,-44.718876,719
41.061321,-45.718876,735
41.061321,-46.718876,743
41.061321,-47.718876,759
41.061321,-48.718876,775
41.061321,-49.718876,791
41.061321,-50.718876,800
41.061321,-51.718876,816
41.061321,-52.718876,833
41.061321,-53.718876,849
41.061321,-54.718876,855
41.061321,-55.718876,871
41.061321,-56.718876,887
41.061321,-57.718876,903
41.061321,-58.718876,913
41.061321,-59.718876,927
41.061321,-60.718876,959
41.061321,-61.718876,967
41.061321,-62.718876,991
41.061321,-63.718876,1015
41.061321,-64.718876,1047
41.061321,-65.718876,1055
41.061321,-66.718876,1071
41.061321,-67.718876,1079
41.061321,-68.718876,1095
41.061321,-69.718876,1111
41.061321,-70.718876,1167
41.061321,-71.718876,1423
41.061321,-72.718876,1447
41.061321,-73.718876,1455
40.061321,-73.718876,1823
39.061321,-73.718876,1833
38.061321,-73.718876,1839
37.061321,-73.718876,1849
36.061321,-73.718876,1855
35.061321,-73.718876,1863
34.061321,-73.718876,1871
33.061321,-73.718876,1887
32.061321,-73.718876,1911
31.061321,-73.718876,1927
30.061321,-73.718876,1943
29.061321,-73.718876,1951
28.061321,-73.718876,1959
29.061321,-73.718876,2271
30.061321,-73.718876,2279
31.061321,-73.718876,2295
32.061321,-73.718876,2303
33.061321,-73.718876,2319
34.061321,-73.718876,2351
35.061321,-73.718876,2383
36.061321,-73.718876,2391
37.061321,-73.718876,2415
37.061321,-72.718876,2433
38.061321,-72.718876,2439
39.061321,-72.718876,2479
40.061321,-72.718876,2487
42.061321,-72.718876,2495
43.061321,-72.718876,2511
44.061321,-72.718876,2519
45.061321,-72.718876,2527
46.061321,-72.718876,2535
47.061321,-72.718876,2543
48.061321,-72.718876,2553
49.061321,-72.718876,2559
50.061321,-72.718876,2584
51.061321,-72.718876,2663
BREAK
42.061321,-24.718876,3607
43.061321,-24.718876,3710
43.061321,-23.718876,3726
44.061321,-22.718876,3734
45.061321,-22.718876,3750
46.061321,-21.718876,3758
47.061321,-20.718876,3782
47.061321,-19.718876,3822
47.061321,-18.718876,3838
48.061321,-18.718876,3854
49.061321,-18.718876,3878
50.061321,-18.718876,3887
50.061321,-17.718876,3894
51.061321,-17.718876,3918
52.061321,-17.718876,3934
53.061321,-17.718876,3958
54.061321,-17.718876,3982
55.061321,-17.718876,4014
56.061321,-17.718876,4102
57.061321,-18.718876,4134
58.061321,-18.718876,4142
58.061321,-19.718876,4158
60.061321,-21.718876,4175
61.061321,-22.718876,4190
62.061321,-22.718876,4199
62.061321,-23.718876,4206
63.061321,-23.718876,4215
63.061321,-24.718876,4222
64.061321,-24.718876,4239
64.061321,-25.718876,4246
64.061321,-26.718876,4254
64.061321,-27.718876,4279
65.061321,-27.718876,4287
66.061321,-28.718876,4303
66.061321,-29.718876,4310
67.061321,-30.718876,4319
67.061321,-31.718876,4335
68.061321,-31.718876,4343
68.061321,-32.718876,4351
69.061321,-34.718876,4374
70.061321,-34.718876,4383
70.061321,-36.718876,4399
71.061321,-36.718876,4415
71.061321,-37.718876,4423
72.061321,-37.718876,4439
72.061321,-38.718876,4447
72.061321,-39.718876,4471
72.061321,-40.718876,4479
73.061321,-40.718876,4495
73.061321,-41.718876,4503
73.061321,-42.718876,4519
73.061321,-43.718876,4535
73.061321,-44.718876,4543
73.061321,-45.718876,4559
73.061321,-46.718876,4567
72.061321,-46.718876,4575
72.061321,-47.718876,4583
72.061321,-48.718876,4599
72.061321,-49.718876,4631
71.061321,-50.718876,4655
71.061321,-51.718876,4679
71.061321,-52.718876,4695
70.061321,-52.718876,4711
70.061321,-53.718876,4767
69.061321,-53.718876,4847
69.061321,-54.718876,4863
69.061321,-55.718876,4895
68.061321,-56.718876,4903
68.061321,-57.718876,4927
68.061321,-58.718876,4951
68.061321,-59.718876,4968
68.061321,-60.718876,4991
68.061321,-61.718876,5031
68.061321,-62.718876,5087
68.061321,-63.718876,5127
68.061321,-64.718876,5151
68.061321,-65.718876,5183
68.061321,-66.718876,5231
68.061321,-67.718876,5264
68.061321,-68.718876,5295
68.061321,-69.718876,5327
69.061321,-69.718876,5711
69.061321,-70.718876,5736
70.061321,-70.718876,5927
71.061321,-70.718876,5951
72.061321,-70.718876,5991
72.061321,-69.718876,6048
73.061321,-69.718876,6063
72.061321,-69.718876,6320
71.061321,-69.718876,6328
70.061321,-69.718876,6359
68.061321,-69.718876,6375
67.061321,-69.718876,6391
65.061321,-69.718876,6400
65.061321,-70.718876,6417
64.061321,-70.718876,6425
63.061321,-70.718876,6440
64.061321,-70.718876,6671
65.061321,-70.718876,6696
66.061321,-70.718876,6711
67.061321,-70.718876,6728
68.061321,-70.718876,6736
69.061321,-70.718876,6752
70.061321,-70.718876,6775
71.061321,-70.718876,6808
72.061321,-70.718876,6824
73.061321,-70.718876,6840
74.061321,-70.718876,6849
75.061321,-70.718876,6863
76.061321,-70.718876,6895
77.061321,-70.718876,6911
79.061321,-70.718876,6920
80.061321,-70.718876,6944
BREAK
