START
31.061321,-42.718876,0
32.061321,-43.718876,143
32.061321,-44.718876,151
32.061321,-45.718876,159
32.061321,-46.718876,167
33.061321,-47.718876,175
33.061321,-48.718876,183
33.061321,-49.718876,191
33.061321,-50.718876,215
33.061321,-51.718876,231
33.061321,-52.718876,255
33.061321,-53.718876,263
33.061321,-54.718876,287
33.061321,-55.718876,303
33.061321,-56.718876,311
33.061321,-57.718876,327
33.061321,-58.718876,343
33.061321,-59.718876,359
33.061321,-60.718876,375
33.061321,-61.718876,399
34.061321,-61.718876,407
34.061321,-62.718876,415
34.061321,-63.718876,423
34.061321,-64.718876,439
34.061321,-65.718876,463
34.061321,-66.718876,519
34.061321,-67.718876,551
34.061321,-68.718876,623
34.061321,-70.718876,639
34.061321,-71.718876,663
34.061321,-72.718876,711
34.061321,-73.718876,751
34.061321,-74.718876,775
BREAK
39.061321,-47.718876,6407
39.061321,-46.718876,6528
42.061321,-46.718876,6535
43.061321,-45.718876,6543
44.061321,-44.718876,6551
47.061321,-42.718876,6559
49.061321,-41.718876,6567
50.061321,-40.718876,6575
51.061321,-39.718876,6591
52.061321,-38.718876,6607
53.061321,-38.718876,6672
54.061321,-38.718876,6687
55.061321,-38.718876,6695
55.061321,-37.718876,6703
56.061321,-37.718876,6711
58.061321,-37.718876,6727
59.061321,-37.718876,6743
60.061321,-37.718876,6759
61.061321,-37.718876,6767
62.061321,-38.718876,6839
63.061321,-39.718876,6849
66.061321,-39.718876,6855
67.061321,-41.718876,6863
68.061321,-41.718876,6871
68.061321,-42.718876,6879
68.061321,-43.718876,6887
68.061321,-44.718876,6911
68.061321,-45.718876,6927
68.061321,-47.718876,6943
68.061321,-49.718876,6959
68.061321,-50.718876,6967
68.061321,-52.718876,6983
68.061321,-53.718876,6991
68.061321,-54.718876,6999
68.061321,-55.718876,7015
68.061321,-56.718876,7023
68.061321,-57.718876,7031
68.061321,-58.718876,7055
68.061321,-59.718876,7071
68.061321,-60.718876,7087
67.061321,-61.718876,7095
67.061321,-62.718876,7119
66.061321,-63.718876,7151
66.061321,-64.718876,7168
66.061321,-65.718876,7191
65.061321,-65.718876,7199
65.061321,-66.718876,7215
65.061321,-67.718876,7223
65.061321,-68.718876,7247
64.061321,-68.718876,7264
63.061321,-68.718876,7271
63.061321,-69.718876,7280
62.061321,-69.718876,7368
62.061321,-70.718876,7400
62.061321,-71.718876,7424
61.061321,-71.718876,7464
61.061321,-72.718876,7479
59.061321,-72.718876,7600
58.061321,-72.718876,7615
59.061321,-71.718876,7904
60.061321,-71.718876,7911
61.061321,-71.718876,7919
63.061321,-71.718876,7936
64.061321,-71.718876,7952
65.061321,-71.718876,7968
66.061321,-71.718876,7975
67.061321,-71.718876,8000
68.061321,-71.718876,8047
69.061321,-71.718876,8072
70.061321,-71.718876,8079
71.061321,-71.718876,8096
BREAK
