START
59.877358,-20.859438,0
59.877358,-21.859438,50
59.877358,-22.859438,70
59.877358,-23.859438,101
59.877358,-24.859438,132
59.877358,-26.859438,152
59.877358,-28.859438,162
59.877358,-30.859438,172
59.877358,-33.859438,182
59.877358,-35.859438,192
59.877358,-37.859438,202
59.877358,-38.859438,212
59.877358,-39.859438,222
59.877358,-40.859438,232
59.877358,-41.859438,252
59.877358,-42.859438,262
59.877358,-44.859438,272
59.877358,-45.859438,282
59.877358,-46.859438,292
59.877358,-47.859438,302
59.877358,-48.859438,312
59.877358,-49.859438,322
59.877358,-50.859438,342
59.877358,-51.859438,387
59.877358,-52.859438,392
59.877358,-53.859438,402
59.877358,-54.859438,422
59.877358,-55.859438,443
59.877358,-56.859438,454
59.877358,-57.859438,474
59.877358,-58.859438,494
59.877358,-59.859438,524
59.877358,-60.859438,534
59.877358,-61.859438,554
59.877358,-62.859438,584
59.877358,-63.859438,593
59.877358,-64.859438,624
59.877358,-65.859438,643
59.877358,-66.859438,673
59.877358,-67.859438,683
59.877358,-68.859438,713
59.877358,-69.859438,753
58.877358,-69.859438,903
57.877358,-69.859438,913
55.877358,-70.859438,923
52.877358,-71.859438,933
50.877358,-71.859438,943
48.877358,-72.859438,953
47.877358,-72.859438,963
46.877358,-72.859438,973
45.877358,-72.859438,993
44.877358,-72.859438,1003
43.877358,-72.859438,1033
42.877358,-72.859438,1073
41.877358,-72.859438,1104
40.877358,-72.859438,1124
39.877358,-71.859438,1145
38.877358,-70.859438,1167
37.877358,-70.859438,1178
37.877358,-69.859438,1199
36.877358,-68.859438,1219
36.877358,-67.859438,1228
36.877358,-66.859438,1239
34.877358,-65.859438,1249
33.877358,-63.859438,1259
33.877358,-62.859438,1269
33.877358,-61.859438,1278
32.877358,-61.859438,1289
32.877358,-60.859438,1298
32.877358,-59.859438,1319
31.877358,-58.859438,1339
30.877358,-57.859438,1349
30.877358,-56.859438,1359
29.877358,-54.859438,1369
28.877358,-53.859438,1391
28.877358,-52.859438,1412
28.877358,-51.859438,1432
28.877358,-50.859438,1452
28.877358,-48.859438,1461
28.877358,-47.859438,1472
27.877358,-46.859438,1482
27.877358,-44.859438,1502
27.877358,-43.859438,1521
27.877358,-42.859438,1531
27.877358,-41.859438,1572
27.877358,-40.859438,1603
27.877358,-39.859438,1667
27.877358,-37.859438,1697
27.877358,-36.859438,1707
27.877358,-35.859438,1717
27.877358,-34.859438,1727
27.877358,-33.859438,1737
28.877358,-33.859438,1759
28.877358,-32.859438,1782
29.877358,-32.859438,1813
29.877358,-30.859438,1823
31.877358,-29.859438,1833
31.877358,-28.859438,1843
32.877358,-27.859438,1853
33.877358,-27.859438,1863
33.877358,-25.859438,1873
34.877358,-25.859438,1883
34.877358,-24.859438,1893
35.877358,-24.859438,1903
35.877358,-23.859438,1913
37.877358,-22.859438,1934
39.877358,-21.859438,1954
40.877358,-20.859438,1964
41.877358,-20.859438,1974
43.877358,-20.859438,1984
44.877358,-20.859438,2004
45.877358,-20.859438,2014
46.877358,-20.859438,2024
47.877358,-20.859438,2044
48.877358,-20.859438,2054
49.877358,-20.859438,2074
50.877358,-20.859438,2094
51.877358,-20.859438,2114
52.877358,-20.859438,2134
53.877358,-20.859438,2154
54.877358,-20.859438,2174
55.877358,-20.859438,2204
56.877358,-20.859438,2214
57.877358,-20.859438,2234
58.877358,-20.859438,2244
59.877358,-20.859438,2253
60.877358,-20.859438,2284
61.877358,-20.859438,2313
62.877358,-20.859438,2333
BREAK
58.877358,-42.859438,3421
59.877358,-42.859438,3540
60.877358,-42.859438,3550
61.877358,-42.859438,3560
63.877358,-42.859438,3580
64.877358,-42.859438,3590
65.877358,-42.859438,3600
66.877358,-42.859438,3620
67.877358,-42.859438,3640
68.877358,-42.859438,3670
69.877358,-42.859438,3692
70.877358,-42.859438,3713
71.877358,-42.859438,3743
72.877358,-42.859438,3753
73.877358,-42.859438,3803
74.877358,-42.859438,3902
74.877358,-43.859438,4275
74.877358,-44.859438,4296
74.877358,-45.859438,4308
74.877358,-47.859438,4318
74.877358,-48.859438,4328
74.877358,-50.859438,4348
74.877358,-51.859438,4358
74.877358,-52.859438,4368
74.877358,-54.859438,4378
74.877358,-55.859438,4388
74.877358,-56.859438,4398
74.877358,-58.859438,4408
74.877358,-59.859438,4428
74.877358,-60.859438,4448
74.877358,-61.859438,4480
74.877358,-62.859438,4502
74.877358,-63.859438,4546
74.877358,-64.859438,4597
BREAK
