START
65.877358,-14.859438,0
66.877358,-14.859438,168
66.877358,-15.859438,192
66.877358,-16.859438,200
66.877358,-17.859438,208
66.877358,-18.859438,224
66.877358,-19.859438,232
66.877358,-20.859438,240
66.877358,-22.859438,256
66.877358,-24.859438,288
66.877358,-25.859438,304
66.877358,-26.859438,320
66.877358,-27.859438,336
66.877358,-29.859438,360
66.877358,-30.859438,384
66.877358,-31.859438,393
66.877358,-32.859438,416
66.877358,-33.859438,424
66.877358,-34.859438,432
66.877358,-35.859438,448
66.877358,-36.859438,464
66.877358,-37.859438,472
66.877358,-38.859438,488
66.877358,-39.859438,496
66.877358,-40.859438,504
66.877358,-41.859438,512
66.877358,-42.859438,521
66.877358,-43.859438,536
66.877358,-44.859438,552
66.877358,-45.859438,561
66.877358,-46.859438,568
66.877358,-47.859438,576
66.877358,-48.859438,584
66.877358,-49.859438,592
66.877358,-50.859438,601
66.877358,-51.859438,608
66.877358,-52.859438,632
66.877358,-53.859438,640
66.877358,-54.859438,648
66.877358,-55.859438,664
66.877358,-56.859438,681
66.877358,-58.859438,696
66.877358,-59.859438,704
66.877358,-60.859438,712
66.877358,-61.859438,729
66.877358,-62.859438,752
66.877358,-63.859438,760
66.877358,-64.859438,769
66.877358,-66.859438,784
66.877358,-67.859438,792
66.877358,-69.859438,800
66.877358,-70.859438,816
66.877358,-71.859438,824
66.877358,-72.859438,832
66.877358,-74.859438,849
66.877358,-75.859438,864
66.877358,-77.859438,872
66.877358,-78.859438,880
66.877358,-79.859438,896
66.877358,-80.859438,904
66.877358,-81.859438,912
66.877358,-82.859438,920
66.877358,-83.859438,937
66.877358,-84.859438,952
66.877358,-85.859438,960
66.877358,-86.859438,977
66.877358,-87.859438,1017
66.877358,-88.859438,1032
BREAK
69.877358,-40.859438,2160
69.877358,-39.859438,2393
70.877358,-39.859438,2416
71.877358,-39.859438,2424
72.877358,-39.859438,2433
73.877358,-39.859438,2456
74.877358,-39.859438,2464
75.877358,-39.859438,2504
76.877358,-39.859438,2593
77.877358,-39.859438,2633
78.877358,-39.859438,2648
79.877358,-39.859438,2681
80.877358,-40.859438,2753
80.877358,-41.859438,2793
81.877358,-41.859438,2816
81.877358,-43.859438,2992
81.877358,-44.859438,3009
81.877358,-45.859438,3017
81.877358,-46.859438,3032
81.877358,-47.859438,3040
81.877358,-48.859438,3049
81.877358,-49.859438,3057
81.877358,-50.859438,3072
81.877358,-51.859438,3089
81.877358,-52.859438,3097
81.877358,-53.859438,3112
81.877358,-54.859438,3137
81.877358,-55.859438,3145
81.877358,-56.859438,3152
81.877358,-57.859438,3160
81.877358,-58.859438,3177
81.877358,-59.859438,3185
81.877358,-60.859438,3225
81.877358,-61.859438,3280
81.877358,-62.859438,3353
81.877358,-63.859438,3376
BREAK
67.877358,-13.859438,4280
66.877358,-13.859438,4328
65.877358,-13.859438,4353
64.877358,-13.859438,4377
63.877358,-13.859438,4433
62.877358,-13.859438,4448
61.877358,-13.859438,4465
60.877358,-13.859438,4473
58.877358,-13.859438,4537
57.877358,-14.859438,4568
56.877358,-14.859438,4585
55.877358,-14.859438,4633
54.877358,-15.859438,4664
53.877358,-15.859438,4688
52.877358,-15.859438,4713
51.877358,-15.859438,4753
50.877358,-16.859438,4776
50.877358,-17.859438,4793
47.877358,-18.859438,4801
46.877358,-18.859438,4816
44.877358,-18.859438,4824
44.877358,-19.859438,4841
43.877358,-19.859438,4849
42.877358,-19.859438,4856
41.877358,-19.859438,4872
40.877358,-19.859438,4952
38.877358,-20.859438,5017
37.877358,-21.859438,5041
36.877358,-22.859438,5064
36.877358,-23.859438,5072
35.877358,-24.859438,5112
35.877358,-25.859438,5129
34.877358,-26.859438,5145
34.877358,-27.859438,5152
33.877358,-28.859438,5177
33.877358,-29.859438,5192
33.877358,-30.859438,5200
33.877358,-31.859438,5217
32.877358,-31.859438,5240
32.877358,-32.859438,5249
32.877358,-33.859438,5265
32.877358,-34.859438,5272
32.877358,-35.859438,5297
31.877358,-35.859438,5313
31.877358,-36.859438,5329
31.877358,-37.859438,5353
31.877358,-38.859438,5368
31.877358,-39.859438,5400
31.877358,-40.859438,5408
31.877358,-41.859438,5417
31.877358,-42.859438,5425
31.877358,-43.859438,5449
31.877358,-44.859438,5457
31.877358,-45.859438,5473
31.877358,-46.859438,5480
31.877358,-47.859438,5513
31.877358,-48.859438,5528
31.877358,-49.859438,5536
31.877358,-50.859438,5553
31.877358,-51.859438,5576
31.877358,-52.859438,5601
31.877358,-53.859438,5616
31.877358,-54.859438,5625
31.877358,-55.859438,5648
31.877358,-56.859438,5656
31.877358,-57.859438,5696
31.877358,-58.859438,5705
31.877358,-59.859438,5713
31.877358,-60.859438,5736
31.877358,-61.859438,5761
31.877358,-62.859438,5769
31.877358,-63.859438,5785
31.877358,-64.859438,5809
31.877358,-65.859438,5816
32.877358,-66.859438,5833
33.877358,-67.859438,5841
34.877358,-67.859438,5856
34.877358,-68.859438,5864
34.877358,-69.859438,5873
35.877358,-70.859438,5896
36.877358,-71.859438,5921
37.877358,-71.859438,5937
37.877358,-72.859438,5953
38.877358,-73.859438,5961
39.877358,-74.859438,5984
40.877358,-75.859438,6009
41.877358,-75.859438,6041
41.877358,-76.859438,6057
42.877358,-77.859438,6089
43.877358,-78.859438,6121
44.877358,-78.859438,6145
45.877358,-78.859438,6152
45.877358,-79.859438,6169
46.877358,-79.859438,6185
47.877358,-79.859438,6192
48.877358,-80.859438,6209
49.877358,-80.859438,6217
50.877358,-81.859438,6281
51.877358,-81.859438,6297
52.877358,-81.859438,6305
53.877358,-81.859438,6320
54.877358,-81.859438,6360
55.877358,-81.859438,6385
56.877358,-81.859438,6433
57.877358,-81.859438,6480
58.877358,-81.859438,6505
59.877358,-81.859438,6513
60.877358,-81.859438,6528
61.877358,-81.859438,6537
62.877358,-81.859438,6568
63.877358,-81.859438,6608
64.877358,-81.859438,6641
65.877358,-81.859438,6721
66.877358,-82.859438,6753
66.877358,-83.859438,6785
67.877358,-83.859438,6816
68.877358,-83.859438,6841
BREAK
