START
33.99141,-74.944177,0
29.622989,-74.070492,96
28.749305,-74.070492,104
28.749305,-73.196808,112
27.875621,-73.196808,120
27.001936,-72.323124,128
26.128252,-72.323124,136
25.254568,-72.323124,144
24.380884,-70.575756,160
22.633515,-70.575756,176
22.633515,-69.702071,184
21.759831,-69.702071,192
20.886147,-68.828387,200
20.886147,-67.954703,208
20.886147,-67.081019,232
20.012463,-66.207335,248
20.012463,-65.33365,264
19.138779,-64.459966,272
18.265094,-63.586282,288
17.39141,-61.838914,296
16.517726,-60.965229,304
16.517726,-60.091545,312
15.644042,-60.091545,320
15.644042,-59.217861,336
15.644042,-57.470492,352
15.644042,-56.596808,376
15.644042,-54.84944,392
15.644042,-53.102071,408
15.644042,-52.228387,416
15.644042,-51.354703,432
15.644042,-50.481019,448
15.644042,-49.607335,456
15.644042,-48.73365,488
15.644042,-47.859966,496
16.517726,-46.986282,504
16.517726,-46.112598,520
17.39141,-45.238914,528
18.265094,-45.238914,536
18.265094,-44.365229,544
19.138779,-43.491545,560
19.138779,-42.617861,584
20.886147,-42.617861,592
22.633515,-41.744177,608
24.380884,-40.870492,616
25.254568,-40.870492,632
26.128252,-40.870492,648
27.001936,-40.870492,656
27.875621,-40.870492,664
28.749305,-40.870492,680
29.622989,-40.870492,688
30.496673,-40.870492,696
32.244042,-40.870492,704
33.117726,-40.870492,720
34.865094,-40.870492,744
35.738779,-40.870492,768
37.486147,-40.870492,800
38.359831,-40.870492,816
38.359831,-41.744177,824
39.233515,-41.744177,832
40.1072,-42.617861,840
40.980884,-43.491545,856
40.980884,-44.365229,880
40.980884,-45.238914,888
41.854568,-46.112598,896
43.601936,-47.859966,912
43.601936,-48.73365,928
43.601936,-49.607335,952
43.601936,-50.481019,960
43.601936,-51.354703,999
43.601936,-52.228387,1032
43.601936,-53.102071,1200
44.475621,-53.102071,1456
45.349305,-52.228387,1496
46.222989,-51.354703,1512
47.096673,-51.354703,1536
47.970357,-51.354703,1568
49.717726,-50.481019,1576
49.717726,-49.607335,1592
50.59141,-49.607335,1600
51.465094,-48.73365,1608
52.338779,-48.73365,1624
53.212463,-48.73365,1640
54.959831,-47.859966,1648
55.833515,-47.859966,1672
56.7072,-47.859966,1680
57.580884,-46.986282,1688
58.454568,-46.112598,1696
59.328252,-46.112598,1704
60.201936,-46.112598,1712
61.075621,-45.238914,1728
61.949305,-45.238914,1736
62.822989,-45.238914,1744
63.696673,-45.238914,1768
63.696673,-44.365229,1792
64.570357,-43.491545,1800
65.444042,-43.491545,1824
66.317726,-42.617861,1873
BREAK
66.317726,-19.902071,2928
66.317726,-25.144177,3040
66.317726,-26.891545,3048
66.317726,-28.638914,3064
67.19141,-29.512598,3072
67.19141,-30.386282,3080
67.19141,-31.259966,3088
68.065094,-33.007335,3096
68.065094,-33.881019,3104
68.065094,-35.628387,3112
68.938779,-36.502071,3120
68.938779,-38.24944,3128
68.938779,-39.996808,3136
69.812463,-41.744177,3152
69.812463,-43.491545,3160
69.812463,-44.365229,3168
69.812463,-45.238914,3176
69.812463,-46.986282,3184
69.812463,-48.73365,3192
69.812463,-50.481019,3200
69.812463,-52.228387,3208
69.812463,-54.84944,3216
69.812463,-56.596808,3224
69.812463,-57.470492,3232
69.812463,-60.091545,3240
69.812463,-60.965229,3256
69.812463,-62.712598,3264
69.812463,-64.459966,3280
69.812463,-65.33365,3288
69.812463,-66.207335,3304
69.812463,-67.081019,3312
69.812463,-68.828387,3320
69.812463,-69.702071,3328
69.812463,-70.575756,3336
69.812463,-71.44944,3344
69.812463,-72.323124,3360
69.812463,-74.070492,3368
69.812463,-74.944177,3392
69.812463,-75.817861,3400
69.812463,-76.691545,3408
69.812463,-77.565229,3424
69.812463,-78.438914,3440
69.812463,-79.312598,3448
69.812463,-80.186282,3472
69.812463,-81.059966,3528
BREAK
16.517726,-18.154703,4560
21.759831,-18.154703,4680
22.633515,-18.154703,4688
23.5072,-18.154703,4696
24.380884,-18.154703,4704
26.128252,-18.154703,4712
27.001936,-18.154703,4728
29.622989,-18.154703,4736
31.370357,-18.154703,4752
32.244042,-18.154703,4760
33.99141,-18.154703,4768
34.865094,-18.154703,4776
36.612463,-18.154703,4784
38.359831,-18.154703,4792
40.980884,-18.154703,4800
41.854568,-18.154703,4808
43.601936,-18.154703,4816
46.222989,-18.154703,4824
47.096673,-18.154703,4832
47.970357,-18.154703,4840
48.844042,-18.154703,4848
49.717726,-18.154703,4856
50.59141,-18.154703,4880
51.465094,-18.154703,4888
52.338779,-18.154703,4896
53.212463,-18.154703,4912
54.959831,-18.154703,4920
55.833515,-18.154703,4928
56.7072,-18.154703,4944
57.580884,-18.154703,4952
58.454568,-18.154703,4968
61.075621,-18.154703,4999
63.696673,-18.154703,5009
66.317726,-18.154703,5016
67.19141,-18.154703,5024
69.812463,-18.154703,5032
70.686147,-18.154703,5040
72.433515,-18.154703,5048
73.3072,-18.154703,5056
75.054568,-18.154703,5076
75.928252,-18.154703,5080
77.675621,-18.154703,5096
78.549305,-18.154703,5104
80.296673,-18.154703,5112
82.044042,-18.154703,5120
83.79141,-18.154703,5128
85.538779,-18.154703,5136
87.286147,-18.154703,5144
88.159831,-18.154703,5152
89.9072,-18.154703,5160
90.780884,-18.154703,5168
92.528252,-18.154703,5184
93.401936,-18.154703,5200
94.275621,-18.154703,5232
95.149305,-18.154703,5240
BREAK
