START
64.061321,-34.718876,0
63.061321,-34.718876,301
62.061321,-34.718876,325
61.061321,-34.718876,333
60.061321,-34.718876,359
59.061321,-34.718876,381
58.061321,-34.718876,389
57.061321,-35.718876,405
56.061321,-35.718876,436
55.061321,-35.718876,461
54.061321,-35.718876,469
53.061321,-35.718876,493
52.061321,-35.718876,509
51.061321,-35.718876,523
51.061321,-36.718876,533
50.061321,-36.718876,541
49.061321,-36.718876,573
48.061321,-37.718876,589
47.061321,-37.718876,602
47.061321,-38.718876,605
46.061321,-38.718876,621
46.061321,-39.718876,629
44.061321,-39.718876,644
44.061321,-40.718876,645
43.061321,-40.718876,653
43.061321,-41.718876,661
42.061321,-42.718876,675
41.061321,-42.718876,677
41.061321,-43.718876,701
40.061321,-43.718876,725
40.061321,-44.718876,741
40.061321,-45.718876,765
40.061321,-46.718876,813
40.061321,-47.718876,843
40.061321,-49.718876,853
39.061321,-51.718876,861
39.061321,-52.718876,869
38.061321,-55.718876,879
38.061321,-57.718876,885
37.061321,-58.718876,893
37.061321,-60.718876,901
37.061321,-62.718876,909
37.061321,-63.718876,923
37.061321,-65.718876,933
37.061321,-66.718876,959
38.061321,-66.718876,965
39.061321,-66.718876,981
39.061321,-67.718876,989
40.061321,-67.718876,1004
41.061321,-68.718876,1005
42.061321,-68.718876,1013
43.061321,-69.718876,1021
44.061321,-69.718876,1029
45.061321,-70.718876,1044
46.061321,-70.718876,1046
47.061321,-70.718876,1061
48.061321,-70.718876,1083
49.061321,-70.718876,1093
50.061321,-70.718876,1101
51.061321,-70.718876,1120
51.061321,-69.718876,1125
52.061321,-69.718876,1133
53.061321,-69.718876,1141
53.061321,-68.718876,1149
54.061321,-68.718876,1159
54.061321,-67.718876,1166
55.061321,-66.718876,1173
55.061321,-65.718876,1189
56.061321,-65.718876,1203
57.061321,-63.718876,1205
57.061321,-62.718876,1222
58.061321,-60.718876,1230
58.061321,-59.718876,1242
59.061321,-57.718876,1245
59.061321,-55.718876,1253
59.061321,-53.718876,1261
59.061321,-51.718876,1269
59.061321,-49.718876,1280
59.061321,-46.718876,1285
60.061321,-43.718876,1293
60.061321,-41.718876,1301
61.061321,-38.718876,1309
61.061321,-36.718876,1323
61.061321,-34.718876,1325
61.061321,-31.718876,1333
61.061321,-29.718876,1341
61.061321,-26.718876,1349
61.061321,-24.718876,1360
61.061321,-23.718876,1365
61.061321,-20.718876,1373
61.061321,-18.718876,1381
61.061321,-16.718876,1389
61.061321,-14.718876,1400
61.061321,-12.718876,1405
61.061321,-9.7188755,1413
61.061321,-7.7188755,1421
61.061321,-5.7188755,1443
61.061321,-4.7188755,1453
BREAK
