START
60.061321,-31.718876,0
60.061321,-32.718876,546
60.061321,-33.718876,571
60.061321,-34.718876,583
60.061321,-35.718876,607
60.061321,-36.718876,633
60.061321,-37.718876,680
60.061321,-38.718876,716
60.061321,-39.718876,753
60.061321,-40.718876,789
60.061321,-42.718876,826
60.061321,-43.718876,852
60.061321,-44.718876,887
60.061321,-45.718876,911
60.061321,-46.718876,935
60.061321,-47.718876,960
60.061321,-48.718876,984
60.061321,-49.718876,1008
60.061321,-50.718876,1044
60.061321,-51.718876,1093
60.061321,-52.718876,1133
60.061321,-53.718876,1155
60.061321,-54.718876,1178
60.061321,-55.718876,1203
60.061321,-56.718876,1239
60.061321,-57.718876,1300
60.061321,-58.718876,1324
60.061321,-59.718876,1353
60.061321,-60.718876,1373
60.061321,-61.718876,1397
60.061321,-62.718876,1458
60.061321,-63.718876,1494
60.061321,-64.718876,1543
60.061321,-65.718876,1591
60.061321,-66.718876,1630
60.061321,-68.718876,1667
60.061321,-69.718876,1698
60.061321,-71.718876,1739
60.061321,-72.718876,1894
60.061321,-73.718876,1932
60.061321,-74.718876,1968
59.061321,-75.718876,1992
59.061321,-76.718876,2007
59.061321,-77.718876,2551
59.061321,-78.718876,2576
59.061321,-80.718876,2600
59.061321,-81.718876,2624
59.061321,-82.718876,2649
59.061321,-83.718876,2663
59.061321,-84.718876,2685
59.061321,-85.718876,2709
59.061321,-86.718876,2734
59.061321,-87.718876,2746
59.061321,-88.718876,2794
59.061321,-89.718876,2847
58.061321,-89.718876,2855
57.061321,-90.718876,2879
56.061321,-91.718876,2916
55.061321,-91.718876,2987
54.061321,-91.718876,3025
53.061321,-91.718876,3061
52.061321,-91.718876,3122
51.061321,-91.718876,3158
50.061321,-91.718876,3170
49.061321,-91.718876,3207
48.061321,-91.718876,3231
47.061321,-91.718876,3268
46.061321,-91.718876,3292
45.061321,-91.718876,3328
44.061321,-91.718876,3377
43.061321,-91.718876,3413
42.061321,-91.718876,3450
41.061321,-91.718876,3499
40.061321,-91.718876,3548
40.061321,-90.718876,3560
38.061321,-89.718876,3624
37.061321,-89.718876,3646
37.061321,-88.718876,3658
36.061321,-88.718876,3670
35.061321,-87.718876,3682
35.061321,-86.718876,3719
34.061321,-86.718876,3755
34.061321,-85.718876,3767
33.061321,-84.718876,3792
33.061321,-83.718876,3816
33.061321,-82.718876,3852
32.061321,-82.718876,3866
32.061321,-81.718876,3876
32.061321,-80.718876,3901
32.061321,-79.718876,3963
32.061321,-78.718876,3998
32.061321,-76.718876,4038
32.061321,-75.718876,4062
32.061321,-74.718876,4121
32.061321,-73.718876,4157
32.061321,-72.718876,4193
32.061321,-71.718876,4217
33.061321,-70.718876,4290
33.061321,-69.718876,4338
34.061321,-68.718876,4387
35.061321,-67.718876,4425
35.061321,-66.718876,4462
36.061321,-65.718876,4484
36.061321,-64.718876,4509
37.061321,-64.718876,4526
37.061321,-63.718876,4533
38.061321,-63.718876,4545
38.061321,-62.718876,4557
39.061321,-62.718876,4583
39.061321,-61.718876,4594
40.061321,-60.718876,4619
41.061321,-59.718876,4655
41.061321,-58.718876,4683
42.061321,-58.718876,4691
43.061321,-57.718876,4788
44.061321,-57.718876,4840
45.061321,-57.718876,4879
46.061321,-56.718876,4895
47.061321,-56.718876,4963
48.061321,-56.718876,5121
49.061321,-56.718876,5155
50.061321,-56.718876,5310
51.061321,-56.718876,5322
52.061321,-56.718876,5357
53.061321,-56.718876,5418
54.061321,-56.718876,5480
55.061321,-56.718876,5505
56.061321,-56.718876,5542
57.061321,-55.718876,5565
58.061321,-55.718876,5588
59.061321,-55.718876,5613
60.061321,-55.718876,5626
60.061321,-54.718876,5638
61.061321,-54.718876,5650
62.061321,-54.718876,5674
63.061321,-54.718876,5796
64.061321,-54.718876,5808
65.061321,-54.718876,5820
66.061321,-54.718876,5845
67.061321,-54.718876,5857
68.061321,-54.718876,5884
69.061321,-54.718876,6052
70.061321,-54.718876,6652
71.061321,-54.718876,6688
72.061321,-54.718876,6724
73.061321,-54.718876,6822
BREAK
54.061321,-36.718876,7828
55.061321,-35.718876,7833
56.061321,-35.718876,7837
56.061321,-34.718876,7847
58.061321,-33.718876,7861
58.061321,-32.718876,7873
60.061321,-31.718876,7884
61.061321,-31.718876,7909
61.061321,-30.718876,7937
BREAK
