START
27.641509,-20.859438,0
27.641509,-20.859438,119
28.641509,-20.859438,135
30.641509,-20.859438,143
31.641509,-20.859438,151
32.641509,-20.859438,159
34.641509,-20.859438,167
35.641509,-20.859438,175
36.641509,-20.859438,183
38.641509,-20.859438,191
40.641509,-21.859438,200
42.641509,-21.859438,207
45.641509,-21.859438,216
46.641509,-21.859438,223
48.641509,-21.859438,231
50.641509,-21.859438,239
51.641509,-21.859438,247
53.641509,-21.859438,255
54.641509,-21.859438,263
55.641509,-21.859438,271
57.641509,-21.859438,279
58.641509,-21.859438,287
60.641509,-21.859438,295
62.641509,-21.859438,303
63.641509,-21.859438,311
63.641509,-21.859438,319
65.641509,-21.859438,327
66.641509,-21.859438,335
67.641509,-21.859438,343
69.641509,-21.859438,351
70.641509,-21.859438,360
71.641509,-21.859438,367
72.641509,-21.859438,375
72.641509,-21.859438,384
73.641509,-21.859438,391
74.641509,-21.859438,407
75.641509,-21.859438,415
76.641509,-21.859438,423
77.641509,-20.859438,439
79.641509,-20.859438,455
80.641509,-20.859438,463
81.641509,-19.859438,479
82.641509,-19.859438,495
83.641509,-19.859438,567
84.641509,-18.859438,575
85.641509,-18.859438,583
86.641509,-17.859438,591
87.641509,-17.859438,607
BREAK
51.641509,-23.859438,1712
52.641509,-23.859438,1823
53.641509,-23.859438,1848
54.641509,-23.859438,1864
54.641509,-23.859438,1888
55.641509,-24.859438,1936
56.641509,-25.859438,1967
56.641509,-27.859438,2055
56.641509,-28.859438,2079
56.641509,-29.859438,2103
55.641509,-30.859438,2119
54.641509,-31.859438,2135
54.641509,-32.859438,2159
54.641509,-33.859438,2176
53.641509,-34.859438,2191
52.641509,-35.859438,2199
52.641509,-36.859438,2208
51.641509,-36.859438,2215
51.641509,-37.859438,2223
50.641509,-38.859438,2231
49.641509,-39.859438,2247
48.641509,-40.859438,2263
47.641509,-41.859438,2279
47.641509,-41.859438,2295
46.641509,-42.859438,2311
45.641509,-44.859438,2327
45.641509,-45.859438,2343
44.641509,-46.859438,2359
43.641509,-47.859438,2367
43.641509,-48.859438,2383
42.641509,-49.859438,2392
42.641509,-50.859438,2399
41.641509,-50.859438,2408
40.641509,-50.859438,2415
40.641509,-52.859438,2423
38.641509,-53.859438,2439
38.641509,-54.859438,2447
37.641509,-55.859438,2455
37.641509,-56.859438,2463
36.641509,-57.859438,2471
36.641509,-59.859438,2495
35.641509,-59.859438,2512
35.641509,-60.859438,2527
33.641509,-61.859438,2543
32.641509,-62.859438,2576
31.641509,-63.859438,2592
30.641509,-64.859438,2607
29.641509,-65.859438,2639
28.641509,-65.859438,2663
28.641509,-66.859438,2671
27.641509,-66.859438,2679
27.641509,-66.859438,2688
26.641509,-67.859438,2711
BREAK
54.641509,-36.859438,3575
54.641509,-37.859438,3655
55.641509,-38.859438,3680
56.641509,-40.859438,3703
57.641509,-40.859438,3719
57.641509,-41.859438,3735
58.641509,-41.859438,3751
59.641509,-42.859438,3775
60.641509,-42.859438,3783
60.641509,-43.859438,3791
61.641509,-43.859438,3807
61.641509,-44.859438,3815
63.641509,-44.859438,3832
63.641509,-46.859438,3848
64.641509,-46.859438,3855
65.641509,-48.859438,3864
67.641509,-50.859438,3879
68.641509,-50.859438,3887
69.641509,-50.859438,3895
70.641509,-51.859438,3903
71.641509,-52.859438,3919
72.641509,-52.859438,3935
72.641509,-53.859438,3951
73.641509,-54.859438,4072
74.641509,-55.859438,4080
75.641509,-56.859438,4095
75.641509,-57.859438,4112
77.641509,-58.859438,4136
77.641509,-59.859438,4152
77.641509,-59.859438,4160
78.641509,-59.859438,4184
79.641509,-60.859438,4200
79.641509,-62.859438,4224
80.641509,-62.859438,4248
80.641509,-63.859438,4272
81.641509,-63.859438,4296
81.641509,-64.859438,4312
81.641509,-65.859438,4320
82.641509,-65.859438,4336
82.641509,-66.859438,4360
83.641509,-66.859438,4408
BREAK
