START
39.641509,-20.859438,0
42.641509,-20.859438,68
46.641509,-20.859438,84
52.641509,-20.859438,101
58.641509,-20.859438,118
63.641509,-20.859438,135
65.641509,-20.859438,151
BREAK
11.641509,-35.859438,1312
12.641509,-35.859438,1406
13.641509,-35.859438,1423
16.641509,-35.859438,1439
19.641509,-35.859438,1456
21.641509,-35.859438,1473
24.641509,-35.859438,1489
25.641509,-35.859438,1506
27.641509,-35.859438,1523
30.641509,-35.859438,1540
32.641509,-35.859438,1556
34.641509,-35.859438,1573
36.641509,-35.859438,1590
39.641509,-35.859438,1607
40.641509,-35.859438,1623
43.641509,-35.859438,1640
45.641509,-35.859438,1657
47.641509,-35.859438,1673
49.641509,-35.859438,1690
50.641509,-35.859438,1707
51.641509,-35.859438,1724
52.641509,-35.859438,1740
53.641509,-35.859438,1757
54.641509,-35.859438,1774
56.641509,-35.859438,1791
59.641509,-35.859438,1807
62.641509,-35.859438,1824
64.641509,-35.859438,1841
66.641509,-35.859438,1857
67.641509,-35.859438,1874
68.641509,-35.859438,1891
70.641509,-35.859438,1908
71.641509,-35.859438,1924
72.641509,-35.859438,1941
74.641509,-35.859438,1958
75.641509,-35.859438,1975
76.641509,-35.859438,2008
77.641509,-35.859438,2042
78.641509,-35.859438,2058
79.641509,-35.859438,2075
80.641509,-35.859438,2108
81.641509,-35.859438,2125
82.641509,-35.859438,2159
83.641509,-35.859438,2259
84.641509,-35.859438,2276
BREAK
47.641509,-40.859438,3184
46.641509,-40.859438,3296
46.641509,-42.859438,3313
45.641509,-46.859438,3329
44.641509,-52.859438,3346
43.641509,-58.859438,3363
41.641509,-63.859438,3380
40.641509,-65.859438,3396
38.641509,-67.859438,3413
38.641509,-68.859438,3430
38.641509,-69.859438,3447
36.641509,-69.859438,3463
35.641509,-70.859438,3480
34.641509,-71.859438,3497
31.641509,-72.859438,3514
30.641509,-73.859438,3531
29.641509,-74.859438,3547
28.641509,-74.859438,3564
BREAK
49.641509,-47.859438,4472
51.641509,-48.859438,4501
53.641509,-50.859438,4517
56.641509,-52.859438,4534
61.641509,-55.859438,4551
66.641509,-58.859438,4567
71.641509,-62.859438,4584
76.641509,-66.859438,4601
81.641509,-70.859438,4618
85.641509,-73.859438,4634
87.641509,-74.859438,4651
89.641509,-74.859438,4668
90.641509,-74.859438,4684
91.641509,-74.859438,4701
91.641509,-72.859438,4718
BREAK
