START
11.275621,-22.523124,0
12.149305,-22.523124,199
13.022989,-22.523124,207
13.896673,-22.523124,215
14.770357,-22.523124,231
15.644042,-21.64944,239
16.517726,-21.64944,247
17.39141,-21.64944,255
18.265094,-21.64944,263
19.138779,-21.64944,271
20.012463,-21.64944,279
20.886147,-21.64944,287
21.759831,-21.64944,295
22.633515,-21.64944,303
23.5072,-21.64944,311
24.380884,-21.64944,327
26.128252,-21.64944,335
27.001936,-21.64944,343
28.749305,-21.64944,351
29.622989,-21.64944,359
31.370357,-21.64944,367
32.244042,-21.64944,375
33.99141,-20.775756,383
35.738779,-20.775756,391
37.486147,-20.775756,399
39.233515,-20.775756,407
40.980884,-20.775756,415
43.601936,-20.775756,423
45.349305,-20.775756,431
47.096673,-20.775756,439
48.844042,-20.775756,447
49.717726,-20.775756,455
50.59141,-20.775756,463
51.465094,-20.775756,471
51.465094,-21.64944,487
53.212463,-21.64944,495
54.086147,-21.64944,511
54.959831,-21.64944,519
55.833515,-21.64944,527
56.7072,-21.64944,544
57.580884,-21.64944,551
58.454568,-21.64944,567
60.201936,-22.523124,575
61.949305,-22.523124,583
62.822989,-22.523124,591
63.696673,-23.396808,599
65.444042,-23.396808,607
66.317726,-23.396808,616
67.19141,-23.396808,624
68.938779,-23.396808,632
69.812463,-24.270492,648
70.686147,-24.270492,656
72.433515,-24.270492,664
74.180884,-24.270492,672
75.054568,-24.270492,680
75.928252,-25.144177,687
76.801936,-25.144177,711
77.675621,-26.017861,727
78.549305,-26.017861,743
79.422989,-26.017861,759
80.296673,-26.017861,776
81.170357,-26.017861,800
82.044042,-26.017861,824
82.917726,-26.017861,856
83.79141,-26.017861,887
BREAK
47.970357,-24.270492,2983
47.970357,-25.144177,3167
47.970357,-26.017861,3175
47.970357,-26.891545,3183
47.970357,-27.765229,3191
47.970357,-29.512598,3199
47.970357,-30.386282,3207
47.970357,-31.259966,3215
47.970357,-33.007335,3223
47.970357,-34.754703,3231
47.970357,-35.628387,3239
47.970357,-36.502071,3247
47.970357,-38.24944,3255
47.970357,-39.123124,3263
47.970357,-39.996808,3271
47.970357,-40.870492,3279
47.970357,-41.744177,3295
47.970357,-42.617861,3311
47.970357,-43.491545,3319
47.970357,-44.365229,3335
47.970357,-45.238914,3351
47.970357,-46.112598,3359
47.970357,-46.986282,3367
47.970357,-47.859966,3375
47.970357,-48.73365,3383
47.970357,-50.481019,3391
47.970357,-51.354703,3400
47.970357,-52.228387,3408
47.970357,-53.975756,3415
47.970357,-54.84944,3423
47.970357,-55.723124,3431
47.096673,-56.596808,3439
47.096673,-57.470492,3455
47.096673,-58.344177,3471
47.096673,-59.217861,3495
47.096673,-60.091545,3511
47.096673,-60.965229,3535
47.096673,-61.838914,3543
47.096673,-63.586282,3567
47.096673,-64.459966,3575
47.096673,-65.33365,3583
47.096673,-66.207335,3591
47.096673,-67.081019,3599
47.096673,-67.954703,3607
47.096673,-68.828387,3615
46.222989,-69.702071,3623
46.222989,-70.575756,3631
46.222989,-71.44944,3639
46.222989,-72.323124,3799
46.222989,-73.196808,3823
46.222989,-74.070492,3911
46.222989,-74.944177,3927
46.222989,-75.817861,3935
46.222989,-76.691545,3943
46.222989,-77.565229,3951
46.222989,-79.312598,3967
46.222989,-80.186282,3983
46.222989,-81.059966,3991
46.222989,-81.93365,3999
46.222989,-82.807335,4023
47.096673,-82.807335,4031
47.096673,-83.681019,4039
47.096673,-84.554703,4559
47.096673,-85.428387,4575
47.096673,-86.302071,4623
47.970357,-86.302071,4711
BREAK
47.096673,-46.986282,5792
46.222989,-46.112598,6215
45.349305,-46.112598,6223
45.349305,-45.238914,6239
44.475621,-44.365229,6263
43.601936,-44.365229,6271
43.601936,-43.491545,6279
41.854568,-43.491545,6287
40.980884,-43.491545,6295
40.980884,-42.617861,6303
40.1072,-42.617861,6311
40.1072,-41.744177,6335
38.359831,-41.744177,6360
38.359831,-40.870492,6375
36.612463,-40.870492,6391
35.738779,-40.870492,6399
35.738779,-39.996808,6423
33.99141,-39.996808,6503
32.244042,-39.996808,6551
31.370357,-39.996808,6567
29.622989,-39.996808,6599
27.875621,-39.996808,6631
25.254568,-39.996808,6663
23.5072,-39.996808,6711
23.5072,-40.870492,6743
22.633515,-40.870492,6759
21.759831,-41.744177,6767
20.886147,-41.744177,6783
20.886147,-42.617861,6864
20.012463,-43.491545,6871
20.012463,-44.365229,6879
19.138779,-44.365229,6888
19.138779,-46.112598,6895
18.265094,-46.986282,6905
18.265094,-47.859966,6911
17.39141,-48.73365,6919
17.39141,-50.481019,6927
17.39141,-51.354703,6935
16.517726,-52.228387,6943
15.644042,-53.102071,6951
15.644042,-53.975756,6985
15.644042,-54.84944,7039
15.644042,-55.723124,7047
15.644042,-57.470492,7063
15.644042,-58.344177,7079
15.644042,-59.217861,7095
16.517726,-59.217861,7199
17.39141,-59.217861,7223
18.265094,-59.217861,7231
18.265094,-60.091545,7248
19.138779,-60.091545,7255
20.012463,-60.091545,7271
20.886147,-60.091545,7279
20.886147,-60.965229,7287
21.759831,-60.965229,7296
22.633515,-60.965229,7311
23.5072,-60.965229,7327
24.380884,-60.965229,7343
25.254568,-60.965229,7367
26.128252,-60.965229,7392
27.001936,-60.965229,7415
27.875621,-60.965229,7424
28.749305,-60.965229,7447
29.622989,-60.965229,7463
30.496673,-60.965229,7471
31.370357,-60.965229,7495
31.370357,-60.091545,7511
32.244042,-60.091545,7535
33.117726,-59.217861,7543
33.99141,-59.217861,7559
34.865094,-59.217861,7575
35.738779,-58.344177,7591
36.612463,-58.344177,7608
37.486147,-57.470492,7617
38.359831,-57.470492,7632
38.359831,-56.596808,7655
39.233515,-56.596808,7663
40.1072,-56.596808,7672
40.980884,-56.596808,7687
41.854568,-55.723124,7703
41.854568,-54.84944,7751
42.728252,-54.84944,7767
43.601936,-54.84944,7783
43.601936,-53.975756,7791
44.475621,-53.102071,7799
45.349305,-52.228387,7807
46.222989,-52.228387,7815
47.096673,-50.481019,7823
47.970357,-50.481019,7832
48.844042,-49.607335,7839
49.717726,-48.73365,7847
49.717726,-47.859966,7855
51.465094,-47.859966,7864
51.465094,-46.986282,7871
52.338779,-46.986282,7879
53.212463,-46.112598,7887
54.086147,-46.112598,7895
54.086147,-45.238914,7903
54.959831,-45.238914,7911
55.833515,-44.365229,7927
56.7072,-44.365229,7944
64.570357,-41.744177,8294
65.444042,-41.744177,8322
66.317726,-41.744177,8367
67.19141,-41.744177,8383
68.065094,-41.744177,8497
68.938779,-41.744177,8617
69.812463,-41.744177,8655
69.812463,-42.617861,8663
70.686147,-43.491545,8688
71.559831,-43.491545,8704
71.559831,-44.365229,8720
71.559831,-45.238914,8736
72.433515,-45.238914,8744
73.3072,-45.238914,8760
73.3072,-46.112598,8767
73.3072,-46.986282,8799
74.180884,-46.986282,8823
74.180884,-47.859966,8863
74.180884,-48.73365,8871
74.180884,-49.607335,8879
75.054568,-51.354703,8895
75.054568,-52.228387,8903
75.054568,-53.102071,8911
75.928252,-53.975756,8919
75.928252,-54.84944,8928
76.801936,-55.723124,8944
76.801936,-56.596808,8961
76.801936,-57.470492,8984
76.801936,-58.344177,9000
76.801936,-59.217861,9047
75.928252,-60.091545,9055
75.928252,-60.965229,9071
75.928252,-61.838914,9079
75.054568,-62.712598,9095
75.054568,-63.586282,9112
74.180884,-63.586282,9135
73.3072,-64.459966,9152
72.433515,-64.459966,9192
72.433515,-65.33365,9329
70.686147,-65.33365,9392
69.812463,-65.33365,9448
68.938779,-66.207335,9488
68.065094,-66.207335,9496
67.19141,-67.081019,9520
66.317726,-67.081019,9536
65.444042,-67.081019,9584
64.570357,-67.081019,9624
63.696673,-67.081019,9640
BREAK
