START
33.99141,-24.270492,0
33.99141,-23.396808,10
34.865094,-23.396808,12
35.738779,-23.396808,17
36.612463,-23.396808,19
37.486147,-23.396808,24
38.359831,-22.523124,29
39.233515,-22.523124,30
40.1072,-22.523124,34
40.980884,-22.523124,36
41.854568,-22.523124,38
42.728252,-22.523124,40
44.475621,-22.523124,45
45.349305,-22.523124,46
46.222989,-22.523124,48
47.096673,-22.523124,50
47.970357,-22.523124,52
48.844042,-21.64944,54
50.59141,-21.64944,56
52.338779,-21.64944,58
53.212463,-21.64944,61
54.959831,-21.64944,63
55.833515,-20.775756,65
57.580884,-20.775756,67
58.454568,-20.775756,69
60.201936,-20.775756,71
61.075621,-20.775756,72
62.822989,-20.775756,74
64.570357,-20.775756,77
65.444042,-20.775756,78
67.19141,-20.775756,80
68.065094,-20.775756,82
69.812463,-20.775756,84
70.686147,-20.775756,86
71.559831,-20.775756,88
72.433515,-19.902071,90
73.3072,-19.902071,93
74.180884,-19.902071,94
75.054568,-19.902071,96
75.928252,-19.902071,98
75.928252,-19.028387,100
76.801936,-19.028387,102
77.675621,-19.028387,104
78.549305,-19.028387,106
79.422989,-19.028387,108
80.296673,-19.028387,111
81.170357,-19.028387,112
82.044042,-19.028387,115
82.917726,-19.028387,116
83.79141,-19.028387,118
85.538779,-19.028387,122
86.412463,-18.154703,125
87.286147,-18.154703,127
88.159831,-18.154703,129
89.033515,-18.154703,133
89.9072,-18.154703,135
90.780884,-18.154703,139
91.654568,-18.154703,143
92.528252,-18.154703,147
93.401936,-18.154703,151
94.275621,-18.154703,209
95.149305,-18.154703,221
BREAK
57.580884,-26.017861,800
57.580884,-26.891545,842
57.580884,-27.765229,844
57.580884,-28.638914,851
57.580884,-29.512598,855
57.580884,-31.259966,860
57.580884,-32.13365,865
57.580884,-33.007335,866
57.580884,-33.881019,868
57.580884,-35.628387,870
57.580884,-36.502071,874
57.580884,-39.123124,877
57.580884,-40.870492,880
57.580884,-41.744177,884
57.580884,-42.617861,886
57.580884,-43.491545,888
57.580884,-44.365229,890
57.580884,-46.112598,892
57.580884,-46.986282,894
57.580884,-47.859966,896
57.580884,-49.607335,898
57.580884,-50.481019,900
57.580884,-51.354703,902
56.7072,-53.102071,904
56.7072,-53.975756,906
56.7072,-54.84944,908
56.7072,-55.723124,911
56.7072,-56.596808,912
56.7072,-57.470492,914
56.7072,-59.217861,918
56.7072,-60.091545,920
56.7072,-60.965229,922
56.7072,-61.838914,924
56.7072,-62.712598,927
56.7072,-63.586282,928
56.7072,-64.459966,930
56.7072,-65.33365,932
56.7072,-66.207335,935
56.7072,-67.081019,936
56.7072,-67.954703,938
56.7072,-68.828387,940
56.7072,-70.575756,944
56.7072,-71.44944,948
56.7072,-72.323124,950
56.7072,-73.196808,952
56.7072,-74.070492,956
56.7072,-75.817861,960
56.7072,-76.691545,965
56.7072,-77.565229,971
56.7072,-78.438914,976
55.833515,-78.438914,978
54.959831,-78.438914,1035
54.959831,-77.565229,1039
54.959831,-76.691545,1047
BREAK
56.7072,-46.112598,1590
55.833515,-46.112598,1596
55.833515,-45.238914,1607
54.959831,-45.238914,1613
54.086147,-45.238914,1616
53.212463,-45.238914,1626
52.338779,-45.238914,1630
51.465094,-45.238914,1638
50.59141,-45.238914,1640
49.717726,-45.238914,1648
48.844042,-45.238914,1656
47.970357,-45.238914,1664
47.096673,-45.238914,1673
46.222989,-45.238914,1689
45.349305,-45.238914,1707
44.475621,-45.238914,1710
44.475621,-46.112598,1714
43.601936,-46.112598,1719
42.728252,-46.112598,1729
41.854568,-46.986282,1736
40.980884,-47.859966,1746
40.1072,-47.859966,1761
40.1072,-48.73365,1768
39.233515,-48.73365,1776
39.233515,-49.607335,1780
38.359831,-49.607335,1783
38.359831,-50.481019,1791
38.359831,-51.354703,1801
37.486147,-51.354703,1803
37.486147,-52.228387,1814
36.612463,-52.228387,1829
36.612463,-53.102071,1831
36.612463,-53.975756,1837
36.612463,-54.84944,1850
36.612463,-55.723124,1870
35.738779,-56.596808,1877
35.738779,-57.470492,1892
35.738779,-58.344177,1905
34.865094,-58.344177,1907
34.865094,-59.217861,1915
34.865094,-60.091545,1922
34.865094,-60.965229,1935
34.865094,-61.838914,1960
34.865094,-62.712598,1977
35.738779,-62.712598,2026
36.612463,-63.586282,2032
37.486147,-63.586282,2038
38.359831,-63.586282,2044
39.233515,-63.586282,2046
40.1072,-63.586282,2051
40.980884,-63.586282,2062
41.854568,-63.586282,2067
42.728252,-63.586282,2073
43.601936,-63.586282,2081
44.475621,-63.586282,2089
45.349305,-63.586282,2094
46.222989,-63.586282,2103
47.096673,-62.712598,2113
47.096673,-61.838914,2119
47.970357,-61.838914,2121
48.844042,-61.838914,2123
49.717726,-61.838914,2131
49.717726,-60.965229,2135
50.59141,-60.965229,2138
51.465094,-60.965229,2141
52.338779,-60.965229,2148
52.338779,-60.091545,2152
53.212463,-60.091545,2160
53.212463,-59.217861,2166
54.086147,-59.217861,2168
54.959831,-59.217861,2171
55.833515,-59.217861,2178
55.833515,-58.344177,2187
56.7072,-58.344177,2189
57.580884,-58.344177,2200
57.580884,-57.470492,2207
58.454568,-57.470492,2212
59.328252,-56.596808,2220
60.201936,-55.723124,2227
61.075621,-55.723124,2231
61.949305,-55.723124,2236
61.949305,-54.84944,2238
62.822989,-54.84944,2244
63.696673,-54.84944,2248
63.696673,-53.975756,2250
63.696673,-53.102071,2254
64.570357,-53.102071,2256
65.444042,-53.102071,2264
65.444042,-52.228387,2266
66.317726,-52.228387,2276
67.19141,-51.354703,2281
68.065094,-51.354703,2287
68.938779,-51.354703,2295
69.812463,-51.354703,2299
70.686147,-51.354703,2306
70.686147,-50.481019,2308
71.559831,-50.481019,2312
71.559831,-49.607335,2317
72.433515,-49.607335,2320
73.3072,-49.607335,2326
74.180884,-49.607335,2334
75.054568,-49.607335,2347
75.928252,-49.607335,2352
76.801936,-49.607335,2360
77.675621,-49.607335,2366
78.549305,-49.607335,2373
79.422989,-49.607335,2375
80.296673,-49.607335,2384
80.296673,-50.481019,2386
81.170357,-50.481019,2401
81.170357,-51.354703,2404
82.044042,-51.354703,2413
82.044042,-52.228387,2415
82.917726,-52.228387,2424
82.917726,-53.102071,2426
82.917726,-53.975756,2428
82.917726,-54.84944,2436
82.917726,-55.723124,2439
82.917726,-56.596808,2445
82.917726,-57.470492,2454
82.917726,-58.344177,2463
82.917726,-59.217861,2466
82.917726,-60.091545,2475
82.917726,-60.965229,2483
82.917726,-61.838914,2491
82.917726,-62.712598,2496
82.917726,-63.586282,2502
82.917726,-64.459966,2512
82.917726,-65.33365,2522
82.917726,-66.207335,2529
82.044042,-66.207335,2533
81.170357,-66.207335,2542
81.170357,-67.081019,2544
80.296673,-67.081019,2553
79.422989,-67.954703,2582
78.549305,-67.954703,2627
77.675621,-68.828387,2642
77.675621,-69.702071,2671
75.928252,-68.828387,2673
75.928252,-67.954703,2691
75.054568,-67.954703,2697
BREAK
