START
54.086147,-22.523124,0
52.338779,-26.891545,47
52.338779,-28.638914,55
52.338779,-29.512598,63
52.338779,-31.259966,71
52.338779,-32.13365,79
52.338779,-33.881019,87
52.338779,-35.628387,95
52.338779,-38.24944,103
52.338779,-39.123124,111
52.338779,-40.870492,119
52.338779,-43.491545,127
52.338779,-44.365229,135
51.465094,-46.986282,143
51.465094,-48.73365,151
51.465094,-51.354703,159
51.465094,-54.84944,167
51.465094,-57.470492,175
51.465094,-60.091545,183
51.465094,-60.965229,191
51.465094,-64.459966,199
51.465094,-67.081019,207
51.465094,-67.954703,223
51.465094,-70.575756,231
51.465094,-71.44944,247
51.465094,-73.196808,255
51.465094,-74.070492,271
51.465094,-74.944177,287
51.465094,-75.817861,295
51.465094,-76.691545,327
51.465094,-77.565229,335
51.465094,-78.438914,343
BREAK
48.844042,-42.617861,1567
44.475621,-40.870492,1687
43.601936,-39.996808,1695
42.728252,-39.996808,1703
41.854568,-39.996808,1719
40.980884,-39.996808,1727
40.1072,-39.996808,1743
39.233515,-39.123124,1759
38.359831,-39.123124,1783
37.486147,-39.123124,1823
36.612463,-39.123124,1831
35.738779,-39.123124,1839
34.865094,-39.123124,1855
33.99141,-39.123124,1871
33.117726,-39.123124,1887
32.244042,-39.123124,1919
31.370357,-39.123124,1927
30.496673,-39.123124,1935
29.622989,-39.123124,1972
28.749305,-39.123124,1975
27.875621,-39.123124,1984
27.001936,-39.123124,2015
27.001936,-39.996808,2023
26.128252,-39.996808,2031
25.254568,-39.996808,2039
24.380884,-40.870492,2047
24.380884,-41.744177,2063
23.5072,-41.744177,2079
22.633515,-42.617861,2103
22.633515,-43.491545,2119
21.759831,-44.365229,2127
21.759831,-45.238914,2151
20.886147,-46.112598,2159
20.886147,-46.986282,2167
20.012463,-47.859966,2199
20.012463,-48.73365,2215
20.012463,-49.607335,2223
20.012463,-50.481019,2239
20.012463,-51.354703,2247
20.012463,-52.228387,2255
20.012463,-53.975756,2263
20.012463,-54.84944,2279
20.012463,-56.596808,2295
20.012463,-57.470492,2319
20.012463,-59.217861,2335
20.012463,-60.091545,2343
20.886147,-60.965229,2359
20.886147,-61.838914,2375
21.759831,-63.586282,2423
22.633515,-65.33365,2479
23.5072,-65.33365,2535
24.380884,-65.33365,2559
26.128252,-65.33365,2567
27.001936,-66.207335,2575
27.875621,-66.207335,2583
28.749305,-66.207335,2599
30.496673,-66.207335,2623
31.370357,-66.207335,2639
33.117726,-66.207335,2655
33.99141,-66.207335,2671
35.738779,-66.207335,2687
36.612463,-66.207335,2703
37.486147,-65.33365,2711
38.359831,-65.33365,2727
39.233515,-64.459966,2743
40.980884,-64.459966,2759
41.854568,-62.712598,2775
42.728252,-62.712598,2783
42.728252,-61.838914,2791
44.475621,-60.965229,2799
44.475621,-60.091545,2807
45.349305,-59.217861,2815
46.222989,-58.344177,2823
47.096673,-56.596808,2839
47.970357,-55.723124,2863
48.844042,-54.84944,2871
48.844042,-53.975756,2879
49.717726,-53.975756,2895
49.717726,-53.102071,2903
51.465094,-51.354703,2911
52.338779,-50.481019,2935
53.212463,-49.607335,2943
53.212463,-48.73365,2951
54.086147,-48.73365,2972
54.959831,-47.859966,2975
54.959831,-46.986282,2983
55.833515,-46.112598,2991
56.7072,-45.238914,3007
57.580884,-45.238914,3023
58.454568,-43.491545,3031
59.328252,-43.491545,3047
59.328252,-41.744177,3055
61.075621,-40.870492,3063
61.075621,-39.996808,3079
61.949305,-39.996808,3095
62.822989,-39.996808,3103
63.696673,-39.123124,3111
64.570357,-39.123124,3127
64.570357,-38.24944,3135
65.444042,-38.24944,3151
66.317726,-38.24944,3159
67.19141,-38.24944,3175
68.065094,-38.24944,3191
68.938779,-38.24944,3199
69.812463,-38.24944,3223
70.686147,-38.24944,3239
71.559831,-38.24944,3247
72.433515,-38.24944,3271
73.3072,-38.24944,3279
74.180884,-38.24944,3295
75.054568,-38.24944,3319
75.928252,-38.24944,3335
76.801936,-38.24944,3343
77.675621,-38.24944,3359
77.675621,-39.123124,3375
77.675621,-39.996808,3383
78.549305,-39.996808,3391
79.422989,-40.870492,3399
80.296673,-41.744177,3431
81.170357,-43.491545,3455
82.044042,-43.491545,3463
82.044042,-45.238914,3471
82.917726,-46.112598,3487
82.917726,-46.986282,3495
82.917726,-47.859966,3503
82.917726,-48.73365,3519
84.665094,-49.607335,3527
84.665094,-50.481019,3535
84.665094,-51.354703,3551
84.665094,-52.228387,3567
84.665094,-53.102071,3575
84.665094,-54.84944,3591
84.665094,-55.723124,3607
84.665094,-56.596808,3615
84.665094,-57.470492,3639
84.665094,-58.344177,3663
84.665094,-59.217861,3671
84.665094,-60.091545,3687
84.665094,-60.965229,3695
84.665094,-61.838914,3711
83.79141,-62.712598,3735
82.917726,-62.712598,3751
81.170357,-64.459966,3775
80.296673,-64.459966,3799
79.422989,-65.33365,3807
78.549305,-65.33365,3823
77.675621,-65.33365,3839
76.801936,-65.33365,3847
75.928252,-65.33365,3855
75.054568,-65.33365,3863
73.3072,-65.33365,3871
71.559831,-66.207335,3895
70.686147,-66.207335,3903
68.938779,-66.207335,3927
68.065094,-66.207335,3943
66.317726,-67.081019,3983
BREAK
12.149305,-19.028387,5423
17.39141,-19.028387,5559
18.265094,-19.028387,5567
20.886147,-19.028387,5575
23.5072,-19.028387,5583
25.254568,-19.028387,5591
27.001936,-19.028387,5599
27.875621,-19.028387,5607
29.622989,-19.028387,5615
30.496673,-19.028387,5623
31.370357,-19.028387,5631
33.117726,-19.028387,5639
33.99141,-19.028387,5647
35.738779,-19.028387,5655
36.612463,-19.028387,5663
39.233515,-19.028387,5671
40.980884,-19.028387,5679
42.728252,-19.028387,5687
43.601936,-19.028387,5695
45.349305,-19.028387,5703
46.222989,-19.028387,5719
47.970357,-19.028387,5727
48.844042,-19.028387,5743
50.59141,-19.028387,5751
51.465094,-19.028387,5759
52.338779,-19.028387,5767
54.086147,-19.028387,5775
54.959831,-19.028387,5783
55.833515,-19.028387,5791
57.580884,-19.028387,5799
58.454568,-19.028387,5815
60.201936,-19.028387,5823
61.075621,-19.028387,5831
61.949305,-19.028387,5839
62.822989,-19.028387,5847
63.696673,-19.028387,5855
65.444042,-19.028387,5863
66.317726,-19.028387,5871
67.19141,-19.028387,5879
68.065094,-19.028387,5887
68.938779,-19.028387,5911
69.812463,-19.028387,5927
70.686147,-19.028387,5935
71.559831,-19.028387,5943
72.433515,-19.028387,5951
74.180884,-19.028387,5972
75.928252,-19.028387,5975
76.801936,-19.028387,5983
78.549305,-19.028387,5999
79.422989,-19.028387,6039
81.170357,-19.028387,6071
82.044042,-19.028387,6103
83.79141,-19.028387,6271
84.665094,-19.028387,6327
BREAK
