START
29.055564,-25.844837,0
28.089463,-25.844837,102
27.123361,-26.810939,124
27.123361,-27.77704,145
27.123361,-28.743142,155
27.123361,-29.709244,166
27.123361,-30.675345,176
28.089463,-30.675345,197
28.089463,-31.641447,218
28.089463,-33.573651,228
28.089463,-34.539752,238
28.089463,-35.505854,249
28.089463,-36.471956,270
28.089463,-37.438057,279
28.089463,-38.404159,290
28.089463,-39.370261,301
28.089463,-40.336362,332
28.089463,-41.302464,342
28.089463,-43.234667,362
28.089463,-44.200769,384
28.089463,-46.132973,394
28.089463,-48.065176,404
28.089463,-49.031278,425
28.089463,-49.997379,436
28.089463,-50.963481,445
28.089463,-51.929583,456
28.089463,-52.895684,466
28.089463,-54.827888,477
28.089463,-55.79399,497
28.089463,-56.760091,508
28.089463,-57.726193,528
29.055564,-58.692295,539
29.055564,-59.658396,560
29.055564,-60.624498,580
29.055564,-61.5906,591
29.055564,-62.556701,601
30.021666,-63.522803,622
30.021666,-64.488905,632
30.021666,-65.455006,643
30.987768,-67.38721,668
30.987768,-68.353312,679
31.95387,-69.319413,690
31.95387,-70.285515,699
31.95387,-71.251617,710
32.919971,-71.251617,731
32.919971,-72.217718,742
33.886073,-72.217718,753
34.852175,-72.217718,763
35.818276,-73.18382,774
36.784378,-73.18382,783
37.75048,-73.18382,794
38.716581,-73.18382,815
39.682683,-73.18382,825
40.648785,-74.149922,836
43.54709,-74.149922,846
44.513192,-74.149922,867
45.479293,-74.149922,877
46.445395,-74.149922,888
48.377598,-74.149922,898
49.3437,-74.149922,908
49.3437,-75.116023,930
50.309802,-75.116023,940
51.275903,-75.116023,950
52.242005,-75.116023,972
53.208107,-75.116023,982
54.174209,-75.116023,992
55.14031,-75.116023,1003
56.106412,-75.116023,1013
58.038615,-75.116023,1024
59.004717,-75.116023,1044
60.93692,-75.116023,1055
61.903022,-75.116023,1075
62.869124,-75.116023,1086
63.835225,-75.116023,1096
64.801327,-75.116023,1116
66.733531,-73.18382,1127
67.699632,-72.217718,1199
67.699632,-71.251617,1210
68.665734,-71.251617,1221
69.631836,-71.251617,1231
69.631836,-70.285515,1241
70.597937,-69.319413,1252
71.564039,-68.353312,1282
72.530141,-67.38721,1311
72.530141,-66.421108,1334
72.530141,-65.455006,1345
72.530141,-64.488905,1366
73.496242,-62.556701,1388
73.496242,-61.5906,1412
73.496242,-60.624498,1433
73.496242,-59.658396,1470
73.496242,-58.692295,1481
73.496242,-57.726193,1501
71.564039,-57.726193,1512
71.564039,-55.79399,1522
70.597937,-55.79399,1532
70.597937,-54.827888,1543
70.597937,-53.861786,1553
71.564039,-52.895684,1564
71.564039,-51.929583,1611
69.631836,-51.929583,1622
69.631836,-49.997379,1632
68.665734,-49.997379,1654
68.665734,-49.031278,1671
67.699632,-49.031278,1681
66.733531,-47.099074,1692
66.733531,-46.132973,1722
65.767429,-46.132973,1733
65.767429,-45.166871,1751
65.767429,-44.200769,1762
64.801327,-44.200769,1772
63.835225,-43.234667,1798
63.835225,-42.268566,1809
62.869124,-42.268566,1945
60.93692,-42.268566,1968
59.970819,-42.268566,1979
59.004717,-42.268566,1999
58.038615,-42.268566,2020
57.072514,-42.268566,2045
57.072514,-43.234667,2060
56.106412,-43.234667,2070
55.14031,-44.200769,2148
54.174209,-45.166871,2184
54.174209,-46.132973,2200
54.174209,-47.099074,2214
55.14031,-47.099074,2258
55.14031,-48.065176,2278
56.106412,-48.065176,2289
56.106412,-49.031278,2299
57.072514,-49.031278,2320
57.072514,-49.997379,2331
58.038615,-50.963481,2357
59.004717,-50.963481,2382
59.970819,-50.963481,2402
60.93692,-51.929583,2413
62.869124,-51.929583,2424
64.801327,-51.929583,2434
64.801327,-52.895684,2444
65.767429,-52.895684,2454
66.733531,-52.895684,2465
67.699632,-51.929583,2540
68.665734,-50.963481,2558
69.631836,-50.963481,2568
69.631836,-49.997379,2653
BREAK
48.377598,-87.675345,3485
BREAK
3.9369204,-22.946532,4563
4.9030221,-22.946532,4655
6.8352255,-22.946532,4665
9.7335305,-22.946532,4687
12.631836,-22.946532,4696
15.530141,-22.946532,4707
16.496242,-22.946532,4718
18.428446,-22.946532,4728
19.394547,-22.946532,4738
21.326751,-22.946532,4748
22.292853,-22.946532,4759
23.258954,-22.946532,4770
25.191158,-22.946532,4779
26.157259,-22.946532,4790
28.089463,-22.946532,4800
29.055564,-22.946532,4811
30.987768,-22.946532,4821
34.852175,-22.946532,4831
36.784378,-22.946532,4842
38.716581,-22.946532,4853
41.614886,-22.946532,4862
43.54709,-22.946532,4873
45.479293,-22.946532,4883
46.445395,-22.946532,4894
48.377598,-22.946532,4904
50.309802,-22.946532,4914
51.275903,-22.946532,4925
52.242005,-22.946532,4935
53.208107,-22.946532,4945
54.174209,-22.946532,4956
56.106412,-22.946532,4966
58.038615,-22.946532,4977
59.970819,-22.946532,4986
62.869124,-22.946532,4997
64.801327,-22.946532,5008
66.733531,-22.946532,5018
68.665734,-22.946532,5028
69.631836,-22.946532,5038
71.564039,-22.946532,5049
73.496242,-22.946532,5060
74.462344,-22.946532,5077
75.428446,-22.946532,5080
77.360649,-22.946532,5091
78.326751,-22.946532,5101
79.292853,-22.946532,5111
80.258954,-22.946532,5121
81.225056,-22.946532,5162
82.191158,-22.946532,5193
83.157259,-22.946532,5203
84.123361,-22.946532,5225
85.089463,-22.946532,5279
86.055564,-22.946532,5309
87.021666,-22.946532,5326
87.021666,-21.98043,5337
87.987768,-21.98043,5347
BREAK
