START
10.699632,-24.878735,0
11.665734,-24.878735,287
19.394547,-24.878735,377
20.360649,-24.878735,387
21.326751,-24.878735,397
23.258954,-24.878735,416
25.191158,-24.878735,427
26.157259,-25.844837,437
28.089463,-25.844837,447
30.021666,-25.844837,456
30.987768,-25.844837,477
31.95387,-25.844837,487
32.919971,-25.844837,507
34.852175,-25.844837,516
35.818276,-25.844837,527
36.784378,-25.844837,536
39.682683,-25.844837,546
39.682683,-26.810939,556
42.580988,-26.810939,567
44.513192,-26.810939,586
45.479293,-26.810939,596
47.411497,-26.810939,606
48.377598,-26.810939,616
49.3437,-26.810939,626
50.309802,-26.810939,636
51.275903,-26.810939,646
53.208107,-26.810939,656
54.174209,-26.810939,665
55.14031,-26.810939,676
56.106412,-26.810939,685
57.072514,-26.810939,695
58.038615,-26.810939,706
59.970819,-26.810939,716
60.93692,-26.810939,726
62.869124,-26.810939,746
63.835225,-26.810939,766
64.801327,-26.810939,776
65.767429,-26.810939,786
66.733531,-26.810939,795
67.699632,-26.810939,806
69.631836,-26.810939,815
71.564039,-26.810939,835
72.530141,-26.810939,845
73.496242,-26.810939,855
74.462344,-26.810939,865
75.428446,-26.810939,875
76.394547,-26.810939,905
77.360649,-26.810939,915
78.326751,-26.810939,945
79.292853,-26.810939,955
80.258954,-26.810939,1004
81.225056,-26.810939,1024
82.191158,-26.810939,1034
83.157259,-26.810939,1154
84.123361,-26.810939,1174
85.089463,-26.810939,1194
86.055564,-26.810939,1215
87.021666,-26.810939,1303
87.987768,-26.810939,1372
BREAK
28.089463,-26.810939,3602
28.089463,-27.77704,3790
28.089463,-28.743142,3800
28.089463,-30.675345,3820
28.089463,-31.641447,3829
28.089463,-32.607549,3840
28.089463,-34.539752,3850
28.089463,-36.471956,3870
28.089463,-37.438057,3880
28.089463,-38.404159,3930
28.089463,-39.370261,3950
28.089463,-40.336362,3980
28.089463,-41.302464,3989
28.089463,-42.268566,4019
28.089463,-43.234667,4029
28.089463,-44.200769,4039
28.089463,-45.166871,4080
28.089463,-47.099074,4099
28.089463,-48.065176,4168
28.089463,-49.031278,4179
28.089463,-49.997379,4208
28.089463,-50.963481,4218
28.089463,-51.929583,4248
28.089463,-52.895684,4277
28.089463,-53.861786,4288
28.089463,-54.827888,4318
28.089463,-55.79399,4328
28.089463,-56.760091,4347
28.089463,-57.726193,4368
28.089463,-58.692295,4387
28.089463,-59.658396,4418
28.089463,-60.624498,4428
28.089463,-61.5906,4448
28.089463,-62.556701,4457
28.089463,-63.522803,4477
28.089463,-64.488905,4507
28.089463,-65.455006,4547
28.089463,-66.421108,4576
28.089463,-67.38721,4597
28.089463,-68.353312,4617
28.089463,-69.319413,4656
28.089463,-70.285515,4666
28.089463,-71.251617,4716
28.089463,-72.217718,4726
28.089463,-73.18382,4776
28.089463,-74.149922,4825
28.089463,-75.116023,4896
28.089463,-76.082125,4925
28.089463,-77.048227,4945
29.055564,-78.014329,5015
29.055564,-78.98043,5045
30.021666,-78.98043,5214
30.987768,-79.946532,5224
31.95387,-80.912634,5253
32.919971,-80.912634,5283
33.886073,-80.912634,5293
34.852175,-81.878735,5305
35.818276,-81.878735,5324
36.784378,-81.878735,5333
37.75048,-81.878735,5353
38.716581,-81.878735,5383
39.682683,-81.878735,5393
40.648785,-81.878735,5443
41.614886,-81.878735,5453
42.580988,-81.878735,5483
43.54709,-81.878735,5493
44.513192,-81.878735,5502
45.479293,-81.878735,5522
46.445395,-81.878735,5553
47.411497,-81.878735,5592
48.377598,-81.878735,5612
49.3437,-81.878735,5642
50.309802,-81.878735,5672
51.275903,-81.878735,5682
52.242005,-81.878735,5691
53.208107,-81.878735,5702
54.174209,-81.878735,5711
55.14031,-81.878735,5731
56.106412,-81.878735,5742
57.072514,-81.878735,5752
58.038615,-81.878735,5772
59.004717,-81.878735,5791
59.004717,-80.912634,5802
59.970819,-80.912634,5821
60.93692,-80.912634,5831
61.903022,-80.912634,5851
62.869124,-79.946532,5901
63.835225,-79.946532,5911
64.801327,-78.98043,5950
65.767429,-78.014329,5971
66.733531,-78.014329,5980
66.733531,-77.048227,5991
67.699632,-76.082125,6020
68.665734,-75.116023,6040
68.665734,-74.149922,6050
68.665734,-73.18382,6080
68.665734,-72.217718,6100
68.665734,-71.251617,6120
68.665734,-70.285515,6160
68.665734,-69.319413,6180
68.665734,-68.353312,6199
68.665734,-67.38721,6220
68.665734,-66.421108,6240
68.665734,-65.455006,6259
68.665734,-64.488905,6289
68.665734,-63.522803,6309
67.699632,-62.556701,6339
67.699632,-61.5906,6359
67.699632,-60.624498,6389
66.733531,-60.624498,6409
66.733531,-59.658396,6419
65.767429,-59.658396,6449
65.767429,-58.692295,6458
64.801327,-58.692295,6469
63.835225,-58.692295,6478
63.835225,-57.726193,6488
62.869124,-57.726193,6498
62.869124,-56.760091,6508
61.903022,-56.760091,6519
61.903022,-55.79399,6528
60.93692,-55.79399,6548
59.970819,-55.79399,6558
59.004717,-55.79399,6588
59.004717,-54.827888,6598
58.038615,-54.827888,6628
56.106412,-54.827888,6647
55.14031,-54.827888,6657
55.14031,-53.861786,6668
54.174209,-53.861786,6678
53.208107,-53.861786,6688
52.242005,-53.861786,6708
51.275903,-53.861786,6867
50.309802,-53.861786,6886
50.309802,-54.827888,6916
49.3437,-54.827888,6927
49.3437,-55.79399,6956
48.377598,-55.79399,6966
47.411497,-55.79399,6996
46.445395,-56.760091,7016
46.445395,-57.726193,7036
45.479293,-57.726193,7066
45.479293,-58.692295,7087
45.479293,-59.658396,7095
45.479293,-60.624498,7135
45.479293,-61.5906,7165
45.479293,-62.556701,7175
45.479293,-63.522803,7235
46.445395,-63.522803,7295
47.411497,-63.522803,7385
48.377598,-63.522803,7414
49.3437,-63.522803,7444
50.309802,-63.522803,7464
51.275903,-63.522803,7514
52.242005,-63.522803,7544
52.242005,-62.556701,7683
51.275903,-62.556701,7743
51.275903,-61.5906,7753
50.309802,-61.5906,7762
49.3437,-61.5906,7823
48.377598,-61.5906,7872
BREAK
21.326751,-88.641447,8917
22.292853,-88.641447,9005
23.258954,-88.641447,9045
24.225056,-88.641447,9085
25.191158,-88.641447,9114
24.225056,-88.641447,9313
23.258954,-89.607549,9333
22.292853,-90.573651,9354
21.326751,-90.573651,9403
22.292853,-90.573651,9682
23.258954,-90.573651,9731
24.225056,-90.573651,9791
25.191158,-90.573651,9831
26.157259,-90.573651,9941
26.157259,-89.607549,9951
25.191158,-89.607549,10260
24.225056,-89.607549,10289
23.258954,-89.607549,10329
22.292853,-89.607549,10389
21.326751,-89.607549,10428
BREAK
