START
33.878165,-31.752516,0
34.663619,-31.752516,143
35.449074,-31.752516,152
37.019983,-31.752516,168
38.590892,-31.752516,184
39.376346,-31.752516,191
40.161801,-31.752516,200
41.73271,-31.752516,208
43.303619,-31.752516,224
44.874528,-31.752516,231
46.445437,-31.752516,239
47.230892,-31.752516,248
49.587256,-31.752516,256
50.37271,-31.752516,263
51.158165,-31.752516,280
51.943619,-31.752516,296
52.729074,-31.752516,328
53.514528,-31.752516,335
58.227256,-32.53797,411
59.01271,-33.323425,416
59.798165,-33.323425,424
60.583619,-33.323425,432
60.583619,-34.108879,440
61.369074,-34.108879,456
62.154528,-34.108879,472
62.154528,-34.894334,480
63.725437,-34.894334,496
64.510892,-35.679788,504
64.510892,-36.465243,520
65.296346,-37.250697,536
66.081801,-37.250697,544
66.081801,-38.036152,560
66.867256,-38.821606,576
67.65271,-39.607061,584
68.438165,-41.17797,600
69.223619,-41.963425,624
70.009074,-42.748879,632
70.009074,-43.534334,640
70.794528,-44.319788,656
70.794528,-45.105243,664
71.579983,-46.676152,688
71.579983,-47.461606,696
72.365437,-47.461606,704
72.365437,-48.247061,720
72.365437,-49.032516,728
72.365437,-49.81797,760
72.365437,-50.603425,768
72.365437,-51.388879,784
72.365437,-52.174334,792
73.150892,-52.174334,808
73.150892,-52.959788,816
73.150892,-53.745243,824
73.150892,-54.530697,848
73.150892,-55.316152,856
73.150892,-56.101606,864
73.150892,-56.887061,888
73.150892,-57.672516,896
73.150892,-58.45797,912
73.150892,-59.243425,920
73.150892,-60.028879,936
73.150892,-60.814334,944
72.365437,-60.814334,952
72.365437,-61.599788,960
71.579983,-62.385243,968
71.579983,-63.170697,1008
70.794528,-63.956152,1016
70.009074,-64.741606,1048
69.223619,-65.527061,1064
68.438165,-66.312516,1080
67.65271,-67.09797,1096
66.867256,-67.09797,1112
66.081801,-67.09797,1120
65.296346,-67.883425,1128
64.510892,-67.883425,1152
63.725437,-67.883425,1168
62.939983,-67.883425,1192
62.154528,-67.883425,1200
61.369074,-67.883425,1224
60.583619,-67.09797,1240
59.798165,-66.312516,1248
59.01271,-65.527061,1256
58.227256,-65.527061,1264
58.227256,-64.741606,1273
57.441801,-63.956152,1281
56.656346,-63.956152,1288
55.870892,-63.170697,1304
55.085437,-62.385243,1312
54.299983,-61.599788,1336
54.299983,-60.814334,1352
54.299983,-60.028879,1360
54.299983,-59.243425,1392
54.299983,-58.45797,1409
54.299983,-57.672516,1432
54.299983,-56.887061,1440
54.299983,-56.101606,1456
54.299983,-55.316152,1472
55.085437,-54.530697,1520
55.870892,-53.745243,1552
56.656346,-53.745243,1680
57.441801,-54.530697,1696
57.441801,-55.316152,1720
57.441801,-56.101606,1792
57.441801,-56.887061,1816
57.441801,-57.672516,1856
56.656346,-58.45797,1952
56.656346,-57.672516,2032
56.656346,-56.887061,2056
57.441801,-56.101606,2072
58.227256,-56.101606,2096
57.441801,-56.887061,2232
BREAK
34.663619,-32.53797,3704
33.878165,-32.53797,3879
33.09271,-32.53797,3888
32.307256,-33.323425,3904
31.521801,-34.108879,3920
30.736346,-34.108879,3951
30.736346,-34.894334,3984
29.950892,-35.679788,4000
29.165437,-35.679788,4015
28.379983,-36.465243,4048
27.594528,-37.250697,4063
26.809074,-37.250697,4120
26.809074,-38.036152,4160
BREAK
