START
75.051887,-90.859438,0
74.051887,-90.859438,49
73.051887,-90.859438,65
73.051887,-89.859438,67
72.051887,-89.859438,72
72.051887,-88.859438,82
71.051887,-88.859438,84
72.051887,-88.859438,86
72.051887,-87.859438,96
72.051887,-87.859438,106
72.051887,-86.859438,122
72.051887,-85.859438,132
72.051887,-84.859438,139
72.051887,-83.859438,142
72.051887,-82.859438,148
72.051887,-81.859438,161
72.051887,-80.859438,167
72.051887,-79.859438,174
71.051887,-79.859438,176
71.051887,-78.859438,182
71.051887,-78.859438,193
71.051887,-77.859438,198
71.051887,-76.859438,204
71.051887,-75.859438,208
71.051887,-74.859438,219
71.051887,-73.859438,225
71.051887,-72.859438,235
71.051887,-71.859438,238
71.051887,-70.859438,250
70.051887,-70.859438,255
70.051887,-69.859438,258
70.051887,-69.859438,268
70.051887,-68.859438,272
70.051887,-67.859438,277
70.051887,-66.859438,292
70.051887,-65.859438,306
70.051887,-64.859438,315
70.051887,-63.859438,326
70.051887,-62.859438,331
70.051887,-61.859438,345
70.051887,-60.859438,348
70.051887,-60.859438,356
70.051887,-59.859438,360
70.051887,-58.859438,372
70.051887,-57.859438,376
70.051887,-56.859438,385
70.051887,-55.859438,390
70.051887,-54.859438,401
70.051887,-53.859438,413
70.051887,-52.859438,419
70.051887,-51.859438,425
70.051887,-51.859438,434
70.051887,-50.859438,447
70.051887,-49.859438,454
70.051887,-48.859438,457
70.051887,-47.859438,460
70.051887,-46.859438,470
70.051887,-45.859438,475
70.051887,-44.859438,478
70.051887,-43.859438,483
70.051887,-42.859438,485
70.051887,-42.859438,495
70.051887,-41.859438,499
70.051887,-40.859438,505
70.051887,-39.859438,508
70.051887,-38.859438,517
70.051887,-37.859438,520
70.051887,-36.859438,526
70.051887,-35.859438,528
70.051887,-34.859438,537
70.051887,-33.859438,544
70.051887,-33.859438,551
70.051887,-32.859438,557
70.051887,-31.859438,568
70.051887,-30.859438,589
70.051887,-29.859438,603
70.051887,-28.859438,629
70.051887,-27.859438,651
70.051887,-26.859438,661
70.051887,-25.859438,688
70.051887,-24.859438,694
70.051887,-24.859438,711
70.051887,-23.859438,720
70.051887,-22.859438,733
70.051887,-21.859438,747
70.051887,-20.859438,749
70.051887,-19.859438,754
70.051887,-18.859438,788
70.051887,-17.859438,798
70.051887,-16.859438,810
70.051887,-15.859438,819
69.051887,-15.859438,829
69.051887,-14.859438,847
68.051887,-14.859438,855
68.051887,-13.859438,867
67.051887,-13.859438,869
67.051887,-12.859438,875
66.051887,-12.859438,882
66.051887,-12.859438,943
65.051887,-12.859438,964
64.051887,-12.859438,983
63.051887,-12.859438,1012
63.051887,-11.859438,1027
62.051887,-11.859438,1035
61.051887,-11.859438,1042
60.051887,-11.859438,1044
59.051887,-11.859438,1060
59.051887,-10.859438,1062
58.051887,-10.859438,1064
57.051887,-10.859438,1085
57.051887,-10.859438,1089
56.051887,-10.859438,1101
55.051887,-10.859438,1108
54.051887,-10.859438,1128
53.051887,-10.859438,1138
53.051887,-9.8594378,1140
52.051887,-9.8594378,1146
51.051887,-9.8594378,1150
50.051887,-9.8594378,1163
49.051887,-9.8594378,1167
48.051887,-9.8594378,1174
48.051887,-9.8594378,1178
47.051887,-9.8594378,1185
46.051887,-9.8594378,1198
45.051887,-9.8594378,1210
44.051887,-9.8594378,1217
43.051887,-9.8594378,1227
42.051887,-9.8594378,1239
41.051887,-9.8594378,1245
40.051887,-9.8594378,1250
39.051887,-9.8594378,1257
39.051887,-9.8594378,1262
39.051887,-10.859438,1265
38.051887,-10.859438,1278
37.051887,-10.859438,1287
36.051887,-10.859438,1293
36.051887,-11.859438,1296
35.051887,-11.859438,1309
35.051887,-12.859438,1319
35.051887,-13.859438,1335
35.051887,-14.859438,1344
34.051887,-14.859438,1350
33.051887,-14.859438,1357
32.051887,-14.859438,1365
32.051887,-15.859438,1367
32.051887,-15.859438,1372
32.051887,-16.859438,1374
31.051887,-16.859438,1377
31.051887,-17.859438,1393
30.051887,-17.859438,1395
30.051887,-18.859438,1398
30.051887,-19.859438,1422
30.051887,-20.859438,1427
30.051887,-21.859438,1442
30.051887,-21.859438,1444
30.051887,-22.859438,1446
30.051887,-23.859438,1455
30.051887,-24.859438,1463
30.051887,-24.859438,1468
29.051887,-25.859438,1470
29.051887,-26.859438,1479
29.051887,-27.859438,1488
28.051887,-28.859438,1492
28.051887,-29.859438,1498
28.051887,-30.859438,1510
28.051887,-31.859438,1523
28.051887,-32.859438,1528
28.051887,-33.859438,1531
28.051887,-33.859438,1540
28.051887,-34.859438,1549
28.051887,-35.859438,1552
28.051887,-36.859438,1558
28.051887,-37.859438,1566
28.051887,-38.859438,1571
28.051887,-39.859438,1587
28.051887,-40.859438,1589
28.051887,-41.859438,1603
28.051887,-42.859438,1605
29.051887,-42.859438,1617
29.051887,-42.859438,1623
29.051887,-43.859438,1630
30.051887,-44.859438,1637
30.051887,-45.859438,1646
30.051887,-46.859438,1648
30.051887,-47.859438,1661
30.051887,-48.859438,1668
30.051887,-49.859438,1674
30.051887,-49.859438,1689
30.051887,-50.859438,1695
31.051887,-50.859438,1702
31.051887,-51.859438,1718
32.051887,-51.859438,1721
33.051887,-51.859438,1726
33.051887,-52.859438,1734
34.051887,-52.859438,1744
34.051887,-53.859438,1751
35.051887,-53.859438,1762
35.051887,-54.859438,1764
36.051887,-54.859438,1771
36.051887,-55.859438,1781
37.051887,-55.859438,1783
38.051887,-55.859438,1785
39.051887,-56.859438,1799
39.051887,-57.859438,1807
39.051887,-57.859438,1816
40.051887,-57.859438,1826
40.051887,-58.859438,1834
41.051887,-58.859438,1838
42.051887,-58.859438,1852
43.051887,-58.859438,1858
43.051887,-59.859438,1860
44.051887,-59.859438,1873
45.051887,-59.859438,1875
46.051887,-59.859438,1885
46.051887,-60.859438,1887
47.051887,-60.859438,1890
47.051887,-60.859438,1898
48.051887,-60.859438,1902
48.051887,-60.859438,1910
49.051887,-60.859438,1914
50.051887,-60.859438,1923
51.051887,-60.859438,1935
52.051887,-60.859438,1938
53.051887,-60.859438,1941
53.051887,-61.859438,1943
54.051887,-61.859438,1946
55.051887,-61.859438,1950
56.051887,-61.859438,1961
57.051887,-61.859438,1965
57.051887,-61.859438,1974
58.051887,-61.859438,1979
59.051887,-61.859438,1993
60.051887,-61.859438,1998
61.051887,-61.859438,2008
62.051887,-61.859438,2016
63.051887,-61.859438,2025
64.051887,-61.859438,2038
65.051887,-61.859438,2053
66.051887,-61.859438,2063
66.051887,-61.859438,2073
67.051887,-61.859438,2110
68.051887,-61.859438,2163
68.051887,-60.859438,2167
69.051887,-60.859438,2188
69.051887,-60.859438,2279
69.051887,-59.859438,2361
BREAK
