START
40.161801,-19.970697,0
40.161801,-20.756152,21
40.947256,-21.541606,96
40.947256,-22.327061,136
41.73271,-25.468879,170
43.303619,-27.825243,191
43.303619,-30.181606,212
43.303619,-30.967061,233
43.303619,-31.752516,253
43.303619,-32.53797,318
44.089074,-32.53797,481
44.089074,-31.752516,525
44.089074,-30.967061,540
44.874528,-28.610697,591
45.659983,-27.039788,613
46.445437,-25.468879,634
46.445437,-24.683425,654
47.230892,-24.683425,695
47.230892,-23.89797,716
48.801801,-23.112516,734
49.587256,-22.327061,820
51.158165,-22.327061,852
52.729074,-22.327061,871
53.514528,-22.327061,917
55.085437,-22.327061,962
56.656346,-22.327061,983
57.441801,-22.327061,1003
58.227256,-22.327061,1025
59.01271,-23.112516,1063
59.798165,-23.112516,1094
60.583619,-24.683425,1113
60.583619,-25.468879,1137
61.369074,-26.254334,1157
62.154528,-27.825243,1177
62.154528,-28.610697,1200
62.939983,-30.181606,1221
63.725437,-32.53797,1241
63.725437,-34.108879,1258
63.725437,-35.679788,1274
63.725437,-36.465243,1302
63.725437,-37.250697,1340
63.725437,-38.821606,1362
63.725437,-41.17797,1381
63.725437,-41.963425,1402
63.725437,-42.748879,1425
63.725437,-43.534334,1468
63.725437,-44.319788,1491
62.939983,-48.247061,1514
62.154528,-52.174334,1536
62.154528,-53.745243,1555
62.154528,-54.530697,1577
62.154528,-55.316152,1622
61.369074,-56.101606,1642
61.369074,-56.887061,1664
60.583619,-58.45797,1687
60.583619,-59.243425,1708
60.583619,-60.028879,1751
60.583619,-60.814334,1773
60.583619,-61.599788,1795
59.798165,-62.385243,1815
59.798165,-63.170697,1828
59.798165,-63.956152,1860
59.798165,-64.741606,1880
59.798165,-65.527061,1901
59.798165,-66.312516,1945
59.798165,-67.09797,2020
59.798165,-69.454334,2041
59.798165,-71.025243,2062
59.798165,-72.596152,2083
59.798165,-73.381606,2105
59.798165,-74.167061,2125
59.798165,-74.952516,2179
59.798165,-76.523425,2199
60.583619,-78.094334,2217
61.369074,-78.879788,2238
61.369074,-80.450697,2259
61.369074,-81.236152,2302
62.154528,-81.236152,2330
62.939983,-82.021606,2405
63.725437,-82.807061,2426
64.510892,-82.807061,2469
64.510892,-83.592516,2542
65.296346,-83.592516,2565
BREAK
