START
60.683962,-21.859438,0
59.683962,-21.859438,105
58.683962,-21.859438,112
57.683962,-21.859438,128
55.683962,-21.859438,144
54.683962,-21.859438,160
53.683962,-21.859438,169
51.683962,-21.859438,184
50.683962,-21.859438,200
49.683962,-21.859438,208
48.683962,-21.859438,216
46.683962,-21.859438,224
45.683962,-21.859438,232
44.683962,-21.859438,240
42.683962,-21.859438,248
41.683962,-22.859438,256
39.683962,-22.859438,272
37.683962,-22.859438,288
37.683962,-23.859438,320
36.683962,-23.859438,328
36.683962,-24.859438,600
36.683962,-25.859438,632
36.683962,-26.859438,695
37.683962,-26.859438,703
37.683962,-27.859438,713
38.683962,-27.859438,721
39.683962,-27.859438,736
39.683962,-28.859438,744
40.683962,-28.859438,760
40.683962,-29.859438,776
41.683962,-29.859438,784
41.683962,-30.859438,794
42.683962,-30.859438,800
42.683962,-31.859438,816
43.683962,-31.859438,824
44.683962,-32.859438,832
46.683962,-33.859438,848
46.683962,-34.859438,856
47.683962,-34.859438,864
49.683962,-34.859438,880
50.683962,-34.859438,896
50.683962,-35.859438,992
50.683962,-36.859438,1007
51.683962,-36.859438,1016
51.683962,-37.859438,1025
52.683962,-37.859438,1033
52.683962,-38.859438,1041
53.683962,-39.859438,1049
54.683962,-39.859438,1224
54.683962,-40.859438,1416
53.683962,-40.859438,1424
52.683962,-40.859438,1440
51.683962,-40.859438,1456
50.683962,-40.859438,1464
50.683962,-41.859438,1472
49.683962,-41.859438,1480
48.683962,-41.859438,1496
47.683962,-41.859438,1512
46.683962,-41.859438,1520
45.683962,-41.859438,1536
44.683962,-41.859438,1560
43.683962,-41.859438,1584
42.683962,-41.859438,1608
41.683962,-41.859438,1624
40.683962,-41.859438,1640
38.683962,-41.859438,1656
36.683962,-41.859438,1673
35.683962,-42.859438,1681
34.683962,-42.859438,1696
33.683962,-42.859438,1704
32.683962,-42.859438,1713
31.683962,-42.859438,1760
30.683962,-42.859438,1816
29.683962,-42.859438,1896
28.683962,-42.859438,1944
28.683962,-43.859438,1977
27.683962,-43.859438,2001
28.683962,-43.859438,2184
29.683962,-44.859438,2192
31.683962,-45.859438,2208
32.683962,-46.859438,2216
34.683962,-47.859438,2224
36.683962,-48.859438,2232
37.683962,-49.859438,2240
39.683962,-50.859438,2248
41.683962,-51.859438,2256
42.683962,-52.859438,2264
43.683962,-53.859438,2272
45.683962,-53.859438,2281
45.683962,-54.859438,2289
46.683962,-54.859438,2297
47.683962,-54.859438,2305
48.683962,-54.859438,2313
49.683962,-54.859438,2345
50.683962,-54.859438,2368
51.683962,-54.859438,2384
52.683962,-54.859438,2400
53.683962,-54.859438,2424
54.683962,-54.859438,2448
54.683962,-55.859438,2672
55.683962,-56.859438,2696
55.683962,-57.859438,2728
56.683962,-57.859438,2737
56.683962,-58.859438,2744
BREAK
