START
30.641509,-49.859438,0
30.641509,-48.859438,113
31.641509,-48.859438,157
32.641509,-48.859438,177
32.641509,-49.859438,187
33.641509,-49.859438,206
33.641509,-50.859438,216
34.641509,-50.859438,227
35.641509,-51.859438,246
36.641509,-52.859438,266
36.641509,-53.859438,287
37.641509,-53.859438,297
37.641509,-54.859438,317
38.641509,-54.859438,328
38.641509,-55.859438,339
39.641509,-55.859438,349
39.641509,-56.859438,368
40.641509,-57.859438,378
40.641509,-58.859438,398
41.641509,-58.859438,408
41.641509,-59.859438,418
41.641509,-60.859438,448
42.641509,-61.859438,458
43.641509,-61.859438,498
43.641509,-62.859438,508
43.641509,-63.859438,558
BREAK
39.641509,-79.859438,2904
38.641509,-79.859438,2913
39.641509,-79.859438,3063
40.641509,-79.859438,3083
42.641509,-79.859438,3104
43.641509,-79.859438,3123
44.641509,-79.859438,3143
46.641509,-79.859438,3153
47.641509,-79.859438,3163
48.641509,-79.859438,3173
51.641509,-79.859438,3183
53.641509,-79.859438,3195
55.641509,-79.859438,3206
56.641509,-79.859438,3216
57.641509,-79.859438,3226
59.641509,-79.859438,3236
60.641509,-79.859438,3246
61.641509,-79.859438,3256
62.641509,-79.859438,3266
63.641509,-79.859438,3277
64.641509,-79.859438,3296
65.641509,-79.859438,3306
66.641509,-79.859438,3326
67.641509,-79.859438,3335
68.641509,-79.859438,3346
69.641509,-78.859438,3366
70.641509,-78.859438,3376
72.641509,-78.859438,3397
72.641509,-77.859438,3408
73.641509,-77.859438,3417
74.641509,-77.859438,3427
75.641509,-77.859438,3437
76.641509,-77.859438,3457
77.641509,-77.859438,3476
78.641509,-77.859438,3486
79.641509,-76.859438,3496
80.641509,-76.859438,3507
81.641509,-76.859438,3527
82.641509,-76.859438,3538
83.641509,-76.859438,3578
84.641509,-76.859438,3728
BREAK
65.641509,-74.859438,5041
65.641509,-73.859438,5221
65.641509,-72.859438,5231
65.641509,-71.859438,5252
65.641509,-69.859438,5272
65.641509,-68.859438,5292
65.641509,-67.859438,5302
65.641509,-65.859438,5324
65.641509,-64.859438,5347
65.641509,-63.859438,5357
65.641509,-62.859438,5367
65.641509,-61.859438,5377
66.641509,-61.859438,5387
66.641509,-59.859438,5397
66.641509,-58.859438,5417
66.641509,-57.859438,5437
66.641509,-56.859438,5457
66.641509,-55.859438,5477
67.641509,-54.859438,5506
67.641509,-53.859438,5537
67.641509,-52.859438,5569
67.641509,-51.859438,5579
67.641509,-50.859438,5618
67.641509,-49.859438,5649
67.641509,-48.859438,5678
67.641509,-47.859438,5698
68.641509,-47.859438,5708
68.641509,-46.859438,5738
68.641509,-45.859438,5768
68.641509,-44.859438,5799
68.641509,-43.859438,5818
68.641509,-42.859438,5868
68.641509,-41.859438,5959
67.641509,-41.859438,6149
66.641509,-41.859438,6159
66.641509,-40.859438,6169
65.641509,-40.859438,6199
65.641509,-39.859438,6239
64.641509,-39.859438,6250
63.641509,-39.859438,6289
62.641509,-39.859438,6319
61.641509,-39.859438,6359
60.641509,-39.859438,6389
59.641509,-39.859438,6419
58.641509,-39.859438,6439
57.641509,-39.859438,6489
56.641509,-39.859438,6539
55.641509,-39.859438,6590
BREAK
19.641509,-32.859438,7672
20.641509,-32.859438,7772
21.641509,-32.859438,7782
22.641509,-32.859438,7792
24.641509,-32.859438,7802
26.641509,-32.859438,7812
27.641509,-32.859438,7822
28.641509,-32.859438,7832
29.641509,-32.859438,7842
32.641509,-32.859438,7853
35.641509,-32.859438,7865
38.641509,-32.859438,7875
40.641509,-32.859438,7885
43.641509,-32.859438,7895
45.641509,-32.859438,7905
47.641509,-32.859438,7914
48.641509,-32.859438,7924
49.641509,-32.859438,7935
51.641509,-32.859438,7944
52.641509,-32.859438,7954
55.641509,-32.859438,7965
57.641509,-33.859438,7976
60.641509,-33.859438,7988
63.641509,-35.859438,7999
67.641509,-35.859438,8010
70.641509,-35.859438,8021
72.641509,-36.859438,8030
73.641509,-37.859438,8040
74.641509,-37.859438,8050
75.641509,-37.859438,8060
76.641509,-37.859438,8080
77.641509,-37.859438,8090
78.641509,-37.859438,8110
BREAK
