START
15.956853,-34.72702,0
16.860406,-34.72702,79
17.763959,-34.72702,87
BREAK
29.510152,-37.43768,183
29.510152,-38.341233,199
29.510152,-39.244786,215
29.510152,-40.14834,231
29.510152,-41.051893,239
BREAK
29.510152,-41.051893,264
29.510152,-41.955446,271
29.510152,-42.858999,303
29.510152,-43.762553,319
29.510152,-44.666106,327
29.510152,-45.569659,335
29.510152,-47.376766,351
29.510152,-48.280319,399
28.606599,-48.280319,415
27.703046,-49.183873,423
26.799492,-49.183873,431
25.895939,-49.183873,447
24.992386,-49.183873,455
24.088832,-49.183873,463
24.088832,-50.087426,471
21.378173,-50.087426,479
20.474619,-50.087426,487
18.667513,-50.087426,495
17.763959,-50.087426,503
16.860406,-50.087426,511
15.956853,-50.087426,519
15.053299,-50.087426,535
15.956853,-49.183873,879
BREAK
26.799492,-32.919913,1303
25.895939,-32.01636,1335
24.992386,-32.01636,1351
24.088832,-32.01636,1359
23.185279,-32.01636,1367
21.378173,-32.01636,1375
20.474619,-32.01636,1383
19.571066,-32.01636,1391
18.667513,-32.01636,1399
17.763959,-32.01636,1415
16.860406,-32.01636,1439
15.956853,-32.01636,1447
BREAK
21.378173,-44.666106,2607
22.281726,-45.569659,2647
22.281726,-46.473213,2663
23.185279,-48.280319,2671
23.185279,-49.183873,2679
23.185279,-50.087426,2687
23.185279,-50.990979,2695
23.185279,-51.894532,2703
23.185279,-52.798086,2719
23.185279,-53.701639,2735
23.185279,-55.508746,2743
23.185279,-56.412299,2759
23.185279,-59.122959,2767
23.185279,-60.026512,2775
23.185279,-60.930065,2783
23.185279,-61.833619,2791
23.185279,-62.737172,2799
23.185279,-63.640725,2807
23.185279,-64.544279,2815
24.088832,-64.544279,2823
24.088832,-65.447832,2831
24.088832,-66.351385,2839
24.088832,-67.254939,2847
24.992386,-67.254939,2855
24.992386,-69.062045,2863
27.703046,-69.062045,2871
29.510152,-69.062045,2879
31.317259,-69.062045,2887
32.220812,-69.965598,2895
34.931472,-69.965598,2903
36.738579,-69.965598,2911
39.449239,-69.965598,2919
42.159898,-69.965598,2927
43.063452,-69.062045,2935
43.967005,-68.158492,2943
44.870558,-68.158492,2951
44.870558,-66.351385,2959
45.774112,-66.351385,2967
46.677665,-64.544279,2975
47.581218,-63.640725,2991
47.581218,-61.833619,3007
47.581218,-60.930065,3023
47.581218,-60.026512,3039
47.581218,-59.122959,3071
48.484772,-59.122959,3104
48.484772,-58.219406,3207
48.484772,-57.315852,3223
49.388325,-57.315852,3239
49.388325,-56.412299,3263
49.388325,-55.508746,3351
49.388325,-54.605192,3367
49.388325,-53.701639,3375
50.291878,-52.798086,3391
50.291878,-51.894532,3407
50.291878,-50.990979,3415
50.291878,-50.087426,3607
50.291878,-49.183873,3615
50.291878,-48.280319,3623
50.291878,-46.473213,3631
50.291878,-45.569659,3639
50.291878,-43.762553,3647
50.291878,-41.955446,3655
50.291878,-40.14834,3663
50.291878,-38.341233,3671
50.291878,-37.43768,3679
50.291878,-36.534126,3687
50.291878,-34.72702,3695
50.291878,-32.919913,3703
50.291878,-32.01636,3711
50.291878,-31.112807,3719
50.291878,-32.01636,3823
50.291878,-33.823466,3831
50.291878,-34.72702,3840
50.291878,-36.534126,3847
50.291878,-39.244786,3855
50.291878,-41.955446,3863
50.291878,-43.762553,3871
50.291878,-46.473213,3879
50.291878,-47.376766,3887
50.291878,-48.280319,3895
50.291878,-49.183873,3903
50.291878,-50.087426,3911
50.291878,-50.990979,3927
51.195431,-51.894532,3935
52.098985,-52.798086,3951
53.002538,-52.798086,3959
53.906091,-53.701639,3967
54.809645,-54.605192,3975
55.713198,-54.605192,3991
56.616751,-54.605192,4007
57.520305,-54.605192,4023
58.423858,-54.605192,4031
59.327411,-54.605192,4039
60.230964,-53.701639,4055
61.134518,-52.798086,4072
61.134518,-51.894532,4079
62.941624,-50.990979,4087
62.941624,-50.087426,4095
63.845178,-48.280319,4103
64.748731,-47.376766,4111
64.748731,-46.473213,4119
64.748731,-44.666106,4127
64.748731,-42.858999,4135
64.748731,-41.955446,4159
64.748731,-41.051893,4175
64.748731,-40.14834,4207
64.748731,-39.244786,4223
64.748731,-37.43768,4231
64.748731,-35.630573,4247
64.748731,-34.72702,4255
64.748731,-33.823466,4263
64.748731,-32.01636,4271
64.748731,-30.209253,4279
64.748731,-27.498593,4287
65.652284,-25.691487,4295
66.555838,-23.88438,4303
67.459391,-21.17372,4311
67.459391,-20.270167,4319
67.459391,-17.559507,4327
67.459391,-16.655954,4335
67.459391,-15.7524,4343
67.459391,-16.655954,4432
67.459391,-18.46306,4439
67.459391,-20.270167,4447
67.459391,-22.980827,4455
67.459391,-24.787933,4463
67.459391,-26.59504,4471
67.459391,-29.3057,4479
67.459391,-32.919913,4488
67.459391,-35.630573,4496
67.459391,-38.341233,4503
67.459391,-40.14834,4512
67.459391,-41.955446,4519
67.459391,-44.666106,4527
67.459391,-47.376766,4535
67.459391,-50.087426,4543
67.459391,-52.798086,4551
67.459391,-55.508746,4559
67.459391,-58.219406,4567
67.459391,-60.930065,4575
67.459391,-62.737172,4583
67.459391,-65.447832,4591
67.459391,-68.158492,4599
67.459391,-69.965598,4607
67.459391,-72.676258,4615
67.459391,-74.483365,4623
67.459391,-75.386918,4632
67.459391,-78.097578,4640
67.459391,-79.904685,4647
68.362944,-81.711791,4656
69.266497,-82.615345,4664
69.266497,-83.518898,4671
69.266497,-84.422451,4679
69.266497,-85.326005,4688
70.170051,-86.229558,4696
70.170051,-87.133111,4712
71.073604,-87.133111,4728
72.880711,-87.133111,4744
72.880711,-86.229558,4760
73.784264,-85.326005,4768
73.784264,-84.422451,4784
73.784264,-83.518898,4792
73.784264,-82.615345,4800
73.784264,-81.711791,4816
73.784264,-80.808238,4832
73.784264,-79.904685,4840
BREAK
90.951777,-25.691487,5167
90.951777,-26.59504,5175
BREAK
90.951777,-27.498593,5215
90.048223,-29.3057,5223
90.048223,-30.209253,5231
90.048223,-32.01636,5239
90.048223,-32.919913,5247
90.048223,-34.72702,5255
90.048223,-37.43768,5263
90.048223,-40.14834,5271
90.048223,-42.858999,5279
90.048223,-45.569659,5287
90.048223,-48.280319,5295
90.048223,-52.798086,5303
90.048223,-55.508746,5311
90.048223,-58.219406,5319
90.048223,-60.930065,5327
90.048223,-63.640725,5335
90.048223,-66.351385,5343
90.048223,-68.158492,5351
90.048223,-69.965598,5359
90.048223,-73.579812,5367
90.048223,-75.386918,5375
90.048223,-78.097578,5383
90.048223,-79.904685,5391
91.85533,-81.711791,5399
91.85533,-83.518898,5407
91.85533,-85.326005,5415
92.758883,-85.326005,5423
92.758883,-87.133111,5431
92.758883,-88.036664,5439
93.662437,-88.940218,5447
93.662437,-89.843771,5463
94.56599,-89.843771,5471
94.56599,-91.650878,5479
96.373096,-91.650878,5487
97.27665,-92.554431,5495
98.180203,-93.457984,5503
100.89086,-93.457984,5511
102.69797,-93.457984,5519
BREAK
