START
14.958327,-35.156611,0
14.958327,-34.374657,200
14.958327,-33.592702,216
14.958327,-32.028792,233
14.958327,-31.246837,249
14.958327,-30.464882,266
14.958327,-29.682927,283
14.958327,-28.900972,316
15.740282,-28.900972,332
16.522237,-28.119017,349
17.304192,-28.119017,366
18.868102,-26.555108,383
20.432012,-26.555108,399
21.213967,-26.555108,416
22.777876,-26.555108,432
24.341786,-26.555108,449
25.123741,-26.555108,465
25.905696,-26.555108,482
26.687651,-26.555108,498
27.469606,-26.555108,515
29.033515,-25.773153,532
31.37938,-24.991198,548
32.94329,-24.209243,565
36.071109,-24.209243,582
37.635019,-24.209243,598
39.980884,-23.427288,615
41.544794,-23.427288,632
43.890658,-23.427288,648
44.672613,-23.427288,665
46.236523,-23.427288,682
47.018478,-23.427288,698
48.582388,-23.427288,715
50.146297,-24.991198,731
51.710207,-25.773153,748
53.274117,-27.337063,764
54.838027,-28.119017,781
55.619982,-29.682927,798
57.183891,-31.246837,814
57.965846,-32.810747,831
59.529756,-34.374657,847
60.311711,-36.720521,864
61.093666,-38.284431,880
61.875621,-39.848341,897
61.875621,-42.194205,914
61.875621,-42.97616,930
62.657576,-44.54007,947
62.657576,-46.10398,964
62.657576,-49.231799,980
62.657576,-50.013754,997
62.657576,-51.577664,1013
62.657576,-52.359619,1030
62.657576,-53.923529,1047
62.657576,-55.487438,1063
62.657576,-56.269393,1080
62.657576,-57.833303,1097
61.093666,-59.397213,1113
59.529756,-60.961123,1130
58.747801,-61.743078,1146
57.965846,-62.525032,1163
56.401936,-63.306987,1180
54.838027,-64.870897,1197
53.274117,-65.652852,1213
51.710207,-66.434807,1229
49.364342,-68.780672,1246
47.018478,-69.562626,1262
45.454568,-70.344581,1280
42.326748,-71.908491,1296
40.762839,-72.690446,1312
39.198929,-72.690446,1329
36.071109,-72.690446,1346
33.725245,-72.690446,1363
30.597425,-72.690446,1379
27.469606,-71.908491,1396
24.341786,-71.126536,1412
21.995921,-69.562626,1429
20.432012,-68.780672,1445
18.868102,-67.998717,1462
18.868102,-67.216762,1479
18.868102,-66.434807,1512
18.868102,-65.652852,1529
18.868102,-64.870897,1562
18.868102,-64.088942,1595
18.868102,-63.306987,1612
19.650057,-63.306987,1645
19.650057,-62.525032,1661
20.432012,-62.525032,1678
20.432012,-61.743078,1695
21.995921,-61.743078,1711
22.777876,-60.961123,1728
23.559831,-60.179168,1745
24.341786,-59.397213,1761
25.123741,-59.397213,1778
25.123741,-57.833303,1795
25.905696,-57.833303,1811
27.469606,-57.051348,1828
29.033515,-57.051348,1844
30.597425,-56.269393,1861
32.161335,-56.269393,1877
32.94329,-56.269393,1894
33.725245,-56.269393,1927
34.5072,-56.269393,1944
35.289154,-56.269393,1977
36.071109,-56.269393,1993
36.071109,-57.833303,2011
37.635019,-57.833303,2027
37.635019,-58.615258,2060
39.198929,-58.615258,2077
39.980884,-58.615258,2093
40.762839,-58.615258,2110
41.544794,-59.397213,2127
42.326748,-59.397213,2143
43.890658,-60.179168,2160
45.454568,-60.961123,2176
46.236523,-61.743078,2193
47.800433,-61.743078,2210
47.800433,-62.525032,2260
49.364342,-62.525032,2326
49.364342,-63.306987,2359
50.146297,-63.306987,2376
50.146297,-64.088942,2442
50.928252,-64.088942,2459
51.710207,-64.088942,2492
51.710207,-64.870897,2525
52.492162,-64.870897,2559
BREAK
84.552312,-24.209243,3976
82.988403,-24.209243,4168
82.206448,-24.209243,4185
80.642538,-24.209243,4201
79.860583,-24.209243,4218
79.078628,-24.209243,4235
77.514718,-24.209243,4251
76.732764,-24.209243,4268
75.950809,-24.991198,4284
74.386899,-25.773153,4301
73.604944,-26.555108,4318
73.604944,-27.337063,4334
72.822989,-27.337063,4351
72.822989,-28.119017,4367
71.259079,-28.119017,4384
70.477124,-28.119017,4400
70.477124,-28.900972,4434
70.477124,-29.682927,4484
68.913215,-29.682927,4500
68.913215,-32.028792,4517
68.13126,-35.156611,4534
67.349305,-37.502476,4550
67.349305,-40.630296,4567
66.56735,-42.194205,4583
66.56735,-42.97616,4599
65.785395,-43.758115,4616
65.785395,-44.54007,4667
65.785395,-45.322025,4683
65.785395,-46.885935,4699
65.785395,-48.449844,4716
65.785395,-49.231799,4733
65.785395,-50.795709,4750
65.785395,-51.577664,4766
65.785395,-52.359619,4783
65.785395,-53.141574,4816
65.785395,-53.923529,4833
65.785395,-54.705484,4849
65.785395,-56.269393,4866
65.785395,-57.051348,4882
65.785395,-58.615258,4898
65.785395,-59.397213,4915
65.785395,-60.179168,4949
65.785395,-60.961123,4966
66.56735,-61.743078,4982
67.349305,-62.525032,4998
68.13126,-64.088942,5015
69.69517,-64.870897,5032
70.477124,-65.652852,5048
72.822989,-66.434807,5065
74.386899,-67.216762,5082
76.732764,-67.998717,5098
78.296673,-67.998717,5115
81.424493,-67.998717,5132
82.988403,-67.998717,5148
85.334267,-67.998717,5165
86.898177,-67.216762,5181
88.462087,-66.434807,5198
90.807951,-65.652852,5215
91.589906,-64.088942,5231
93.153816,-62.525032,5248
94.717726,-61.743078,5264
95.499681,-60.961123,5281
96.281636,-60.179168,5298
96.281636,-58.615258,5315
97.063591,-57.833303,5330
97.845545,-57.051348,5347
97.845545,-56.269393,5364
98.6275,-54.705484,5381
98.6275,-52.359619,5397
98.6275,-51.577664,5413
98.6275,-50.013754,5431
98.6275,-48.449844,5447
98.6275,-46.885935,5464
98.6275,-44.54007,5480
97.063591,-41.412251,5497
95.499681,-38.284431,5513
93.935771,-35.156611,5530
93.153816,-32.810747,5547
92.371861,-30.464882,5580
92.371861,-29.682927,5596
91.589906,-28.900972,5647
90.807951,-28.900972,5663
90.025997,-28.900972,5696
90.025997,-27.337063,5730
89.244042,-27.337063,5746
88.462087,-25.773153,5763
87.680132,-24.991198,5780
86.116222,-23.427288,5796
86.116222,-22.645333,5813
84.552312,-22.645333,5845
83.770357,-22.645333,5879
BREAK
