START
18.086147,-30.464882,0
18.868102,-29.682927,123
21.213967,-28.900972,133
21.995921,-28.119017,144
24.341786,-27.337063,155
25.905696,-27.337063,166
26.687651,-27.337063,178
28.251561,-27.337063,189
29.033515,-27.337063,200
29.81547,-27.337063,211
30.597425,-27.337063,222
32.161335,-27.337063,233
32.94329,-27.337063,263
34.5072,-27.337063,274
35.289154,-28.119017,285
36.071109,-28.119017,298
36.071109,-28.900972,320
36.071109,-29.682927,335
36.853064,-30.464882,346
37.635019,-30.464882,359
37.635019,-31.246837,370
38.416974,-32.028792,381
39.198929,-32.028792,394
39.198929,-32.810747,405
39.980884,-32.810747,416
39.980884,-33.592702,429
40.762839,-33.592702,440
40.762839,-35.156611,451
41.544794,-36.720521,474
41.544794,-37.502476,485
41.544794,-38.284431,496
41.544794,-39.848341,507
41.544794,-40.630296,518
41.544794,-41.412251,529
42.326748,-42.194205,554
42.326748,-43.758115,576
42.326748,-44.54007,598
42.326748,-46.10398,621
42.326748,-47.66789,632
41.544794,-49.231799,654
40.762839,-50.013754,665
40.762839,-50.795709,676
40.762839,-52.359619,687
41.544794,-52.359619,698
40.762839,-52.359619,712
39.980884,-53.141574,723
39.980884,-53.923529,737
38.416974,-54.705484,748
38.416974,-55.487438,759
36.853064,-56.269393,770
36.853064,-57.051348,781
36.071109,-58.615258,804
35.289154,-59.397213,815
34.5072,-59.397213,837
34.5072,-60.179168,848
33.725245,-60.179168,859
32.94329,-60.179168,870
32.94329,-60.961123,881
31.37938,-60.961123,893
30.597425,-60.961123,904
29.81547,-60.961123,915
28.251561,-61.743078,926
25.905696,-61.743078,937
25.123741,-61.743078,959
24.341786,-60.961123,988
23.559831,-60.179168,999
22.777876,-60.179168,1010
21.213967,-59.397213,1021
19.650057,-59.397213,1032
17.304192,-58.615258,1043
16.522237,-57.833303,1054
15.740282,-57.051348,1065
16.522237,-56.269393,1124
16.522237,-55.487438,1157
17.304192,-55.487438,1168
17.304192,-54.705484,1183
18.086147,-54.705484,1205
18.868102,-54.705484,1216
19.650057,-53.141574,1227
21.213967,-53.141574,1238
24.341786,-53.141574,1249
25.905696,-53.141574,1261
29.033515,-53.141574,1272
31.37938,-53.141574,1301
32.161335,-53.141574,1331
34.5072,-53.141574,1342
36.853064,-53.141574,1353
39.198929,-53.141574,1364
39.980884,-53.141574,1376
40.762839,-53.141574,1386
40.762839,-52.359619,1409
41.544794,-51.577664,1486
42.326748,-51.577664,1497
BREAK
60.311711,-30.464882,2357
60.311711,-29.682927,2372
59.529756,-29.682927,2383
58.747801,-29.682927,2430
57.965846,-29.682927,2442
57.183891,-29.682927,2464
56.401936,-29.682927,2475
55.619982,-29.682927,2486
54.838027,-29.682927,2508
54.056072,-29.682927,2519
53.274117,-30.464882,2561
52.492162,-30.464882,2576
51.710207,-30.464882,2587
51.710207,-31.246837,2599
51.710207,-32.028792,2617
50.928252,-32.810747,2639
50.146297,-33.592702,2664
50.146297,-34.374657,2686
48.582388,-34.374657,2697
47.018478,-34.374657,2708
46.236523,-35.156611,2719
45.454568,-35.938566,2741
45.454568,-36.720521,2756
44.672613,-36.720521,2793
43.890658,-36.720521,2804
43.890658,-37.502476,2820
43.108703,-38.284431,2844
43.108703,-39.066386,2889
43.108703,-39.848341,2918
43.108703,-40.630296,2943
42.326748,-40.630296,2954
42.326748,-41.412251,2970
42.326748,-42.97616,2992
42.326748,-43.758115,3015
42.326748,-44.54007,3038
42.326748,-45.322025,3051
42.326748,-46.10398,3066
43.108703,-46.10398,3077
43.108703,-46.885935,3088
43.108703,-47.66789,3101
43.108703,-48.449844,3114
43.108703,-49.231799,3136
43.890658,-50.795709,3158
43.890658,-51.577664,3169
43.890658,-52.359619,3194
43.890658,-53.923529,3216
44.672613,-53.923529,3227
44.672613,-54.705484,3238
45.454568,-54.705484,3249
46.236523,-56.269393,3260
47.800433,-56.269393,3273
48.582388,-57.051348,3293
49.364342,-57.833303,3304
50.146297,-57.833303,3315
51.710207,-57.833303,3326
53.274117,-58.615258,3337
56.401936,-59.397213,3348
57.183891,-59.397213,3359
58.747801,-59.397213,3370
60.311711,-59.397213,3382
62.657576,-59.397213,3393
63.43953,-59.397213,3404
64.221485,-59.397213,3415
63.43953,-59.397213,3437
62.657576,-59.397213,3459
62.657576,-58.615258,3471
63.43953,-58.615258,3493
63.43953,-57.833303,3504
63.43953,-57.051348,3515
64.221485,-57.051348,3526
64.221485,-56.269393,3537
64.221485,-55.487438,3549
65.00344,-54.705484,3571
65.785395,-53.923529,3593
67.349305,-52.359619,3615
67.349305,-51.577664,3626
68.13126,-51.577664,3637
68.13126,-50.795709,3649
68.913215,-50.013754,3660
68.13126,-49.231799,3687
67.349305,-49.231799,3698
67.349305,-48.449844,3727
68.13126,-47.66789,3739
68.13126,-46.885935,3761
68.13126,-46.10398,3786
68.13126,-45.322025,3813
68.13126,-44.54007,3828
68.13126,-43.758115,3854
67.349305,-42.97616,3865
68.13126,-42.194205,3888
68.13126,-41.412251,3927
68.13126,-40.630296,3949
68.13126,-39.848341,3971
66.56735,-39.066386,3982
66.56735,-38.284431,3994
66.56735,-37.502476,4016
65.00344,-36.720521,4027
65.00344,-35.938566,4041
65.00344,-35.156611,4063
65.785395,-35.156611,4105
65.785395,-34.374657,4116
65.785395,-33.592702,4135
64.221485,-33.592702,4252
63.43953,-32.810747,4275
62.657576,-32.028792,4286
61.875621,-31.246837,4315
61.093666,-31.246837,4337
61.093666,-30.464882,4378
60.311711,-30.464882,4390
59.529756,-30.464882,4415
BREAK
