START
45.866886,-46.033156,0
46.856276,-46.033156,182
47.845666,-47.022546,233
47.845666,-48.011936,254
48.835056,-48.011936,262
48.835056,-49.001326,278
49.824446,-49.990716,295
50.813836,-50.980106,311
51.803226,-51.969496,325
51.803226,-52.958886,341
52.792615,-52.958886,349
52.792615,-53.948276,357
52.792615,-54.937666,373
53.782005,-55.927056,405
53.782005,-56.916446,421
53.782005,-57.905836,430
53.782005,-58.895225,438
54.771395,-58.895225,445
54.771395,-59.884615,454
54.771395,-60.874005,469
55.760785,-61.863395,486
55.760785,-62.852785,502
55.760785,-63.842175,509
55.760785,-64.831565,526
55.760785,-65.820955,542
55.760785,-66.810345,558
55.760785,-67.799735,574
55.760785,-68.789125,598
55.760785,-69.778515,622
54.771395,-70.767905,655
53.782005,-71.757294,670
52.792615,-71.757294,678
52.792615,-72.746684,686
52.792615,-73.736074,694
51.803226,-73.736074,702
51.803226,-74.725464,710
50.813836,-74.725464,718
49.824446,-75.714854,726
48.835056,-76.704244,742
47.845666,-76.704244,758
46.856276,-77.693634,774
45.866886,-77.693634,790
44.877496,-77.693634,798
43.888106,-78.683024,814
41.909326,-78.683024,822
41.909326,-79.672414,830
40.919936,-79.672414,838
38.941157,-79.672414,846
38.941157,-80.661804,854
37.951767,-80.661804,870
37.951767,-81.651194,902
35.972987,-81.651194,934
33.994207,-81.651194,966
32.015427,-81.651194,990
33.004817,-81.651194,1030
32.015427,-81.651194,1062
31.026037,-81.651194,1070
31.026037,-80.661804,1078
29.047257,-80.661804,1102
29.047257,-79.672414,1110
27.068478,-78.683024,1150
26.079088,-78.683024,1166
25.089698,-78.683024,1198
25.089698,-77.693634,1206
24.100308,-77.693634,1243
23.110918,-77.693634,1246
23.110918,-76.704244,1294
22.121528,-75.714854,1334
20.142748,-75.714854,1342
19.153358,-75.714854,1406
19.153358,-74.725464,1422
19.153358,-73.736074,1542
19.153358,-72.746684,1590
19.153358,-71.757294,1614
18.163968,-70.767905,1622
18.163968,-69.778515,1638
18.163968,-68.789125,1670
18.163968,-67.799735,1686
18.163968,-66.810345,1694
18.163968,-65.820955,1710
18.163968,-64.831565,1782
18.163968,-63.842175,1814
18.163968,-62.852785,1846
18.163968,-61.863395,1862
19.153358,-61.863395,1902
19.153358,-60.874005,1926
19.153358,-59.884615,1950
20.142748,-59.884615,1958
21.132138,-59.884615,1974
22.121528,-58.895225,1982
22.121528,-57.905836,1990
23.110918,-57.905836,1999
24.100308,-56.916446,2007
25.089698,-56.916446,2030
25.089698,-55.927056,2038
BREAK
56.750175,-63.842175,3534
57.739565,-63.842175,3949
58.728955,-63.842175,3973
59.718345,-63.842175,4013
60.707735,-63.842175,4046
61.697125,-63.842175,4078
62.686515,-63.842175,4101
63.675905,-63.842175,4165
63.675905,-62.852785,4229
64.665295,-62.852785,4277
64.665295,-61.863395,4279
65.654684,-61.863395,4293
65.654684,-60.874005,4301
66.644074,-60.874005,4309
66.644074,-59.884615,4317
67.633464,-59.884615,4325
67.633464,-58.895225,4341
68.622854,-58.895225,4349
69.612244,-57.905836,4357
69.612244,-56.916446,4373
70.601634,-56.916446,4381
70.601634,-55.927056,4389
71.591024,-55.927056,4397
71.591024,-54.937666,4405
72.580414,-54.937666,4413
73.569804,-53.948276,4437
73.569804,-52.958886,4453
74.559194,-52.958886,4461
75.548584,-52.958886,4486
75.548584,-51.969496,4494
76.537974,-51.969496,4502
76.537974,-50.980106,4518
77.527363,-50.980106,4526
78.516753,-50.980106,4629
78.516753,-49.990716,4637
79.506143,-49.990716,4645
80.495533,-49.990716,4677
81.484923,-49.990716,4710
82.474313,-49.990716,4741
82.474313,-49.001326,4798
83.463703,-49.001326,4805
84.453093,-49.001326,4829
85.442483,-49.001326,4862
86.431873,-49.001326,4885
86.431873,-49.990716,4917
87.421263,-49.990716,4981
88.410653,-49.990716,5038
88.410653,-50.980106,5045
89.400043,-50.980106,5077
89.400043,-51.969496,5134
90.389432,-51.969496,5157
90.389432,-52.958886,5174
91.378822,-52.958886,5182
92.368212,-53.948276,5213
93.357602,-54.937666,5230
93.357602,-55.927056,5246
94.346992,-55.927056,5254
94.346992,-56.916446,5262
94.346992,-57.905836,5289
95.336382,-57.905836,5302
95.336382,-58.895225,5334
95.336382,-60.874005,5742
95.336382,-61.863395,5758
95.336382,-62.852785,5774
95.336382,-63.842175,6094
95.336382,-64.831565,6102
95.336382,-65.820955,6110
95.336382,-66.810345,6119
95.336382,-67.799735,6126
95.336382,-68.789125,6166
94.346992,-68.789125,6678
92.368212,-68.789125,6734
90.389432,-68.789125,6806
88.410653,-68.789125,6870
88.410653,-69.778515,6878
86.431873,-69.778515,6934
62.686515,-69.778515,7701
BREAK
57.739565,-33.171088,9296
64.665295,-37.128647,9318
65.654684,-37.128647,9341
BREAK
