START
36.853064,-31.246837,0
38.416974,-31.246837,99
39.198929,-31.246837,120
40.762839,-31.246837,142
41.544794,-31.246837,165
43.108703,-31.246837,190
44.672613,-31.246837,201
46.236523,-31.246837,212
48.582388,-31.246837,223
50.928252,-31.246837,233
53.274117,-31.246837,244
54.838027,-31.246837,255
55.619982,-31.246837,266
56.401936,-31.246837,276
57.183891,-31.246837,328
57.965846,-31.246837,339
58.747801,-31.246837,360
60.311711,-31.246837,383
61.093666,-32.028792,393
61.875621,-32.028792,404
61.875621,-32.810747,415
62.657576,-32.810747,426
62.657576,-33.592702,447
62.657576,-34.374657,467
64.221485,-34.374657,488
64.221485,-35.156611,500
65.00344,-35.156611,532
65.00344,-35.938566,543
65.00344,-36.720521,554
65.00344,-37.502476,564
65.00344,-38.284431,575
65.00344,-39.066386,586
65.00344,-39.848341,597
65.00344,-41.412251,607
65.00344,-42.194205,635
65.00344,-42.97616,645
65.00344,-43.758115,667
65.00344,-45.322025,678
65.00344,-46.885935,699
65.00344,-47.66789,721
65.00344,-49.231799,731
65.00344,-50.013754,763
65.00344,-50.795709,784
65.00344,-51.577664,795
65.00344,-52.359619,816
65.00344,-53.141574,841
65.00344,-53.923529,851
64.221485,-53.923529,863
64.221485,-54.705484,874
63.43953,-55.487438,895
63.43953,-56.269393,920
63.43953,-57.051348,940
62.657576,-57.051348,962
62.657576,-57.833303,973
62.657576,-58.615258,1012
61.875621,-58.615258,1022
61.875621,-60.179168,1033
61.093666,-60.961123,1055
60.311711,-60.961123,1073
60.311711,-61.743078,1084
59.529756,-61.743078,1106
58.747801,-61.743078,1129
57.965846,-61.743078,1142
57.183891,-61.743078,1166
56.401936,-62.525032,1177
55.619982,-62.525032,1195
54.838027,-62.525032,1223
54.056072,-63.306987,1234
53.274117,-63.306987,1256
52.492162,-63.306987,1277
51.710207,-63.306987,1290
50.928252,-63.306987,1303
50.146297,-63.306987,1323
49.364342,-63.306987,1334
48.582388,-63.306987,1355
47.800433,-63.306987,1386
47.018478,-63.306987,1408
46.236523,-63.306987,1419
45.454568,-63.306987,1439
44.672613,-63.306987,1450
43.890658,-63.306987,1461
43.108703,-63.306987,1482
42.326748,-63.306987,1535
41.544794,-63.306987,1546
41.544794,-62.525032,1567
40.762839,-62.525032,1578
39.980884,-62.525032,1589
39.198929,-62.525032,1601
38.416974,-61.743078,1621
36.853064,-61.743078,1643
36.853064,-60.961123,1653
36.071109,-60.961123,1665
34.5072,-60.961123,1676
34.5072,-60.179168,1686
33.725245,-60.179168,1708
32.94329,-60.179168,1729
32.161335,-59.397213,1740
31.37938,-59.397213,1779
31.37938,-58.615258,1790
30.597425,-58.615258,1819
30.597425,-57.833303,1850
30.597425,-57.051348,1860
30.597425,-56.269393,1893
29.81547,-56.269393,1903
29.033515,-56.269393,1916
29.033515,-55.487438,1933
29.033515,-54.705484,1943
28.251561,-54.705484,1954
28.251561,-53.923529,1976
27.469606,-53.923529,1986
27.469606,-53.141574,2008
27.469606,-51.577664,2029
27.469606,-50.795709,2040
27.469606,-50.013754,2051
27.469606,-49.231799,2061
27.469606,-48.449844,2083
27.469606,-47.66789,2094
27.469606,-46.885935,2107
27.469606,-46.10398,2151
27.469606,-45.322025,2165
27.469606,-44.54007,2192
27.469606,-43.758115,2217
27.469606,-42.97616,2227
27.469606,-42.194205,2302
27.469606,-41.412251,2336
27.469606,-40.630296,2410
28.251561,-39.848341,2433
28.251561,-39.066386,2468
29.033515,-39.066386,2505
29.033515,-38.284431,2517
29.033515,-37.502476,2553
29.81547,-36.720521,2589
30.597425,-36.720521,2601
30.597425,-35.938566,2613
30.597425,-35.156611,2648
31.37938,-34.374657,2679
32.161335,-33.592702,2719
32.94329,-33.592702,2787
33.725245,-33.592702,2829
34.5072,-32.810747,2851
35.289154,-32.810747,2873
36.071109,-32.810747,2884
36.853064,-32.810747,2916
37.635019,-32.028792,2950
38.416974,-32.028792,2965
39.198929,-32.028792,2986
39.980884,-32.028792,3024
40.762839,-32.028792,3057
41.544794,-32.028792,3071
42.326748,-32.028792,3115
43.108703,-32.028792,3202
BREAK
40.762839,-34.374657,4532
40.762839,-35.156611,4908
41.544794,-35.156611,4940
41.544794,-35.938566,4963
42.326748,-36.720521,5020
42.326748,-37.502476,5032
42.326748,-38.284431,5053
43.108703,-38.284431,5074
43.108703,-39.066386,5086
43.108703,-39.848341,5111
43.108703,-40.630296,5138
43.890658,-40.630296,5160
43.890658,-41.412251,5170
43.890658,-42.194205,5193
44.672613,-42.194205,5209
44.672613,-42.97616,5226
44.672613,-43.758115,5264
44.672613,-44.54007,5285
45.454568,-44.54007,5298
45.454568,-45.322025,5319
45.454568,-46.10398,5331
45.454568,-46.885935,5352
45.454568,-47.66789,5365
45.454568,-48.449844,5387
45.454568,-49.231799,5413
45.454568,-50.013754,5460
45.454568,-50.795709,5476
45.454568,-51.577664,5506
45.454568,-52.359619,5530
45.454568,-53.141574,5552
45.454568,-53.923529,5566
44.672613,-54.705484,5596
44.672613,-55.487438,5610
44.672613,-56.269393,5637
44.672613,-57.051348,5682
43.890658,-57.833303,5732
43.890658,-58.615258,5784
43.108703,-58.615258,5843
42.326748,-58.615258,5854
42.326748,-59.397213,5866
41.544794,-59.397213,6011
40.762839,-59.397213,6030
40.762839,-60.179168,6041
39.980884,-60.179168,6057
39.198929,-60.179168,6265
38.416974,-60.179168,6275
37.635019,-60.179168,6494
BREAK
