START
39.980884,-28.900972,0
32.94329,-35.938566,5
31.37938,-37.502476,10
29.81547,-39.066386,19
29.033515,-39.848341,27
27.469606,-40.630296,35
26.687651,-42.194205,53
25.905696,-42.97616,58
25.123741,-44.54007,62
24.341786,-45.322025,67
23.559831,-46.885935,75
22.777876,-50.013754,99
22.777876,-51.577664,107
22.777876,-52.359619,115
23.559831,-53.923529,123
24.341786,-55.487438,131
25.123741,-56.269393,139
25.905696,-57.833303,147
26.687651,-57.833303,155
28.251561,-58.615258,163
29.033515,-58.615258,171
29.81547,-58.615258,179
31.37938,-59.397213,187
32.161335,-60.961123,195
33.725245,-60.961123,203
35.289154,-61.743078,211
37.635019,-61.743078,219
39.198929,-61.743078,227
40.762839,-61.743078,235
43.108703,-61.743078,243
45.454568,-61.743078,251
47.800433,-61.743078,259
50.146297,-61.743078,267
52.492162,-61.743078,275
54.838027,-61.743078,283
57.183891,-61.743078,291
59.529756,-61.743078,299
61.875621,-60.961123,307
63.43953,-60.961123,315
65.785395,-60.179168,323
68.13126,-58.615258,331
68.913215,-57.833303,339
70.477124,-57.051348,347
71.259079,-56.269393,355
71.259079,-55.487438,363
71.259079,-54.705484,371
71.259079,-53.923529,379
71.259079,-53.141574,387
71.259079,-52.359619,403
71.259079,-51.577664,408
71.259079,-50.013754,414
71.259079,-49.231799,420
71.259079,-48.449844,427
71.259079,-46.885935,435
71.259079,-46.10398,443
70.477124,-42.97616,465
68.913215,-42.194205,470
68.13126,-41.412251,475
67.349305,-40.630296,483
67.349305,-39.066386,492
65.785395,-38.284431,499
65.00344,-37.502476,507
64.221485,-36.720521,515
63.43953,-35.156611,523
62.657576,-34.374657,531
61.093666,-33.592702,539
59.529756,-32.810747,547
57.965846,-31.246837,555
57.183891,-30.464882,563
55.619982,-30.464882,571
54.838027,-29.682927,579
54.056072,-28.900972,595
52.492162,-28.119017,603
51.710207,-28.119017,611
50.928252,-28.119017,619
50.146297,-28.119017,627
49.364342,-27.337063,635
48.582388,-27.337063,644
47.800433,-26.555108,652
47.018478,-26.555108,661
46.236523,-26.555108,675
44.672613,-26.555108,685
43.890658,-25.773153,691
43.108703,-25.773153,699
42.326748,-25.773153,707
41.544794,-25.773153,715
40.762839,-25.773153,724
39.980884,-25.773153,739
39.198929,-25.773153,747
38.416974,-25.773153,763
38.416974,-26.555108,771
37.635019,-26.555108,787
BREAK
35.289154,-34.374657,1171
36.071109,-34.374657,1178
37.635019,-34.374657,1194
37.635019,-35.156611,1203
39.198929,-35.156611,1211
39.198929,-35.938566,1218
39.980884,-36.720521,1226
40.762839,-37.502476,1235
41.544794,-38.284431,1250
41.544794,-39.066386,1259
42.326748,-39.848341,1266
42.326748,-40.630296,1275
42.326748,-41.412251,1282
42.326748,-42.194205,1291
42.326748,-42.97616,1299
42.326748,-44.54007,1307
41.544794,-45.322025,1315
41.544794,-46.10398,1323
41.544794,-46.885935,1331
40.762839,-47.66789,1339
40.762839,-48.449844,1347
39.980884,-49.231799,1355
39.198929,-50.013754,1363
38.416974,-50.795709,1371
37.635019,-51.577664,1379
36.853064,-52.359619,1387
36.071109,-53.141574,1395
35.289154,-53.923529,1403
34.5072,-54.705484,1411
33.725245,-55.487438,1419
32.94329,-56.269393,1427
32.161335,-57.051348,1435
31.37938,-57.051348,1451
30.597425,-57.833303,1459
29.033515,-57.833303,1467
29.033515,-58.615258,1475
28.251561,-58.615258,1483
27.469606,-59.397213,1491
26.687651,-59.397213,1499
25.905696,-59.397213,1507
25.123741,-59.397213,1515
24.341786,-59.397213,1523
23.559831,-59.397213,1531
22.777876,-59.397213,1539
BREAK
