START
24.558625,-26.604201,0
24.558625,-27.367004,309
24.558625,-28.129808,348
24.558625,-28.892611,378
24.558625,-29.655414,398
25.321429,-30.418217,418
25.321429,-31.181021,438
26.084232,-31.181021,448
26.084232,-31.943824,458
26.847035,-33.46943,478
26.847035,-34.232234,497
27.609838,-34.232234,517
27.609838,-34.995037,537
27.609838,-35.75784,567
28.372642,-35.75784,587
28.372642,-36.520643,607
29.898248,-37.283446,647
29.898248,-38.04625,686
30.661051,-38.04625,696
30.661051,-39.571856,776
31.423854,-39.571856,796
31.423854,-40.334659,806
32.186658,-40.334659,836
32.186658,-41.097463,846
32.949461,-41.860266,885
32.949461,-42.623069,955
33.712264,-42.623069,975
33.712264,-43.385872,995
34.475067,-44.148676,1024
34.475067,-45.674282,1044
36.000674,-46.437085,1065
36.763477,-47.199889,1084
36.763477,-47.962692,1104
37.52628,-47.962692,1114
37.52628,-48.725495,1134
38.289084,-48.725495,1154
38.289084,-49.488298,1173
38.289084,-50.251101,1223
39.051887,-50.251101,1233
39.81469,-50.251101,1825
40.577493,-51.013905,1925
41.340296,-52.539511,1965
42.865903,-53.302314,2004
42.865903,-54.065118,2024
43.628706,-54.065118,2034
43.628706,-54.827921,2064
43.628706,-55.590724,2183
44.391509,-56.353527,2213
44.391509,-57.116331,2243
45.154313,-57.116331,2263
45.154313,-58.641937,2283
45.917116,-59.40474,2323
45.917116,-60.167543,2353
45.917116,-60.930347,2392
46.679919,-60.930347,2402
46.679919,-61.69315,2432
47.442722,-61.69315,2442
47.442722,-62.455953,2472
48.968329,-62.455953,2482
48.968329,-63.218756,2512
48.968329,-64.744363,2641
49.731132,-64.744363,2661
49.731132,-65.507166,2691
50.493935,-65.507166,2710
50.493935,-66.269969,2820
51.256739,-66.269969,2879
51.256739,-67.032773,2889
51.256739,-67.795576,2939
52.019542,-67.795576,2959
52.019542,-68.558379,3058
52.782345,-68.558379,3615
BREAK
52.782345,-68.558379,10046
52.782345,-67.795576,10225
52.782345,-67.032773,10274
53.545148,-67.032773,10294
53.545148,-66.269969,10305
54.307951,-65.507166,10344
55.070755,-63.98156,10384
55.833558,-63.218756,10414
55.833558,-62.455953,10424
55.833558,-61.69315,10443
56.596361,-61.69315,10453
56.596361,-60.930347,10463
57.359164,-60.930347,10473
57.359164,-60.167543,10483
58.121968,-59.40474,10493
58.121968,-57.879134,10513
59.647574,-57.879134,10523
60.410377,-57.116331,10533
60.410377,-56.353527,10553
61.173181,-56.353527,10563
61.173181,-55.590724,10573
61.935984,-54.827921,10603
61.935984,-54.065118,10623
62.698787,-54.065118,10632
62.698787,-53.302314,10642
62.698787,-51.776708,10662
63.46159,-51.776708,10692
63.46159,-51.013905,11133
63.46159,-50.251101,11173
64.224394,-50.251101,11183
64.224394,-49.488298,11192
65.75,-49.488298,11212
65.75,-48.725495,11232
66.512803,-48.725495,11252
66.512803,-47.962692,11272
67.275606,-47.962692,11292
67.275606,-47.199889,11312
68.03841,-46.437085,11332
68.03841,-44.911479,11341
68.801213,-44.911479,11361
68.801213,-44.148676,11371
69.564016,-43.385872,11401
70.326819,-42.623069,11441
71.852426,-41.860266,11471
71.852426,-41.097463,11491
71.852426,-40.334659,11530
72.615229,-40.334659,11550
72.615229,-38.809053,11570
73.378032,-38.809053,11590
73.378032,-38.04625,11610
73.378032,-37.283446,11640
73.378032,-36.520643,11680
74.140836,-36.520643,11689
74.140836,-35.75784,11709
74.903639,-35.75784,11719
74.903639,-34.995037,11729
74.903639,-34.232234,11759
75.666442,-34.232234,11769
75.666442,-32.706627,11809
75.666442,-31.943824,11839
76.429245,-31.943824,11848
76.429245,-31.181021,11908
76.429245,-30.418217,12127
77.192049,-30.418217,12137
77.192049,-29.655414,12167
78.717655,-29.655414,12177
78.717655,-28.892611,12186
79.480458,-28.129808,12246
80.243261,-28.129808,12286
80.243261,-26.604201,12306
81.006065,-26.604201,12316
81.006065,-25.841398,12395
81.006065,-25.078595,12604
BREAK
