START
17.39141,-35.628387,0
18.265094,-35.628387,3
18.265094,-34.754703,5
19.138779,-34.754703,9
20.012463,-34.754703,16
20.886147,-34.754703,17
20.886147,-33.881019,19
21.759831,-33.881019,23
22.633515,-33.007335,27
23.5072,-33.007335,29
24.380884,-33.007335,33
25.254568,-33.007335,35
25.254568,-32.13365,38
26.128252,-32.13365,40
27.001936,-32.13365,42
27.875621,-32.13365,44
29.622989,-32.13365,49
30.496673,-32.13365,52
32.244042,-32.13365,56
33.117726,-32.13365,61
33.99141,-32.13365,66
34.865094,-32.13365,68
35.738779,-32.13365,77
36.612463,-32.13365,98
37.486147,-33.007335,103
37.486147,-33.881019,106
38.359831,-33.881019,111
38.359831,-34.754703,113
38.359831,-35.628387,117
38.359831,-36.502071,121
40.1072,-37.375756,123
40.1072,-38.24944,127
40.1072,-39.123124,133
40.1072,-39.996808,135
40.1072,-40.870492,140
40.1072,-41.744177,143
40.1072,-42.617861,146
40.1072,-43.491545,151
40.1072,-44.365229,156
40.1072,-45.238914,161
40.1072,-46.112598,164
40.1072,-46.986282,169
39.233515,-46.986282,171
39.233515,-47.859966,175
38.359831,-47.859966,177
37.486147,-48.73365,181
36.612463,-49.607335,183
35.738779,-49.607335,187
34.865094,-49.607335,189
33.99141,-49.607335,191
33.117726,-49.607335,195
33.117726,-50.481019,197
32.244042,-50.481019,199
31.370357,-50.481019,203
30.496673,-50.481019,207
29.622989,-50.481019,211
28.749305,-50.481019,215
28.749305,-51.354703,217
27.875621,-51.354703,219
27.001936,-51.354703,231
27.001936,-52.228387,287
27.875621,-52.228387,292
28.749305,-52.228387,299
28.749305,-53.102071,304
29.622989,-53.102071,306
30.496673,-53.102071,314
30.496673,-53.975756,316
31.370357,-54.84944,318
32.244042,-54.84944,322
32.244042,-55.723124,324
33.117726,-55.723124,328
33.117726,-56.596808,330
33.99141,-56.596808,332
34.865094,-57.470492,337
34.865094,-58.344177,340
35.738779,-58.344177,344
36.612463,-59.217861,346
36.612463,-60.091545,353
36.612463,-60.965229,358
36.612463,-61.838914,365
37.486147,-62.712598,370
37.486147,-63.586282,376
37.486147,-64.459966,380
37.486147,-65.33365,385
37.486147,-66.207335,393
37.486147,-67.081019,396
37.486147,-67.954703,405
37.486147,-68.828387,415
37.486147,-69.702071,423
37.486147,-70.575756,428
36.612463,-70.575756,434
35.738779,-71.44944,437
34.865094,-71.44944,446
33.99141,-72.323124,451
33.117726,-72.323124,457
33.117726,-73.196808,459
32.244042,-73.196808,461
31.370357,-73.196808,465
30.496673,-73.196808,467
29.622989,-73.196808,469
28.749305,-73.196808,473
27.875621,-73.196808,475
27.001936,-73.196808,477
26.128252,-73.196808,479
25.254568,-74.070492,481
24.380884,-74.070492,483
23.5072,-74.070492,485
22.633515,-74.070492,487
20.886147,-74.070492,491
20.012463,-74.070492,495
19.138779,-74.070492,497
18.265094,-74.070492,499
17.39141,-74.070492,503
16.517726,-74.070492,508
15.644042,-74.070492,514
14.770357,-74.070492,520
13.896673,-74.070492,537
13.022989,-74.070492,552
13.022989,-73.196808,557
13.022989,-72.323124,578
12.149305,-72.323124,580
12.149305,-71.44944,586
BREAK
36.612463,-56.596808,897
37.486147,-56.596808,929
38.359831,-56.596808,933
39.233515,-56.596808,938
40.1072,-56.596808,944
40.980884,-56.596808,946
41.854568,-56.596808,951
42.728252,-56.596808,955
43.601936,-56.596808,957
44.475621,-56.596808,959
44.475621,-55.723124,961
45.349305,-55.723124,964
46.222989,-55.723124,965
47.096673,-55.723124,967
47.970357,-55.723124,969
48.844042,-55.723124,974
49.717726,-55.723124,976
50.59141,-54.84944,980
51.465094,-54.84944,986
52.338779,-54.84944,989
53.212463,-54.84944,998
54.086147,-54.84944,1007
BREAK
54.959831,-26.017861,1615
55.833515,-26.017861,1632
56.7072,-26.017861,1640
57.580884,-26.017861,1644
58.454568,-26.017861,1647
59.328252,-26.017861,1650
60.201936,-26.017861,1654
61.075621,-26.017861,1657
61.949305,-26.017861,1660
62.822989,-26.017861,1662
63.696673,-26.017861,1664
64.570357,-26.017861,1666
65.444042,-26.017861,1668
66.317726,-26.017861,1670
67.19141,-26.017861,1672
68.065094,-26.017861,1674
69.812463,-26.017861,1676
70.686147,-26.017861,1678
71.559831,-26.017861,1680
72.433515,-26.017861,1682
74.180884,-26.017861,1684
75.928252,-26.017861,1686
76.801936,-26.017861,1688
78.549305,-26.017861,1690
80.296673,-26.017861,1692
81.170357,-26.017861,1694
82.917726,-26.017861,1696
84.665094,-26.017861,1699
85.538779,-26.017861,1700
86.412463,-26.017861,1702
88.159831,-26.017861,1704
89.9072,-25.144177,1706
90.780884,-25.144177,1708
91.654568,-25.144177,1710
93.401936,-25.144177,1712
94.275621,-25.144177,1715
95.149305,-25.144177,1716
96.896673,-25.144177,1718
98.644042,-25.144177,1720
99.517726,-25.144177,1724
100.39141,-25.144177,1726
102.13878,-24.270492,1728
BREAK
67.19141,-26.891545,2529
66.317726,-26.891545,2530
65.444042,-26.891545,2544
64.570357,-26.891545,2549
63.696673,-26.891545,2559
62.822989,-26.891545,2564
61.949305,-26.017861,2573
61.075621,-26.017861,2575
60.201936,-26.017861,2586
60.201936,-25.144177,2592
59.328252,-25.144177,2598
58.454568,-25.144177,2607
57.580884,-25.144177,2611
56.7072,-25.144177,2616
55.833515,-25.144177,2621
54.959831,-25.144177,2624
54.086147,-25.144177,2628
53.212463,-25.144177,2632
51.465094,-25.144177,2636
49.717726,-25.144177,2640
48.844042,-25.144177,2644
47.970357,-25.144177,2649
47.096673,-25.144177,2652
46.222989,-25.144177,2654
45.349305,-25.144177,2658
44.475621,-25.144177,2664
43.601936,-25.144177,2668
42.728252,-25.144177,2674
41.854568,-25.144177,2679
40.980884,-25.144177,2685
40.1072,-25.144177,2687
39.233515,-25.144177,2692
38.359831,-25.144177,2700
37.486147,-25.144177,2702
36.612463,-25.144177,2715
36.612463,-26.017861,2742
35.738779,-26.017861,2751
BREAK
53.212463,-25.144177,3288
53.212463,-26.017861,3332
53.212463,-26.891545,3335
54.959831,-26.891545,3338
54.959831,-27.765229,3349
54.959831,-28.638914,3353
54.959831,-29.512598,3358
54.959831,-30.386282,3360
54.959831,-31.259966,3365
54.959831,-32.13365,3368
54.959831,-33.007335,3371
54.959831,-33.881019,3374
54.959831,-34.754703,3378
54.959831,-35.628387,3380
54.959831,-36.502071,3382
54.959831,-38.24944,3386
54.959831,-39.123124,3390
54.959831,-39.996808,3392
54.959831,-40.870492,3394
54.959831,-41.744177,3396
54.959831,-43.491545,3400
54.959831,-44.365229,3404
54.959831,-46.112598,3408
54.959831,-46.986282,3413
54.959831,-47.859966,3414
54.959831,-48.73365,3416
54.959831,-49.607335,3420
54.959831,-50.481019,3424
54.959831,-51.354703,3426
54.959831,-52.228387,3428
54.959831,-53.102071,3433
54.959831,-53.975756,3436
54.959831,-54.84944,3438
54.959831,-55.723124,3442
54.959831,-56.596808,3444
54.959831,-57.470492,3447
54.959831,-58.344177,3450
54.959831,-59.217861,3452
54.959831,-60.091545,3454
54.959831,-60.965229,3458
54.959831,-61.838914,3462
54.959831,-62.712598,3466
54.959831,-63.586282,3468
54.959831,-64.459966,3472
54.959831,-65.33365,3476
54.959831,-66.207335,3478
54.959831,-67.081019,3482
54.959831,-67.954703,3486
54.959831,-68.828387,3490
54.959831,-69.702071,3492
54.959831,-70.575756,3496
54.959831,-71.44944,3498
54.959831,-72.323124,3501
54.959831,-73.196808,3503
54.959831,-74.070492,3505
54.959831,-74.944177,3509
54.959831,-75.817861,3514
54.959831,-76.691545,3517
54.959831,-77.565229,3519
54.959831,-78.438914,3523
54.959831,-79.312598,3527
54.959831,-80.186282,3531
54.959831,-81.059966,3534
54.959831,-81.93365,3538
54.959831,-82.807335,3544
54.959831,-83.681019,3546
54.959831,-84.554703,3550
54.959831,-85.428387,3556
54.959831,-86.302071,3562
54.959831,-87.175756,3565
54.959831,-88.04944,3575
54.959831,-88.923124,3589
54.959831,-89.796808,3595
BREAK
79.422989,-28.638914,4126
79.422989,-29.512598,4178
79.422989,-30.386282,4186
79.422989,-31.259966,4192
79.422989,-32.13365,4196
79.422989,-33.007335,4198
79.422989,-33.881019,4202
79.422989,-34.754703,4206
79.422989,-35.628387,4208
79.422989,-36.502071,4212
79.422989,-38.24944,4216
79.422989,-39.123124,4220
79.422989,-39.996808,4222
79.422989,-40.870492,4224
79.422989,-41.744177,4226
79.422989,-43.491545,4230
79.422989,-44.365229,4234
79.422989,-45.238914,4236
79.422989,-46.112598,4238
79.422989,-46.986282,4240
79.422989,-48.73365,4244
79.422989,-49.607335,4246
79.422989,-51.354703,4250
79.422989,-53.102071,4254
79.422989,-53.975756,4258
79.422989,-54.84944,4260
79.422989,-55.723124,4262
79.422989,-56.596808,4264
79.422989,-58.344177,4268
79.422989,-59.217861,4272
79.422989,-60.091545,4274
79.422989,-60.965229,4276
79.422989,-62.712598,4280
79.422989,-63.586282,4284
79.422989,-64.459966,4288
79.422989,-65.33365,4290
79.422989,-66.207335,4292
79.422989,-67.081019,4297
79.422989,-67.954703,4299
79.422989,-68.828387,4300
79.422989,-69.702071,4304
79.422989,-71.44944,4308
79.422989,-72.323124,4312
79.422989,-73.196808,4317
79.422989,-74.070492,4318
79.422989,-74.944177,4322
79.422989,-75.817861,4326
80.296673,-75.817861,4330
80.296673,-77.565229,4332
80.296673,-78.438914,4340
80.296673,-79.312598,4346
80.296673,-80.186282,4351
80.296673,-81.059966,4364
BREAK
