START
34.108491,-29.281124,0
34.108491,-27.281124,255
34.108491,-26.281124,296
34.108491,-25.281124,428
34.108491,-24.281124,479
34.108491,-23.281124,541
34.108491,-22.281124,561
35.108491,-22.281124,571
35.108491,-20.281124,643
36.108491,-20.281124,663
36.108491,-18.281124,725
37.108491,-18.281124,735
37.108491,-16.281124,796
38.108491,-16.281124,817
38.108491,-14.281124,837
39.108491,-14.281124,847
40.108491,-14.281124,878
41.108491,-14.281124,970
42.108491,-14.281124,990
43.108491,-14.281124,1021
44.108491,-14.281124,1062
45.108491,-14.281124,1072
47.108491,-14.281124,1082
48.108491,-14.281124,1103
49.108491,-14.281124,1174
50.108491,-14.281124,1185
51.108491,-14.281124,1195
51.108491,-15.281124,1205
52.108491,-15.281124,1225
52.108491,-16.281124,1297
53.108491,-16.281124,1307
54.108491,-17.281124,1317
55.108491,-17.281124,1328
55.108491,-18.281124,1338
56.108491,-18.281124,1348
56.108491,-19.281124,1379
56.108491,-20.281124,1420
57.108491,-20.281124,1430
57.108491,-21.281124,1450
57.108491,-22.281124,1471
57.108491,-23.281124,1532
57.108491,-24.281124,1552
58.108491,-24.281124,1563
58.108491,-25.281124,1624
58.108491,-26.281124,1655
58.108491,-27.281124,1706
58.108491,-28.281124,1716
58.108491,-29.281124,1747
58.108491,-30.281124,1818
58.108491,-31.281124,1849
58.108491,-33.281124,1900
58.108491,-34.281124,1941
58.108491,-35.281124,1961
58.108491,-36.281124,1982
58.108491,-37.281124,2033
58.108491,-38.281124,2063
58.108491,-39.281124,2084
58.108491,-41.281124,2104
58.108491,-42.281124,2135
58.108491,-43.281124,2155
58.108491,-44.281124,2268
56.108491,-44.281124,2452
56.108491,-45.281124,2513
56.108491,-46.281124,2533
54.108491,-46.281124,2544
54.108491,-47.281124,2554
54.108491,-48.281124,2574
54.108491,-49.281124,2585
BREAK
55.108491,-47.281124,3300
53.108491,-47.281124,3391
52.108491,-47.281124,3453
51.108491,-47.281124,3484
50.108491,-47.281124,3524
49.108491,-47.281124,3575
48.108491,-48.281124,3606
47.108491,-48.281124,3627
45.108491,-49.281124,3668
44.108491,-50.281124,3698
43.108491,-50.281124,3719
43.108491,-51.281124,3780
43.108491,-52.281124,3831
43.108491,-53.281124,3841
43.108491,-54.281124,3903
43.108491,-55.281124,3923
41.108491,-56.281124,3933
41.108491,-57.281124,3954
41.108491,-59.281124,3974
41.108491,-60.281124,3995
41.108491,-61.281124,4015
41.108491,-62.281124,4046
41.108491,-63.281124,4076
41.108491,-64.281124,4086
41.108491,-65.281124,4107
41.108491,-67.281124,4127
41.108491,-68.281124,4148
41.108491,-69.281124,4168
41.108491,-70.281124,4199
41.108491,-71.281124,4219
41.108491,-72.281124,4250
42.108491,-72.281124,4271
42.108491,-73.281124,4281
43.108491,-74.281124,4291
43.108491,-75.281124,4301
44.108491,-76.281124,4322
44.108491,-77.281124,4414
45.108491,-78.281124,4424
45.108491,-79.281124,4434
46.108491,-79.281124,4444
46.108491,-80.281124,4454
47.108491,-81.281124,4475
48.108491,-82.281124,4536
49.108491,-83.281124,4557
50.108491,-83.281124,4587
50.108491,-84.281124,4598
51.108491,-84.281124,4608
52.108491,-85.281124,4618
53.108491,-85.281124,4700
54.108491,-86.281124,4710
55.108491,-86.281124,4731
56.108491,-86.281124,4812
57.108491,-86.281124,4822
59.108491,-86.281124,4843
60.108491,-86.281124,4863
61.108491,-86.281124,4904
62.108491,-86.281124,4925
63.108491,-86.281124,4945
64.108491,-86.281124,4955
65.108491,-86.281124,4965
67.108491,-86.281124,5047
68.108491,-86.281124,5149
69.108491,-84.281124,5160
70.108491,-84.281124,5170
70.108491,-82.281124,5180
71.108491,-82.281124,5241
71.108491,-80.281124,5252
72.108491,-80.281124,5272
72.108491,-78.281124,5282
72.108491,-77.281124,5344
72.108491,-76.281124,5364
73.108491,-76.281124,5374
73.108491,-74.281124,5395
71.108491,-61.281124,5796
71.108491,-60.281124,5824
71.108491,-58.281124,5855
69.108491,-58.281124,5865
69.108491,-56.281124,5885
69.108491,-55.281124,5896
67.108491,-55.281124,5916
67.108491,-53.281124,5967
65.108491,-53.281124,5988
65.108491,-51.281124,5998
63.108491,-51.281124,6080
62.108491,-51.281124,6151
61.108491,-51.281124,6172
60.108491,-51.281124,6212
60.108491,-49.281124,6253
58.108491,-49.281124,6274
57.108491,-49.281124,6315
56.108491,-49.281124,6345
55.108491,-49.281124,6396
54.108491,-47.281124,6417
53.108491,-47.281124,6427
52.108491,-47.281124,6458
50.108491,-47.281124,6529
49.108491,-47.281124,6539
47.108491,-47.281124,6550
BREAK
