START
39.188679,-93.405622,0
39.188679,-92.405622,22
39.188679,-91.405622,81
39.188679,-90.405622,96
39.188679,-89.405622,107
39.188679,-88.405622,118
39.188679,-87.405622,128
39.188679,-86.405622,139
39.188679,-86.405622,150
39.188679,-84.405622,161
39.188679,-83.405622,171
39.188679,-82.405622,183
39.188679,-81.405622,194
39.188679,-81.405622,205
39.188679,-78.405622,215
39.188679,-77.405622,226
39.188679,-76.405622,238
39.188679,-73.405622,248
39.188679,-72.405622,259
39.188679,-71.405622,272
39.188679,-71.405622,284
39.188679,-70.405622,295
39.188679,-69.405622,306
39.188679,-66.405622,317
39.188679,-66.405622,328
39.188679,-64.405622,339
39.188679,-63.405622,350
39.188679,-61.405622,361
39.188679,-61.405622,372
39.188679,-59.405622,382
39.188679,-58.405622,393
39.188679,-57.405622,404
39.188679,-56.405622,414
39.188679,-54.405622,425
39.188679,-53.405622,437
39.188679,-52.405622,457
39.188679,-51.405622,475
39.188679,-50.405622,486
39.188679,-49.405622,497
40.188679,-49.405622,507
42.188679,-49.405622,528
44.188679,-47.405622,547
44.188679,-46.405622,558
44.188679,-46.405622,569
44.188679,-45.405622,580
44.188679,-45.405622,601
45.188679,-45.405622,612
45.188679,-43.405622,625
46.188679,-42.405622,636
46.188679,-41.405622,654
47.188679,-41.405622,672
48.188679,-41.405622,1181
49.188679,-41.405622,1196
50.188679,-41.405622,1218
51.188679,-41.405622,1237
53.188679,-41.405622,1264
54.188679,-41.405622,1285
55.188679,-41.405622,1300
56.188679,-41.405622,1311
57.188679,-41.405622,1322
59.188679,-41.405622,1380
59.188679,-41.405622,1401
60.188679,-42.405622,1437
61.188679,-42.405622,1456
62.188679,-42.405622,1466
63.188679,-43.405622,1488
64.188679,-44.405622,1498
65.188679,-45.405622,1530
66.188679,-45.405622,1545
66.188679,-46.405622,1556
67.188679,-46.405622,1567
68.188679,-47.405622,1588
68.188679,-48.405622,1805
68.188679,-49.405622,1816
68.188679,-50.405622,1827
68.188679,-51.405622,1837
68.188679,-52.405622,1849
68.188679,-54.405622,1860
68.188679,-55.405622,1873
68.188679,-56.405622,1885
68.188679,-56.405622,1906
68.188679,-58.405622,1920
68.188679,-59.405622,1931
66.188679,-60.405622,1952
65.188679,-61.405622,1963
65.188679,-61.405622,1984
65.188679,-62.405622,2003
65.188679,-63.405622,2014
64.188679,-65.405622,2030
64.188679,-66.405622,2040
64.188679,-66.405622,2082
62.188679,-67.405622,2122
61.188679,-67.405622,2156
60.188679,-67.405622,2172
59.188679,-68.405622,2183
59.188679,-69.405622,2204
56.188679,-70.405622,2215
55.188679,-70.405622,2226
54.188679,-70.405622,2238
53.188679,-71.405622,2248
51.188679,-71.405622,2259
50.188679,-71.405622,2278
49.188679,-71.405622,2291
49.188679,-71.405622,2302
48.188679,-71.405622,2331
47.188679,-71.405622,2342
46.188679,-71.405622,2366
44.188679,-71.405622,2415
44.188679,-71.405622,2434
43.188679,-71.405622,2470
42.188679,-71.405622,2481
41.188679,-71.405622,2507
40.188679,-71.405622,2536
BREAK
