START
19.650057,-30.464882,0
18.868102,-29.682927,145
18.868102,-28.900972,161
18.868102,-28.119017,177
18.868102,-27.337063,211
18.868102,-25.773153,244
20.432012,-24.991198,260
21.995921,-24.991198,278
25.123741,-23.427288,294
27.469606,-23.427288,311
29.033515,-23.427288,327
30.597425,-23.427288,344
32.161335,-23.427288,360
32.94329,-23.427288,377
34.5072,-23.427288,394
36.071109,-23.427288,410
38.416974,-23.427288,427
40.762839,-23.427288,444
43.108703,-23.427288,460
45.454568,-23.427288,477
47.018478,-23.427288,493
49.364342,-23.427288,510
50.928252,-24.209243,526
52.492162,-24.209243,543
54.056072,-24.209243,560
55.619982,-25.773153,576
57.183891,-26.555108,593
57.965846,-27.337063,610
58.747801,-28.900972,626
58.747801,-29.682927,643
59.529756,-31.246837,659
59.529756,-32.810747,676
59.529756,-35.156611,693
59.529756,-36.720521,709
59.529756,-39.066386,725
59.529756,-41.412251,742
59.529756,-43.758115,759
57.965846,-46.10398,775
57.965846,-46.885935,792
57.183891,-46.885935,808
56.401936,-47.66789,825
56.401936,-48.449844,842
56.401936,-49.231799,859
54.838027,-49.231799,875
54.056072,-50.013754,892
53.274117,-51.577664,909
51.710207,-53.141574,925
49.364342,-55.487438,942
47.800433,-57.833303,958
45.454568,-58.615258,975
43.108703,-60.179168,991
40.762839,-60.179168,1008
38.416974,-60.179168,1025
36.853064,-60.179168,1041
35.289154,-60.179168,1057
33.725245,-59.397213,1074
32.161335,-58.615258,1091
29.81547,-57.833303,1108
28.251561,-57.051348,1124
26.687651,-56.269393,1141
25.123741,-55.487438,1157
23.559831,-53.923529,1191
23.559831,-53.141574,1207
23.559831,-52.359619,1291
22.777876,-52.359619,1556
21.995921,-52.359619,1573
21.213967,-52.359619,1589
20.432012,-52.359619,1606
19.650057,-52.359619,1623
18.086147,-52.359619,1655
17.304192,-52.359619,1689
17.304192,-51.577664,1705
17.304192,-50.795709,1772
17.304192,-50.013754,1889
17.304192,-49.231799,1921
17.304192,-48.449844,1938
17.304192,-47.66789,2121
17.304192,-48.449844,2619
17.304192,-49.231799,2636
17.304192,-51.577664,2652
17.304192,-53.141574,2668
17.304192,-54.705484,2685
17.304192,-56.269393,2702
17.304192,-57.051348,2718
17.304192,-58.615258,2735
17.304192,-59.397213,2751
17.304192,-60.179168,2768
17.304192,-60.961123,2785
17.304192,-61.743078,2802
16.522237,-62.525032,2835
16.522237,-63.306987,2851
16.522237,-64.870897,2868
16.522237,-65.652852,2885
16.522237,-66.434807,2901
16.522237,-67.998717,2918
16.522237,-69.562626,2951
16.522237,-70.344581,2968
16.522237,-71.126536,2984
16.522237,-71.908491,3018
16.522237,-72.690446,3034
16.522237,-74.254356,3050
16.522237,-75.036311,3067
16.522237,-76.60022,3084
16.522237,-77.382175,3101
16.522237,-78.16413,3117
18.086147,-78.16413,3134
18.086147,-78.946085,3151
18.086147,-79.72804,3201
18.868102,-80.509995,3216
18.868102,-81.29195,3233
18.868102,-82.073905,3250
19.650057,-82.073905,3267
19.650057,-83.637814,3283
19.650057,-84.419769,3333
20.432012,-84.419769,3350
21.213967,-84.419769,3366
21.995921,-85.201724,3383
22.777876,-85.201724,3399
24.341786,-86.765634,3416
25.123741,-86.765634,3433
25.123741,-88.329544,3449
26.687651,-88.329544,3465
27.469606,-88.329544,3482
28.251561,-88.329544,3499
29.81547,-88.329544,3516
30.597425,-88.329544,3532
32.161335,-89.111499,3549
32.94329,-89.111499,3565
33.725245,-89.111499,3582
34.5072,-89.111499,3599
35.289154,-89.111499,3632
36.071109,-89.111499,3648
36.853064,-89.111499,3682
37.635019,-89.111499,3698
38.416974,-89.111499,3715
39.980884,-89.111499,3731
41.544794,-89.111499,3748
42.326748,-89.111499,3765
43.108703,-89.111499,3781
43.890658,-89.111499,3798
44.672613,-89.111499,3814
45.454568,-88.329544,3831
46.236523,-88.329544,3847
47.800433,-88.329544,3864
50.146297,-87.547589,3881
52.492162,-85.983679,3898
55.619982,-85.201724,3914
57.183891,-84.419769,3931
59.529756,-82.85586,3948
61.875621,-82.85586,3964
63.43953,-82.073905,3980
64.221485,-82.073905,3997
65.00344,-82.073905,4014
65.785395,-82.073905,4030
66.56735,-82.073905,4047
67.349305,-82.073905,4064
68.13126,-82.073905,4097
68.913215,-82.073905,4113
69.69517,-82.073905,4130
71.259079,-82.073905,4147
72.041034,-82.073905,4163
73.604944,-82.073905,4180
75.168854,-82.073905,4196
76.732764,-82.073905,4213
78.296673,-82.073905,4230
79.860583,-82.073905,4246
80.642538,-82.073905,4263
81.424493,-82.073905,4280
82.206448,-82.073905,4296
82.988403,-82.073905,4313
86.116222,-82.073905,4329
87.680132,-82.073905,4346
89.244042,-81.29195,4362
90.807951,-81.29195,4379
91.589906,-80.509995,4396
92.371861,-80.509995,4429
92.371861,-79.72804,4496
92.371861,-78.946085,4512
92.371861,-78.16413,4529
92.371861,-77.382175,4545
92.371861,-76.60022,4562
92.371861,-75.036311,4579
92.371861,-74.254356,4612
92.371861,-73.472401,4628
92.371861,-72.690446,4645
92.371861,-71.908491,4661
92.371861,-71.126536,4695
92.371861,-70.344581,4711
92.371861,-69.562626,4811
92.371861,-68.780672,4911
91.589906,-67.998717,4944
91.589906,-67.216762,4960
91.589906,-66.434807,4977
91.589906,-65.652852,4994
90.025997,-62.525032,5010
90.025997,-60.961123,5027
90.025997,-59.397213,5043
89.244042,-58.615258,5060
89.244042,-57.833303,5342
BREAK
