START
56.051887,-16.859438,0
56.051887,-17.859438,247
54.051887,-17.859438,263
54.051887,-19.859438,279
54.051887,-20.859438,287
54.051887,-22.859438,311
53.051887,-22.859438,319
53.051887,-23.859438,335
53.051887,-24.859438,351
52.051887,-25.859438,375
51.051887,-26.859438,383
51.051887,-30.859438,407
50.051887,-30.859438,415
50.051887,-31.859438,447
48.051887,-31.859438,463
48.051887,-32.859438,487
48.051887,-33.859438,495
46.051887,-33.859438,503
46.051887,-34.859438,535
46.051887,-36.859438,559
45.051887,-36.859438,567
45.051887,-37.859438,583
44.051887,-37.859438,591
44.051887,-38.859438,599
43.051887,-39.859438,615
42.051887,-39.859438,631
42.051887,-41.859438,647
41.051887,-41.859438,671
41.051887,-42.859438,679
41.051887,-44.859438,703
39.051887,-44.859438,711
37.051887,-45.859438,734
36.051887,-46.859438,750
35.051887,-46.859438,767
34.051887,-46.859438,815
34.051887,-47.859438,831
33.051887,-47.859438,855
31.051887,-47.859438,863
31.051887,-48.859438,871
30.051887,-49.859438,895
29.051887,-49.859438,927
28.051887,-52.859438,951
26.051887,-53.859438,983
25.051887,-53.859438,1007
23.051887,-54.859438,1023
22.051887,-54.859438,1055
22.051887,-55.859438,1104
21.051887,-55.859438,1168
21.051887,-56.859438,1200
21.051887,-57.859438,1336
21.051887,-59.859438,1376
20.051887,-59.859438,1384
21.051887,-59.859438,1744
22.051887,-59.859438,1768
24.051887,-59.859438,1784
25.051887,-59.859438,1800
26.051887,-59.859438,1816
28.051887,-59.859438,1840
29.051887,-59.859438,1848
30.051887,-59.859438,1857
32.051887,-59.859438,1872
33.051887,-59.859438,1888
34.051887,-59.859438,1896
35.051887,-59.859438,1904
36.051887,-59.859438,1920
37.051887,-59.859438,1928
41.051887,-59.859438,1936
42.051887,-59.859438,1960
43.051887,-59.859438,1968
44.051887,-59.859438,1992
45.051887,-59.859438,2016
47.051887,-59.859438,2032
48.051887,-59.859438,2048
50.051887,-59.859438,2056
51.051887,-59.859438,2088
52.051887,-59.859438,2104
53.051887,-59.859438,2120
55.051887,-59.859438,2144
56.051887,-59.859438,2152
57.051887,-59.859438,2176
58.051887,-59.859438,2208
59.051887,-59.859438,2240
61.051887,-59.859438,2288
63.051887,-59.859438,2304
64.051887,-59.859438,2328
65.051887,-59.859438,2360
66.051887,-59.859438,2384
67.051887,-59.859438,2776
68.051887,-59.859438,2808
70.051887,-59.859438,2840
72.051887,-59.859438,2856
73.051887,-59.859438,2928
74.051887,-59.859438,3000
74.051887,-60.859438,3440
74.051887,-61.859438,3472
74.051887,-63.859438,3504
74.051887,-64.859438,3512
74.051887,-65.859438,3520
74.051887,-67.859438,3528
74.051887,-68.859438,3552
74.051887,-69.859438,3608
74.051887,-70.859438,3656
74.051887,-71.859438,3704
74.051887,-72.859438,3760
74.051887,-75.859438,3792
74.051887,-76.859438,3816
74.051887,-77.859438,3848
74.051887,-78.859438,3880
74.051887,-79.859438,3888
74.051887,-80.859438,3912
74.051887,-82.859438,3968
74.051887,-83.859438,4000
74.051887,-85.859438,4072
74.051887,-86.859438,4097
74.051887,-87.859438,4104
74.051887,-88.859438,4152
74.051887,-89.859438,4192
BREAK
