START
42.326748,-60.961123,0
41.544794,-60.961123,103
41.544794,-60.179168,196
41.544794,-60.179168,205
40.762839,-59.397213,206
40.762839,-58.615258,216
39.980884,-57.051348,227
39.198929,-56.269393,238
39.198929,-54.705484,247
39.198929,-53.923529,258
37.635019,-53.141574,268
37.635019,-51.577664,279
36.853064,-50.013754,299
36.071109,-49.231799,310
36.071109,-47.66789,320
36.071109,-46.885935,330
35.289154,-46.10398,340
35.289154,-44.54007,351
35.289154,-43.758115,361
35.289154,-42.194205,381
35.289154,-41.412251,392
35.289154,-39.848341,403
35.289154,-39.066386,413
35.289154,-37.502476,423
35.289154,-35.938566,433
35.289154,-34.374657,444
35.289154,-32.810747,454
36.071109,-32.028792,464
36.853064,-30.464882,474
37.635019,-28.900972,495
39.198929,-28.119017,505
39.980884,-26.555108,516
41.544794,-24.991198,527
42.326748,-24.209243,537
43.108703,-23.427288,546
44.672613,-22.645333,558
45.454568,-21.863378,567
46.236523,-21.863378,578
47.800433,-20.299469,587
48.582388,-20.299469,598
50.146297,-19.517514,609
50.928252,-18.735559,619
51.710207,-18.735559,629
52.492162,-18.735559,639
52.492162,-17.953604,650
54.056072,-17.953604,660
54.838027,-17.953604,672
56.401936,-17.953604,680
57.183891,-17.953604,691
58.747801,-17.953604,701
60.311711,-17.953604,711
61.093666,-17.953604,727
62.657576,-18.735559,733
64.221485,-19.517514,743
65.00344,-20.299469,752
65.785395,-21.081423,763
67.349305,-21.081423,773
67.349305,-22.645333,787
68.913215,-24.209243,794
69.69517,-24.991198,804
70.477124,-26.555108,815
71.259079,-27.337063,827
72.041034,-28.900972,835
72.822989,-29.682927,845
72.822989,-30.464882,856
72.822989,-32.028792,866
72.822989,-33.592702,886
73.604944,-34.374657,897
73.604944,-35.938566,908
74.386899,-36.720521,928
74.386899,-37.502476,949
74.386899,-38.284431,958
74.386899,-38.284431,976
74.386899,-39.066386,979
74.386899,-39.848341,999
74.386899,-40.630296,1031
74.386899,-41.412251,1041
74.386899,-42.194205,1072
74.386899,-42.97616,1092
73.604944,-42.97616,1105
73.604944,-43.758115,1114
72.822989,-44.54007,1123
72.041034,-45.322025,1144
71.259079,-45.322025,1155
70.477124,-46.10398,1164
69.69517,-46.885935,1185
68.913215,-47.66789,1196
68.913215,-47.66789,1205
68.13126,-47.66789,1227
67.349305,-47.66789,1237
66.56735,-47.66789,1257
65.785395,-47.66789,1268
64.221485,-47.66789,1278
63.43953,-47.66789,1288
61.875621,-47.66789,1298
59.529756,-47.66789,1309
58.747801,-47.66789,1330
58.747801,-46.885935,1413
57.965846,-46.10398,1422
57.183891,-44.54007,1435
57.183891,-43.758115,1454
57.183891,-42.194205,1463
57.183891,-41.412251,1484
57.183891,-39.848341,1495
57.183891,-38.284431,1515
57.965846,-38.284431,1526
58.747801,-37.502476,1536
59.529756,-37.502476,1546
60.311711,-36.720521,1556
61.875621,-36.720521,1578
62.657576,-36.720521,1597
64.221485,-36.720521,1608
65.00344,-36.720521,1618
66.56735,-36.720521,1628
68.13126,-36.720521,1639
69.69517,-36.720521,1649
71.259079,-36.720521,1660
72.822989,-36.720521,1669
73.604944,-36.720521,1680
75.168854,-36.720521,1690
76.732764,-36.720521,1701
78.296673,-36.720521,1711
79.860583,-36.720521,1752
80.642538,-36.720521,1762
81.424493,-37.502476,1773
82.988403,-38.284431,1783
84.552312,-38.284431,1799
85.334267,-38.284431,1803
85.334267,-39.066386,1825
85.334267,-39.848341,1875
85.334267,-40.630296,1890
85.334267,-40.630296,1991
BREAK
