START
37.642132,-23.88438,0
38.545685,-23.88438,196
39.449239,-23.88438,206
40.352792,-23.88438,226
41.256345,-23.88438,236
42.159898,-23.88438,246
43.063452,-23.88438,256
43.967005,-23.88438,276
44.870558,-23.88438,286
45.774112,-23.88438,316
46.677665,-23.88438,336
47.581218,-23.88438,356
48.484772,-23.88438,376
49.388325,-23.88438,396
50.291878,-23.88438,416
51.195431,-23.88438,426
52.098985,-23.88438,456
53.002538,-23.88438,485
53.906091,-23.88438,506
54.809645,-23.88438,575
55.713198,-23.88438,635
55.713198,-24.787933,675
55.713198,-25.691487,695
55.713198,-26.59504,755
55.713198,-27.498593,805
55.713198,-28.402147,825
55.713198,-29.3057,855
55.713198,-30.209253,875
55.713198,-31.112807,905
55.713198,-32.01636,915
55.713198,-32.919913,948
55.713198,-33.823466,990
55.713198,-34.72702,1030
55.713198,-35.630573,1050
54.809645,-37.43768,1070
53.002538,-38.341233,1080
52.098985,-40.14834,1090
51.195431,-40.14834,1100
51.195431,-41.051893,1110
50.291878,-41.051893,1120
49.388325,-41.051893,1140
49.388325,-41.955446,1149
48.484772,-41.955446,1160
47.581218,-41.955446,1212
46.677665,-41.955446,1272
45.774112,-41.955446,1292
43.967005,-42.858999,1302
42.159898,-42.858999,1312
41.256345,-43.762553,1322
40.352792,-43.762553,1332
40.352792,-44.666106,1343
39.449239,-44.666106,1363
38.545685,-44.666106,1413
38.545685,-45.569659,1443
38.545685,-46.473213,1523
37.642132,-46.473213,1533
37.642132,-47.376766,1543
37.642132,-48.280319,1553
36.738579,-48.280319,1573
36.738579,-49.183873,1593
36.738579,-50.087426,1635
35.835025,-50.990979,1645
35.835025,-51.894532,1655
34.931472,-51.894532,1665
34.931472,-52.798086,1685
34.931472,-53.701639,1705
34.931472,-54.605192,1735
34.027919,-55.508746,1755
34.027919,-56.412299,1765
34.027919,-57.315852,1774
34.027919,-58.219406,1796
34.027919,-59.122959,1820
34.027919,-60.026512,1831
33.124365,-60.930065,1843
33.124365,-61.833619,1863
33.124365,-62.737172,1872
33.124365,-63.640725,1894
33.124365,-64.544279,1914
33.124365,-65.447832,1934
33.124365,-66.351385,1954
33.124365,-67.254939,1986
33.124365,-68.158492,2009
33.124365,-69.062045,2020
33.124365,-69.965598,2051
33.124365,-70.869152,2071
33.124365,-71.772705,2081
34.027919,-71.772705,2101
34.027919,-72.676258,2111
34.027919,-73.579812,2132
34.931472,-73.579812,2142
35.835025,-73.579812,2153
35.835025,-74.483365,2163
36.738579,-74.483365,2174
36.738579,-75.386918,2185
37.642132,-75.386918,2197
38.545685,-76.290472,2220
39.449239,-76.290472,2230
40.352792,-76.290472,2240
40.352792,-77.194025,2250
42.159898,-77.194025,2260
42.159898,-78.097578,2271
43.967005,-78.097578,2282
44.870558,-78.097578,2302
45.774112,-78.097578,2312
46.677665,-79.001131,2322
48.484772,-79.001131,2332
49.388325,-79.001131,2342
50.291878,-79.001131,2352
51.195431,-79.001131,2362
52.098985,-79.001131,2372
53.002538,-79.001131,2382
53.906091,-79.001131,2394
54.809645,-79.001131,2415
55.713198,-79.001131,2425
56.616751,-79.001131,2445
57.520305,-79.001131,2455
58.423858,-79.001131,2465
59.327411,-79.001131,2485
60.230964,-79.001131,2495
61.134518,-79.001131,2505
62.038071,-79.001131,2525
63.845178,-79.001131,2545
64.748731,-79.001131,2555
65.652284,-79.001131,2565
68.362944,-78.097578,2575
69.266497,-78.097578,2586
71.073604,-77.194025,2597
72.880711,-76.290472,2608
73.784264,-75.386918,2618
74.687817,-74.483365,2628
77.398477,-73.579812,2638
77.398477,-71.772705,2648
79.205584,-70.869152,2658
80.109137,-69.062045,2668
81.01269,-69.062045,2678
81.916244,-67.254939,2688
82.819797,-65.447832,2708
83.72335,-65.447832,2718
84.626904,-64.544279,2728
84.626904,-63.640725,2738
85.530457,-62.737172,2748
85.530457,-61.833619,2758
86.43401,-61.833619,2778
86.43401,-60.930065,2788
86.43401,-60.026512,2828
86.43401,-59.122959,2958
85.530457,-58.219406,2989
84.626904,-57.315852,3019
83.72335,-57.315852,3039
82.819797,-57.315852,3049
81.916244,-57.315852,3059
81.01269,-57.315852,3069
80.109137,-56.412299,3079
79.205584,-56.412299,3099
78.30203,-56.412299,3119
77.398477,-56.412299,3129
76.494924,-56.412299,3159
76.494924,-55.508746,3169
74.687817,-55.508746,3189
73.784264,-55.508746,3209
71.977157,-55.508746,3229
71.073604,-55.508746,3249
70.170051,-55.508746,3271
69.266497,-55.508746,3281
68.362944,-55.508746,3311
67.459391,-55.508746,3351
66.555838,-55.508746,3401
65.652284,-55.508746,3421
64.748731,-55.508746,3441
63.845178,-55.508746,3471
62.941624,-56.412299,3501
62.941624,-57.315852,3521
62.941624,-58.219406,3531
62.941624,-59.122959,3551
62.038071,-59.122959,3561
62.038071,-60.026512,3571
62.038071,-60.930065,3582
62.038071,-61.833619,3603
62.038071,-62.737172,3623
62.038071,-63.640725,3643
62.038071,-64.544279,3653
62.038071,-65.447832,3673
62.038071,-66.351385,3693
62.038071,-67.254939,3733
62.038071,-68.158492,3753
62.038071,-69.062045,3795
62.038071,-69.965598,3834
62.038071,-70.869152,3854
62.038071,-71.772705,3895
62.038071,-72.676258,3915
62.941624,-72.676258,3954
62.941624,-73.579812,3964
63.845178,-73.579812,3974
63.845178,-74.483365,3984
64.748731,-74.483365,4014
65.652284,-75.386918,4044
66.555838,-75.386918,4064
67.459391,-75.386918,4129
BREAK
