START
34.027919,-23.88438,0
34.931472,-23.88438,19
35.835025,-23.88438,27
36.738579,-23.88438,35
37.642132,-23.88438,42
38.545685,-23.88438,50
56.616751,-22.077274,171
57.520305,-22.077274,178
58.423858,-22.077274,186
59.327411,-22.077274,194
60.230964,-22.077274,202
61.134518,-22.077274,218
61.134518,-22.980827,226
61.134518,-23.88438,242
62.038071,-23.88438,250
62.038071,-24.787933,259
62.038071,-25.691487,266
62.941624,-25.691487,274
62.941624,-26.59504,282
62.941624,-27.498593,290
62.941624,-28.402147,298
62.941624,-29.3057,307
62.941624,-30.209253,314
62.941624,-31.112807,322
62.941624,-32.01636,330
62.941624,-32.919913,339
62.038071,-32.919913,346
62.038071,-33.823466,354
61.134518,-33.823466,362
60.230964,-34.72702,371
60.230964,-35.630573,378
59.327411,-36.534126,386
58.423858,-37.43768,396
57.520305,-37.43768,402
56.616751,-38.341233,410
55.713198,-39.244786,418
54.809645,-39.244786,431
53.906091,-39.244786,435
53.002538,-40.14834,442
52.098985,-41.051893,452
51.195431,-41.051893,459
50.291878,-41.955446,467
49.388325,-42.858999,480
47.581218,-42.858999,484
46.677665,-43.762553,491
45.774112,-43.762553,498
44.870558,-44.666106,506
43.967005,-44.666106,514
43.063452,-45.569659,522
42.159898,-45.569659,530
41.256345,-46.473213,538
40.352792,-46.473213,546
40.352792,-47.376766,554
39.449239,-47.376766,562
38.545685,-47.376766,570
38.545685,-48.280319,579
37.642132,-49.183873,586
37.642132,-50.087426,594
36.738579,-50.990979,602
35.835025,-51.894532,610
35.835025,-52.798086,620
34.931472,-53.701639,626
34.931472,-54.605192,634
34.027919,-54.605192,642
34.027919,-55.508746,650
34.027919,-56.412299,658
33.124365,-57.315852,666
33.124365,-58.219406,681
33.124365,-59.122959,684
33.124365,-60.026512,690
33.124365,-60.930065,706
33.124365,-61.833619,715
33.124365,-62.737172,730
33.124365,-63.640725,746
33.124365,-64.544279,754
33.124365,-65.447832,770
34.027919,-65.447832,778
34.027919,-66.351385,787
34.027919,-67.254939,794
34.931472,-67.254939,802
34.931472,-68.158492,810
35.835025,-68.158492,820
35.835025,-69.062045,829
36.738579,-69.965598,834
37.642132,-69.965598,842
37.642132,-70.869152,853
38.545685,-70.869152,858
39.449239,-71.772705,867
40.352792,-71.772705,875
41.256345,-72.676258,884
42.159898,-72.676258,890
43.063452,-72.676258,899
44.870558,-73.579812,906
45.774112,-73.579812,914
46.677665,-73.579812,923
48.484772,-73.579812,930
49.388325,-74.483365,938
51.195431,-74.483365,946
52.098985,-74.483365,956
53.002538,-74.483365,962
53.906091,-74.483365,973
55.713198,-74.483365,978
56.616751,-74.483365,986
57.520305,-74.483365,994
57.520305,-73.579812,1002
58.423858,-73.579812,1010
59.327411,-72.676258,1018
59.327411,-71.772705,1026
60.230964,-71.772705,1035
61.134518,-70.869152,1042
62.038071,-69.965598,1050
62.941624,-69.062045,1058
62.941624,-68.158492,1066
63.845178,-67.254939,1074
63.845178,-66.351385,1082
64.748731,-65.447832,1090
64.748731,-64.544279,1099
65.652284,-64.544279,1106
65.652284,-63.640725,1114
65.652284,-62.737172,1122
65.652284,-61.833619,1130
65.652284,-60.930065,1138
65.652284,-60.026512,1154
65.652284,-59.122959,1162
65.652284,-58.219406,1178
64.748731,-58.219406,1194
64.748731,-57.315852,1202
64.748731,-56.412299,1210
63.845178,-56.412299,1218
63.845178,-55.508746,1234
62.941624,-55.508746,1242
62.038071,-55.508746,1250
61.134518,-55.508746,1258
60.230964,-55.508746,1266
59.327411,-55.508746,1274
58.423858,-55.508746,1283
57.520305,-55.508746,1290
56.616751,-55.508746,1298
55.713198,-55.508746,1306
54.809645,-55.508746,1314
53.906091,-55.508746,1322
53.002538,-55.508746,1330
52.098985,-55.508746,1338
51.195431,-55.508746,1355
51.195431,-56.412299,1362
50.291878,-56.412299,1372
50.291878,-57.315852,1379
49.388325,-57.315852,1388
49.388325,-58.219406,1394
48.484772,-59.122959,1402
47.581218,-60.026512,1410
46.677665,-60.930065,1419
46.677665,-61.833619,1426
45.774112,-61.833619,1435
45.774112,-62.737172,1442
45.774112,-64.544279,1451
44.870558,-65.447832,1458
44.870558,-66.351385,1467
44.870558,-67.254939,1478
44.870558,-68.158492,1482
43.967005,-68.158492,1490
43.967005,-69.062045,1498
43.967005,-69.965598,1507
43.967005,-70.869152,1514
43.967005,-71.772705,1522
43.967005,-72.676258,1547
44.870558,-72.676258,1562
44.870558,-73.579812,1570
45.774112,-73.579812,1578
46.677665,-73.579812,1586
46.677665,-74.483365,1594
BREAK
