START
16.598165,-41.963425,0
16.598165,-41.17797,79
16.598165,-40.392516,87
16.598165,-39.607061,96
16.598165,-38.821606,112
17.383619,-38.036152,127
18.169074,-38.036152,144
18.169074,-37.250697,159
18.954528,-37.250697,167
19.739983,-36.465243,175
20.525437,-36.465243,247
21.310892,-36.465243,295
21.310892,-37.250697,312
22.096346,-37.250697,343
22.096346,-38.036152,360
22.096346,-38.821606,408
22.881801,-38.821606,423
22.881801,-39.607061,432
22.881801,-40.392516,528
22.881801,-41.17797,536
22.881801,-41.963425,568
22.881801,-42.748879,583
22.881801,-43.534334,631
22.881801,-44.319788,640
22.881801,-45.105243,671
22.881801,-45.890697,696
22.881801,-46.676152,728
22.881801,-47.461606,743
22.881801,-48.247061,768
22.096346,-49.032516,799
22.096346,-49.81797,831
21.310892,-49.81797,856
21.310892,-50.603425,879
20.525437,-51.388879,904
20.525437,-52.174334,936
19.739983,-52.174334,951
19.739983,-52.959788,976
18.954528,-53.745243,999
18.169074,-53.745243,1039
18.169074,-54.530697,1079
17.383619,-54.530697,1088
16.598165,-54.530697,1127
15.81271,-54.530697,1167
15.027256,-55.316152,1192
14.241801,-56.101606,1207
14.241801,-56.887061,1232
13.456346,-57.672516,1247
13.456346,-58.45797,1287
13.456346,-59.243425,1295
13.456346,-60.028879,1312
13.456346,-60.814334,1335
13.456346,-61.599788,1344
13.456346,-62.385243,1367
13.456346,-63.170697,1384
13.456346,-63.956152,1440
13.456346,-64.741606,1448
14.241801,-64.741606,1463
15.027256,-64.741606,1503
15.81271,-64.741606,1512
16.598165,-64.741606,1520
17.383619,-64.741606,1528
18.169074,-64.741606,1536
18.954528,-64.741606,1552
20.525437,-64.741606,1568
21.310892,-64.741606,1583
22.096346,-64.741606,1591
22.881801,-64.741606,1608
23.667256,-64.741606,1617
25.238165,-64.741606,1631
26.023619,-64.741606,1640
26.023619,-63.956152,1648
26.809074,-63.956152,1656
27.594528,-63.170697,1663
28.379983,-63.170697,1680
28.379983,-62.385243,1688
29.165437,-61.599788,1696
29.950892,-60.814334,1703
30.736346,-60.028879,1728
31.521801,-59.243425,1736
32.307256,-59.243425,1743
32.307256,-58.45797,1760
33.09271,-58.45797,1768
33.09271,-57.672516,1776
33.09271,-56.887061,1784
33.09271,-56.101606,1791
33.878165,-55.316152,1808
33.878165,-54.530697,1816
33.878165,-53.745243,1824
33.878165,-52.959788,1848
33.878165,-52.174334,1856
34.663619,-51.388879,1871
35.449074,-50.603425,1888
35.449074,-49.81797,1896
36.234528,-49.81797,1904
37.019983,-49.032516,1911
37.805437,-49.032516,1928
39.376346,-48.247061,1936
40.947256,-47.461606,1959
41.73271,-47.461606,1968
42.518165,-47.461606,1984
43.303619,-47.461606,1992
44.089074,-47.461606,1999
44.874528,-47.461606,2008
45.659983,-47.461606,2016
46.445437,-47.461606,2024
47.230892,-47.461606,2039
48.016346,-47.461606,2064
48.801801,-47.461606,2079
48.801801,-48.247061,2096
49.587256,-49.032516,2104
49.587256,-49.81797,2136
49.587256,-50.603425,2144
49.587256,-52.174334,2167
49.587256,-52.959788,2176
49.587256,-53.745243,2192
49.587256,-54.530697,2200
49.587256,-55.316152,2216
49.587256,-56.101606,2224
49.587256,-56.887061,2233
48.801801,-56.887061,2240
48.801801,-57.672516,2256
48.016346,-58.45797,2264
47.230892,-58.45797,2280
46.445437,-59.243425,2296
46.445437,-60.028879,2312
45.659983,-60.814334,2336
44.874528,-60.814334,2344
44.089074,-60.814334,2367
43.303619,-60.814334,2376
42.518165,-60.814334,2392
41.73271,-60.814334,2408
40.947256,-60.814334,2415
40.161801,-60.814334,2432
40.161801,-60.028879,2448
39.376346,-59.243425,2455
39.376346,-58.45797,2464
38.590892,-57.672516,2480
38.590892,-56.101606,2488
38.590892,-55.316152,2504
38.590892,-53.745243,2512
38.590892,-52.959788,2529
38.590892,-52.174334,2535
38.590892,-51.388879,2544
38.590892,-49.81797,2552
38.590892,-49.032516,2560
39.376346,-48.247061,2568
40.161801,-46.676152,2576
40.161801,-45.890697,2592
40.947256,-45.105243,2600
41.73271,-45.105243,2608
41.73271,-44.319788,2624
42.518165,-43.534334,2632
43.303619,-42.748879,2640
44.874528,-41.963425,2656
45.659983,-41.17797,2663
46.445437,-40.392516,2672
48.016346,-40.392516,2680
48.801801,-40.392516,2688
50.37271,-40.392516,2703
51.158165,-40.392516,2712
51.943619,-40.392516,2720
53.514528,-40.392516,2728
54.299983,-40.392516,2736
55.870892,-40.392516,2743
56.656346,-40.392516,2752
57.441801,-40.392516,2760
59.01271,-40.392516,2768
60.583619,-40.392516,2784
61.369074,-41.17797,2792
62.154528,-41.17797,2808
62.939983,-42.748879,2816
63.725437,-42.748879,2824
64.510892,-43.534334,2831
65.296346,-45.105243,2840
66.867256,-46.676152,2848
67.65271,-46.676152,2856
67.65271,-48.247061,2864
69.223619,-49.032516,2871
69.223619,-49.81797,2880
69.223619,-50.603425,2900
69.223619,-51.388879,2904
69.223619,-52.959788,2920
69.223619,-53.745243,2928
69.223619,-54.530697,2944
69.223619,-55.316152,2951
69.223619,-56.101606,2960
69.223619,-56.887061,2968
69.223619,-57.672516,2976
69.223619,-58.45797,2992
69.223619,-59.243425,3000
69.223619,-60.028879,3008
69.223619,-60.814334,3032
69.223619,-61.599788,3056
69.223619,-62.385243,3104
69.223619,-63.170697,3128
69.223619,-63.956152,3144
68.438165,-64.741606,3256
68.438165,-65.527061,3288
68.438165,-66.312516,3376
67.65271,-67.09797,3409
BREAK
