START
51.055336,-37.948315,0
51.895257,-37.948315,5
52.735178,-38.788236,21
53.575099,-39.628157,29
54.41502,-40.468078,38
54.41502,-41.307999,45
55.254941,-42.14792,54
55.254941,-42.987841,62
55.254941,-43.827762,69
55.254941,-45.507604,78
55.254941,-46.347524,86
55.254941,-48.027366,94
55.254941,-48.867287,102
55.254941,-49.707208,109
55.254941,-50.547129,118
55.254941,-51.38705,125
55.254941,-52.226971,141
55.254941,-53.066892,150
55.254941,-53.906813,158
55.254941,-54.746734,166
55.254941,-55.586655,174
55.254941,-57.266497,182
54.41502,-58.106418,190
54.41502,-58.946339,198
54.41502,-59.78626,206
53.575099,-60.626181,214
53.575099,-61.466102,222
52.735178,-63.145943,230
52.735178,-63.985864,238
52.735178,-64.825785,246
51.895257,-65.665706,254
51.055336,-66.505627,262
51.055336,-67.345548,270
50.215415,-68.185469,278
49.375494,-69.865311,286
48.535573,-70.705232,294
47.695652,-71.545153,302
47.695652,-72.385074,310
46.855731,-73.224995,318
46.01581,-74.064916,326
45.175889,-74.904837,342
44.335968,-75.744758,350
43.496047,-76.584679,358
42.656126,-77.4246,366
41.816206,-77.4246,374
41.816206,-78.264521,382
40.136364,-79.104441,390
39.296443,-79.104441,406
39.296443,-79.944362,415
38.456522,-79.944362,422
37.616601,-79.944362,430
35.936759,-79.944362,438
35.096838,-79.944362,454
34.256917,-79.944362,462
32.577075,-79.944362,470
31.737154,-79.944362,478
30.057312,-79.944362,486
29.217391,-79.944362,494
27.537549,-79.944362,502
25.857708,-79.104441,510
25.017787,-77.4246,518
24.177866,-77.4246,526
23.337945,-76.584679,534
22.498024,-75.744758,542
21.658103,-74.904837,550
21.658103,-74.064916,558
20.818182,-74.064916,566
20.818182,-73.224995,574
20.818182,-72.385074,582
20.818182,-71.545153,590
20.818182,-70.705232,598
20.818182,-69.865311,606
20.818182,-69.02539,614
20.818182,-68.185469,622
20.818182,-67.345548,638
21.658103,-67.345548,654
22.498024,-66.505627,678
22.498024,-65.665706,702
23.337945,-65.665706,710
24.177866,-64.825785,726
25.017787,-64.825785,734
25.857708,-64.825785,750
BREAK
