START
31.370357,-33.007335,0
32.244042,-33.007335,82
33.117726,-33.881019,128
34.865094,-33.881019,147
34.865094,-34.754703,157
36.612463,-34.754703,166
37.486147,-34.754703,175
39.233515,-35.628387,193
40.1072,-35.628387,219
40.980884,-35.628387,238
41.854568,-35.628387,247
42.728252,-36.502071,257
43.601936,-36.502071,275
44.475621,-36.502071,284
45.349305,-36.502071,293
47.096673,-36.502071,303
47.970357,-36.502071,312
48.844042,-37.375756,321
50.59141,-38.24944,330
51.465094,-38.24944,341
52.338779,-38.24944,350
53.212463,-39.123124,365
54.086147,-39.123124,384
54.959831,-39.123124,393
56.7072,-39.123124,404
58.454568,-39.123124,414
60.201936,-39.123124,425
61.949305,-39.123124,433
62.822989,-39.123124,443
64.570357,-39.123124,451
66.317726,-39.123124,461
67.19141,-39.123124,479
68.065094,-39.123124,489
68.938779,-39.123124,498
69.812463,-39.123124,517
71.559831,-39.123124,535
72.433515,-39.123124,545
73.3072,-39.123124,554
74.180884,-39.123124,563
75.054568,-39.123124,582
75.054568,-38.24944,591
75.928252,-38.24944,624
76.801936,-38.24944,649
77.675621,-38.24944,659
78.549305,-38.24944,669
79.422989,-38.24944,687
80.296673,-38.24944,754
BREAK
42.728252,-37.375756,2101
42.728252,-38.24944,2217
42.728252,-39.123124,2243
42.728252,-39.996808,2261
42.728252,-40.870492,2281
42.728252,-41.744177,2289
42.728252,-42.617861,2298
42.728252,-43.491545,2317
42.728252,-44.365229,2327
42.728252,-45.238914,2336
42.728252,-46.112598,2354
42.728252,-47.859966,2373
42.728252,-48.73365,2392
41.854568,-49.607335,2402
41.854568,-50.481019,2410
41.854568,-51.354703,2429
41.854568,-52.228387,2438
41.854568,-53.102071,2448
40.980884,-53.975756,2457
40.980884,-54.84944,2476
40.980884,-55.723124,2485
40.980884,-56.596808,2494
40.980884,-57.470492,2504
40.980884,-58.344177,2513
40.980884,-59.217861,2522
40.980884,-60.091545,2532
40.980884,-60.965229,2540
40.980884,-61.838914,2551
40.980884,-62.712598,2559
40.980884,-63.586282,2569
40.980884,-64.459966,2578
40.980884,-65.33365,2604
40.980884,-66.207335,2614
40.980884,-67.081019,2623
40.980884,-67.954703,2642
41.854568,-67.954703,2659
41.854568,-68.828387,2668
42.728252,-68.828387,2696
42.728252,-69.702071,2707
43.601936,-70.575756,2724
44.475621,-71.44944,2743
45.349305,-71.44944,2753
46.222989,-71.44944,2762
46.222989,-72.323124,2778
47.096673,-72.323124,2787
47.970357,-72.323124,2813
48.844042,-72.323124,2831
49.717726,-72.323124,2855
50.59141,-72.323124,2890
51.465094,-72.323124,2922
52.338779,-72.323124,2955
53.212463,-72.323124,2994
53.212463,-71.44944,3003
54.086147,-70.575756,3023
54.959831,-69.702071,3041
54.959831,-68.828387,3050
55.833515,-67.954703,3078
55.833515,-67.081019,3087
55.833515,-66.207335,3127
55.833515,-65.33365,3166
56.7072,-64.459966,3192
56.7072,-63.586282,3201
56.7072,-62.712598,3220
57.580884,-61.838914,3239
57.580884,-60.965229,3248
58.454568,-60.091545,3273
58.454568,-59.217861,3292
58.454568,-58.344177,3325
58.454568,-57.470492,3334
58.454568,-56.596808,3374
58.454568,-55.723124,3392
58.454568,-54.84944,3402
58.454568,-53.975756,3420
58.454568,-53.102071,3439
58.454568,-52.228387,3457
58.454568,-51.354703,3466
58.454568,-50.481019,3492
58.454568,-49.607335,3518
58.454568,-48.73365,3550
58.454568,-47.859966,3567
58.454568,-46.986282,3606
58.454568,-46.112598,3639
58.454568,-45.238914,3688
58.454568,-44.365229,3697
58.454568,-43.491545,3715
58.454568,-42.617861,3742
58.454568,-41.744177,3769
58.454568,-40.870492,3792
58.454568,-41.744177,4334
58.454568,-42.617861,4353
58.454568,-43.491545,4362
58.454568,-44.365229,4372
58.454568,-45.238914,4382
58.454568,-46.112598,4392
58.454568,-46.986282,4402
58.454568,-47.859966,4412
58.454568,-48.73365,4420
58.454568,-49.607335,4429
58.454568,-50.481019,4449
58.454568,-51.354703,4468
58.454568,-52.228387,4476
58.454568,-53.102071,4495
58.454568,-53.975756,4520
58.454568,-54.84944,4539
58.454568,-55.723124,4548
58.454568,-57.470492,4558
58.454568,-58.344177,4567
58.454568,-59.217861,4577
58.454568,-60.965229,4587
58.454568,-62.712598,4597
58.454568,-64.459966,4607
58.454568,-66.207335,4617
58.454568,-67.954703,4625
58.454568,-68.828387,4635
58.454568,-70.575756,4644
58.454568,-72.323124,4653
58.454568,-73.196808,4672
58.454568,-74.070492,4681
58.454568,-74.944177,4690
58.454568,-75.817861,4709
58.454568,-76.691545,4734
58.454568,-77.565229,4772
58.454568,-78.438914,4846
58.454568,-79.312598,4913
58.454568,-80.186282,4946
58.454568,-81.059966,4969
58.454568,-81.93365,5026
58.454568,-82.807335,5061
58.454568,-83.681019,5070
58.454568,-84.554703,5088
58.454568,-85.428387,5097
58.454568,-86.302071,5116
58.454568,-87.175756,5153
58.454568,-88.04944,5193
BREAK
59.328252,-69.702071,5923
59.328252,-68.828387,6107
59.328252,-67.954703,6123
59.328252,-67.081019,6155
60.201936,-67.081019,6172
60.201936,-66.207335,6209
61.075621,-65.33365,6307
61.075621,-64.459966,6344
61.949305,-63.586282,6390
62.822989,-62.712598,6437
62.822989,-61.838914,6483
63.696673,-61.838914,6517
63.696673,-60.965229,6526
63.696673,-60.091545,6545
64.570357,-60.091545,6569
65.444042,-59.217861,6595
66.317726,-58.344177,6614
67.19141,-57.470492,6646
68.065094,-57.470492,6656
68.065094,-56.596808,6665
68.938779,-56.596808,6682
69.812463,-55.723124,6700
70.686147,-55.723124,6732
71.559831,-55.723124,6749
72.433515,-55.723124,6774
74.180884,-55.723124,6800
75.054568,-55.723124,6818
75.928252,-55.723124,6828
76.801936,-55.723124,6837
77.675621,-55.723124,6847
78.549305,-55.723124,6856
79.422989,-55.723124,6874
80.296673,-55.723124,6883
80.296673,-56.596808,7054
80.296673,-57.470492,7064
81.170357,-58.344177,7073
81.170357,-59.217861,7081
81.170357,-60.091545,7091
81.170357,-60.965229,7101
82.044042,-61.838914,7109
82.044042,-62.712598,7128
82.044042,-63.586282,7137
82.044042,-64.459966,7146
82.044042,-65.33365,7165
82.044042,-66.207335,7193
82.044042,-67.081019,7212
82.044042,-67.954703,7256
82.044042,-68.828387,7275
82.044042,-69.702071,7293
82.044042,-70.575756,7319
82.044042,-71.44944,7328
82.044042,-72.323124,7347
82.044042,-73.196808,7379
82.044042,-74.070492,7419
82.044042,-74.944177,7435
82.044042,-75.817861,7475
82.044042,-76.691545,7509
82.044042,-77.565229,7542
82.044042,-78.438914,7575
82.044042,-79.312598,7593
82.044042,-80.186282,7609
82.044042,-81.059966,7635
BREAK
