START
69.189531,-28.16065,0
68.287004,-28.16065,39
67.384477,-28.16065,47
66.481949,-28.16065,71
65.579422,-28.16065,95
64.676895,-28.16065,102
63.774368,-27.258123,118
62.871841,-27.258123,143
61.969314,-27.258123,158
61.066787,-27.258123,174
60.16426,-27.258123,190
59.261733,-27.258123,198
58.359206,-27.258123,207
57.456679,-27.258123,223
56.554152,-27.258123,239
55.651625,-27.258123,246
54.749097,-27.258123,255
52.944043,-27.258123,262
52.041516,-27.258123,287
50.236462,-27.258123,303
49.333935,-27.258123,319
48.431408,-27.258123,335
47.528881,-27.258123,351
46.626354,-27.258123,375
45.723827,-27.258123,391
44.8213,-27.258123,407
43.918773,-27.258123,455
43.918773,-29.063177,935
43.918773,-29.965704,959
43.918773,-30.868231,967
43.918773,-31.770758,975
43.918773,-32.673285,983
43.918773,-33.575812,999
43.918773,-34.478339,1007
43.918773,-35.380866,1023
43.918773,-37.185921,1038
43.918773,-38.088448,1047
43.918773,-38.990975,1055
43.918773,-39.893502,1063
43.918773,-40.796029,1071
43.918773,-41.698556,1079
43.918773,-42.601083,1095
43.918773,-43.50361,1111
43.918773,-44.406137,1119
44.8213,-44.406137,1127
44.8213,-45.308664,1135
44.8213,-47.113718,1151
45.723827,-48.016245,1167
45.723827,-48.918773,1175
45.723827,-49.8213,1199
45.723827,-50.723827,1207
45.723827,-51.626354,1223
45.723827,-52.528881,1231
45.723827,-53.431408,1247
45.723827,-59.749097,1312
45.723827,-60.651625,1318
45.723827,-62.456679,1326
45.723827,-63.359206,1342
45.723827,-64.261733,1350
45.723827,-65.16426,1367
45.723827,-66.066787,1375
45.723827,-66.969314,1383
45.723827,-67.871841,1399
45.723827,-68.774368,1407
45.723827,-69.676895,1414
45.723827,-70.579422,1430
45.723827,-71.481949,1438
45.723827,-72.384477,1447
45.723827,-73.287004,1463
45.723827,-74.189531,1479
45.723827,-75.092058,1495
45.723827,-75.994585,1503
45.723827,-77.799639,1519
45.723827,-78.702166,1527
45.723827,-79.604693,1535
45.723827,-80.50722,1551
45.723827,-81.409747,1567
45.723827,-82.312274,1575
45.723827,-83.214801,1583
45.723827,-84.117329,1599
45.723827,-85.019856,1607
45.723827,-85.922383,1623
45.723827,-86.82491,1639
45.723827,-87.727437,1647
45.723827,-88.629964,1671
45.723827,-89.532491,1687
45.723827,-90.435018,1695
45.723827,-91.337545,1727
45.723827,-92.240072,1759
45.723827,-93.142599,1767
BREAK
20.453069,-60.651625,2439
22.258123,-60.651625,2518
24.063177,-60.651625,2526
26.770758,-60.651625,2534
30.380866,-60.651625,2542
32.185921,-60.651625,2550
34.893502,-60.651625,2558
37.601083,-60.651625,2567
39.406137,-60.651625,2574
42.113718,-60.651625,2583
44.8213,-60.651625,2590
47.528881,-61.554152,2599
50.236462,-61.554152,2607
51.138989,-61.554152,2615
52.944043,-62.456679,2623
53.84657,-62.456679,2631
55.651625,-62.456679,2639
56.554152,-62.456679,2647
57.456679,-62.456679,2655
58.359206,-62.456679,2663
59.261733,-62.456679,2671
60.16426,-62.456679,2679
61.066787,-62.456679,2687
61.969314,-62.456679,2694
62.871841,-62.456679,2711
64.676895,-62.456679,2727
65.579422,-62.456679,2743
67.384477,-62.456679,2759
68.287004,-62.456679,2775
BREAK
