START
20.525437,-38.036152,0
20.525437,-37.250697,80
20.525437,-36.465243,110
20.525437,-35.679788,130
20.525437,-34.894334,141
20.525437,-34.108879,151
20.525437,-32.53797,162
20.525437,-30.967061,171
20.525437,-30.181606,182
21.310892,-29.396152,192
22.096346,-27.825243,203
22.096346,-27.039788,212
22.881801,-26.254334,223
23.667256,-25.468879,244
24.45271,-25.468879,254
25.238165,-24.683425,274
25.238165,-23.89797,295
25.238165,-23.112516,325
25.238165,-22.327061,345
25.238165,-21.541606,367
26.023619,-21.541606,397
26.809074,-21.541606,418
27.594528,-21.541606,427
28.379983,-21.541606,438
29.950892,-21.541606,448
30.736346,-21.541606,459
32.307256,-21.541606,471
33.09271,-21.541606,479
34.663619,-21.541606,489
35.449074,-21.541606,550
35.449074,-22.327061,622
35.449074,-23.112516,642
35.449074,-23.89797,663
35.449074,-24.683425,673
35.449074,-25.468879,683
35.449074,-26.254334,697
35.449074,-27.039788,704
35.449074,-27.825243,714
35.449074,-28.610697,724
35.449074,-29.396152,735
35.449074,-30.181606,745
35.449074,-31.752516,765
35.449074,-32.53797,776
35.449074,-34.108879,796
35.449074,-34.894334,806
35.449074,-35.679788,817
35.449074,-36.465243,827
35.449074,-38.036152,837
35.449074,-39.607061,858
35.449074,-40.392516,879
35.449074,-41.17797,888
35.449074,-42.748879,909
35.449074,-43.534334,920
35.449074,-44.319788,929
36.234528,-45.105243,940
36.234528,-45.890697,950
36.234528,-46.676152,961
37.019983,-47.461606,973
37.019983,-48.247061,981
37.805437,-49.81797,991
37.805437,-50.603425,1011
38.590892,-50.603425,1022
38.590892,-51.388879,1034
39.376346,-51.388879,1052
39.376346,-52.174334,1074
40.161801,-52.174334,1084
40.947256,-52.959788,1114
41.73271,-52.959788,1125
42.518165,-52.959788,1145
43.303619,-52.959788,1197
44.089074,-52.959788,1227
44.089074,-52.174334,1238
44.874528,-51.388879,1248
45.659983,-50.603425,1268
46.445437,-49.81797,1278
47.230892,-49.032516,1290
48.016346,-48.247061,1309
48.016346,-47.461606,1340
48.016346,-46.676152,1380
48.016346,-45.890697,1391
48.016346,-45.105243,1401
48.016346,-44.319788,1423
48.016346,-43.534334,1432
48.016346,-42.748879,1453
48.016346,-41.963425,1473
48.016346,-41.17797,1494
48.016346,-40.392516,1504
48.016346,-39.607061,1514
48.016346,-38.036152,1535
48.016346,-37.250697,1555
48.016346,-36.465243,1586
48.016346,-35.679788,1617
48.016346,-34.894334,1658
48.801801,-34.894334,1758
48.801801,-35.679788,1830
48.801801,-37.250697,1840
48.801801,-38.036152,1850
48.801801,-39.607061,1861
48.801801,-41.963425,1871
48.801801,-44.319788,1881
48.801801,-46.676152,1891
48.801801,-49.032516,1902
48.801801,-50.603425,1918
48.801801,-52.174334,1922
48.801801,-53.745243,1937
48.801801,-54.530697,1943
48.801801,-55.316152,1954
49.587256,-55.316152,2027
50.37271,-55.316152,2046
51.158165,-55.316152,2055
51.943619,-55.316152,2065
53.514528,-55.316152,2076
55.085437,-55.316152,2086
56.656346,-55.316152,2096
59.01271,-55.316152,2106
60.583619,-55.316152,2117
61.369074,-55.316152,2127
62.939983,-55.316152,2137
63.725437,-54.530697,2148
64.510892,-54.530697,2158
64.510892,-53.745243,2168
64.510892,-52.959788,2178
65.296346,-52.174334,2194
65.296346,-51.388879,2199
66.081801,-50.603425,2211
66.867256,-49.81797,2219
66.867256,-49.032516,2229
67.65271,-48.247061,2240
67.65271,-47.461606,2260
67.65271,-46.676152,2281
67.65271,-45.890697,2292
67.65271,-45.105243,2312
67.65271,-43.534334,2333
67.65271,-42.748879,2342
67.65271,-41.963425,2353
67.65271,-41.17797,2364
67.65271,-39.607061,2374
67.65271,-38.821606,2394
67.65271,-38.036152,2408
67.65271,-37.250697,2415
67.65271,-36.465243,2435
67.65271,-35.679788,2445
66.867256,-35.679788,2456
66.867256,-34.108879,2466
66.081801,-33.323425,2476
66.081801,-32.53797,2486
66.081801,-30.967061,2497
65.296346,-30.181606,2506
65.296346,-29.396152,2517
65.296346,-27.825243,2527
65.296346,-27.039788,2538
65.296346,-26.254334,2558
65.296346,-25.468879,2569
65.296346,-24.683425,2579
65.296346,-23.89797,2599
65.296346,-23.112516,2631
65.296346,-22.327061,2640
65.296346,-21.541606,2661
65.296346,-20.756152,2671
65.296346,-19.970697,2683
65.296346,-19.185243,2691
65.296346,-18.399788,2712
65.296346,-17.614334,2722
65.296346,-16.828879,2732
65.296346,-16.043425,2753
65.296346,-15.25797,2775
66.081801,-15.25797,2835
66.867256,-15.25797,2855
67.65271,-15.25797,2866
68.438165,-15.25797,2878
69.223619,-15.25797,2886
70.794528,-15.25797,2907
71.579983,-15.25797,2937
71.579983,-16.043425,2948
71.579983,-16.828879,2968
71.579983,-17.614334,2978
71.579983,-18.399788,2989
72.365437,-19.970697,2999
73.150892,-20.756152,3009
73.150892,-22.327061,3019
73.150892,-23.112516,3029
73.150892,-23.89797,3040
73.150892,-24.683425,3050
73.150892,-25.468879,3060
73.936346,-26.254334,3095
73.936346,-27.039788,3142
73.936346,-27.825243,3234
BREAK
