START
28.716495,-29.256718,0
29.623711,-29.256718,201
29.623711,-28.349501,214
30.530928,-27.442285,221
30.530928,-26.535068,228
32.345361,-25.627852,233
32.345361,-24.720635,240
33.252577,-23.813419,247
33.252577,-22.906202,253
35.06701,-22.906202,260
35.06701,-21.998986,273
35.06701,-21.091769,344
35.974227,-20.184553,507
37.78866,-19.277336,513
39.603093,-19.277336,520
40.510309,-18.37012,526
41.417526,-18.37012,532
43.231959,-17.462903,539
44.139175,-17.462903,546
45.046392,-16.555687,552
45.953608,-16.555687,656
47.768041,-16.555687,669
48.675258,-16.555687,695
49.582474,-16.555687,715
51.396907,-16.555687,773
52.304124,-16.555687,779
53.21134,-16.555687,786
54.118557,-16.555687,793
55.025773,-16.555687,799
55.93299,-16.555687,806
56.840206,-16.555687,851
57.747423,-16.555687,864
58.654639,-17.462903,877
59.561856,-17.462903,890
60.469072,-17.462903,897
61.376289,-17.462903,922
62.283505,-18.37012,994
63.190722,-19.277336,1014
64.097938,-19.277336,1046
64.097938,-20.184553,1059
64.097938,-21.091769,1085
64.097938,-21.998986,1105
64.097938,-22.906202,1137
64.097938,-23.813419,1156
64.097938,-24.720635,1183
64.097938,-25.627852,1201
64.097938,-26.535068,1215
64.097938,-27.442285,1234
64.097938,-28.349501,1240
64.097938,-29.256718,1254
64.097938,-30.163934,1279
64.097938,-31.071151,1299
64.097938,-31.978367,1325
64.097938,-32.885584,1352
64.097938,-33.7928,1364
64.097938,-34.700017,1384
64.097938,-35.607233,1403
64.097938,-36.51445,1429
64.097938,-37.421666,1448
64.097938,-38.328883,1475
64.097938,-39.236099,1494
64.097938,-40.143316,1521
64.097938,-41.050532,1526
63.190722,-41.957749,1539
63.190722,-42.864965,1553
63.190722,-43.772182,1559
62.283505,-43.772182,1566
62.283505,-44.679398,1572
62.283505,-45.586614,1585
61.376289,-47.401047,1598
60.469072,-48.308264,1611
60.469072,-49.21548,1617
59.561856,-50.122697,1624
59.561856,-51.029913,1631
58.654639,-51.93713,1637
58.654639,-52.844346,1644
58.654639,-53.751563,1650
58.654639,-54.658779,1656
58.654639,-55.565996,1670
57.747423,-55.565996,1676
56.840206,-55.565996,1690
56.840206,-56.473212,1761
55.93299,-57.380429,1774
55.025773,-58.287645,1793
54.118557,-60.102078,1806
53.21134,-61.009295,1819
52.304124,-61.916511,1832
52.304124,-62.823728,1839
51.396907,-63.730944,1858
50.489691,-63.730944,1930
50.489691,-64.638161,1936
49.582474,-64.638161,1942
49.582474,-65.545377,1955
49.582474,-66.452594,1962
48.675258,-66.452594,1969
48.675258,-67.35981,1994
47.768041,-67.35981,2001
46.860825,-67.35981,2079
46.860825,-68.267027,2085
45.953608,-68.267027,2092
45.046392,-69.174243,2111
44.139175,-70.08146,2202
43.231959,-70.08146,2222
42.324742,-70.08146,2307
41.417526,-70.988676,2319
40.510309,-70.988676,2325
40.510309,-71.895893,2332
39.603093,-71.895893,2339
39.603093,-72.803109,2345
38.695876,-73.710326,2358
38.695876,-74.617542,2371
37.78866,-74.617542,2423
36.881443,-74.617542,2475
35.974227,-74.617542,2611
35.974227,-75.524759,2618
35.06701,-75.524759,2631
35.974227,-75.524759,2807
36.881443,-75.524759,2942
37.78866,-75.524759,3027
38.695876,-75.524759,3072
39.603093,-75.524759,3125
40.510309,-75.524759,3190
41.417526,-75.524759,3229
42.324742,-75.524759,3268
43.231959,-75.524759,3300
43.231959,-76.431975,3307
44.139175,-76.431975,3326
45.046392,-76.431975,3346
45.953608,-76.431975,3391
46.860825,-76.431975,3410
47.768041,-76.431975,3449
48.675258,-76.431975,3515
49.582474,-76.431975,3573
50.489691,-76.431975,3657
49.582474,-77.339192,3677
50.489691,-77.339192,3723
50.489691,-78.246408,3755
51.396907,-78.246408,3762
51.396907,-79.153625,3768
52.304124,-80.060841,3781
53.21134,-80.060841,3794
53.21134,-80.968058,3801
54.118557,-81.875274,3807
55.025773,-81.875274,3814
55.025773,-82.782491,3826
55.93299,-82.782491,3840
56.840206,-82.782491,4034
55.93299,-82.782491,4041
55.025773,-82.782491,4164
55.025773,-81.875274,4196
54.118557,-81.875274,4203
BREAK
40.510309,-43.772182,5353
39.603093,-43.772182,5450
38.695876,-43.772182,5463
37.78866,-43.772182,5495
36.881443,-43.772182,5515
BREAK
