START
40.1072,-33.007335,0
40.1072,-33.881019,5
39.233515,-34.754703,85
39.233515,-35.628387,109
37.486147,-36.502071,125
36.612463,-36.502071,133
31.370357,-39.996808,217
30.496673,-40.870492,221
29.622989,-41.744177,229
27.875621,-41.744177,237
27.001936,-41.744177,245
26.128252,-41.744177,261
25.254568,-41.744177,269
24.380884,-41.744177,277
23.5072,-41.744177,302
22.633515,-41.744177,317
22.633515,-40.870492,334
21.759831,-40.870492,349
20.886147,-39.996808,357
20.012463,-39.123124,381
19.138779,-38.24944,397
18.265094,-38.24944,421
17.39141,-37.375756,437
16.517726,-36.502071,461
15.644042,-35.628387,485
15.644042,-34.754703,509
15.644042,-33.881019,533
15.644042,-33.007335,566
16.517726,-32.13365,573
16.517726,-31.259966,582
17.39141,-31.259966,589
18.265094,-29.512598,605
20.012463,-28.638914,613
20.886147,-28.638914,622
21.759831,-27.765229,637
22.633515,-26.891545,645
23.5072,-26.891545,653
24.380884,-26.017861,661
25.254568,-26.017861,677
26.128252,-25.144177,686
27.001936,-24.270492,693
27.875621,-23.396808,718
28.749305,-23.396808,733
29.622989,-24.270492,741
30.496673,-25.144177,765
31.370357,-25.144177,773
32.244042,-25.144177,783
33.99141,-26.017861,797
34.865094,-26.891545,806
35.738779,-27.765229,813
36.612463,-28.638914,830
37.486147,-29.512598,846
37.486147,-30.386282,855
38.359831,-30.386282,869
38.359831,-31.259966,877
39.233515,-32.13365,893
39.233515,-33.007335,909
40.1072,-34.754703,925
40.1072,-35.628387,949
40.1072,-36.502071,958
40.1072,-37.375756,965
40.1072,-38.24944,982
40.980884,-39.123124,997
40.980884,-39.996808,1006
41.854568,-39.996808,1038
41.854568,-40.870492,1045
41.854568,-41.744177,1069
41.854568,-42.617861,1093
41.854568,-43.491545,1109
40.980884,-44.365229,1133
40.980884,-45.238914,1157
40.980884,-46.112598,1198
40.980884,-46.986282,1213
40.1072,-46.986282,1221
39.233515,-47.859966,1229
39.233515,-48.73365,1245
38.359831,-49.607335,1254
38.359831,-50.481019,1285
37.486147,-51.354703,1293
36.612463,-52.228387,1310
35.738779,-53.102071,1333
35.738779,-53.975756,1342
34.865094,-53.975756,1350
33.99141,-54.84944,1366
33.99141,-55.723124,1373
33.117726,-56.596808,1382
32.244042,-57.470492,1406
31.370357,-57.470492,1438
30.496673,-58.344177,1446
30.496673,-59.217861,1461
29.622989,-59.217861,1478
28.749305,-59.217861,1494
27.875621,-59.217861,1525
27.001936,-59.217861,1566
26.128252,-59.217861,1606
25.254568,-59.217861,1630
25.254568,-60.091545,1646
24.380884,-60.091545,1686
BREAK
23.5072,-57.470492,2070
21.759831,-58.344177,2085
21.759831,-59.217861,2173
22.633515,-60.091545,2197
22.633515,-60.965229,2213
23.5072,-61.838914,2237
24.380884,-62.712598,2245
25.254568,-63.586282,2253
26.128252,-64.459966,2261
26.128252,-65.33365,2277
27.875621,-66.207335,2285
28.749305,-67.081019,2293
29.622989,-67.954703,2309
30.496673,-68.828387,2317
32.244042,-70.575756,2325
33.117726,-71.44944,2333
34.865094,-72.323124,2349
35.738779,-73.196808,2357
37.486147,-74.070492,2365
38.359831,-74.944177,2373
39.233515,-75.817861,2389
40.1072,-76.691545,2397
40.980884,-77.565229,2405
41.854568,-78.438914,2413
42.728252,-79.312598,2437
BREAK
63.696673,-26.017861,11515
61.949305,-25.144177,11517
61.949305,-26.017861,11565
61.949305,-26.891545,11573
61.949305,-27.765229,11589
61.949305,-28.638914,11597
61.949305,-30.386282,11605
61.949305,-32.13365,11621
61.075621,-36.502071,11629
61.075621,-38.24944,11637
61.075621,-40.870492,11645
59.328252,-45.238914,11661
59.328252,-46.986282,11669
59.328252,-49.607335,11677
59.328252,-51.354703,11685
57.580884,-54.84944,11701
57.580884,-56.596808,11709
57.580884,-58.344177,11717
57.580884,-60.091545,11725
56.7072,-61.838914,11741
56.7072,-63.586282,11749
56.7072,-65.33365,11757
56.7072,-66.207335,11773
56.7072,-67.081019,11781
56.7072,-67.954703,11789
55.833515,-68.828387,11798
55.833515,-69.702071,11814
54.959831,-70.575756,11821
54.959831,-71.44944,11853
54.959831,-70.575756,11893
BREAK
67.19141,-26.017861,12366
68.065094,-26.017861,12461
68.938779,-26.017861,12469
70.686147,-26.017861,12485
72.433515,-26.891545,12501
74.180884,-26.891545,12509
75.928252,-26.891545,12517
78.549305,-26.891545,12533
80.296673,-26.891545,12542
81.170357,-27.765229,12549
82.044042,-27.765229,12557
82.917726,-27.765229,12589
BREAK
