START
38.456522,-28.709185,0
39.296443,-28.709185,242
40.976285,-28.709185,254
41.816206,-28.709185,276
42.656126,-28.709185,300
44.335968,-28.709185,321
46.01581,-28.709185,342
46.855731,-28.709185,352
46.855731,-27.869264,363
47.695652,-27.029343,373
49.375494,-27.029343,384
51.055336,-27.029343,394
53.575099,-27.029343,405
55.254941,-27.029343,415
58.614625,-27.029343,426
58.614625,-26.189422,436
59.454545,-25.349501,446
61.134387,-25.349501,457
61.974308,-25.349501,467
62.814229,-25.349501,478
64.494071,-25.349501,488
65.333992,-25.349501,509
66.173913,-25.349501,520
67.013834,-23.669659,530
67.853755,-23.669659,540
68.693676,-23.669659,566
69.533597,-23.669659,576
70.373518,-23.669659,587
71.213439,-23.669659,608
72.893281,-23.669659,618
73.733202,-23.669659,628
74.573123,-23.669659,639
75.413043,-23.669659,649
76.252964,-23.669659,660
77.092885,-23.669659,670
78.772727,-23.669659,691
79.612648,-23.669659,701
82.132411,-23.669659,712
84.652174,-23.669659,722
86.332016,-23.669659,733
88.011858,-23.669659,743
88.851779,-23.669659,817
89.6917,-23.669659,828
88.011858,-23.669659,1096
87.171937,-23.669659,1106
85.492095,-23.669659,1116
82.132411,-23.669659,1127
79.612648,-23.669659,1137
77.932806,-23.669659,1148
76.252964,-23.669659,1158
75.413043,-23.669659,1169
74.573123,-23.669659,1179
73.733202,-23.669659,1200
72.893281,-23.669659,1221
71.213439,-23.669659,1242
70.373518,-23.669659,1252
69.533597,-23.669659,1276
68.693676,-23.669659,1287
67.853755,-23.669659,1308
67.013834,-23.669659,1318
65.333992,-23.669659,1339
64.494071,-23.669659,1360
62.814229,-23.669659,1370
61.134387,-23.669659,1381
59.454545,-23.669659,1391
58.614625,-23.669659,1402
57.774704,-23.669659,1412
56.094862,-23.669659,1422
55.254941,-23.669659,1439
54.41502,-23.669659,1461
53.575099,-23.669659,1482
51.055336,-23.669659,1492
50.215415,-23.669659,1503
48.535573,-23.669659,1514
46.855731,-23.669659,1524
46.01581,-23.669659,1534
45.175889,-23.669659,1547
44.335968,-23.669659,1571
43.496047,-23.669659,1582
42.656126,-23.669659,1607
41.816206,-23.669659,1627
40.976285,-23.669659,1638
40.136364,-23.669659,1683
40.136364,-24.50958,1754
39.296443,-24.50958,1766
38.456522,-24.50958,1792
37.616601,-24.50958,1842
36.77668,-24.50958,1865
35.936759,-24.50958,1993
35.096838,-24.50958,2037
35.096838,-25.349501,2086
35.096838,-26.189422,2227
35.096838,-27.029343,2255
35.096838,-27.869264,2290
35.096838,-28.709185,2318
35.096838,-29.549106,2352
34.256917,-29.549106,2366
33.416996,-29.549106,2376
33.416996,-30.389026,2386
32.577075,-30.389026,2397
32.577075,-29.549106,2620
32.577075,-28.709185,2630
32.577075,-27.869264,2665
33.416996,-27.029343,2686
34.256917,-27.029343,2697
34.256917,-26.189422,2707
35.936759,-26.189422,2718
35.936759,-25.349501,2740
35.936759,-24.50958,2750
35.936759,-23.669659,2791
BREAK
62.814229,-26.189422,4048
63.65415,-26.189422,4150
64.494071,-26.189422,4171
63.65415,-23.669659,4246
64.494071,-23.669659,4256
66.173913,-23.669659,4267
67.013834,-23.669659,4277
67.853755,-23.669659,4314
68.693676,-23.669659,4328
69.533597,-23.669659,4338
70.373518,-23.669659,4349
72.05336,-23.669659,4370
72.893281,-23.669659,4398
73.733202,-23.669659,4419
75.413043,-23.669659,4429
76.252964,-23.669659,4440
77.092885,-23.669659,4450
77.932806,-23.669659,4460
78.772727,-23.669659,4481
79.612648,-23.669659,4492
80.452569,-23.669659,4527
81.29249,-23.669659,4548
82.132411,-23.669659,4590
82.972332,-23.669659,4611
83.812253,-23.669659,4744
84.652174,-23.669659,4771
83.812253,-23.669659,4977
82.972332,-23.669659,4988
81.29249,-24.50958,4998
80.452569,-24.50958,5009
79.612648,-25.349501,5019
77.932806,-25.349501,5030
77.092885,-25.349501,5040
75.413043,-26.189422,5061
74.573123,-26.189422,5071
73.733202,-26.189422,5082
72.893281,-26.189422,5103
72.05336,-26.189422,5113
71.213439,-26.189422,5124
70.373518,-27.029343,5134
68.693676,-27.029343,5155
70.373518,-27.029343,5320
72.893281,-27.029343,5330
74.573123,-27.029343,5341
76.252964,-27.029343,5351
77.932806,-27.029343,5362
78.772727,-27.029343,5382
78.772727,-26.189422,5401
78.772727,-25.349501,5411
79.612648,-25.349501,5422
81.29249,-25.349501,5433
82.132411,-25.349501,5443
82.972332,-25.349501,5454
83.812253,-25.349501,5475
83.812253,-24.50958,5546
83.812253,-23.669659,5575
84.652174,-23.669659,5586
85.492095,-23.669659,5607
85.492095,-22.829738,5617
85.492095,-21.989817,5628
86.332016,-21.989817,5641
86.332016,-21.149896,5863
87.171937,-20.309975,5899
86.332016,-20.309975,6249
85.492095,-20.309975,6284
84.652174,-20.309975,6304
83.812253,-20.309975,6314
83.812253,-21.149896,6353
83.812253,-21.989817,6394
82.972332,-21.989817,6418
82.132411,-21.989817,6428
82.132411,-22.829738,6663
82.972332,-22.829738,6773
BREAK
59.454545,-27.029343,7637
59.454545,-27.869264,7776
59.454545,-28.709185,7803
59.454545,-29.549106,7813
59.454545,-30.389026,7824
59.454545,-31.228947,7834
59.454545,-32.068868,7860
59.454545,-32.908789,7886
59.454545,-33.74871,7896
59.454545,-34.588631,7907
59.454545,-36.268473,7928
59.454545,-37.108394,7938
59.454545,-38.788236,7961
59.454545,-39.628157,7986
59.454545,-40.468078,8007
59.454545,-41.307999,8029
59.454545,-42.14792,8043
59.454545,-42.987841,8066
60.294466,-43.827762,8077
60.294466,-44.667683,8087
58.614625,-44.667683,8098
58.614625,-45.507604,8108
58.614625,-46.347524,8118
58.614625,-47.187445,8129
59.454545,-47.187445,8139
59.454545,-48.027366,8150
59.454545,-48.867287,8171
57.774704,-49.707208,8181
57.774704,-50.547129,8231
57.774704,-51.38705,8252
57.774704,-52.226971,8274
57.774704,-53.066892,8285
57.774704,-53.906813,8310
57.774704,-54.746734,8366
57.774704,-55.586655,8391
57.774704,-56.426576,8416
57.774704,-57.266497,8427
56.934783,-57.266497,8477
56.094862,-57.266497,8492
55.254941,-57.266497,8800
54.41502,-57.266497,8847
53.575099,-57.266497,8892
52.735178,-57.266497,8943
51.895257,-57.266497,8983
51.055336,-57.266497,9024
50.215415,-57.266497,9035
50.215415,-58.106418,9057
49.375494,-58.106418,9067
48.535573,-58.106418,9078
48.535573,-58.946339,9088
48.535573,-59.78626,9110
48.535573,-60.626181,9148
47.695652,-60.626181,9158
46.855731,-60.626181,9169
46.855731,-61.466102,9197
46.855731,-62.306023,9218
47.695652,-63.145943,9267
47.695652,-63.985864,9288
48.535573,-63.985864,9326
48.535573,-64.825785,9346
49.375494,-64.825785,9358
50.215415,-64.825785,9396
51.055336,-64.825785,9417
51.895257,-65.665706,9441
52.735178,-65.665706,9454
53.575099,-65.665706,9475
54.41502,-66.505627,9496
55.254941,-66.505627,9506
56.094862,-66.505627,9543
56.934783,-66.505627,9575
57.774704,-66.505627,9607
58.614625,-66.505627,9641
59.454545,-66.505627,9738
59.454545,-65.665706,9759
59.454545,-64.825785,9780
60.294466,-63.985864,9811
60.294466,-63.145943,9829
60.294466,-62.306023,9875
60.294466,-61.466102,9906
61.134387,-61.466102,9928
61.134387,-60.626181,9939
61.134387,-59.78626,9950
61.134387,-58.946339,9982
61.134387,-58.106418,10014
61.134387,-57.266497,10051
61.134387,-56.426576,10061
61.134387,-55.586655,10089
60.294466,-55.586655,10100
60.294466,-54.746734,10112
BREAK
