START
19.978261,-34.588631,0
21.658103,-34.588631,16
22.498024,-34.588631,24
25.017787,-34.588631,32
28.37747,-34.588631,39
30.057312,-34.588631,48
33.416996,-34.588631,56
36.77668,-34.588631,64
40.136364,-34.588631,72
42.656126,-34.588631,79
46.01581,-34.588631,88
48.535573,-34.588631,96
51.895257,-34.588631,104
53.575099,-34.588631,112
56.094862,-34.588631,119
58.614625,-34.588631,128
60.294466,-34.588631,136
62.814229,-34.588631,144
64.494071,-34.588631,152
66.173913,-34.588631,159
67.013834,-34.588631,167
68.693676,-34.588631,176
69.533597,-34.588631,207
70.373518,-34.588631,224
71.213439,-34.588631,240
72.05336,-34.588631,248
BREAK
44.335968,-41.307999,960
44.335968,-42.14792,992
44.335968,-43.827762,999
44.335968,-45.507604,1007
44.335968,-48.027366,1016
44.335968,-49.707208,1024
44.335968,-51.38705,1032
44.335968,-53.906813,1039
44.335968,-55.586655,1048
44.335968,-57.266497,1056
44.335968,-59.78626,1064
44.335968,-61.466102,1072
44.335968,-63.145943,1079
44.335968,-65.665706,1087
44.335968,-67.345548,1096
44.335968,-69.02539,1112
44.335968,-69.865311,1127
44.335968,-71.545153,1136
44.335968,-72.385074,1167
43.496047,-72.385074,1472
42.656126,-72.385074,1488
41.816206,-72.385074,1503
41.816206,-73.224995,1528
40.976285,-74.064916,1543
40.136364,-74.064916,1568
40.136364,-74.904837,1592
39.296443,-75.744758,1608
39.296443,-76.584679,1648
39.296443,-77.4246,1663
39.296443,-78.264521,1671
39.296443,-79.104441,1696
39.296443,-79.944362,1703
40.136364,-79.944362,1728
40.136364,-80.784283,1736
40.976285,-80.784283,1751
41.816206,-80.784283,1760
42.656126,-80.784283,1791
43.496047,-80.784283,1808
44.335968,-80.784283,1824
45.175889,-80.784283,1840
46.01581,-80.784283,1856
46.855731,-80.784283,1864
47.695652,-80.784283,1871
48.535573,-80.784283,1888
49.375494,-80.784283,1896
50.215415,-80.784283,1911
51.055336,-80.784283,1959
51.055336,-79.944362,1976
51.055336,-79.104441,1999
51.055336,-78.264521,2016
51.055336,-77.4246,2047
51.055336,-76.584679,2064
51.055336,-75.744758,2087
51.055336,-74.904837,2104
51.055336,-74.064916,2119
50.215415,-74.064916,2136
50.215415,-73.224995,2144
50.215415,-72.385074,2159
49.375494,-72.385074,2167
48.535573,-71.545153,2176
47.695652,-71.545153,2192
47.695652,-70.705232,2200
46.855731,-70.705232,2207
46.01581,-70.705232,2232
45.175889,-70.705232,2272
45.175889,-69.865311,2280
44.335968,-69.865311,2287
43.496047,-69.865311,2296
42.656126,-69.865311,2304
BREAK
43.496047,-37.948315,2968
43.496047,-37.108394,2984
43.496047,-36.268473,3064
43.496047,-35.428552,3127
BREAK
