START
13.896673,-21.64944,0
19.138779,-19.902071,152
20.012463,-19.902071,160
21.759831,-19.902071,176
22.633515,-19.902071,184
23.5072,-19.902071,192
24.380884,-19.902071,208
25.254568,-19.902071,216
26.128252,-19.902071,224
27.875621,-19.902071,232
28.749305,-19.902071,240
30.496673,-19.902071,256
31.370357,-19.902071,264
33.117726,-19.902071,272
33.99141,-19.902071,280
34.865094,-19.902071,296
35.738779,-19.902071,304
36.612463,-19.902071,312
37.486147,-19.902071,320
39.233515,-19.902071,328
40.1072,-19.902071,344
41.854568,-19.902071,352
42.728252,-19.902071,360
44.475621,-19.902071,368
45.349305,-19.902071,376
47.096673,-19.902071,384
47.970357,-19.902071,392
48.844042,-19.902071,400
49.717726,-19.902071,408
50.59141,-19.902071,424
53.212463,-19.902071,432
54.086147,-19.902071,448
55.833515,-19.902071,456
56.7072,-19.902071,464
58.454568,-19.902071,472
59.328252,-19.902071,480
60.201936,-19.902071,496
61.075621,-19.902071,504
61.949305,-19.902071,512
62.822989,-19.902071,537
64.570357,-19.902071,552
65.444042,-19.902071,568
66.317726,-19.902071,576
67.19141,-19.902071,584
68.065094,-19.902071,600
68.938779,-19.902071,608
70.686147,-19.902071,624
71.559831,-19.902071,648
72.433515,-19.902071,696
73.3072,-19.902071,720
74.180884,-19.902071,744
75.054568,-19.902071,776
75.928252,-19.902071,816
76.801936,-19.902071,872
77.675621,-19.902071,896
BREAK
47.970357,-22.523124,6984
47.970357,-26.891545,7096
47.970357,-27.765229,7104
47.970357,-28.638914,7120
47.970357,-29.512598,7128
47.970357,-30.386282,7144
47.970357,-31.259966,7168
47.970357,-32.13365,7184
47.096673,-33.007335,7192
47.096673,-33.881019,7208
47.096673,-34.754703,7216
47.096673,-35.628387,7224
47.096673,-36.502071,7256
47.096673,-37.375756,7280
47.096673,-38.24944,7312
47.096673,-39.123124,7344
47.096673,-39.996808,7352
46.222989,-39.996808,7584
45.349305,-39.996808,7592
44.475621,-39.996808,7608
43.601936,-39.996808,7624
42.728252,-39.996808,7632
41.854568,-39.996808,7656
40.980884,-39.123124,7672
40.1072,-39.123124,7680
39.233515,-38.24944,7696
38.359831,-38.24944,7704
37.486147,-38.24944,7712
36.612463,-38.24944,7736
35.738779,-38.24944,7752
34.865094,-38.24944,7760
33.99141,-38.24944,7784
33.117726,-38.24944,7800
32.244042,-38.24944,7808
31.370357,-38.24944,7824
30.496673,-38.24944,7840
29.622989,-38.24944,7856
28.749305,-39.123124,7872
26.128252,-39.996808,7888
26.128252,-40.870492,7896
25.254568,-40.870492,7912
25.254568,-41.744177,7920
24.380884,-41.744177,7928
24.380884,-42.617861,7936
23.5072,-42.617861,7952
23.5072,-43.491545,7968
23.5072,-44.365229,7976
23.5072,-45.238914,7992
23.5072,-46.112598,8008
23.5072,-46.986282,8024
23.5072,-47.859966,8032
23.5072,-48.73365,8056
23.5072,-49.607335,8072
23.5072,-50.481019,8080
23.5072,-52.228387,8104
24.380884,-52.228387,8112
24.380884,-53.102071,8128
25.254568,-53.975756,8144
26.128252,-54.84944,8168
27.001936,-54.84944,8176
27.001936,-55.723124,8184
27.875621,-56.596808,8192
28.749305,-56.596808,8208
29.622989,-56.596808,8232
31.370357,-56.596808,8256
31.370357,-57.470492,8264
32.244042,-57.470492,8272
33.99141,-57.470492,8288
34.865094,-57.470492,8320
35.738779,-57.470492,8328
36.612463,-57.470492,8336
37.486147,-57.470492,8344
39.233515,-57.470492,8360
40.1072,-57.470492,8368
40.980884,-57.470492,8376
41.854568,-57.470492,8392
42.728252,-57.470492,8408
43.601936,-57.470492,8424
44.475621,-57.470492,8432
45.349305,-57.470492,8448
46.222989,-57.470492,8456
47.096673,-57.470492,8472
47.970357,-57.470492,8520
48.844042,-57.470492,8537
50.59141,-59.217861,8560
51.465094,-60.965229,8584
51.465094,-61.838914,8600
51.465094,-63.586282,8616
51.465094,-64.459966,8632
51.465094,-66.207335,8648
51.465094,-67.081019,8672
51.465094,-68.828387,8736
51.465094,-69.702071,8776
51.465094,-70.575756,8792
49.717726,-71.44944,8808
48.844042,-72.323124,8824
47.970357,-72.323124,8832
47.096673,-72.323124,8848
45.349305,-72.323124,8856
44.475621,-73.196808,8872
41.854568,-74.070492,8880
40.980884,-74.070492,8904
39.233515,-74.070492,8912
37.486147,-74.070492,8928
36.612463,-74.070492,8936
34.865094,-74.070492,8952
33.99141,-74.070492,8960
33.117726,-74.070492,8968
32.244042,-74.070492,8976
31.370357,-74.070492,8992
30.496673,-74.070492,9008
29.622989,-74.070492,9024
28.749305,-74.070492,9032
27.875621,-74.070492,9048
27.875621,-73.196808,9056
27.001936,-73.196808,9064
26.128252,-73.196808,9080
26.128252,-72.323124,9096
25.254568,-72.323124,9112
24.380884,-71.44944,9128
23.5072,-70.575756,9152
23.5072,-69.702071,9168
22.633515,-69.702071,9184
22.633515,-68.828387,9192
21.759831,-68.828387,9208
21.759831,-67.954703,9336
21.759831,-67.081019,9344
22.633515,-67.081019,9352
BREAK
56.7072,-40.870492,10688
BREAK
