START
16.188679,-41.405622,0
17.188679,-41.405622,144
18.188679,-41.405622,240
20.188679,-41.405622,352
21.188679,-38.405622,360
23.188679,-36.405622,368
23.188679,-35.405622,376
24.188679,-35.405622,384
26.188679,-33.405622,392
29.188679,-31.405622,408
29.188679,-30.405622,416
30.188679,-29.405622,424
32.188679,-29.405622,432
32.188679,-28.405622,440
32.188679,-27.405622,448
33.188679,-27.405622,520
34.188679,-27.405622,528
35.188679,-27.405622,544
36.188679,-27.405622,560
37.188679,-27.405622,592
39.188679,-27.405622,608
42.188679,-27.405622,616
44.188679,-27.405622,624
48.188679,-28.405622,632
52.188679,-30.405622,640
54.188679,-30.405622,648
55.188679,-31.405622,656
57.188679,-31.405622,664
58.188679,-31.405622,672
59.188679,-31.405622,680
60.188679,-31.405622,744
61.188679,-31.405622,752
62.188679,-31.405622,760
63.188679,-31.405622,768
64.188679,-31.405622,784
63.188679,-31.405622,792
64.188679,-30.405622,984
65.188679,-30.405622,992
67.188679,-30.405622,1008
68.188679,-30.405622,1080
BREAK
57.188679,-33.405622,1880
57.188679,-34.405622,1952
57.188679,-36.405622,1960
57.188679,-37.405622,1968
57.188679,-39.405622,1976
57.188679,-40.405622,1992
57.188679,-43.405622,2000
57.188679,-44.405622,2008
57.188679,-47.405622,2016
57.188679,-48.405622,2024
57.188679,-50.405622,2032
57.188679,-52.405622,2040
57.188679,-53.405622,2048
57.188679,-54.405622,2056
57.188679,-55.405622,2064
57.188679,-56.405622,2072
57.188679,-57.405622,2080
57.188679,-58.405622,2088
57.188679,-59.405622,2096
57.188679,-61.405622,2103
57.188679,-63.405622,2120
57.188679,-64.405622,2128
57.188679,-66.405622,2136
57.188679,-68.405622,2144
57.188679,-69.405622,2152
57.188679,-71.405622,2160
57.188679,-73.405622,2168
57.188679,-74.405622,2176
57.188679,-76.405622,2184
57.188679,-77.405622,2192
57.188679,-79.405622,2200
58.188679,-81.405622,2208
58.188679,-82.405622,2224
58.188679,-84.405622,2232
59.188679,-86.405622,2240
61.188679,-88.405622,2248
63.188679,-89.405622,2256
65.188679,-91.405622,2264
65.188679,-92.405622,2272
65.188679,-93.405622,2288
66.188679,-93.405622,2296
67.188679,-94.405622,2312
67.188679,-95.405622,2336
68.188679,-95.405622,2352
69.188679,-95.405622,2368
68.188679,-95.405622,2376
69.188679,-95.405622,2392
68.188679,-95.405622,2584
65.188679,-95.405622,2592
BREAK
36.188679,-30.405622,3592
36.188679,-31.405622,3640
36.188679,-33.405622,3648
36.188679,-34.405622,3664
36.188679,-36.405622,3672
36.188679,-38.405622,3688
36.188679,-39.405622,3704
36.188679,-43.405622,3712
36.188679,-45.405622,3720
36.188679,-46.405622,3728
36.188679,-50.405622,3736
36.188679,-52.405622,3744
36.188679,-54.405622,3752
36.188679,-57.405622,3760
36.188679,-59.405622,3768
36.188679,-60.405622,3776
36.188679,-62.405622,3784
36.188679,-63.405622,3792
36.188679,-65.405622,3808
36.188679,-66.405622,3816
36.188679,-67.405622,3856
36.188679,-68.405622,3864
36.188679,-69.405622,3872
36.188679,-71.405622,3880
36.188679,-72.405622,3896
36.188679,-73.405622,3912
36.188679,-74.405622,4016
BREAK
