START
69.189531,-18.232852,0
68.287004,-18.232852,80
67.384477,-18.232852,89
66.481949,-18.232852,99
65.579422,-18.232852,110
64.676895,-18.232852,120
63.774368,-19.135379,130
61.066787,-19.135379,140
57.456679,-19.135379,150
56.554152,-19.135379,161
55.651625,-19.135379,171
54.749097,-19.135379,181
53.84657,-19.135379,201
52.944043,-19.135379,212
50.236462,-19.135379,221
46.626354,-19.135379,231
43.016245,-20.037906,242
39.406137,-20.940433,252
36.698556,-21.84296,262
33.990975,-21.84296,272
30.380866,-22.745487,282
29.478339,-22.745487,293
28.575812,-22.745487,302
27.673285,-22.745487,313
26.770758,-22.745487,323
24.063177,-22.745487,333
23.16065,-22.745487,343
22.258123,-23.648014,353
21.355596,-23.648014,364
20.453069,-23.648014,374
16.84296,-24.550542,384
15.940433,-24.550542,394
15.037906,-25.453069,404
14.135379,-25.453069,415
13.232852,-26.355596,424
13.232852,-27.258123,434
13.232852,-28.16065,445
13.232852,-29.063177,455
13.232852,-29.965704,465
14.135379,-30.868231,475
14.135379,-31.770758,485
15.037906,-31.770758,496
15.037906,-32.673285,505
15.037906,-33.575812,515
15.037906,-34.478339,526
15.940433,-34.478339,536
15.940433,-35.380866,547
16.84296,-35.380866,556
17.745487,-36.283394,567
21.355596,-36.283394,577
24.965704,-36.283394,588
27.673285,-37.185921,597
30.380866,-37.185921,607
31.283394,-37.185921,617
32.185921,-37.185921,628
34.893502,-37.185921,637
37.601083,-37.185921,648
40.308664,-37.185921,658
43.016245,-37.185921,668
45.723827,-37.185921,678
48.431408,-37.185921,688
53.84657,-36.283394,699
59.261733,-36.283394,709
64.676895,-35.380866,718
68.287004,-34.478339,729
69.189531,-34.478339,739
70.092058,-33.575812,750
70.994585,-33.575812,759
71.897112,-33.575812,769
72.799639,-33.575812,780
75.50722,-33.575812,790
76.409747,-33.575812,800
77.312274,-33.575812,810
77.312274,-32.673285,820
78.214801,-32.673285,831
79.117329,-32.673285,840
79.117329,-31.770758,978
78.214801,-31.770758,994
BREAK
70.092058,-17.330325,1434
69.189531,-17.330325,1455
68.287004,-18.232852,1475
67.384477,-19.135379,1485
67.384477,-20.037906,1495
67.384477,-20.940433,1505
67.384477,-23.648014,1515
67.384477,-24.550542,1525
67.384477,-25.453069,1536
67.384477,-26.355596,1546
67.384477,-27.258123,1556
67.384477,-29.965704,1566
67.384477,-30.868231,1576
67.384477,-31.770758,1587
67.384477,-34.478339,1597
67.384477,-37.185921,1607
67.384477,-38.088448,1617
67.384477,-38.990975,1628
67.384477,-39.893502,1637
67.384477,-40.796029,1647
67.384477,-43.50361,1658
67.384477,-46.211191,1668
67.384477,-48.918773,1677
67.384477,-52.528881,1688
67.384477,-55.236462,1699
67.384477,-58.84657,1709
67.384477,-62.456679,1718
67.384477,-63.359206,1729
67.384477,-64.261733,1739
67.384477,-65.16426,1749
67.384477,-66.066787,1759
67.384477,-66.969314,1769
67.384477,-67.871841,1779
67.384477,-68.774368,1790
67.384477,-71.481949,1799
67.384477,-72.384477,1810
67.384477,-73.287004,1820
67.384477,-74.189531,1830
67.384477,-75.092058,1850
67.384477,-75.994585,1861
67.384477,-76.897112,1874
67.384477,-77.799639,1885
67.384477,-78.702166,1985
67.384477,-79.604693,2007
67.384477,-78.702166,2140
BREAK
