START
57.183891,-39.848341,0
57.183891,-39.066386,55
56.401936,-39.066386,63
56.401936,-38.284431,72
55.619982,-37.502476,80
54.838027,-35.938566,87
54.056072,-35.938566,96
54.056072,-35.156611,103
53.274117,-35.156611,111
52.492162,-34.374657,119
51.710207,-33.592702,127
50.928252,-33.592702,136
50.146297,-33.592702,144
49.364342,-32.810747,152
48.582388,-32.028792,167
47.800433,-32.028792,192
47.018478,-32.028792,216
46.236523,-32.028792,233
45.454568,-32.028792,239
44.672613,-32.028792,256
43.890658,-32.028792,263
43.108703,-32.028792,271
42.326748,-32.028792,280
40.762839,-32.028792,287
39.198929,-32.028792,296
38.416974,-32.028792,303
37.635019,-32.028792,312
36.853064,-32.028792,327
36.071109,-32.028792,335
35.289154,-32.028792,368
34.5072,-32.028792,384
32.94329,-32.810747,399
31.37938,-34.374657,415
30.597425,-35.156611,423
29.81547,-35.938566,431
29.81547,-36.720521,440
28.251561,-37.502476,448
28.251561,-38.284431,455
28.251561,-39.066386,463
28.251561,-39.848341,471
27.469606,-39.848341,480
27.469606,-40.630296,487
27.469606,-41.412251,519
26.687651,-42.194205,527
26.687651,-42.97616,536
26.687651,-43.758115,551
26.687651,-45.322025,567
26.687651,-46.10398,584
26.687651,-46.885935,591
26.687651,-47.66789,599
26.687651,-48.449844,607
26.687651,-49.231799,631
26.687651,-50.013754,640
26.687651,-50.795709,647
26.687651,-52.359619,656
26.687651,-53.141574,663
26.687651,-53.923529,671
26.687651,-54.705484,680
26.687651,-55.487438,687
26.687651,-56.269393,695
26.687651,-57.051348,703
26.687651,-57.833303,711
26.687651,-58.615258,720
27.469606,-60.179168,736
27.469606,-60.961123,751
27.469606,-61.743078,767
27.469606,-62.525032,776
28.251561,-64.088942,783
28.251561,-64.870897,807
29.033515,-65.652852,824
29.81547,-65.652852,840
29.81547,-66.434807,849
30.597425,-66.434807,855
30.597425,-67.216762,871
31.37938,-67.216762,884
32.161335,-67.216762,895
32.161335,-67.998717,904
32.94329,-67.998717,911
33.725245,-67.998717,919
34.5072,-68.780672,927
35.289154,-68.780672,960
36.071109,-68.780672,968
37.635019,-68.780672,983
38.416974,-69.562626,999
39.198929,-69.562626,1015
39.980884,-69.562626,1088
40.762839,-69.562626,1095
41.544794,-69.562626,1103
42.326748,-69.562626,1111
43.108703,-69.562626,1129
43.890658,-69.562626,1144
44.672613,-69.562626,1151
45.454568,-69.562626,1167
46.236523,-69.562626,1184
47.018478,-69.562626,1199
47.800433,-69.562626,1207
48.582388,-68.780672,1232
48.582388,-67.998717,1240
49.364342,-66.434807,1264
49.364342,-65.652852,1280
50.928252,-64.088942,1312
51.710207,-64.088942,1314
52.492162,-63.306987,1344
52.492162,-62.525032,1368
52.492162,-61.743078,1392
52.492162,-60.961123,1520
52.492162,-60.179168,1536
53.274117,-60.179168,1552
54.056072,-59.397213,1560
54.838027,-59.397213,1576
55.619982,-59.397213,1584
55.619982,-58.615258,1600
56.401936,-58.615258,1608
57.965846,-58.615258,1833
BREAK
