START
67.349305,-40.630296,0
66.56735,-40.630296,263
66.56735,-39.848341,279
65.785395,-39.848341,287
65.785395,-39.066386,319
65.00344,-39.066386,343
64.221485,-39.066386,391
64.221485,-38.284431,415
63.43953,-38.284431,423
62.657576,-38.284431,439
62.657576,-37.502476,447
61.875621,-37.502476,479
61.875621,-36.720521,487
61.875621,-35.938566,511
61.093666,-35.938566,535
61.093666,-35.156611,615
60.311711,-35.156611,631
59.529756,-35.156611,647
58.747801,-34.374657,671
57.965846,-34.374657,696
57.183891,-33.592702,711
56.401936,-33.592702,719
55.619982,-33.592702,735
55.619982,-32.810747,751
54.838027,-32.810747,775
54.056072,-32.810747,799
53.274117,-32.810747,807
52.492162,-32.810747,823
51.710207,-32.810747,847
50.928252,-32.810747,863
50.146297,-32.810747,879
49.364342,-32.810747,895
48.582388,-32.810747,911
47.800433,-32.810747,927
47.018478,-32.810747,935
46.236523,-32.810747,943
45.454568,-32.810747,951
44.672613,-32.810747,959
43.890658,-32.810747,975
43.108703,-32.810747,999
43.108703,-33.592702,1031
42.326748,-33.592702,1039
41.544794,-33.592702,1055
40.762839,-33.592702,1087
40.762839,-34.374657,1095
39.980884,-34.374657,1127
39.980884,-35.156611,1143
39.980884,-35.938566,1167
39.198929,-36.720521,1183
39.198929,-37.502476,1207
38.416974,-37.502476,1223
38.416974,-38.284431,1231
38.416974,-39.066386,1271
37.635019,-39.066386,1287
37.635019,-39.848341,1295
37.635019,-40.630296,1319
37.635019,-41.412251,1359
37.635019,-42.194205,1399
37.635019,-42.97616,1407
36.853064,-42.97616,1431
36.853064,-43.758115,1439
36.853064,-44.54007,1463
36.853064,-45.322025,1479
36.853064,-46.10398,1495
36.853064,-46.885935,1519
36.853064,-47.66789,1559
36.853064,-48.449844,1599
36.853064,-49.231799,1615
36.853064,-50.013754,1647
36.071109,-50.013754,1671
36.071109,-50.795709,1681
36.071109,-51.577664,1719
36.071109,-52.359619,1728
36.071109,-53.141574,1751
36.071109,-53.923529,1791
36.071109,-54.705484,1823
36.071109,-55.487438,1839
36.071109,-56.269393,1855
36.071109,-57.051348,1879
36.071109,-57.833303,1911
36.071109,-58.615258,1943
36.853064,-58.615258,1951
36.853064,-59.397213,1959
37.635019,-59.397213,1999
37.635019,-60.179168,2015
38.416974,-60.179168,2031
38.416974,-60.961123,2055
39.198929,-60.961123,2063
39.980884,-60.961123,2071
39.980884,-61.743078,2095
40.762839,-61.743078,2103
40.762839,-62.525032,2119
41.544794,-62.525032,2127
42.326748,-62.525032,2151
43.108703,-63.306987,2160
43.890658,-63.306987,2191
44.672613,-63.306987,2207
44.672613,-64.088942,2215
45.454568,-64.088942,2231
46.236523,-64.088942,2239
47.018478,-64.088942,2263
47.018478,-64.870897,2279
47.800433,-64.870897,2287
48.582388,-64.870897,2303
49.364342,-64.870897,2311
50.146297,-64.870897,2327
50.146297,-65.652852,2335
50.928252,-65.652852,2344
51.710207,-65.652852,2359
52.492162,-65.652852,2367
53.274117,-65.652852,2383
54.056072,-65.652852,2399
54.838027,-65.652852,2415
55.619982,-65.652852,2423
56.401936,-65.652852,2431
57.183891,-65.652852,2447
57.965846,-65.652852,2463
58.747801,-65.652852,2471
59.529756,-65.652852,2487
60.311711,-65.652852,2503
61.093666,-65.652852,2527
61.875621,-65.652852,2535
62.657576,-65.652852,2551
63.43953,-65.652852,2567
64.221485,-65.652852,2583
64.221485,-64.870897,2591
64.221485,-64.088942,2599
65.00344,-64.088942,2607
65.785395,-64.088942,2631
65.785395,-63.306987,2655
66.56735,-63.306987,2663
67.349305,-63.306987,2687
68.13126,-63.306987,2703
68.13126,-62.525032,2711
68.913215,-62.525032,2735
68.913215,-61.743078,2743
68.913215,-60.961123,2767
69.69517,-60.961123,2775
69.69517,-60.179168,2807
70.477124,-60.179168,2831
70.477124,-59.397213,2840
70.477124,-58.615258,2871
71.259079,-58.615258,2879
71.259079,-57.833303,2887
72.041034,-57.833303,3119
BREAK
