START
28.877358,-11.859438,0
29.877358,-11.859438,74
30.877358,-11.859438,88
32.877358,-11.859438,104
33.877358,-11.859438,119
34.877358,-11.859438,127
35.877358,-11.859438,135
35.877358,-12.859438,143
36.877358,-12.859438,151
37.877358,-12.859438,167
38.877358,-12.859438,176
39.877358,-12.859438,183
40.877358,-12.859438,192
42.877358,-12.859438,208
44.877358,-12.859438,216
47.877358,-12.859438,251
48.877358,-12.859438,299
49.877358,-12.859438,432
50.877358,-12.859438,448
51.877358,-12.859438,464
52.877358,-12.859438,508
55.877358,-12.859438,536
56.877358,-12.859438,640
57.877358,-12.859438,752
58.877358,-12.859438,759
60.877358,-12.859438,784
62.877358,-12.859438,791
64.877358,-12.859438,799
67.877358,-12.859438,807
69.877358,-12.859438,816
70.877358,-12.859438,840
70.877358,-17.859438,1326
70.877358,-20.859438,1329
69.877358,-22.859438,1336
69.877358,-25.859438,1344
69.877358,-27.859438,1352
69.877358,-29.859438,1360
69.877358,-30.859438,1367
69.877358,-32.859438,1375
69.877358,-35.859438,1384
69.877358,-37.859438,1392
69.877358,-38.859438,1400
69.877358,-40.859438,1408
69.877358,-41.859438,1416
69.877358,-44.859438,1424
69.877358,-47.859438,1440
69.877358,-49.859438,1448
69.877358,-52.859438,1456
69.877358,-55.859438,1464
69.877358,-56.859438,1472
69.877358,-58.859438,1480
69.877358,-60.859438,1488
69.877358,-61.859438,1496
69.877358,-62.859438,1504
69.877358,-63.859438,1512
69.877358,-64.859438,1520
69.877358,-65.859438,1536
69.877358,-66.859438,1544
69.877358,-67.859438,1560
69.877358,-68.859438,1664
69.877358,-69.859438,1736
69.877358,-70.859438,1744
69.877358,-71.859438,1760
69.877358,-72.859438,1768
68.877358,-72.859438,1776
68.877358,-73.859438,1784
68.877358,-74.859438,1792
68.877358,-75.859438,1808
68.877358,-76.859438,1824
68.877358,-77.859438,1840
68.877358,-78.859438,1848
68.877358,-79.859438,1864
68.877358,-80.859438,1880
68.877358,-81.859438,1888
68.877358,-82.859438,1896
68.877358,-83.859438,1912
68.877358,-84.859438,1928
68.877358,-85.859438,1944
68.877358,-86.859438,1960
68.877358,-87.859438,2392
67.877358,-87.859438,2408
67.877358,-88.859438,2424
66.877358,-88.859438,2432
65.877358,-88.859438,2448
64.877358,-88.859438,2480
63.877358,-88.859438,2504
61.877358,-88.859438,2520
60.877358,-88.859438,2528
59.877358,-88.859438,2536
57.877358,-88.859438,2544
55.877358,-88.859438,2552
54.877358,-88.859438,2560
53.877358,-88.859438,2568
52.877358,-88.859438,2576
51.877358,-88.859438,2584
49.877358,-88.859438,2592
48.877358,-88.859438,2600
46.877358,-88.859438,2616
45.877358,-88.859438,2624
44.877358,-88.859438,2632
43.877358,-88.859438,2640
42.877358,-88.859438,2648
41.877358,-88.859438,2664
40.877358,-88.859438,2672
40.877358,-87.859438,2688
39.877358,-87.859438,2696
38.877358,-86.859438,2712
37.877358,-85.859438,2720
35.877358,-83.859438,2756
33.877358,-81.859438,2782
32.877358,-81.859438,2792
32.877358,-80.859438,2800
31.877358,-80.859438,2808
30.877358,-78.859438,2840
30.877358,-77.859438,2841
29.877358,-77.859438,2848
29.877358,-76.859438,2856
29.877358,-75.859438,2880
29.877358,-74.859438,2888
29.877358,-73.859438,2896
29.877358,-71.859438,2912
29.877358,-70.859438,2920
29.877358,-69.859438,2928
29.877358,-68.859438,2936
29.877358,-66.859438,2944
29.877358,-64.859438,2952
29.877358,-62.859438,2960
29.877358,-61.859438,2968
29.877358,-59.859438,2976
29.877358,-58.859438,2984
29.877358,-57.859438,2992
29.877358,-56.859438,3001
29.877358,-54.859438,3038
30.877358,-53.859438,3040
30.877358,-52.859438,3048
30.877358,-51.859438,3056
31.877358,-50.859438,3072
31.877358,-49.859438,3080
32.877358,-49.859438,3088
33.877358,-48.859438,3096
34.877358,-48.859438,3104
36.877358,-46.859438,3112
38.877358,-46.859438,3120
40.877358,-45.859438,3128
42.877358,-44.859438,3136
44.877358,-43.859438,3144
46.877358,-43.859438,3152
47.877358,-43.859438,3160
48.877358,-42.859438,3168
49.877358,-42.859438,3176
50.877358,-41.859438,3184
51.877358,-41.859438,3192
53.877358,-41.859438,3200
54.877358,-41.859438,3208
55.877358,-41.859438,3216
56.877358,-41.859438,3224
58.877358,-41.859438,3233
59.877358,-41.859438,3240
60.877358,-41.859438,3248
61.877358,-41.859438,3257
62.877358,-41.859438,3272
63.877358,-41.859438,3280
64.877358,-41.859438,3296
65.877358,-41.859438,3304
67.877358,-41.859438,3331
68.877358,-41.859438,3336
69.877358,-41.859438,3344
70.877358,-41.859438,3352
71.877358,-41.859438,3377
72.877358,-41.859438,3545
74.877358,-42.859438,3560
75.877358,-42.859438,3576
76.877358,-42.859438,3592
77.877358,-42.859438,3664
78.877358,-42.859438,3720
80.877358,-42.859438,3750
81.877358,-42.859438,3808
82.877358,-42.859438,3816
83.877358,-42.859438,3833
84.877358,-42.859438,3840
BREAK
