START
29.697427,-49.85089,0
30.093712,-49.85089,131
30.489996,-49.85089,146
30.886281,-49.85089,162
31.282566,-49.85089,179
31.678851,-49.85089,195
32.471421,-49.85089,212
32.867705,-49.85089,228
33.26399,-49.85089,244
34.05656,-49.85089,261
34.452845,-49.85089,278
35.245414,-49.85089,294
36.037984,-50.247174,311
37.226839,-51.039744,327
37.623123,-51.436029,342
38.415693,-52.624883,360
39.604548,-53.417453,376
40.000832,-54.210023,392
40.000832,-54.606308,410
40.000832,-55.002592,425
40.000832,-55.795162,441
40.397117,-56.191447,459
40.397117,-56.587732,474
40.397117,-56.984017,491
40.397117,-57.380301,507
40.397117,-57.776586,523
40.397117,-58.172871,541
40.397117,-58.965441,561
40.397117,-59.361726,573
39.604548,-59.361726,589
39.208263,-59.75801,607
39.208263,-60.154295,622
38.811978,-60.154295,638
38.019408,-60.154295,655
37.623123,-60.154295,673
37.226839,-60.154295,689
36.434269,-60.946865,705
35.641699,-60.946865,721
35.245414,-60.946865,737
34.84913,-60.946865,754
34.452845,-60.946865,770
34.05656,-60.946865,786
33.660275,-60.946865,803
33.26399,-60.946865,819
32.867705,-60.946865,838
32.471421,-60.946865,852
32.075136,-60.946865,868
31.282566,-60.946865,885
30.886281,-60.946865,901
30.489996,-60.946865,918
30.093712,-60.55058,934
29.697427,-60.154295,950
29.301142,-59.75801,968
28.508572,-59.75801,1000
28.508572,-59.361726,1016
28.508572,-58.965441,1033
28.112288,-58.965441,1049
28.112288,-58.569156,1065
28.112288,-58.172871,1098
28.112288,-57.776586,1114
28.112288,-57.380301,1131
28.112288,-56.984017,1147
28.112288,-56.191447,1165
28.112288,-55.795162,1180
28.112288,-55.398877,1196
28.112288,-55.002592,1213
28.112288,-54.606308,1235
28.112288,-54.210023,1246
28.112288,-53.813738,1262
28.112288,-53.417453,1279
28.112288,-53.021168,1295
28.112288,-52.624883,1312
28.112288,-52.228599,1328
28.112288,-51.436029,1345
28.112288,-51.039744,1361
28.112288,-50.643459,1377
28.508572,-50.247174,1394
28.508572,-49.85089,1410
28.508572,-49.454605,1444
28.508572,-49.05832,1460
28.904857,-48.662035,1475
28.904857,-47.869465,1492
28.904857,-47.473181,1508
28.904857,-47.076896,1525
29.301142,-46.284326,1541
29.697427,-45.888041,1557
30.093712,-45.095472,1574
30.489996,-44.699187,1591
30.886281,-44.302902,1608
31.282566,-43.906617,1625
31.678851,-43.906617,1640
32.075136,-43.906617,1656
32.471421,-43.510332,1689
32.867705,-43.510332,1705
32.867705,-42.717763,1722
33.26399,-42.717763,1738
34.05656,-42.717763,1755
34.452845,-42.321478,1771
34.84913,-42.321478,1788
35.641699,-41.925193,1805
36.434269,-41.528908,1820
37.226839,-41.132623,1845
38.019408,-41.132623,1853
39.604548,-40.736339,1870
40.793402,-40.340054,1886
41.982257,-40.340054,1902
42.774826,-39.943769,1919
43.963681,-39.943769,1935
44.359966,-39.943769,1952
45.152535,-39.943769,1975
45.945105,-39.943769,1985
46.737675,-39.943769,2002
47.530244,-39.943769,2018
48.719099,-39.943769,2034
49.907953,-39.943769,2050
50.700523,-40.340054,2067
51.493092,-40.736339,2083
51.889377,-40.736339,2100
52.285662,-40.736339,2116
52.285662,-41.528908,2132
52.681947,-41.925193,2149
52.681947,-42.717763,2182
52.681947,-43.114048,2214
52.681947,-43.510332,2231
52.681947,-43.906617,2247
52.681947,-44.302902,2264
52.681947,-45.095472,2281
52.681947,-46.284326,2296
52.681947,-47.076896,2313
52.681947,-48.26575,2330
53.078232,-49.05832,2347
53.078232,-50.247174,2363
53.078232,-52.228599,2379
53.078232,-53.417453,2396
53.078232,-54.606308,2412
53.078232,-56.191447,2427
53.078232,-57.380301,2446
53.078232,-58.172871,2462
53.078232,-58.569156,2494
53.078232,-58.965441,2510
53.078232,-59.361726,2526
53.078232,-59.75801,2544
53.078232,-60.55058,2559
53.078232,-60.946865,2575
53.078232,-61.34315,2592
53.078232,-61.739435,2613
53.078232,-62.135719,2641
BREAK
53.474517,-40.340054,4187
53.870801,-40.340054,4348
54.267086,-40.340054,4365
54.663371,-40.340054,4398
55.059656,-40.340054,4414
55.455941,-40.340054,4431
55.852226,-40.340054,4448
56.24851,-40.340054,4463
56.644795,-40.340054,4497
57.04108,-40.340054,4512
57.437365,-40.340054,4529
57.83365,-40.340054,4546
58.229935,-40.340054,4562
58.626219,-40.340054,4578
59.022504,-40.340054,4594
59.418789,-40.340054,4627
60.211359,-41.132623,4644
61.003928,-41.132623,4662
61.400213,-41.528908,4678
61.400213,-41.925193,4694
61.796498,-41.925193,4710
61.796498,-42.717763,4726
62.192783,-43.114048,4742
62.985353,-44.699187,4759
63.381637,-45.491756,4776
64.174207,-46.680611,4791
64.570492,-47.473181,4812
64.966777,-48.26575,4825
64.966777,-49.05832,4841
65.363062,-49.454605,4857
65.363062,-49.85089,4874
65.363062,-50.247174,4906
65.363062,-50.643459,4923
65.363062,-51.039744,4940
65.363062,-51.832314,4956
65.363062,-52.624883,4973
65.363062,-53.417453,4989
65.363062,-53.813738,5005
65.363062,-54.606308,5022
65.363062,-55.398877,5040
64.966777,-55.795162,5054
64.966777,-56.191447,5071
64.570492,-56.587732,5087
64.174207,-56.984017,5105
63.777922,-57.380301,5120
63.381637,-57.380301,5137
63.381637,-57.776586,5153
62.985353,-57.776586,5169
62.985353,-58.172871,5202
62.589068,-58.569156,5235
62.192783,-58.965441,5270
62.192783,-59.361726,5301
62.589068,-59.361726,5596
63.777922,-59.361726,5615
65.363062,-59.75801,5629
66.948201,-60.154295,5645
68.53334,-60.55058,5663
70.118479,-60.55058,5678
72.099904,-60.55058,5698
74.477613,-60.55058,5711
76.855322,-60.55058,5728
78.836746,-60.55058,5744
80.421885,-60.55058,5767
82.007024,-60.55058,5777
82.799594,-60.55058,5793
83.592164,-60.55058,5810
84.384733,-60.55058,5826
84.781018,-60.55058,5842
85.177303,-60.55058,5859
85.573588,-60.55058,5876
85.969873,-60.55058,5892
86.366157,-60.55058,5941
86.366157,-60.154295,6039
85.969873,-58.965441,6056
85.573588,-56.984017,6079
84.384733,-53.813738,6089
83.592164,-49.454605,6106
82.799594,-45.491756,6121
82.403309,-43.510332,6138
82.007024,-41.528908,6154
82.007024,-41.132623,6171
82.007024,-40.340054,6466
82.007024,-39.943769,6499
BREAK
