START
62.683962,-38.859438,0
62.683962,-37.859438,101
62.683962,-36.859438,131
62.683962,-35.859438,151
62.683962,-34.859438,161
62.683962,-33.859438,171
62.683962,-32.859438,191
62.683962,-31.859438,231
62.683962,-30.859438,321
62.683962,-29.859438,331
61.683962,-29.859438,351
60.683962,-29.859438,371
59.683962,-28.859438,381
58.683962,-27.859438,391
57.683962,-27.859438,411
55.683962,-26.859438,421
54.683962,-26.859438,431
53.683962,-25.859438,441
53.683962,-24.859438,461
52.683962,-23.859438,471
51.683962,-23.859438,481
50.683962,-22.859438,501
48.683962,-22.859438,511
46.683962,-22.859438,531
45.683962,-22.859438,551
44.683962,-22.859438,571
42.683962,-22.859438,591
39.683962,-22.859438,601
38.683962,-22.859438,621
37.683962,-22.859438,641
36.683962,-22.859438,651
35.683962,-22.859438,661
34.683962,-22.859438,681
33.683962,-23.859438,691
32.683962,-24.859438,702
31.683962,-25.859438,722
31.683962,-27.859438,732
30.683962,-27.859438,752
30.683962,-29.859438,762
29.683962,-29.859438,772
29.683962,-31.859438,792
29.683962,-32.859438,812
29.683962,-33.859438,822
28.683962,-35.859438,842
28.683962,-37.859438,852
BREAK
28.683962,-46.859438,922
28.683962,-47.859438,942
28.683962,-48.859438,952
28.683962,-49.859438,972
28.683962,-51.859438,982
28.683962,-52.859438,992
28.683962,-54.859438,1002
28.683962,-56.859438,1022
28.683962,-58.859438,1032
28.683962,-59.859438,1042
28.683962,-61.859438,1062
28.683962,-63.859438,1082
28.683962,-64.859438,1092
28.683962,-66.859438,1102
28.683962,-67.859438,1122
28.683962,-69.859438,1132
28.683962,-70.859438,1152
28.683962,-72.859438,1162
28.683962,-73.859438,1172
28.683962,-74.859438,1182
28.683962,-75.859438,1202
28.683962,-77.859438,1212
29.683962,-78.859438,1232
31.683962,-79.859438,1262
32.683962,-79.859438,1282
33.683962,-80.859438,1292
36.683962,-80.859438,1302
38.683962,-81.859438,1312
39.683962,-81.859438,1332
41.683962,-81.859438,1342
44.683962,-81.859438,1352
45.683962,-81.859438,1372
46.683962,-81.859438,1382
47.683962,-81.859438,1393
49.683962,-81.859438,1433
53.683962,-81.859438,1443
54.683962,-81.859438,1453
55.683962,-81.859438,1473
57.683962,-81.859438,1483
58.683962,-81.859438,1513
59.683962,-80.859438,1523
60.683962,-79.859438,1553
61.683962,-78.859438,1563
63.683962,-77.859438,1583
64.683962,-76.859438,1593
65.683962,-75.859438,1613
65.683962,-74.859438,1633
65.683962,-72.859438,1653
65.683962,-71.859438,1663
65.683962,-69.859438,1683
65.683962,-68.859438,1703
65.683962,-67.859438,1743
64.683962,-67.859438,1773
64.683962,-66.859438,1803
63.683962,-66.859438,1823
63.683962,-65.859438,1833
63.683962,-64.859438,1853
62.683962,-64.859438,1863
61.683962,-64.859438,1953
BREAK
28.683962,-37.859438,3125
28.683962,-39.859438,3265
28.683962,-41.859438,3275
28.683962,-43.859438,3295
28.683962,-45.859438,3305
28.683962,-46.859438,3315
28.683962,-47.859438,3325
28.683962,-48.859438,3405
BREAK
61.683962,-35.859438,4126
BREAK
59.683962,-34.859438,4537
BREAK
59.683962,-34.859438,4817
BREAK
64.683962,-68.859438,5589
BREAK
64.683962,-68.859438,5989
BREAK
62.683962,-69.859438,6300
BREAK
62.683962,-69.859438,6570
BREAK
41.683962,-42.859438,7782
BREAK
42.683962,-42.859438,8012
42.683962,-43.859438,8042
42.683962,-46.859438,8052
42.683962,-47.859438,8072
42.683962,-48.859438,8082
42.683962,-50.859438,8092
42.683962,-51.859438,8112
42.683962,-52.859438,8122
42.683962,-55.859438,8132
42.683962,-57.859438,8152
42.683962,-58.859438,8162
42.683962,-60.859438,8182
42.683962,-61.859438,8202
42.683962,-62.859438,8222
42.683962,-63.859438,8242
42.683962,-64.859438,8322
42.683962,-65.859438,8332
42.683962,-66.859438,8353
BREAK
42.683962,-66.859438,8453
BREAK
32.683962,-53.859438,9334
33.683962,-53.859438,9474
34.683962,-53.859438,9514
35.683962,-53.859438,9524
36.683962,-53.859438,9554
38.683962,-53.859438,9564
39.683962,-53.859438,9574
41.683962,-53.859438,9594
42.683962,-53.859438,9604
43.683962,-53.859438,9614
44.683962,-53.859438,9654
46.683962,-53.859438,9664
47.683962,-53.859438,9684
48.683962,-53.859438,9835
49.683962,-53.859438,9965
50.683962,-53.859438,10015
51.683962,-53.859438,10065
52.683962,-53.859438,10125
53.683962,-53.859438,10155
BREAK
